# www.neaspec.com
# Scan:	 	Approach Curve
# Project:	 	20251007_PS
# Description:	 	
# Date:	 	10/07/2025 16:12:18
# Scanner Center Position (X, Y):	[µm]	49.66	48.17	 
# Rotation:	[°]	0	 	 
# Scan Area (X, Y, Z):	[µm]	0.000	0.000	0.200
# Pixel Area (X, Y, Z):	[px]	1	1	200
# Averaging:	 	1	 	 
# Integration time:	[ms]	50	 	 
# Laser Source:	 	4.5-15 µm nano-FTIR laser
# Detector:	 	R
# Target Wavelength:	[µm]	7.502	 	 
# Demodulation Mode:	 	Fourier
# Tip Frequency:	[Hz]	238,800.109	 	 
# Tip Amplitude:	[mV]	13.000	 	 
# Tapping Amplitude:	[nm]	72.109	 	 
# Modulation Frequency:	[Hz]	0.000	 	 
# Modulation Amplitude:	[mV]	0.000	 	 
# Modulation Offset:	[mV]	0.000	 	 
# Setpoint:	[%]	79.75	 	 
# Regulator (P, I, D):	 	4.206850	8.625812	1.000000
# Tip Potential:	[mV]	0.000	 	 
# M1A Scaling:	[nm/V]	0.426	 	 
# M1A Cantilever Factor:	 	1,000	 	 
# Q-Factor:	 	452.3	 	 
# Version:	 	2.1.11536.0
Row	Column	Run	Depth	Z	M0A	M0P	M1A	M1P	M2A	M2P	M3A	M3P	M4A	M4P	M5A	M5P	O0A	O0P	O1A	O1P	O2A	O2P	O3A	O3P	O4A	O4P	O5A	O5P	
0	0	0	0	7.8825644E-07	197.29599	0	71.96436	1.6835135	0.33021462	-0.906551	0.17132768	-2.9266858	0.002104591	2.798211	0.00038406643	2.4107604	95.85269	0	21.336046	2.8404882	4.30609	-0.59084857	0.87029904	2.324926	0.22511603	-1.1242669	0.0005245049	2.450381	
0	0	0	1	7.892533E-07	197.26668	0	72.3823	1.6954088	0.3317934	-0.87273246	0.17531249	-2.8780477	0.0016316083	-3.1007314	0.0002734843	1.7746192	94.30857	0	21.144188	2.8379416	4.2969594	-0.583297	0.858835	2.3125646	0.19342609	-1.1990532	0.00047261314	1.7466735	
0	0	0	2	7.902583E-07	197.21109	0	73.07916	1.7066453	0.34117204	-0.8583373	0.18029127	-2.845813	0.0008082171	-2.693941	0.00015356427	-2.5247366	92.890755	0	20.965828	2.8371835	4.2644906	-0.56719893	0.836129	2.3261065	0.22139946	-0.94866014	0.00046996755	2.383852	
0	0	0	3	7.9126335E-07	197.14038	0	74.00226	1.7082175	0.3493769	-0.84726346	0.18613903	-2.8546007	0.00091329066	-2.4675868	0.00010321957	2.4386883	91.82333	0	20.958097	2.835147	4.2518415	-0.5738404	0.8154929	2.3020473	0.22017802	-0.9231111	0.00022564351	1.1202501	
0	0	0	4	7.922601E-07	197.08759	0	74.66627	1.7126547	0.3527708	-0.83025223	0.19199242	-2.8454385	0.003283148	-1.8000814	0.00021680455	0.82244605	90.75758	0	20.779135	2.8391187	4.209481	-0.57815874	0.8532002	2.3302157	0.22653458	-0.9654117	0.00039984862	1.6288443	
0	0	0	5	7.932734E-07	197.01984	0	75.433105	1.7233043	0.3582376	-0.81590813	0.19732685	-2.8055294	0.0009561747	-0.5626168	6.3177235E-05	0.15858656	89.16159	0	20.634583	2.8375597	4.234657	-0.5843029	0.84398	2.3307269	0.20891322	-1.0623713	0.00021562532	1.3168702	
0	0	0	6	7.942784E-07	196.94579	0	76.21662	1.7270147	0.36352006	-0.806383	0.20441553	-2.7914302	0.0024703492	-1.7252879	0.00024689478	-0.03537681	89.29985	0	20.50455	2.8390443	4.1833396	-0.577608	0.8206289	2.3277087	0.19203913	-0.9581594	0.00047629082	1.7929665	
0	0	0	7	7.952834E-07	196.88805	0	76.862816	1.7305048	0.37075764	-0.7910883	0.21124858	-2.7801657	0.0016091595	-1.8652881	0.000114226714	2.1416368	88.50005	0	20.273676	2.8373415	4.112416	-0.5673794	0.7972199	2.29227	0.18262915	-1.2123207	0.0005371184	2.2130003	
0	0	0	8	7.962802E-07	196.88094	0	77.542	1.7410479	0.37663037	-0.77167857	0.21639095	-2.747906	0.0017282217	-0.73133767	5.054077E-05	-2.2649255	88.80391	0	20.167454	2.8389587	4.094884	-0.5783836	0.79239726	2.31355	0.18103865	-1.0382116	0.00036629956	-0.09565244	
0	0	0	9	7.9729347E-07	196.80553	0	78.2616	1.736966	0.3821871	-0.779872	0.22195956	-2.7650857	0.001930273	-0.56645036	9.967015E-05	1.9074057	88.5373	0	20.004766	2.8363605	4.053695	-0.587278	0.7643966	2.2378232	0.20426917	-0.9257832	0.00033556082	0.68711317	
0	0	0	10	7.9829846E-07	196.76788	0	79.251785	1.7264663	0.3904866	-0.7979697	0.22829644	-2.7953026	0.0014615927	-0.6697109	0.0002002226	-2.8175776	88.400055	0	19.901676	2.837397	4.0691133	-0.59045935	0.72174436	2.3164132	0.18166049	-0.9126433	0.00042751853	2.434445	
0	0	0	11	7.993035E-07	196.7186	0	79.92096	1.7510192	0.3968296	-0.7502961	0.23787613	-2.7195485	0.004405926	-1.1897529	0.00042610694	3.0796783	88.4308	0	19.700277	2.838462	4.022284	-0.57774633	0.72939163	2.3229146	0.183077	-1.2438921	0.0004938739	-2.6172042	
0	0	0	12	8.003085E-07	196.68513	0	80.48016	1.7740978	0.40067515	-0.699505	0.24114166	-2.6429334	0.001583531	-1.2803048	0.00040320572	2.1903696	89.08633	0	19.533712	2.837438	3.9489279	-0.59143883	0.72799164	2.292695	0.13980831	-0.8829405	0.00047357116	0.9307461	
0	0	0	13	8.0130536E-07	196.63239	0	80.8594	1.8015096	0.40344855	-0.6557473	0.24386783	-2.5644093	0.0027595	-0.60772514	0.000113461465	-2.299992	88.58879	0	19.21207	2.8390298	3.8831315	-0.5704618	0.7270797	2.2730296	0.16846707	-1.1350316	0.00024453312	0.3582886	
0	0	0	14	8.023186E-07	196.59622	0	81.2014	1.8251262	0.4053857	-0.5991313	0.24800792	-2.4988925	0.0010131231	-1.9213781	0.00019459402	2.4623122	89.18222	0	18.93216	2.8382654	3.8622637	-0.5877226	0.6295994	2.256291	0.15189296	-1.2965525	0.0002030569	2.7207286	
0	0	0	15	8.0332364E-07	196.53703	0	81.42433	1.8515351	0.40559337	-0.5517836	0.24789967	-2.4227517	0.0019336134	0.27423298	0.00039721315	-0.6726615	88.989296	0	18.597939	2.8361263	3.7154691	-0.5756719	0.6277835	2.3158593	0.10968834	-0.81535655	0.00023070155	1.0765399	
0	0	0	16	8.0432864E-07	196.52257	0	81.44734	1.854478	0.40327656	-0.54594445	0.24829525	-2.3987799	0.0014001261	-0.605456	0.00028984484	-0.37759542	89.16381	0	18.304909	2.8380642	3.665076	-0.56314814	0.59768206	2.3419504	0.145465	-0.99674475	0.00028564656	2.0269685	
0	0	0	17	8.0532544E-07	196.51906	0	81.40044	1.855728	0.4029775	-0.5429395	0.24993539	-2.4017482	0.0007721667	-0.7494813	0.00030749082	2.4869957	89.53809	0	17.91175	2.8381057	3.573678	-0.5763873	0.58566505	2.3077774	0.11844017	-0.9258364	0.00055494613	2.7419736	
0	0	0	18	8.063387E-07	196.51524	0	81.39675	1.8559444	0.40139815	-0.5455048	0.24792135	-2.3978455	0.0010898768	2.1984997	0.00049428944	1.2973571	89.14974	0	17.593842	2.8365307	3.506642	-0.585413	0.52605027	2.325852	0.106521696	-1.0814288	0.00026612188	1.3830909	
0	0	0	19	8.073437E-07	196.51627	0	81.39082	1.8566066	0.4018869	-0.5339949	0.24922536	-2.3940446	0.0028259242	0.13337097	0.0002501255	0.8572471	90.13664	0	17.281536	2.8392768	3.4328194	-0.57842296	0.51408625	2.2760022	0.13468112	-0.94809276	0.00013035888	0.6509708	
0	0	0	20	8.083487E-07	196.50705	0	81.36441	1.8572383	0.4023373	-0.54144764	0.248057	-2.393333	0.00088314	-1.0934044	2.3625378E-05	-0.017065302	89.45838	0	16.955875	2.836602	3.3335907	-0.5763878	0.52340156	2.3720632	0.11320748	-0.9850924	0.0003070933	0.71798885	
0	0	0	21	8.093455E-07	196.48888	0	81.38989	1.8566834	0.40488732	-0.53909075	0.24854958	-2.4021764	0.0019648669	-0.57721627	0.00013664158	0.3957259	90.17961	0	16.65521	2.837001	3.272717	-0.5906012	0.49059492	2.3030066	0.108089894	-0.80947345	0.000120245415	0.75903714	
0	0	0	22	8.103588E-07	196.47485	0	81.36108	1.8579403	0.40302584	-0.53058255	0.24757761	-2.401641	0.0017405904	0.29116926	0.00025017778	1.4105091	90.23137	0	16.394361	2.8356707	3.2337458	-0.57539606	0.47090945	2.2548614	0.07226366	-1.1030777	0.00021158422	1.9212319	
0	0	0	23	8.113638E-07	196.47096	0	81.36567	1.8563666	0.4016304	-0.54347897	0.2483228	-2.3982227	0.0030181173	0.7469757	0.00013545288	0.56506777	90.21168	0	16.078762	2.8356993	3.1237507	-0.56606	0.43353137	2.3828456	0.1461861	-1.1088855	0.00066104904	-2.4747972	
0	0	0	24	8.1236885E-07	196.47229	0	81.39157	1.855515	0.40095812	-0.5440106	0.24957061	-2.403354	0.0020623042	0.02517198	0.00018098626	0.88022125	90.01987	0	15.769744	2.834745	3.0579147	-0.5788599	0.43022797	2.3560593	0.088264264	-1.0115681	0.00039723126	0.40508258	
0	0	0	25	8.1336566E-07	196.46388	0	81.37828	1.8561511	0.4018782	-0.5353908	0.24840055	-2.4013686	0.001600678	-1.143177	0.0003874253	-1.2181427	89.94889	0	15.510098	2.836074	2.99727	-0.5755849	0.41570345	2.3578672	0.04689514	-0.666964	0.00018047736	1.1458871	
0	0	0	26	8.143789E-07	196.46196	0	81.399376	1.8562247	0.39947665	-0.53752637	0.24944255	-2.398799	0.0019945703	0.101936206	6.948403E-05	-1.612959	90.21915	0	15.282538	2.8370516	2.9701712	-0.5669978	0.40470043	2.2652524	0.06694865	-1.3642368	0.0003102147	-3.1272404	
0	0	0	27	8.153839E-07	196.42873	0	81.38845	1.8566152	0.40139621	-0.5378286	0.24837941	-2.3945348	0.0012768111	-0.4854511	0.0002997378	-0.34018904	90.15654	0	15.034004	2.8365972	2.9143655	-0.5684465	0.36560836	2.3306947	0.082564965	-1.2098174	4.79968E-05	2.160907	
0	0	0	28	8.16389E-07	196.41743	0	81.372375	1.8573798	0.4009336	-0.53549004	0.24630702	-2.394585	0.00078550575	-0.32440662	0.00025920648	-2.8699076	89.47862	0	14.775846	2.83814	2.8309233	-0.5727621	0.37051955	2.2556539	0.05588897	-0.7128683	0.00029963173	-3.1081612	
0	0	0	29	8.17394E-07	196.42395	0	81.40949	1.8558004	0.40047184	-0.5349148	0.24878676	-2.3943489	0.0029606519	0.4489699	0.0003763263	1.1459403	90.890915	0	14.564182	2.837668	2.7691274	-0.57705456	0.35308516	2.3625364	0.040472154	-1.171885	0.00029786953	-0.5397493	
0	0	0	30	8.183908E-07	196.41397	0	81.50693	1.8509316	0.40336934	-0.5448261	0.25056553	-2.4164734	0.0018573371	-1.0634681	0.00019423649	-1.2167671	90.22395	0	14.3230295	2.838345	2.7583344	-0.5797432	0.31780317	2.277687	0.04907228	-1.6127871	7.649654E-05	-0.6949837	
0	0	0	31	8.19404E-07	196.39038	0	81.56402	1.8510847	0.40390512	-0.54320467	0.2489656	-2.410077	0.002738438	-0.399862	0.0005200907	-0.8972183	91.09954	0	14.161273	2.8344886	2.6929088	-0.5848798	0.35345405	2.231269	0.08877675	-1.1810167	0.00019501762	-0.68051827	
0	0	0	32	8.2040907E-07	196.39865	0	81.54263	1.8508652	0.40510148	-0.54863775	0.2503558	-2.4205017	0.0013909568	-1.0076218	2.845864E-05	0.27906007	90.39389	0	13.858282	2.8359883	2.6533823	-0.5821611	0.31632134	2.2786887	0.06125034	-1.2181389	6.63891E-05	-0.9076212	
0	0	0	33	8.2141406E-07	196.40256	0	81.562256	1.8501482	0.4037846	-0.5490705	0.24854831	-2.4167664	0.0026539431	0.04263004	0.00010808688	-2.3138719	90.87752	0	13.588345	2.8368437	2.6292424	-0.58173656	0.28278443	2.2246182	0.060016498	-1.6258583	0.00040765022	1.3145636	
0	0	0	34	8.2241087E-07	196.41275	0	81.57123	1.8500705	0.4047498	-0.55123174	0.25045234	-2.4203231	0.002235923	-0.3950648	0.00030675047	-3.0460968	90.11931	0	13.394886	2.836482	2.567121	-0.5783554	0.3432975	2.3677437	0.02818334	-0.86093616	0.0004316293	-2.950365	
0	0	0	35	8.234241E-07	196.4016	0	81.54979	1.850749	0.40254977	-0.5469369	0.25057203	-2.4122088	0.0017165103	-0.16488759	0.00017459424	-2.5442684	89.965	0	13.1596	2.838875	2.5489502	-0.57707125	0.27156606	2.2133353	0.046165403	-1.3439747	4.984485E-05	-0.78709924	
0	0	0	36	8.2442915E-07	196.3883	0	81.54634	1.8523254	0.40276697	-0.5447329	0.24845253	-2.4053013	0.0018298513	-0.869539	0.00025280102	-1.0272974	89.84346	0	12.943377	2.83732	2.4984539	-0.5902909	0.29695785	2.4102483	0.041355737	-1.1501057	0.0001884078	1.0728846	
0	0	0	37	8.2543414E-07	196.37769	0	81.53723	1.8519088	0.40410516	-0.5427134	0.24966845	-2.4148586	0.003178813	-0.6988447	0.00019684937	-1.6517762	89.08953	0	12.728634	2.8383627	2.4134638	-0.575479	0.24913272	2.3039355	0.06882082	-1.0028065	0.00018569558	-1.3809903	
0	0	0	38	8.2643095E-07	196.38695	0	81.55419	1.8521557	0.40298697	-0.5405021	0.24992895	-2.40974	0.0010022835	-0.10862771	0.00029693244	-0.4435919	89.510735	0	12.553171	2.8385582	2.377394	-0.5852201	0.25558192	2.2761798	0.060161453	-0.7653445	0.00013209914	-0.6012084	
0	0	0	39	8.274442E-07	196.36234	0	81.50125	1.8568255	0.40293586	-0.53102	0.25063553	-2.3957312	0.0012655753	0.8715343	0.00032579878	-2.5803635	88.92836	0	12.303361	2.835009	2.417708	-0.6095301	0.2698487	2.3135366	0.07247421	-0.6924709	0.00025945934	1.4812629	
0	0	0	40	8.2844923E-07	196.33693	0	81.524254	1.8564444	0.40276778	-0.5354502	0.24955843	-2.4067388	0.0013963738	-1.1326734	0.00013317703	1.5076401	89.29716	0	12.123853	2.8350937	2.334731	-0.58140004	0.2728419	2.4386754	0.041450057	-0.97230524	0.00021467765	-1.7154113	
0	0	0	41	8.294542E-07	196.28986	0	81.52129	1.8549505	0.4028771	-0.5372286	0.2488377	-2.4107513	0.0014496841	0.29642433	0.00038606313	2.2463117	88.945694	0	11.998529	2.8408751	2.2627747	-0.5785862	0.22908288	2.4498482	0.032945726	-0.73626536	0.0003020702	2.1385727	
0	0	0	42	8.3045927E-07	196.30945	0	81.4862	1.8545811	0.40113127	-0.54067814	0.25149402	-2.407815	0.0017107633	-0.4142638	0.00011007366	-2.5295074	89.577805	0	11.750196	2.8326316	2.2539384	-0.58374965	0.2192283	2.2140155	0.060528774	-0.98284626	0.00013844672	-0.90910274	
0	0	0	43	8.314561E-07	196.2676	0	81.45677	1.8542362	0.40211952	-0.53759825	0.24786925	-2.4067962	0.00049050164	-0.6220232	0.00011816746	1.8578055	89.94372	0	11.529674	2.838733	2.2569697	-0.57764757	0.21800406	2.1719234	0.030189924	-1.1482749	0.00015972213	-1.8526498	
0	0	0	44	8.3246937E-07	196.27374	0	81.51648	1.8548485	0.40238768	-0.533124	0.24946749	-2.4084353	0.0013699834	-0.6391698	0.0003036674	2.6548877	90.18218	0	11.387093	2.8359046	2.1946015	-0.57513416	0.22189458	2.275919	0.023458613	-1.035146	0.00021036243	1.1105207	
0	0	0	45	8.334744E-07	196.2793	0	81.50899	1.8557342	0.40365264	-0.535997	0.24878457	-2.4046164	0.0015523247	-1.4607252	0.00010570497	1.2335167	90.42373	0	11.156598	2.8393435	2.1699653	-0.57541734	0.22074041	2.292545	0.013570603	1.1795802	0.00027634445	-2.6636996	
0	0	0	46	8.344794E-07	196.26486	0	81.5477	1.8508316	0.40164924	-0.54634756	0.24836765	-2.417874	0.001311495	-0.8289928	0.00018804926	-2.8278608	90.817444	0	11.050981	2.8403132	2.1537423	-0.5879946	0.16876373	2.4083464	0.021115214	-0.71525	0.0002236982	0.93480384	
0	0	0	47	8.3547616E-07	196.26062	0	81.53543	1.8532246	0.40254408	-0.54247767	0.2495969	-2.4139867	0.00061638193	0.69143236	0.00011308855	-0.40545425	91.94259	0	10.801964	2.8354163	2.1059413	-0.58317393	0.1843688	2.4094443	0.031901117	-2.0717974	0.00032616637	-0.6950631	
0	0	0	48	8.3648945E-07	196.2575	0	81.487434	1.8559746	0.40045777	-0.5324174	0.24897514	-2.4017992	0.0018405735	0.17675094	0.00017023759	1.5216652	91.608116	0	10.668122	2.8322608	2.0999808	-0.57698125	0.20508744	2.400484	0.022853049	-2.2357361	0.00033713304	2.4657059	
0	0	0	49	8.374945E-07	196.2222	0	81.45105	1.8559477	0.4016323	-0.53765035	0.25060192	-2.4152906	0.003333646	-0.560677	6.534995E-05	-1.8230298	91.46243	0	10.471136	2.830783	2.0560224	-0.5774277	0.19180551	2.2150345	0.05218569	-1.7946223	0.0003050623	-2.0959451	
0	0	0	50	8.384995E-07	196.18558	0	81.509796	1.8539642	0.4040901	-0.5454985	0.24980287	-2.4092693	0.0020492054	-0.013929279	0.00017667793	2.2043734	92.06639	0	10.280834	2.8394608	2.0064464	-0.58724463	0.1671344	2.2510867	0.029046291	-1.5001796	0.00015049489	-1.4311166	
0	0	0	51	8.394963E-07	196.1888	0	81.46687	1.855034	0.40070343	-0.5350447	0.24679887	-2.4077976	0.0014008767	-0.7069795	0.00041427568	1.7842989	92.04628	0	10.148299	2.8358579	2.0100193	-0.59138644	0.16284992	2.4636776	0.01093191	-1.5479316	0.00049767806	-1.3298813	
0	0	0	52	8.4050953E-07	196.17545	0	81.54928	1.8528486	0.40293685	-0.5435948	0.2485881	-2.4040642	0.002410261	-0.4965478	0.00022234136	-0.49844474	92.464035	0	9.993396	2.8371532	1.9455403	-0.58930606	0.20163918	2.283905	0.025659198	-0.034610644	0.00020426082	1.7418678	
0	0	0	53	8.415146E-07	196.15369	0	81.476585	1.8546461	0.3998312	-0.5352567	0.25012308	-2.4006877	0.001685826	-0.9104477	0.00020607018	-1.2962484	92.33975	0	9.806641	2.8354142	1.9548858	-0.5864085	0.14995292	2.3545089	0.048419118	-0.95863855	0.00019089293	-0.40193346	
0	0	0	54	8.4251957E-07	196.13171	0	81.44519	1.8542953	0.4008	-0.5373428	0.24827647	-2.40949	0.0026186856	-1.2513016	0.0002792704	-2.9745812	92.62488	0	9.586935	2.8396714	1.9426025	-0.57185566	0.15648419	2.3244617	0.010599629	-0.8274865	0.00024877486	-0.72744423	
0	0	0	55	8.435246E-07	196.10728	0	81.45873	1.8545625	0.40013713	-0.5417183	0.24864025	-2.4043412	0.0017570487	-0.8248122	7.893159E-05	0.5190956	92.42119	0	9.431031	2.8346338	1.8919898	-0.5686059	0.13973019	2.1759882	0.027453763	-1.1133846	0.0003260576	3.1111333	
0	0	0	56	8.445214E-07	196.09207	0	81.45958	1.856765	0.39802969	-0.5258157	0.24905735	-2.3985472	0.0015139856	0.34448794	8.492509E-05	-1.8614908	92.58806	0	9.343332	2.8351696	1.8873433	-0.58836395	0.1320146	2.2765226	0.020416945	-0.98293424	0.00018540186	-0.029902041	
0	0	0	57	8.4553466E-07	196.09506	0	81.43628	1.857323	0.40229228	-0.53214985	0.24960846	-2.3936658	0.0014110877	-1.079755	0.00014972247	1.7185192	92.25973	0	9.087607	2.8377388	1.8909986	-0.5797659	0.17946643	2.116115	0.039487556	-2.604943	0.00025058445	-2.5441725	
0	0	0	58	8.4653965E-07	196.10056	0	81.412796	1.8576746	0.40267324	-0.53293425	0.2496169	-2.4076214	0.0017115128	-0.0037858908	0.0004072973	1.1846684	92.4747	0	8.948453	2.833138	1.8172561	-0.57685053	0.14244455	2.234193	0.03556165	-1.0391337	0.00017269104	-3.1318872	
0	0	0	59	8.4754475E-07	196.08519	0	81.41377	1.8586116	0.40110424	-0.5307774	0.24681064	-2.3928185	0.0016338485	0.36355025	0.0002848951	1.5025285	92.51492	0	8.849575	2.8285635	1.8213722	-0.56732786	0.16489281	2.466124	0.033902116	-1.9917096	0.00011237133	3.040595	
0	0	0	60	8.485415E-07	196.0815	0	81.4154	1.8583959	0.40259644	-0.5280018	0.24642065	-2.3957925	0.0026370606	-0.47909176	0.00020939443	-1.6783271	92.28561	0	8.607359	2.8379493	1.7707148	-0.5753894	0.09921035	2.5196922	0.023883864	-0.4156211	0.00013900509	0.9003172	
0	0	0	61	8.495548E-07	196.09195	0	81.38956	1.8572533	0.4000276	-0.5355061	0.24663217	-2.397351	0.0007192465	-0.88616055	0.00023664105	0.59034544	92.55159	0	8.487977	2.8298595	1.8064861	-0.5610135	0.11996509	2.1032782	0.018269734	-1.4317715	0.00014247223	1.898276	
0	0	0	62	8.505598E-07	196.07457	0	81.3935	1.8561934	0.3974274	-0.5326654	0.24840602	-2.403985	0.0023868044	-0.09951169	0.00028534472	0.68640673	93.2091	0	8.345936	2.8263323	1.7639416	-0.6007605	0.1618298	2.0948124	0.017997762	-1.6711737	0.00048407077	-2.5149274	
0	0	0	63	8.5156483E-07	196.06686	0	81.33114	1.8580701	0.40100837	-0.52852035	0.2473465	-2.3968816	0.00089607044	0.42541248	0.00022210114	-2.738342	92.23727	0	8.179924	2.8341193	1.7581371	-0.5716749	0.094778754	2.2049768	0.056783035	-1.1465563	0.00018422793	-3.0352037	
0	0	0	64	8.525616E-07	196.07674	0	81.34797	1.8572996	0.3983876	-0.5338824	0.24675155	-2.3944635	0.0019393243	-0.08754229	0.00022692721	-1.5677458	92.797104	0	8.008531	2.8353531	1.7626396	-0.5770202	0.12629437	2.3179088	0.0100239385	-1.1131502	0.00062465813	1.9903334	
0	0	0	65	8.535749E-07	196.05905	0	81.37412	1.8564761	0.40110433	-0.5338061	0.24761711	-2.3969812	0.00094438234	0.16711925	0.00017047563	-2.1944275	92.59684	0	7.8442993	2.835475	1.7257817	-0.5920187	0.11003784	2.2210054	0.016730515	-2.5476754	0.00020742342	2.0030084	
0	0	0	66	8.545799E-07	196.03735	0	81.38481	1.855671	0.40068188	-0.531338	0.2492244	-2.3956335	0.0025485668	-0.8805682	0.00036002987	2.5274394	92.20085	0	7.737821	2.835745	1.7418908	-0.59855473	0.16019325	2.2903185	0.019667538	-2.1871066	0.00018867909	-0.04413553	
0	0	0	67	8.555849E-07	196.04832	0	81.390114	1.8568709	0.40019044	-0.5296363	0.2486331	-2.4077222	0.003388718	0.2360554	0.00026510668	-0.018846761	92.41716	0	7.59675	2.8347254	1.6984007	-0.56060755	0.0964814	2.2824583	0.025001593	-0.012260602	0.000101793856	-2.3835688	
0	0	0	68	8.5658166E-07	196.05458	0	81.337776	1.8586843	0.4016022	-0.52005154	0.24854739	-2.391053	0.0034918173	-0.15542924	0.00017633212	3.0960927	92.12295	0	7.4418974	2.8313994	1.6368135	-0.57750636	0.13663812	2.6604652	0.022807831	0.20478629	0.00028563352	-3.128585	
0	0	0	69	8.5759496E-07	196.04913	0	81.41756	1.8555106	0.3998114	-0.54106706	0.24714506	-2.3990679	0.003317851	0.06954375	0.00033834192	-2.6938343	92.39169	0	7.2987895	2.8370337	1.6330519	-0.5683669	0.1095094	2.110452	0.023063475	-1.6572857	0.0006079846	-1.4790373	
0	0	0	70	8.586E-07	196.04205	0	81.44576	1.8541092	0.39982918	-0.54125303	0.24883473	-2.401742	0.0031376584	-0.33129746	0.00026951055	1.003513	92.12936	0	7.1709504	2.835428	1.6384906	-0.590488	0.14689274	2.2630625	0.015285868	0.98441905	0.00035688689	-0.82456166	
0	0	0	71	8.59605E-07	196.06828	0	81.47628	1.8528972	0.39999333	-0.53579074	0.2491009	-2.4064841	0.002493702	0.28397214	0.0005535407	1.3737619	91.92914	0	7.0025916	2.8295593	1.6644874	-0.57037944	0.10528739	2.1698914	0.039756253	-0.12140053	3.031995E-05	2.5477185	
0	0	0	72	8.6061004E-07	196.08847	0	81.438484	1.8568614	0.39951113	-0.53232384	0.24683157	-2.396446	0.0015733385	-1.3210803	0.00029662417	-2.2602315	92.31961	0	6.858239	2.831006	1.6355554	-0.5752701	0.13431986	2.1295342	0.021367732	-1.7398299	0.00023056047	0.3275416	
0	0	0	73	8.6160685E-07	196.10101	0	81.45001	1.8544827	0.40027595	-0.53263736	0.25040123	-2.4160972	0.0044516423	0.079032384	9.583932E-05	-2.0526962	92.62233	0	6.6716056	2.831432	1.6454818	-0.5836502	0.10960983	2.403416	0.028916735	1.9064476	0.00046974697	-0.85453945	
0	0	0	74	8.6262014E-07	196.09528	0	81.47023	1.8541557	0.40286982	-0.5358474	0.2507103	-2.4044373	0.0011511071	0.047136705	0.00030582582	-1.4257185	92.90702	0	6.534486	2.8335786	1.6146144	-0.5626287	0.1161274	2.5320103	0.010205396	-2.1633344	5.5423097E-05	3.0572944	
0	0	0	75	8.6362513E-07	196.0925	0	81.45726	1.8549559	0.40159255	-0.53699124	0.24860625	-2.4037106	0.0017007971	-0.7361369	0.00025659817	-0.21206403	93.67672	0	6.386388	2.8330169	1.5852668	-0.58035564	0.09092814	2.1015148	0.022785738	-1.0969222	0.00011464978	-1.1998509	
0	0	0	76	8.646302E-07	196.09224	0	81.92744	1.8451138	0.40457267	-0.54840344	0.25500152	-2.4264266	0.0037629064	0.21231157	0.00041686188	-0.7335635	92.852165	0	6.2813706	2.8348944	1.6122031	-0.58795977	0.07819393	2.4639337	0.034704093	0.17903629	0.00037558982	-0.6723641	
0	0	0	77	8.6562693E-07	196.08766	0	82.29385	1.837381	0.40793946	-0.5705062	0.25466472	-2.4547172	0.0011129648	-1.6784589	0.00019880579	3.1351554	93.40272	0	6.2368183	2.8321404	1.5799466	-0.5795813	0.09059574	2.4898982	0.026953269	-1.4113832	2.9612862E-05	-1.2999381	
0	0	0	78	8.666402E-07	196.08551	0	82.31968	1.8379356	0.41249567	-0.562399	0.25709352	-2.460381	0.0011192074	-0.10626877	0.0005803648	-1.5942948	94.64388	0	6.122938	2.8356411	1.5572686	-0.5471408	0.0923077	2.3911443	0.022586146	-0.84585315	0.00021514799	0.11836911	
0	0	0	79	8.676452E-07	196.09656	0	82.30919	1.8379289	0.40872356	-0.56520474	0.25663784	-2.4626598	0.0019658383	-1.6093044	0.00026733885	2.5313647	93.80277	0	5.9708953	2.8343122	1.5510849	-0.5661081	0.096652724	2.591251	0.004659858	0.42900014	0.00011269824	0.82010347	
0	0	0	80	8.6865026E-07	196.105	0	82.323	1.837837	0.4089273	-0.56501937	0.25519633	-2.4579372	0.0026598715	0.1965108	0.00034001266	-0.5219287	94.44608	0	5.8059196	2.827589	1.5447706	-0.5696574	0.13606764	2.3608847	0.03577649	-0.56370425	0.0005697621	2.8094852	
0	0	0	81	8.69647E-07	196.14319	0	82.33008	1.837861	0.40979403	-0.5645261	0.25638387	-2.4532962	0.0015642677	-0.5511583	8.348998E-05	2.4751697	93.99994	0	5.6763663	2.8273008	1.5099514	-0.57092065	0.10539909	1.9490272	0.009021785	1.7759532	0.00029149646	-3.0218427	
0	0	0	82	8.706603E-07	196.12883	0	82.34836	1.8388565	0.40976396	-0.5654315	0.25434935	-2.4530756	0.003411823	-0.7575338	0.00030984622	0.742521	94.70156	0	5.564137	2.8372154	1.4904004	-0.5702627	0.06874744	2.062161	0.007484061	-2.4356961	0.00035919916	1.7511871	
0	0	0	83	8.716653E-07	196.14902	0	82.36657	1.8390799	0.4067673	-0.56646055	0.2552947	-2.4554381	0.0007214068	-0.37523228	5.41648E-05	0.60130936	93.71912	0	5.3949494	2.8296318	1.5024371	-0.5414897	0.12858158	2.0608773	0.036450926	3.0268197	0.00022667456	-0.71812147	
0	0	0	84	8.7267034E-07	196.17117	0	82.36718	1.8379563	0.41008258	-0.56404203	0.25777972	-2.4572973	0.0020488112	-0.8230248	0.0002403859	0.5252481	94.14731	0	5.352286	2.8356225	1.5037423	-0.572484	0.099600405	1.745489	0.011923907	-0.25376132	0.00030172	1.626481	
0	0	0	85	8.736754E-07	196.17656	0	82.36993	1.8381834	0.41147852	-0.5674777	0.25510442	-2.457133	0.00066967926	-2.079599	6.421554E-05	1.5065581	92.81083	0	5.1200604	2.8281794	1.5063721	-0.58049154	0.0790706	2.0527117	0.033512726	3.1277578	0.0003054314	-0.498629	
0	0	0	86	8.746722E-07	196.18253	0	82.381134	1.8399808	0.40996793	-0.56076396	0.25665164	-2.452155	0.002711907	-0.461726	0.00028690827	-1.3892517	93.30583	0	5.003161	2.8378048	1.4521064	-0.5661943	0.088806465	2.6465073	0.059029482	-1.4258133	0.00018730371	2.1234539	
0	0	0	87	8.7568543E-07	196.19928	0	82.395706	1.8398794	0.41316783	-0.56068826	0.25785738	-2.451063	0.0015945529	-0.63921773	0.0004206095	-0.46549678	93.468704	0	4.8989215	2.8356307	1.4347574	-0.5518541	0.08942456	2.5376575	0.012805368	-0.18514511	0.000248924	1.5437737	
0	0	0	88	8.766904E-07	196.19699	0	82.42126	1.8409421	0.40988955	-0.55570805	0.25774205	-2.4498625	0.0041924254	0.34394872	0.0003359816	-2.2774224	93.688354	0	4.779187	2.8283834	1.4643712	-0.56505543	0.110779814	2.6390893	0.030404087	-0.10854552	0.00017733655	0.24682412	
0	0	0	89	8.776955E-07	196.25063	0	82.419685	1.8406262	0.41033357	-0.5621004	0.25813258	-2.4517171	0.0011483436	0.4620735	9.960164E-05	1.309677	93.45877	0	4.5529103	2.8285198	1.4437143	-0.58951366	0.058612935	2.4232624	0.026403053	-0.8830244	8.842876E-05	0.44285357	
0	0	0	90	8.786923E-07	196.26866	0	82.42634	1.8381734	0.41210118	-0.56848747	0.25715643	-2.457207	0.0016563378	-0.69682235	0.00013416841	-2.2140312	92.08561	0	4.4331083	2.8308315	1.4247798	-0.5816598	0.105314314	1.8818278	0.006969444	-0.18750955	0.0004846576	-0.24157558	
0	0	0	91	8.7970557E-07	196.29398	0	82.38635	1.8367399	0.41193345	-0.5696623	0.25637653	-2.453804	0.002264056	-1.0401162	0.00021298637	-0.81365156	93.335	0	4.3604517	2.8290868	1.429401	-0.5716082	0.0487507	2.314189	0.04082489	0.14661403	0.00027534264	0.2394228	
0	0	0	92	8.8071056E-07	196.3209	0	82.448105	1.8366284	0.41349053	-0.56316096	0.25801924	-2.457494	0.0027112835	0.50570714	0.000119058335	0.66243434	92.55275	0	4.175426	2.8359728	1.3831367	-0.60873634	0.09573513	2.086113	0.02060639	0.56751746	0.00018039835	-0.20344822	
0	0	0	93	8.817156E-07	196.32358	0	82.4956	1.836777	0.41343662	-0.5684157	0.25726107	-2.458131	0.0013255094	0.46786726	0.00023556258	-0.7807295	93.05086	0	4.0820217	2.820728	1.4338094	-0.56313664	0.06063528	3.0522351	0.030048212	2.1540203	0.00022006799	0.57205296	
0	0	0	94	8.8271236E-07	196.34299	0	82.51705	1.8365055	0.41144726	-0.5722774	0.25716588	-2.4587405	0.0006145659	2.6364403	0.0003065149	0.97749156	92.4451	0	3.9104886	2.8240287	1.3720313	-0.58473754	0.08683331	2.0653195	0.0443908	-1.7321625	0.00019479533	-2.6798449	
0	0	0	95	8.8372565E-07	196.32454	0	82.48655	1.8368038	0.41395757	-0.5740897	0.2568017	-2.463995	0.0018517389	-0.83427054	0.0003721135	-0.9451956	92.796486	0	3.8531675	2.828789	1.3868227	-0.5772885	0.06843195	2.2152863	0.020104656	0.20382082	0.0003405484	2.7757733	
0	0	0	96	8.8473064E-07	196.36115	0	82.50271	1.836576	0.4134448	-0.57165617	0.25733334	-2.4700696	0.00027149974	1.0393933	0.0003991978	0.9636132	92.154816	0	3.6099102	2.8305025	1.3744332	-0.566322	0.056842692	2.2085173	0.020760879	-1.1474015	0.00034569867	0.53238034	
0	0	0	97	8.857357E-07	196.36028	0	82.47906	1.8368865	0.41346905	-0.56754065	0.2581533	-2.4568129	0.0010439112	-0.6040399	0.00029530798	0.11030439	92.45847	0	3.5152788	2.816931	1.3644296	-0.57561225	0.052973304	2.6208029	0.007835883	-1.3019228	0.00025199397	1.3286988	
0	0	0	98	8.8673244E-07	196.3827	0	82.538216	1.8368981	0.41413993	-0.56796676	0.2579356	-2.4576526	0.00091642234	-1.3597184	0.00016460166	2.7839928	91.276985	0	3.4219296	2.8290274	1.369057	-0.5937647	0.06937533	2.8069272	0.008032671	-2.2286525	0.00022303907	1.4315373	
0	0	0	99	8.877457E-07	196.40709	0	82.582825	1.8373666	0.41417998	-0.5618608	0.25740996	-2.457472	0.0009032791	-1.258603	0.00017362613	2.141439	92.674065	0	3.295645	2.8268929	1.3639287	-0.55067223	0.06825129	2.4759884	0.012636762	1.0476842	0.0002594943	0.0406834	
0	0	0	100	8.887507E-07	196.44156	0	82.60108	1.8371177	0.41504282	-0.5613825	0.25838667	-2.4588118	0.0028586693	-0.60278773	9.95302E-05	-2.115981	91.882065	0	3.1714804	2.8187869	1.3246675	-0.5734257	0.075957604	2.3187556	0.017986871	1.6139553	0.0002203141	-1.5583384	
0	0	0	101	8.8975577E-07	196.46327	0	82.62229	1.8376241	0.41753694	-0.56730545	0.25952926	-2.4631631	0.0017364342	-1.53765	0.00012235981	0.88105357	91.657936	0	3.0913973	2.8371956	1.3582675	-0.5493711	0.07679732	2.0121963	0.02353159	-2.0798664	0.000524306	0.29044548	
0	0	0	102	8.9076076E-07	196.50514	0	82.649086	1.8376646	0.41402972	-0.5668429	0.25963214	-2.4520745	0.0013216261	0.90864635	0.00016881293	1.3370949	92.332146	0	2.9555104	2.8130546	1.3326895	-0.55918777	0.07931037	2.1462286	0.01999192	-0.9604592	0.00016193007	-2.0366123	
0	0	0	103	8.917576E-07	196.53638	0	82.63669	1.8378865	0.41642565	-0.56685764	0.25909108	-2.451524	0.0017798374	-1.1861273	0.00020432561	-0.8426043	91.96374	0	2.7924888	2.8273478	1.2757266	-0.58715636	0.07821052	2.5951593	0.016285902	-1.4631704	0.00014296512	-2.8875995	
0	0	0	104	8.927708E-07	196.57355	0	82.64712	1.8379583	0.414888	-0.5623452	0.26104823	-2.4599857	0.0026518533	-0.35844424	0.00026288335	0.7072003	91.504135	0	2.7297578	2.8266752	1.3185761	-0.5682497	0.06417622	1.6965908	0.023291111	2.3557994	0.00026060516	1.6132292	
0	0	0	105	8.937759E-07	196.60117	0	82.66912	1.8380255	0.41734353	-0.5610879	0.25987503	-2.4566143	0.0016497668	-0.108827874	0.00024413581	2.252837	91.65375	0	2.5755877	2.8232052	1.2625341	-0.5552105	0.07415567	2.7570858	0.027099926	-1.7757372	0.0004467919	3.0290546	
0	0	0	106	8.9478095E-07	196.61642	0	82.6611	1.838297	0.41856804	-0.5618677	0.25930297	-2.4495356	0.0012763474	-1.0453569	0.00018674941	1.94852	92.26271	0	2.5504508	2.812978	1.2981842	-0.55333	0.05424716	3.007917	0.038024437	-2.0020149	0.00027448463	-0.21396676	
0	0	0	107	8.957777E-07	196.65094	0	82.67512	1.8386741	0.41590762	-0.5646292	0.26005867	-2.4592252	0.0008395033	-0.5476626	7.3841155E-05	2.9059613	91.47171	0	2.3803146	2.8178859	1.304427	-0.5703776	0.07382385	2.2795606	0.014184553	-1.2641997	0.0004977679	-2.9371	
0	0	0	108	8.96791E-07	196.67519	0	82.66478	1.8386643	0.4179542	-0.56662244	0.26026	-2.4488297	0.0017261397	-0.8217559	0.0001244469	3.0314507	92.12742	0	2.2900445	2.7946208	1.307571	-0.6035458	0.058647275	2.1695516	0.028865924	-2.599864	0.00015218246	0.42842227	
0	0	0	109	8.97796E-07	196.67021	0	82.688576	1.8389359	0.42163676	-0.56818384	0.2588266	-2.4599576	0.00032279993	-1.3555051	0.00024955726	3.030677	91.32905	0	2.1894252	2.8321133	1.2521274	-0.5620283	0.027548198	1.6549163	0.01994072	0.89265037	0.00022929902	1.2834389	
0	0	0	110	8.9880103E-07	196.68436	0	82.68533	1.8390684	0.41830733	-0.56220526	0.2587041	-2.4568923	0.0013690412	-0.049942363	0.00021024432	-1.7091614	91.95381	0	2.0842485	2.8010683	1.2819728	-0.5882397	0.04922406	2.2084832	0.023564326	-2.3568816	0.00017348319	-1.5760338	
0	0	0	111	8.997978E-07	196.72668	0	82.693115	1.8392304	0.41783115	-0.5629265	0.26038316	-2.4504957	0.0016977454	-0.36781198	0.00037981625	1.1619536	91.92721	0	1.9604607	2.8253593	1.2464131	-0.58722126	0.06485161	2.25561	0.013951636	-1.3742511	0.00036744442	0.9562963	
0	0	0	112	9.008111E-07	196.71007	0	82.71047	1.8394415	0.4182272	-0.5607534	0.2606722	-2.4506602	0.0019424635	-0.21191359	0.00033012414	-2.3520145	92.05706	0	1.9204905	2.8106294	1.2680455	-0.5925064	0.05654379	2.1602776	0.018757872	0.3795299	0.0005622851	-2.053203	
0	0	0	113	9.0181607E-07	196.74954	0	82.70354	1.8393925	0.4221405	-0.56456906	0.26168275	-2.456825	0.002600312	-0.5932127	0.000109759705	-1.9509416	91.39055	0	1.7954819	2.8145387	1.2712913	-0.56386244	0.05582294	2.7857916	0.006292555	-1.7451649	0.0001287956	0.39581588	
0	0	0	114	9.028211E-07	196.77896	0	82.69851	1.839871	0.41981986	-0.56165797	0.25963104	-2.450938	0.0021347748	-0.85755634	0.00018333584	0.9439677	91.99775	0	1.708785	2.820157	1.2518613	-0.5505268	0.08603024	2.5411634	0.022489255	2.359105	0.0002749464	1.6917306	
0	0	0	115	9.038261E-07	196.77713	0	82.78017	1.8352364	0.41891643	-0.57178336	0.262286	-2.464372	0.00089577696	-2.2000122	0.00055296754	1.980845	91.43037	0	1.5720677	2.7999387	1.2294611	-0.59741336	0.03834796	3.1155355	0.026063118	2.1990347	0.0003473405	0.6756756	
0	0	0	116	9.0482297E-07	196.78055	0	82.772705	1.8351403	0.41916755	-0.5722047	0.26265904	-2.4570808	0.0013825707	-1.165229	0.00021074542	-0.6320659	91.79645	0	1.4624972	2.8063242	1.2141831	-0.57804465	0.04488853	1.6977966	0.018739685	0.48061097	0.0001684267	-1.7199236	
0	0	0	117	9.0583615E-07	196.8179	0	82.78712	1.8351055	0.4194297	-0.57159007	0.2610471	-2.4603436	0.00210102	-0.105093606	0.00023369836	-0.38138086	91.65317	0	1.3494306	2.8087983	1.1894641	-0.5626207	0.042784482	2.509902	0.016587986	-2.7068512	0.00018715819	1.8336715	
0	0	0	118	9.068412E-07	196.85202	0	82.78965	1.8349466	0.41867474	-0.5752358	0.26100197	-2.4698157	0.0024920283	-0.476882	0.00038977183	0.5358304	91.39533	0	1.2373357	2.827778	1.2172529	-0.5846636	0.0695187	2.2817671	0.050585065	-3.086384	0.0001397077	1.440473	
0	0	0	119	9.078462E-07	196.91013	0	82.798416	1.8351935	0.42126706	-0.5689572	0.25921905	-2.4550993	0.0017682406	-0.98091084	0.0002605113	-0.5127486	91.6155	0	1.1233864	2.8491526	1.216049	-0.56075007	0.08777802	2.5224915	0.022423012	0.33315718	0.00026736956	1.045993	
0	0	0	120	9.0884305E-07	196.95436	0	82.808235	1.8350697	0.4217933	-0.5714258	0.26056525	-2.4628453	0.0007939617	-0.67942625	0.00027897593	0.8361863	91.02849	0	1.0103086	2.8184319	1.183134	-0.5666021	0.050498266	1.5952865	0.019455807	1.2762544	0.00013119528	2.5207481	
0	0	0	121	9.098563E-07	197.00645	0	82.80464	1.835309	0.42296377	-0.5780994	0.25954133	-2.4691553	0.0019034531	-0.3630326	0.00013833688	0.18981838	91.06073	0	0.91557854	2.7546859	1.1876012	-0.54919714	0.029260227	1.9295583	0.031013116	-1.2267166	5.8583773E-05	2.6270177	
0	0	0	122	9.1086133E-07	197.02847	0	82.80957	1.8351703	0.4211356	-0.57583225	0.26172668	-2.46375	0.0011328992	0.26582688	0.0002943029	1.6848451	91.72223	0	0.87825775	2.7999787	1.1858026	-0.5668819	0.04796308	2.7862878	0.021030296	1.111261	0.00031799055	-3.0170588	
0	0	0	123	9.118663E-07	197.09561	0	82.81584	1.8352891	0.4217381	-0.57209384	0.25830057	-2.4642003	0.0014743546	-0.6861825	0.00015084141	1.5776414	91.11957	0	0.73644906	2.7443666	1.1877698	-0.56911343	0.07547485	1.7726371	0.014423417	0.026313066	0.00024307094	0.27291763	
0	0	0	124	9.1286313E-07	197.04196	0	82.82367	1.8353015	0.4210911	-0.5731161	0.26131257	-2.4655783	0.0010390088	-0.54924273	0.0002991666	-0.82549846	91.78469	0	0.5820793	2.7056112	1.2045623	-0.5778392	0.019760448	2.1962805	0.01889363	-1.562654	0.00041027254	0.9099044	
0	0	0	125	9.1387636E-07	197.05298	0	82.82539	1.8353779	0.42205402	-0.576115	0.2619464	-2.45843	0.0014890507	0.013141273	0.0005514538	-0.604878	91.78959	0	0.4944772	2.6866333	1.155707	-0.5507893	0.012450999	-0.52691585	0.0048497855	2.9738095	0.00020713048	-1.4833907	
0	0	0	126	9.148814E-07	197.08522	0	82.83315	1.8355812	0.42185465	-0.56891567	0.26117364	-2.4608867	0.0026301602	-0.598536	0.0001709854	-2.1680307	92.18179	0	0.4008887	2.797657	1.1761316	-0.57461816	0.068684116	2.4700253	0.026489543	-1.0324428	1.5275773E-05	2.88652	
0	0	0	127	9.1588646E-07	197.10568	0	82.84085	1.8353513	0.42209116	-0.5728073	0.2614922	-2.468606	0.0009811394	-0.7813938	0.0003265556	-0.23136769	91.90761	0	0.31538028	2.6315951	1.1487176	-0.59288013	0.03949155	1.7935271	0.020972952	-2.1219506	0.00034706874	2.0048738	
0	0	0	128	9.168832E-07	197.1215	0	82.84285	1.8355263	0.4222161	-0.56987137	0.25916907	-2.4634929	0.00257623	-0.72833747	0.00043008	-1.1075077	91.72371	0	0.20156989	2.7136016	1.1696675	-0.5558274	0.02099452	1.4456886	0.024741065	-1.9157037	0.00031317378	1.7313917	
0	0	0	129	9.178965E-07	197.14578	0	82.82406	1.8356212	0.4225746	-0.5661796	0.2589546	-2.4608812	0.0021720424	-1.0147812	8.712459E-05	-2.1005058	92.31301	0	0.14088728	2.2546334	1.141783	-0.5820022	0.026178692	0.4668721	0.05464911	-1.4637386	0.00020087611	1.5348427	
0	0	0	130	9.189015E-07	197.1653	0	82.83984	1.8357291	0.4239465	-0.5662898	0.26143166	-2.4596572	0.0006527792	-0.2780742	0.00045212556	-2.6932502	92.20642	0	0.03252419	0.21251185	1.1841315	-0.5671346	0.065639965	2.8949776	0.031820916	-0.44437274	7.5857606E-05	-1.7888718	
0	0	0	131	9.1990654E-07	197.16954	0	82.84091	1.8358968	0.42376915	-0.5776752	0.261434	-2.4577553	0.0010784292	-0.1214986	0.0002136251	2.7622254	91.82458	0	0.15962563	0.029794201	1.1578826	-0.5886604	0.07448619	2.412362	0.020642705	-2.6687043	0.00012199645	-0.29186866	
0	0	0	132	9.2091153E-07	197.20749	0	82.85437	1.8357964	0.42198434	-0.5703395	0.26036462	-2.468106	0.0011912562	-1.3477087	0.000107645435	-1.2226714	91.62917	0	0.23748997	0.08631045	1.1788911	-0.56666434	0.030867895	2.0713105	0.03091619	-0.978642	0.00020986516	2.8853743	
0	0	0	133	9.2190834E-07	197.2154	0	82.84823	1.8357164	0.4249322	-0.56902045	0.2621145	-2.4614658	0.0011943657	-1.0413296	7.177947E-05	2.5397205	91.952736	0	0.32861534	-0.084330454	1.1074442	-0.5952524	0.081339404	2.4451969	0.014076981	0.47936076	0.0005284164	-2.2465494	
0	0	0	134	9.229216E-07	197.23703	0	82.85039	1.8359318	0.42417407	-0.56884474	0.26215	-2.4642816	0.0024561917	-1.0904511	0.00022874783	-0.10101757	92.146675	0	0.4430417	-0.10953161	1.1099849	-0.57605547	0.010087967	2.2006397	0.028091794	2.4468796	5.4068936E-05	1.5855285	
0	0	0	135	9.239267E-07	197.23843	0	82.88265	1.8358854	0.42388323	-0.5668759	0.26321295	-2.461212	0.0029555534	-0.93750924	0.000112072776	0.16503277	92.081024	0	0.58300924	-0.176485	1.0964924	-0.53910494	0.027771475	2.7452016	0.023848431	3.1293178	0.00047880347	1.3895824	
0	0	0	136	9.2493167E-07	197.28004	0	82.85601	1.8360244	0.42605212	-0.5648342	0.2627053	-2.4641774	0.0026175496	-1.4457144	0.00013291746	-2.2070048	92.09008	0	0.6228917	-0.19287865	1.0878346	-0.61727726	0.038080245	2.5580416	0.011480061	2.9987967	0.00058381807	2.7049632	
0	0	0	137	9.259285E-07	197.30382	0	82.87435	1.8360113	0.42726678	-0.568938	0.2615367	-2.4638302	0.0027162721	0.009018121	8.733486E-05	-0.7857415	92.5206	0	0.785165	-0.22604191	1.0928049	-0.5768395	0.055090077	1.8397573	0.025997642	1.8894593	0.00038291316	0.3144759	
0	0	0	138	9.269417E-07	197.30519	0	82.87339	1.8359867	0.42708912	-0.56649697	0.2617623	-2.467907	0.0007623624	0.7897418	0.00042644626	2.2284298	92.21443	0	0.78499126	-0.22414112	1.1022643	-0.5646966	0.034674563	-3.0377598	0.03153598	1.5054464	0.00010937975	2.1367636	
0	0	0	139	9.2794676E-07	197.3164	0	82.88372	1.8358066	0.42387265	-0.5660718	0.2594746	-2.4628177	0.0008814211	-1.8322386	0.00037189582	-0.13676007	93.07398	0	0.9548587	-0.2303278	1.117814	-0.56435907	0.032662805	-2.5508926	0.018224657	-0.9264195	0.00013836281	0.11532175	
0	0	0	140	9.2895175E-07	197.32509	0	82.85221	1.8357905	0.42554104	-0.57355136	0.26076865	-2.4581623	0.00014635465	-1.3490591	0.00024609687	-1.2456104	93.86149	0	1.0203931	-0.22656533	1.0815183	-0.57288665	0.0552308	1.6629908	0.03039976	-0.30328497	0.00023189909	0.13041568	
0	0	0	141	9.2994856E-07	197.3419	0	82.870316	1.8360497	0.42769748	-0.56938523	0.26079586	-2.46481	0.002773588	-1.1376613	0.00022617591	2.4058945	93.90857	0	1.0848775	-0.24958481	1.1190597	-0.60814077	0.035682898	0.9807646	0.01954184	-2.4120853	0.00018684378	2.3056808	
0	0	0	142	9.309618E-07	197.32837	0	82.88793	1.8360698	0.4280487	-0.5670403	0.2619469	-2.462197	0.0036929036	-0.18524832	0.00030346605	-1.2148738	93.80935	0	1.1964037	-0.22827177	1.104178	-0.5751067	0.017729286	-1.8468453	0.025488738	-1.2567097	0.0007277915	0.38190848	
0	0	0	143	9.3196684E-07	197.3279	0	82.896385	1.8358653	0.4291704	-0.56601435	0.26236516	-2.46275	0.0025783347	-0.5307442	0.00027956135	0.18219869	93.74893	0	1.3092647	-0.23915625	1.109231	-0.5857937	0.018964265	1.1124138	0.013989934	-0.54448247	0.00025216892	-1.3640385	
0	0	0	144	9.3297183E-07	197.36414	0	82.89531	1.836216	0.42747042	-0.5732609	0.26068488	-2.4516666	0.0011022172	-0.5195234	0.00028636077	-2.0327759	93.29209	0	1.4063505	-0.28867698	1.115202	-0.5398623	0.05761556	2.0822387	0.017499452	-0.54625165	0.00011453666	-1.4428102	
0	0	0	145	9.339769E-07	197.38618	0	82.89335	1.8362056	0.42956093	-0.5621904	0.2629489	-2.4643736	0.0010824496	-1.4215528	0.00053019664	1.0828819	93.10826	0	1.488557	-0.2641532	1.0846436	-0.5682236	0.024479825	-2.861342	0.023116728	0.21582638	0.0003048847	-1.1625807	
0	0	0	146	9.349736E-07	197.4075	0	82.903946	1.8361188	0.4296081	-0.5703499	0.26138324	-2.4547417	0.0030947013	-0.400758	0.00020552763	-2.1573844	92.84427	0	1.5742213	-0.2785178	1.0837947	-0.5583043	0.0573659	2.219342	0.042974513	-1.2694937	0.00026182077	-0.41699907	
0	0	0	147	9.359869E-07	197.42317	0	82.902596	1.8362085	0.4264827	-0.5725173	0.2605378	-2.457563	0.002192862	-0.866458	0.00029355998	-0.3336326	92.542175	0	1.6238178	-0.29757166	1.1261237	-0.539046	0.03361401	-3.132418	0.013588422	2.2552156	0.00017778671	-2.137072	
0	0	0	148	9.3699197E-07	197.45206	0	82.905655	1.8363044	0.43028748	-0.5711123	0.2624507	-2.4589162	0.0027808768	-0.25810474	7.899151E-05	1.6844119	92.3701	0	1.7186671	-0.2831084	1.0653974	-0.59184736	0.05241579	1.4819891	0.053739846	-0.08863613	0.00045039703	0.2355385	
0	0	0	149	9.3799696E-07	197.46788	0	82.92572	1.83628	0.43019006	-0.56594676	0.26165235	-2.467648	0.0023044196	-1.3624094	0.0002942947	1.566264	92.16824	0	1.88838	-0.25650245	1.0544306	-0.5642801	0.06272399	2.6836536	0.018730244	-1.1865679	0.0004048969	1.6503463	
0	0	0	150	9.3899376E-07	197.48451	0	82.92643	1.8361502	0.43010187	-0.5715384	0.26177374	-2.457639	0.0017338792	0.2588931	0.00013539524	-0.04681828	91.73727	0	1.9373707	-0.27053472	1.0843309	-0.5411695	0.03024791	-2.9239802	0.011424521	2.8803244	0.00017603197	1.5725977	
0	0	0	151	9.4000706E-07	197.53033	0	82.93441	1.8365928	0.42841738	-0.57250065	0.26105884	-2.4661906	0.002746325	-0.33309993	0.0003712469	-0.3240023	91.944305	0	1.9917859	-0.28095648	1.0510497	-0.5775831	0.044276945	1.3216369	0.032644063	1.57457	0.00025641444	-1.5450343	
0	0	0	152	9.410121E-07	197.54973	0	82.93312	1.8363853	0.42757744	-0.5704927	0.26049274	-2.4587092	0.0014030839	0.14816673	0.00013573049	-0.7956373	91.90339	0	2.097206	-0.2834127	1.0347619	-0.56764066	0.014299964	2.9470387	0.010628818	-2.2325804	0.00041648565	-2.8671706	
0	0	0	153	9.420171E-07	197.503	0	82.94397	1.8364015	0.4299256	-0.5685693	0.26019183	-2.4601693	0.0018339276	-1.1927722	0.00013192484	2.335946	91.87816	0	2.1956384	-0.30207232	1.0065451	-0.56173587	0.05068959	2.3078759	0.010877895	1.0001111	0.00011198981	-1.8495297	
0	0	0	154	9.4301384E-07	197.5098	0	82.93621	1.8368	0.42791283	-0.56774104	0.2611026	-2.4639647	0.00039818388	-3.0687175	0.000553794	-0.69663656	92.11185	0	2.310402	-0.28141096	1.0698341	-0.6309855	0.03775257	0.8096835	0.01641239	-0.010230898	0.00044937365	-0.72477293	
0	0	0	155	9.4402714E-07	197.49669	0	82.95083	1.8363458	0.42594245	-0.56735194	0.2618951	-2.45515	0.002568925	-1.063148	0.0002545742	1.2553141	91.68968	0	2.3805723	-0.2904544	1.0335582	-0.5938362	0.027169561	2.1230078	0.0069826744	2.1855812	1.7641385E-05	0.4612591	
0	0	0	156	9.450322E-07	197.48888	0	82.95067	1.8367444	0.42882252	-0.5693184	0.2597816	-2.4538007	0.0010331873	0.44840685	0.00019132851	-0.3683207	92.09439	0	2.5006444	-0.28628	1.0567006	-0.58179176	0.034145407	2.5711443	0.011267628	-1.4705536	0.0001506364	0.7095794	
0	0	0	157	9.460372E-07	197.45978	0	82.969955	1.8366526	0.43169075	-0.5605266	0.2634724	-2.4593053	0.0012493561	-0.40793672	0.00032226145	-0.086614236	92.23147	0	2.5651035	-0.28362718	1.0161562	-0.5810134	0.028494524	2.875981	0.0271977	2.62736	0.00037466592	-1.7400593	
0	0	0	158	9.470422E-07	197.40613	0	82.97075	1.8367116	0.428081	-0.572141	0.2633834	-2.4604592	0.0018902587	-0.2785444	0.00024359736	3.1001604	92.489296	0	2.6171908	-0.2804231	1.0109997	-0.5822894	0.030219393	-2.026307	0.03404611	0.6128634	0.00018222409	2.2086759	
0	0	0	159	9.48039E-07	197.46764	0	82.95658	1.8365548	0.4298915	-0.57026863	0.26166132	-2.4579272	0.0017019027	0.37715384	2.9851435E-05	-1.6022243	92.69144	0	2.7307694	-0.28495383	1.0170279	-0.5885004	0.033009946	1.969726	0.022452999	2.0024061	0.00024557434	0.9077352	
0	0	0	160	9.4905226E-07	197.46129	0	82.96695	1.8368171	0.4318792	-0.57142425	0.2622966	-2.4580016	0.0021929631	-0.086448446	0.000333674	-2.375701	92.531784	0	2.840284	-0.26659435	1.0357226	-0.57696456	0.034814592	2.4913774	0.019363228	1.597465	0.00026708958	-2.8309321	
0	0	0	161	9.5005726E-07	197.45422	0	82.97772	1.8368181	0.43006197	-0.5655355	0.2636587	-2.4582098	0.0011112315	-0.69820756	6.46529E-05	2.3979511	92.09868	0	2.9578693	-0.29313415	1.0444642	-0.58647656	0.020675218	1.8606555	0.023574512	2.2069836	0.00029186558	2.749449	
0	0	0	162	9.510623E-07	197.43208	0	82.994446	1.8368152	0.43160698	-0.5740275	0.26250678	-2.4604425	0.0016235361	-1.5692245	0.00019444423	-2.526518	92.69283	0	3.0112443	-0.28480703	1.0490125	-0.58493966	0.010643564	2.5025148	0.017024875	-0.54758906	0.00025678796	-0.5463244	
0	0	0	163	9.520591E-07	197.39055	0	82.96284	1.8368145	0.42860466	-0.5648097	0.26460826	-2.4637034	0.0024116242	-1.2711604	0.00012652375	2.5641463	92.374	0	3.1035945	-0.28056264	0.9686077	-0.56319326	0.037342165	2.3134341	0.006627621	-0.84928095	0.00023253325	-2.8862648	
0	0	0	164	9.5307234E-07	197.38728	0	82.99421	1.8367373	0.43369347	-0.57070583	0.26321778	-2.4634364	0.0022982336	-0.6884211	0.0004854268	-2.8865566	92.829025	0	3.1586082	-0.26888365	0.9841993	-0.5868561	0.033144046	-2.9334102	0.0029927306	-2.2254345	0.00031333277	2.3188899	
0	0	0	165	9.540773E-07	197.39772	0	82.99453	1.8369559	0.4316783	-0.56835	0.2653913	-2.4586568	0.0033144243	-0.77786213	0.0003012143	-2.8905199	93.013504	0	3.3067763	-0.28713948	1.0133913	-0.5678142	0.029507678	2.071788	0.03759207	2.0705388	0.00036028842	-1.3716513	
0	0	0	166	9.550824E-07	197.38899	0	82.984795	1.8369688	0.4294261	-0.5669522	0.26301232	-2.461557	0.0017917427	0.32462516	0.00023016977	-1.4351106	93.482	0	3.359093	-0.27450573	1.0240285	-0.6224874	0.010833336	2.0659084	0.017508762	1.8019663	0.00030825112	-0.82334447	
0	0	0	167	9.560791E-07	197.40631	0	82.977646	1.8372223	0.43372375	-0.5648258	0.26081032	-2.456876	0.0016272018	2.487072	0.00023527173	2.5294428	93.15198	0	3.4362776	-0.2834867	1.0272892	-0.56641084	0.03015757	2.8226197	0.021769755	1.9280151	0.00044545412	2.0118282	
0	0	0	168	9.570924E-07	197.41014	0	83.00385	1.8369645	0.43197235	-0.56794673	0.26128513	-2.456224	0.0017465054	-0.4178263	0.0003252221	2.3011658	94.013885	0	3.5627306	-0.28983456	0.9891012	-0.58451927	0.038830303	2.7050164	0.032450885	1.356303	0.0002269723	2.237951	
0	0	0	169	9.580975E-07	197.39445	0	83.01172	1.8369514	0.42952958	-0.56892776	0.2641055	-2.458098	0.002309849	-0.1432374	0.00010361884	-1.3626261	93.253136	0	3.6166482	-0.29187602	1.0013549	-0.57766086	0.038842496	1.0837615	0.0071571963	-2.703187	0.00013132859	2.3016875	
0	0	0	170	9.591025E-07	197.38113	0	83.01216	1.8372116	0.43109587	-0.5700847	0.26164758	-2.4554498	0.0012983739	-0.32877907	0.00030465925	-2.157218	93.82353	0	3.626388	-0.29691765	0.9705705	-0.5450238	0.03178317	1.8520283	0.037649862	-0.60049075	0.00011001422	1.2335448	
0	0	0	171	9.600993E-07	197.36331	0	83.02064	1.8373587	0.43453386	-0.5684027	0.26261404	-2.4570727	0.0022160562	-0.14468943	0.0002667119	0.5159845	93.47294	0	3.8229127	-0.2887362	1.0029875	-0.5765899	0.031275876	2.4717023	0.020766575	3.0959435	0.00017133959	2.0471811	
0	0	0	172	9.611125E-07	197.3645	0	83.01061	1.8373482	0.4333375	-0.5718038	0.26186135	-2.4603345	0.00196013	-0.63628167	0.00036822938	2.5626187	93.08038	0	3.8075223	-0.29503235	0.9674019	-0.5856257	0.03425961	1.3627524	0.050333474	1.2463173	0.00035814242	1.6994635	
0	0	0	173	9.621176E-07	197.3565	0	83.028	1.8371418	0.43080935	-0.5668269	0.26212168	-2.4583619	0.0022321315	0.052923277	0.0002803057	1.0037049	93.924965	0	3.9423888	-0.28620642	1.0130281	-0.5411325	0.028589997	2.2962055	0.018521229	0.099763855	0.00011896987	0.1321262	
0	0	0	174	9.631226E-07	197.32513	0	83.03747	1.837288	0.43343434	-0.5626449	0.26249713	-2.4489794	0.0024083694	-0.80787647	0.00011716165	-2.893879	93.500465	0	4.040155	-0.2983135	0.98941314	-0.58190477	0.030812314	2.142539	0.009565454	-2.4827883	0.00040381655	-0.04327358	
0	0	0	175	9.641277E-07	197.35664	0	83.0195	1.8372961	0.4359618	-0.5643994	0.26241082	-2.4578855	0.0011585096	0.672103	0.00015078706	0.98484004	93.95549	0	4.1002207	-0.29019248	1.0070856	-0.58613193	0.044360247	1.6279202	0.03882144	-0.28482062	0.00022411878	-2.2339833	
0	0	0	176	9.651244E-07	197.3598	0	83.01201	1.8374128	0.43284613	-0.5702348	0.26279983	-2.4560683	0.0012140457	-1.4286908	0.00015059013	-0.6170263	93.74031	0	4.2121563	-0.29415944	0.9877616	-0.60569954	0.027854014	3.040457	0.034887098	1.7182574	0.0003703875	1.7352513	
0	0	0	177	9.661377E-07	197.33118	0	83.02518	1.8375657	0.43445033	-0.5681954	0.2641241	-2.4585216	0.0033513221	-0.62681264	0.00032595443	-2.204369	93.81934	0	4.2456775	-0.2853621	0.95873725	-0.5908002	0.0035270036	1.2223952	0.0197066	-1.4217176	0.0005433589	0.9353387	
0	0	0	178	9.671427E-07	197.32126	0	83.028725	1.837579	0.43202797	-0.5677559	0.26284567	-2.4552274	0.0030594664	0.18313454	0.00034254932	-0.6327716	93.67657	0	4.3393903	-0.28257272	0.98202896	-0.5374702	0.034878552	2.717711	0.0016127976	-1.7309024	0.0002427243	-1.8712014	
0	0	0	179	9.681478E-07	197.30824	0	83.045105	1.8376092	0.43253335	-0.5701124	0.2634383	-2.4616938	0.00017030793	-1.7438258	0.00022115425	0.035285592	94.31592	0	4.442492	-0.293387	0.9793018	-0.57767034	0.03661442	0.1577655	0.007780081	-0.933753	0.00016863325	0.020838661	
0	0	0	180	9.691445E-07	197.33571	0	83.04598	1.8376031	0.4310896	-0.5707192	0.26345262	-2.447169	0.0011720016	-0.96561533	0.00031378606	0.5432964	94.1281	0	4.523304	-0.29164594	0.9888577	-0.59646535	0.02331545	2.5046816	0.036158793	2.1489697	0.0004914088	-1.7466494	
0	0	0	181	9.701578E-07	197.30728	0	83.04408	1.837338	0.4335552	-0.5639426	0.26313186	-2.4577959	0.0026780881	-0.7319019	0.0003511153	-0.20431247	93.63912	0	4.6177382	-0.290815	0.9576215	-0.5848917	0.013219131	-2.4409308	0.039949324	-0.46531183	0.00026436205	-2.0899925	
0	0	0	182	9.711628E-07	197.30406	0	83.0605	1.8375782	0.43447682	-0.567631	0.2631937	-2.4599738	0.00094311486	0.07392335	0.00031056505	1.2530758	93.80162	0	4.6787367	-0.28180987	0.9872784	-0.5932341	0.011418524	0.3434715	0.028531067	3.0920029	0.00032449997	1.4385657	
0	0	0	183	9.721679E-07	197.3122	0	83.06918	1.8374537	0.4348325	-0.5704423	0.262333	-2.4599578	0.0024506133	-1.1450653	0.0002513817	2.8032784	93.60831	0	4.817767	-0.29377753	0.9799273	-0.5720994	0.03568298	-2.3735552	0.021803558	2.0579839	0.00019281899	-2.547492	
0	0	0	184	9.731646E-07	197.31964	0	83.0568	1.8376447	0.43388236	-0.5660416	0.2636305	-2.4558988	0.0031808154	-1.2884226	0.00018311635	0.45885438	93.874115	0	4.9317465	-0.2893047	0.95977914	-0.55777466	0.026731886	2.0021691	0.018601336	1.2052972	0.00011313557	1.208464	
0	0	0	185	9.741779E-07	197.31589	0	83.0858	1.8378407	0.43513116	-0.5624609	0.2626827	-2.4542847	0.0013331713	-0.8124746	0.00023600552	0.76146615	93.948265	0	4.9489746	-0.28800908	0.9691551	-0.57031745	0.030932533	2.8471704	0.012573777	2.5278428	0.00028985614	-0.43373942	
0	0	0	186	9.751828E-07	197.31508	0	83.080055	1.8377627	0.4344722	-0.5668423	0.2623956	-2.45898	0.002009196	-0.2162672	0.00027640435	1.4253213	94.0343	0	5.0515914	-0.29264218	0.948439	-0.52553135	0.009394588	-2.0972643	0.0066146664	-1.6364532	0.00012833106	-0.21210937	
0	0	0	187	9.76188E-07	197.34009	0	83.06404	1.8378567	0.43423438	-0.56430554	0.26345602	-2.455613	0.0023783715	-0.61724806	0.00015454354	-0.23071589	93.94975	0	5.1171246	-0.28674418	1.019648	-0.57967657	0.05936639	1.970154	0.007240318	1.9849087	0.0002644842	0.55743355	
0	0	0	188	9.771929E-07	197.36404	0	83.07637	1.8377767	0.43442357	-0.56511766	0.26428905	-2.4494214	0.0035129464	-0.34838787	0.0002453989	1.5960788	93.86626	0	5.2276196	-0.29892898	0.9492405	-0.5547885	0.022203766	-2.3641965	0.007643358	0.07833187	0.00016224258	1.0097866	
0	0	0	189	9.781897E-07	197.33585	0	83.06213	1.8378904	0.43326852	-0.5630594	0.26437664	-2.4477496	0.003514279	-0.58663064	9.032955E-05	-1.3726448	93.71565	0	5.3026032	-0.3009595	0.9716909	-0.56749916	0.04335218	2.0069735	0.039918732	0.83477163	0.00032612434	-0.5269445	
0	0	0	190	9.79203E-07	197.30223	0	83.09156	1.8379493	0.43429622	-0.5681555	0.2629608	-2.4522908	0.0017325975	-0.30035102	0.0003187902	-2.2910962	94.066414	0	5.398588	-0.2882125	0.9290519	-0.58124703	0.035156764	2.5977523	0.027730078	-1.5731128	0.00022726617	-2.6601536	
0	0	0	191	9.80208E-07	197.30093	0	83.08961	1.8380136	0.4342688	-0.5641584	0.26541623	-2.4501553	0.0012993839	-0.20230651	0.00032105207	-2.196084	94.16392	0	5.520814	-0.29767692	0.9140177	-0.58452666	0.036650497	2.343065	0.0528998	3.135981	0.00033130887	-3.0943568	
0	0	0	192	9.812131E-07	197.28069	0	83.092354	1.8380502	0.43646726	-0.56655234	0.26228344	-2.4619737	0.0016100089	-0.7570222	0.00024466065	-0.21046734	94.05892	0	5.5418997	-0.29342532	0.9414168	-0.54911876	0.023359131	1.7816098	0.012737774	-1.1153564	9.0701455E-05	-2.452999	
0	0	0	193	9.822098E-07	197.30392	0	83.1073	1.8381507	0.43647072	-0.5692308	0.26373738	-2.4602723	0.0032261766	-1.0061195	0.00018794247	1.7740043	94.32914	0	5.6872897	-0.2946926	0.9418789	-0.5781004	0.06490235	-2.5625038	0.019356227	2.5404778	0.00015055218	0.68821836	
0	0	0	194	9.832231E-07	197.29265	0	83.10848	1.8380449	0.43567207	-0.56627226	0.26427507	-2.4569433	0.0003096936	-0.40241075	0.0005477933	-2.2812533	94.26301	0	5.765496	-0.28487152	0.9735392	-0.54661673	0.051348854	1.7992489	0.036355358	-3.0847256	0.0001372192	-0.2923485	
0	0	0	195	9.842281E-07	197.29822	0	83.11226	1.8382394	0.4339473	-0.5647665	0.2649505	-2.450524	0.0015856441	-1.5016265	0.00021227685	1.4330677	94.40409	0	5.8066897	-0.28480634	0.9647577	-0.56599104	0.01719346	2.4049914	0.018664319	2.2753015	0.00017019987	-2.3975976	
0	0	0	196	9.852332E-07	197.30179	0	83.12913	1.8380684	0.43674254	-0.56641984	0.26502898	-2.4567206	0.0024122163	-0.5950165	0.0005109986	1.0731692	94.69971	0	5.864531	-0.28945255	0.939337	-0.5579827	0.0030226957	-1.6204736	0.022785796	-1.2764912	9.70959E-05	1.3438505	
0	0	0	197	9.862299E-07	197.29433	0	83.150085	1.8381392	0.43686956	-0.5701792	0.26454887	-2.4461873	0.0022392285	-0.10672003	0.00020331559	-2.3120813	94.52594	0	5.993155	-0.29372278	0.9356466	-0.5591011	0.049819183	1.7828108	0.024918424	-1.2293433	0.00020299184	-2.7856457	
0	0	0	198	9.872432E-07	197.30466	0	83.14444	1.838294	0.43401814	-0.5647466	0.26657993	-2.4578164	0.0011014813	-0.4633836	0.00024405097	-2.8891695	94.695984	0	6.154422	-0.30126882	0.91891885	-0.58863556	0.020280953	0.84414923	0.015756467	0.027677039	0.0001326388	-0.43626195	
0	0	0	199	9.882482E-07	197.3102	0	83.16727	1.8382932	0.43555835	-0.570101	0.26265568	-2.4507117	0.0027776007	0.13224064	0.0001565728	1.5131305	94.20653	0	6.144985	-0.29709715	0.9583534	-0.58632904	0.047717992	2.7552657	0.022141756	-1.4249506	0.00059994793	-0.6126268	
