# www.neaspec.com
# Scan:	 	Approach Curve
# Project:	 	20251007_PS
# Description:	 	
# Date:	 	10/07/2025 16:11:01
# Scanner Center Position (X, Y):	[µm]	49.66	48.17	 
# Rotation:	[°]	0	 	 
# Scan Area (X, Y, Z):	[µm]	0.000	0.000	0.000
# Pixel Area (X, Y, Z):	[px]	1	1	200
# Averaging:	 	1	 	 
# Integration time:	[ms]	50	 	 
# Laser Source:	 	4.5-15 µm nano-FTIR laser
# Detector:	 	R
# Target Wavelength:	[µm]	7.502	 	 
# Demodulation Mode:	 	Fourier
# Tip Frequency:	[Hz]	238,800.109	 	 
# Tip Amplitude:	[mV]	13.000	 	 
# Tapping Amplitude:	[nm]	72.123	 	 
# Modulation Frequency:	[Hz]	0.000	 	 
# Modulation Amplitude:	[mV]	0.000	 	 
# Modulation Offset:	[mV]	0.000	 	 
# Setpoint:	[%]	79.75	 	 
# Regulator (P, I, D):	 	4.206850	8.625812	1.000000
# Tip Potential:	[mV]	0.000	 	 
# M1A Scaling:	[nm/V]	0.426	 	 
# M1A Cantilever Factor:	 	1,000	 	 
# Q-Factor:	 	452.3	 	 
# Version:	 	2.1.11536.0
Row	Column	Run	Depth	Z	M0A	M0P	M1A	M1P	M2A	M2P	M3A	M3P	M4A	M4P	M5A	M5P	O0A	O0P	O1A	O1P	O2A	O2P	O3A	O3P	O4A	O4P	O5A	O5P	
0	0	0	0	7.768798E-07	196.41837	0	71.97439	1.6412362	0.3299994	-0.9844484	0.17269072	-3.0391467	0.00039351304	-1.822531	0.00021397592	0.49569756	92.26761	0	20.95847	2.8388526	4.2861967	-0.5840821	0.8387276	2.305178	0.18787575	-0.84032476	0.00029145528	2.6802402	
0	0	0	1	7.768808E-07	196.3854	0	72.011024	1.6345321	0.32840732	-0.99224985	0.17238754	-3.0639157	0.0011787692	-2.5098863	0.00024425294	-0.22730185	90.653595	0	20.969557	2.8369617	4.294664	-0.5865195	0.87102354	2.3093412	0.2029233	-0.9814747	0.0008076148	1.7037655	
0	0	0	2	7.768818E-07	196.39687	0	71.92221	1.6409233	0.32810375	-0.9829109	0.1742531	-3.0478268	0.0008968035	-1.5042768	0.00017061249	1.3098588	91.1756	0	20.900572	2.8383257	4.285817	-0.5721408	0.88347435	2.3090823	0.22049809	-0.9595013	0.0004777785	1.5240184	
0	0	0	3	7.768828E-07	196.37279	0	71.922485	1.6466872	0.32666242	-0.97143817	0.17216751	-3.0272546	0.0032621452	-3.1024537	0.00021189835	-1.3218597	91.36568	0	20.911285	2.83975	4.2497187	-0.57578105	0.8644157	2.299314	0.23387612	-1.1237347	9.2194896E-05	-0.5270384	
0	0	0	4	7.768838E-07	196.34999	0	72.03502	1.649498	0.32964817	-0.9682462	0.17478648	-3.0141323	0.0012932218	-2.6471775	7.5716234E-05	-0.4057004	91.01348	0	20.901926	2.839995	4.270882	-0.5871841	0.8931421	2.2892058	0.20955786	-1.0052799	0.0005573711	1.4265839	
0	0	0	5	7.768848E-07	196.35405	0	71.97504	1.6533533	0.33036876	-0.9621875	0.1721287	-3.017213	0.0012102273	-2.6445997	0.00017113844	0.14634706	91.23395	0	20.858767	2.838141	4.253542	-0.5821123	0.85316736	2.2856276	0.21572128	-0.9915038	0.00047548805	2.4418588	
0	0	0	6	7.768858E-07	196.35268	0	72.09596	1.6537833	0.33046848	-0.9525665	0.17486274	-3.0022326	0.0020749702	-2.1138813	0.0003665256	-3.1266956	91.48419	0	20.955818	2.8390942	4.265689	-0.5796802	0.9236429	2.283752	0.20276381	-0.9886146	0.00045859517	2.5195096	
0	0	0	7	7.768868E-07	196.31757	0	71.95208	1.6549065	0.32636037	-0.95966846	0.17326348	-3.0183728	0.0031721345	-2.4572816	0.00027263004	1.0572505	92.05174	0	20.85239	2.8388298	4.2538996	-0.58571196	0.85966	2.2816775	0.21669407	-1.0545692	0.00018405398	2.1834893	
0	0	0	8	7.768878E-07	196.27417	0	71.831245	1.6447306	0.32859337	-0.9697687	0.17255898	-3.0312574	0.0027161236	-1.9908614	0.00042601765	0.15410465	92.64811	0	20.830517	2.8363853	4.2555184	-0.58753616	0.8438835	2.286718	0.21798398	-0.9462687	0.00056237035	2.7609062	
0	0	0	9	7.7688884E-07	196.26205	0	71.86896	1.6521176	0.3283339	-0.96504706	0.17122172	-3.0200682	0.002387663	-1.6140383	0.0002431118	1.7854393	93.16694	0	20.825003	2.8370636	4.266372	-0.56994694	0.8589978	2.303218	0.16892943	-0.92747957	0.00040171613	2.231323	
0	0	0	10	7.7688986E-07	196.27118	0	71.93725	1.6509546	0.32983783	-0.9685228	0.17215319	-3.0151222	0.00056052563	-1.2654207	0.00014820935	-2.2921958	93.585976	0	20.87608	2.836453	4.3178644	-0.58819145	0.8629649	2.360937	0.24519184	-0.8646146	7.4649E-05	2.464622	
0	0	0	11	7.768909E-07	196.27274	0	71.975685	1.6509907	0.32979742	-0.95844567	0.17255494	-3.0204117	0.0019427455	-2.0752375	0.000100082754	2.0974374	94.01107	0	20.771189	2.837003	4.281419	-0.59467214	0.87806875	2.330234	0.24450125	-0.84396607	5.77496E-05	2.5683413	
0	0	0	12	7.7689185E-07	196.251	0	71.91254	1.6494309	0.32712415	-0.96654147	0.17157255	-3.0322657	0.0024117534	-2.097331	0.00036902045	2.8361883	95.55587	0	20.753103	2.8373244	4.2551513	-0.5888095	0.8595224	2.282996	0.2223144	-0.97989696	0.00043562584	1.8329688	
0	0	0	13	7.768928E-07	196.25208	0	71.849625	1.6478405	0.33000156	-0.97172546	0.17202386	-3.028601	0.0028172468	-2.5604076	0.00019469915	-2.510785	95.065735	0	20.749962	2.8355727	4.1954174	-0.573492	0.854584	2.2803173	0.20476426	-1.007957	0.00036164897	-1.9902585	
0	0	0	14	7.7689384E-07	196.24971	0	71.81179	1.648661	0.32886866	-0.96872324	0.17203599	-3.0319095	0.0019468603	-2.6989322	0.00011341421	-2.6550322	95.24441	0	20.709599	2.8383563	4.3168025	-0.58012027	0.84285474	2.3173647	0.21343254	-1.0669217	0.00042108027	1.5363343	
0	0	0	15	7.7689486E-07	196.24348	0	71.6971	1.6449642	0.3260647	-0.97965723	0.17087828	-3.0259047	0.0004779963	-1.9551413	0.00012877904	-2.6392443	95.252304	0	20.712936	2.8402948	4.2992864	-0.5852661	0.8833961	2.3261383	0.21371636	-1.0446421	0.0001081583	0.25554797	
0	0	0	16	7.768959E-07	196.25386	0	71.48311	1.6401535	0.32456163	-0.9831631	0.16992168	-3.05249	0.0035229735	-2.3937166	0.0003955351	-1.5038997	94.42906	0	20.617134	2.8385885	4.1991186	-0.5810012	0.8236988	2.2742755	0.20013031	-1.0390533	0.0005038654	1.5502594	
0	0	0	17	7.768969E-07	196.24106	0	71.29033	1.6400061	0.32152155	-0.9894822	0.166709	-3.060925	0.0011923261	-1.5073321	1.4134246E-05	-2.7891133	94.33533	0	20.583174	2.8368523	4.1756463	-0.5937022	0.8359557	2.3352835	0.19486202	-0.8579567	0.00040465608	2.8836467	
0	0	0	18	7.768979E-07	196.22372	0	71.31013	1.6347901	0.3226729	-0.99366957	0.16711695	-3.0367699	0.0012590376	-2.785029	2.4271774E-05	-0.9559086	94.171814	0	20.618973	2.8392375	4.197199	-0.5866168	0.82574195	2.3073473	0.17290154	-1.0553029	0.00011143157	-2.4189425	
0	0	0	19	7.7689884E-07	196.25423	0	71.35088	1.6366441	0.32435584	-0.98790693	0.17019176	-3.0670354	0.0012307337	-2.1779616	9.695313E-05	0.94725853	93.93775	0	20.675848	2.8381615	4.190618	-0.579762	0.8108801	2.3444335	0.20472023	-0.9869137	0.00013651613	0.33476123	
0	0	0	20	7.7689987E-07	196.26782	0	71.401886	1.6282393	0.321982	-1.0084825	0.16898982	-3.0675917	0.0029388056	-2.0012422	0.00038337626	0.71267784	93.6209	0	20.67801	2.837079	4.2314043	-0.58527255	0.8407048	2.3177319	0.18539155	-1.0455117	0.00014312963	1.9940144	
0	0	0	21	7.769009E-07	196.30534	0	71.27554	1.6240551	0.32251582	-1.0167	0.16700459	-3.1034386	0.0026375959	-3.0779848	5.4209493E-05	2.1039448	93.49119	0	20.585566	2.8370023	4.2225456	-0.5771983	0.8048061	2.336226	0.22677264	-1.0443673	0.0002541579	1.6071645	
0	0	0	22	7.769019E-07	196.29762	0	71.03282	1.6209754	0.3217295	-1.032611	0.16705753	-3.115764	0.0024091343	3.010323	0.00010686108	-1.6756477	93.75389	0	20.560396	2.837756	4.2136235	-0.59477943	0.80286795	2.3085718	0.20812094	-0.95213044	0.00037045535	1.151457	
0	0	0	23	7.7690294E-07	196.32445	0	71.08978	1.6202946	0.32163367	-1.0299264	0.16842438	-3.1119723	0.0020041747	-2.4112086	0.00024215868	-1.8593262	93.33422	0	20.67596	2.836628	4.201151	-0.5934095	0.85564387	2.3158698	0.21753648	-1.085149	0.00030219645	2.0013876	
0	0	0	24	7.769039E-07	196.34235	0	71.05551	1.6210742	0.3220346	-1.0221174	0.16697422	-3.1056676	0.0017714999	-2.5621712	0.00022965268	-1.0366875	93.2577	0	20.678524	2.8386388	4.168418	-0.58428156	0.8401026	2.3447542	0.19520555	-0.90372187	0.00016171762	1.6119782	
0	0	0	25	7.7690487E-07	196.33835	0	70.9147	1.6155692	0.3211212	-1.03878	0.1638119	-3.1190867	0.0014124984	-2.3495135	0.00030109653	0.32586458	92.71466	0	20.645107	2.8380187	4.1701856	-0.5760723	0.8454683	2.3769789	0.20395668	-1.0506438	0.00047289243	2.2690973	
0	0	0	26	7.769059E-07	196.33804	0	70.8776	1.6184201	0.32025176	-1.033607	0.1647906	-3.110832	0.0013954045	-2.3422394	0.0002904894	0.3989935	92.998116	0	20.60729	2.8394132	4.2038326	-0.5885121	0.8276884	2.2842102	0.2056756	-1.0336164	9.383297E-05	0.54456425	
0	0	0	27	7.769069E-07	196.29076	0	70.89792	1.6229488	0.32111952	-1.01359	0.16471176	-3.1094255	0.0019079802	-2.460805	0.00018441859	2.4299173	91.92627	0	20.661736	2.8368623	4.185306	-0.5831237	0.81154954	2.2830894	0.19384173	-0.9746932	2.9144618E-05	1.810674	
0	0	0	28	7.7690794E-07	196.29543	0	71.04807	1.629249	0.32170382	-1.0096653	0.16679184	-3.0812304	0.0002446724	-1.0298722	0.0003692191	0.30667973	92.23346	0	20.720419	2.838142	4.2016773	-0.5905695	0.80350477	2.32416	0.18853503	-1.229618	0.00051764253	1.6213573	
0	0	0	29	7.769089E-07	196.3114	0	71.03879	1.6295105	0.32078594	-1.0091126	0.16625158	-3.0766482	0.0011654267	-2.9850717	0.00014264147	-2.7149384	91.60525	0	20.695612	2.8371367	4.194838	-0.5789857	0.8413563	2.3112485	0.19291857	-1.1555169	0.00041737512	1.6855253	
0	0	0	30	7.769099E-07	196.32446	0	70.95987	1.6325995	0.31996524	-1.000006	0.16524263	-3.064386	0.0022835203	-2.3705542	0.0002775312	0.10480934	91.52757	0	20.715193	2.8389094	4.200218	-0.58053535	0.8289245	2.2921834	0.18740277	-1.1143601	0.0003912513	3.0443351	
0	0	0	31	7.7691095E-07	196.32799	0	70.94564	1.6284491	0.3204449	-1.0085708	0.16593719	-3.0860968	0.0015942551	-2.3796313	0.00023984339	2.720919	90.96768	0	20.730846	2.835111	4.2171783	-0.5843691	0.8344984	2.3283386	0.17985658	-1.1192759	0.00028292826	2.5212371	
0	0	0	32	7.76912E-07	196.3446	0	71.0067	1.6248497	0.31934327	-1.0198592	0.16448872	-3.0872998	0.0012211056	2.2309694	0.00033763354	0.2840785	92.06894	0	20.811417	2.8378377	4.1689367	-0.57897526	0.84598595	2.261737	0.2117037	-0.98661894	0.00023359233	2.4996436	
0	0	0	33	7.7691294E-07	196.36806	0	71.04482	1.6250627	0.32047084	-1.0123065	0.16606179	-3.0884135	0.0027429156	-2.0911703	0.00015975731	2.7958877	90.73263	0	20.779636	2.8358593	4.237257	-0.58207476	0.8160198	2.3208668	0.20708796	-0.9587054	0.000476382	3.010037	
0	0	0	34	7.7691396E-07	196.38933	0	70.98067	1.6268853	0.32194275	-1.013701	0.16708042	-3.0893917	0.0022040044	-2.155053	0.00020291684	0.8184476	91.55456	0	20.811604	2.8375907	4.1720386	-0.58228564	0.8321438	2.3300948	0.19996582	-0.9743207	0.0004595925	1.1258672	
0	0	0	35	7.7691493E-07	196.41429	0	70.94802	1.6197897	0.32047266	-1.0289578	0.16701609	-3.111145	0.0014854411	-2.5608182	0.00015560807	-0.87207806	91.3141	0	20.764969	2.8390946	4.2099786	-0.5768646	0.8344261	2.341402	0.21924207	-1.067079	0.00035136376	1.1316016	
0	0	0	36	7.7691595E-07	196.44472	0	71.00811	1.6259973	0.32217497	-1.01693	0.16573027	-3.0923495	0.0018018953	2.7116885	0.00051581993	2.97148	91.55434	0	20.835518	2.8386717	4.1988406	-0.57022476	0.855294	2.3070526	0.13052332	-1.111969	0.00073070347	1.6713976	
0	0	0	37	7.76917E-07	196.45667	0	71.20161	1.6217682	0.32222623	-1.0268483	0.16778678	-3.1173384	0.00391169	-2.3374922	0.00017161678	1.4111506	92.26985	0	20.857399	2.8374932	4.197361	-0.5743441	0.83211774	2.294792	0.21356277	-1.1019367	0.00046267628	2.7232597	
0	0	0	38	7.76918E-07	196.46396	0	71.254875	1.6249747	0.32372263	-1.0234267	0.16724256	-3.0973802	0.001082722	-2.3237643	0.0003565745	-1.1517742	91.62554	0	20.921543	2.8362296	4.2613277	-0.5865528	0.81406003	2.3515522	0.1796309	-0.92962074	0.00037630438	1.3670999	
0	0	0	39	7.76919E-07	196.51016	0	71.34552	1.6245036	0.3205217	-1.0235027	0.16749959	-3.0938504	0.0016736467	-2.0878568	0.0002092312	1.9194485	91.79727	0	21.013824	2.8368468	4.236214	-0.5845367	0.8464564	2.2566748	0.20782906	-0.9715687	0.0004281011	-2.423699	
0	0	0	40	7.7692005E-07	196.55289	0	71.45221	1.6263032	0.32579702	-1.019595	0.16974826	-3.0898762	0.0006178421	-2.1449118	0.00034097905	-1.9834651	91.53862	0	20.98081	2.8379025	4.2419934	-0.57931286	0.8872476	2.3350787	0.22602692	-0.98808205	0.000416508	1.2559245	
0	0	0	41	7.7692096E-07	196.56163	0	71.24782	1.6254004	0.3234851	-1.019399	0.1677987	-3.089925	0.00072533323	-0.92853147	0.00010162688	1.1867688	92.11995	0	20.963507	2.8385665	4.2365837	-0.58003616	0.8714412	2.2760143	0.19563943	-1.1342294	0.000277847	2.701849	
0	0	0	42	7.76922E-07	196.62767	0	71.20572	1.6251303	0.32148835	-1.0146841	0.1659649	-3.0971088	0.0013700939	-1.7617658	0.00039762663	-2.397103	91.56781	0	20.881565	2.836319	4.295361	-0.57587016	0.85873836	2.3164048	0.1819299	-1.0474639	0.0003760124	2.8334498	
0	0	0	43	7.76923E-07	196.67726	0	71.12059	1.6245015	0.3248503	-1.0194167	0.16541655	-3.1051605	0.0034696513	-2.2757897	0.00021442425	0.85360473	92.362175	0	20.883574	2.8387196	4.191293	-0.5768975	0.8659097	2.2780976	0.21932158	-1.147072	0.0005005511	2.0206666	
0	0	0	44	7.76924E-07	196.70038	0	71.08028	1.6238598	0.32222894	-1.0193263	0.16436356	-3.092816	0.0012802619	-2.7826622	0.00014654332	1.0779537	92.25746	0	20.87577	2.8375835	4.213037	-0.58038837	0.8142524	2.2845228	0.2108989	-0.80808806	0.0007620479	1.0366508	
0	0	0	45	7.7692505E-07	196.72964	0	70.98843	1.6208509	0.32308123	-1.0330662	0.1668801	-3.1071906	0.0015197431	-2.8007061	0.00023257064	-2.832007	92.32414	0	20.852333	2.8381143	4.2174034	-0.5712088	0.85479677	2.3422177	0.2175473	-1.1798885	0.00053729245	2.284978	
0	0	0	46	7.76926E-07	196.76778	0	70.84791	1.6254311	0.32016495	-1.0197215	0.16623348	-3.098731	0.0021876928	-1.8136913	0.0002625558	1.2954093	91.99483	0	20.864988	2.837032	4.1792383	-0.5824905	0.8398026	2.3360848	0.17855982	-1.0578114	0.00019950164	2.5606046	
0	0	0	47	7.76927E-07	196.80899	0	70.94067	1.6272349	0.32118842	-1.0090203	0.1673004	-3.087981	0.0034357742	-1.7144341	4.8452017E-05	-0.12772633	93.115685	0	20.932625	2.8363543	4.2184033	-0.57598424	0.867492	2.3175821	0.20579512	-0.9828888	7.4858406E-05	-1.0409858	
0	0	0	48	7.76928E-07	196.84769	0	70.86618	1.6286752	0.31966615	-1.0177873	0.16454837	-3.0817842	0.002392053	-2.4275267	0.00019862677	1.4500116	92.204094	0	20.86404	2.8363407	4.2229624	-0.5899074	0.8321007	2.3122375	0.22580756	-1.0206333	0.00025441786	2.146824	
0	0	0	49	7.76929E-07	196.877	0	71.04048	1.6329498	0.32200634	-1.0050373	0.16590534	-3.0842664	0.0010430431	-1.3282465	0.00017098396	1.8905474	93.011154	0	20.937647	2.8363807	4.220775	-0.58964837	0.839259	2.2449183	0.20501013	-0.9595471	0.00033699643	3.0142138	
0	0	0	50	7.7693005E-07	196.93161	0	71.15111	1.6412442	0.32246453	-0.9927242	0.16633417	-3.0462162	0.0022539573	-1.6189408	0.0002361356	1.175883	92.839905	0	20.963127	2.8407466	4.2231507	-0.5809563	0.85896057	2.2979238	0.20176682	-1.0507034	0.0003238529	1.3609856	
0	0	0	51	7.76931E-07	196.99225	0	71.136406	1.6433847	0.3208183	-0.98684335	0.16637859	-3.0348177	0.0015739565	-2.898716	4.102319E-05	-2.407281	93.23693	0	20.977308	2.8365624	4.2138057	-0.57868403	0.84908754	2.3113182	0.17681564	-1.0718635	6.179726E-05	-0.32117596	
0	0	0	52	7.7693204E-07	197.01642	0	71.16176	1.639049	0.32442483	-0.9896559	0.16666651	-3.0598912	0.0013168287	-2.8139834	0.00012280852	-0.32417014	94.21352	0	21.001635	2.8373682	4.2635946	-0.59747773	0.83219284	2.3778267	0.20955132	-0.9005565	0.0006568235	1.5301268	
0	0	0	53	7.7693306E-07	197.0679	0	71.20264	1.6393168	0.32313085	-0.99081635	0.16677976	-3.0586796	0.0018525926	-2.949893	0.00041893296	2.236515	93.32105	0	20.998365	2.8382185	4.2233024	-0.58568853	0.8492537	2.3305836	0.23191752	-1.05057	0.00021348795	0.6536846	
0	0	0	54	7.769341E-07	197.07968	0	71.10361	1.6405908	0.3218062	-0.9905967	0.16781366	-3.041706	0.0015719276	-2.7255332	0.00017444087	-1.8327515	93.713234	0	21.023367	2.8373494	4.2481823	-0.58073103	0.8500777	2.2933998	0.21300134	-0.9342003	0.00036361703	0.589669	
0	0	0	55	7.7693505E-07	197.10927	0	71.053825	1.639764	0.32310376	-0.9874057	0.16697389	-3.0396826	0.0029057218	-2.935687	8.770057E-05	-2.8733492	93.41471	0	21.026445	2.8403819	4.2100987	-0.59058964	0.8582518	2.3319068	0.1895411	-1.3177519	0.00023109143	1.9126786	
0	0	0	56	7.769361E-07	197.14221	0	70.99301	1.637683	0.3248532	-0.99699163	0.16568874	-3.058421	0.0019490601	-2.2743485	0.00023121577	-1.0458199	93.50756	0	20.997967	2.8361287	4.226413	-0.58428717	0.8555975	2.2884848	0.1857788	-1.0379559	0.00051821617	1.5241623	
0	0	0	57	7.7693704E-07	197.17317	0	70.95429	1.6374563	0.32256514	-1.0002226	0.16685985	-3.0534685	0.0013999186	-1.5421529	0.00014776298	0.59117836	93.87024	0	21.019876	2.839448	4.216588	-0.57045186	0.8733332	2.3172183	0.18906997	-0.953281	0.00050342194	2.1629791	
0	0	0	58	7.7693807E-07	197.19443	0	70.95422	1.6343249	0.3231132	-0.9993368	0.16452204	-3.0662465	0.0009990147	-2.2675488	0.00020476597	2.4682045	93.78325	0	21.04377	2.8391461	4.196775	-0.5802843	0.89236605	2.321498	0.21357954	-1.0492694	5.309674E-05	1.3901129	
0	0	0	59	7.769391E-07	197.19626	0	70.83346	1.6407356	0.32166618	-0.98384756	0.16587026	-3.0469866	0.002623957	-1.8562537	0.00031452128	-0.008355335	94.10649	0	21.019266	2.8363235	4.218647	-0.5929952	0.83898056	2.312068	0.18198892	-1.147262	0.00037543103	1.469376	
0	0	0	60	7.769401E-07	197.22545	0	70.646835	1.6463584	0.31987795	-0.9758652	0.16123001	-3.0291874	0.0019894713	-1.6021569	0.0002615931	-2.228409	93.63223	0	20.918526	2.8364177	4.16607	-0.5684338	0.85255444	2.3373816	0.22109787	-0.9912754	0.00022616012	1.5417928	
0	0	0	61	7.7694114E-07	197.21954	0	70.73298	1.6522903	0.31948736	-0.96822035	0.16230467	-3.019088	0.0018585499	-3.1323328	0.00045952457	0.4229492	94.79022	0	20.94494	2.837238	4.2235327	-0.5709468	0.83024514	2.2782958	0.25244477	-0.90704775	0.00020839971	0.95586157	
0	0	0	62	7.7694204E-07	197.2444	0	70.80599	1.6401495	0.3211477	-0.9898708	0.16393845	-3.051836	0.001668694	-3.026677	0.00029803973	1.1031489	94.26288	0	21.01102	2.8367817	4.197833	-0.58410287	0.88381517	2.3276513	0.19480324	-0.9694348	4.383087E-05	0.73714817	
0	0	0	63	7.7694307E-07	197.24968	0	70.68291	1.6416101	0.31857204	-0.9846914	0.16288379	-3.0440807	0.0012516018	-1.8271873	0.00023407966	0.34852958	94.60643	0	20.973145	2.837739	4.147235	-0.5756461	0.8274627	2.3127015	0.19100256	-0.93196684	0.0003003874	2.6970606	
0	0	0	64	7.769441E-07	197.23325	0	70.62322	1.6399835	0.3203668	-0.99204534	0.16303802	-3.043281	0.0019806472	-2.4991553	0.00024314693	-0.50478595	93.7133	0	20.932491	2.8364162	4.2077565	-0.5832467	0.834885	2.2726068	0.18177958	-0.986234	0.00056323275	2.2928774	
0	0	0	65	7.769451E-07	197.24562	0	70.63678	1.6361923	0.31902474	-0.99895924	0.16293375	-3.059855	0.0019645675	-2.2543797	0.00043037167	-0.21594965	94.18574	0	20.937525	2.8363242	4.1703024	-0.58139163	0.8268655	2.3176386	0.2132099	-1.1023113	0.00016698791	0.65727407	
0	0	0	66	7.7694614E-07	197.26164	0	70.57304	1.6378047	0.31922483	-0.9918354	0.16380736	-3.0636241	0.0014901204	-2.4139137	0.00019113046	2.8098938	93.39253	0	20.934208	2.8368783	4.1872497	-0.5803631	0.8810024	2.35309	0.20786248	-1.0628375	0.00028989415	1.8879431	
0	0	0	67	7.7694716E-07	197.26024	0	70.41246	1.6378468	0.3172029	-0.99244946	0.16108565	-3.061338	0.0012438283	-2.599286	0.00022805734	-2.1223176	93.66501	0	20.887987	2.8401802	4.188741	-0.58351403	0.8379284	2.3127606	0.14746813	-0.9511666	0.00013876798	-0.0197777	
0	0	0	68	7.7694807E-07	197.24312	0	70.466705	1.6367307	0.3181838	-1.0029126	0.16066217	-3.061382	0.0013334969	-1.8360682	0.00014023778	-2.8581245	93.22356	0	20.911238	2.836245	4.188064	-0.5760885	0.85033846	2.3120933	0.21204405	-0.922414	0.00025692853	2.914216	
0	0	0	69	7.769491E-07	197.20093	0	70.50286	1.6356566	0.3165025	-1.0042844	0.16147295	-3.067482	0.0006911476	-2.3061233	0.0003315017	1.6443757	94.1419	0	20.94844	2.8393521	4.1727595	-0.57565194	0.80515	2.2780054	0.21584326	-1.0425442	0.00033955564	2.969726	
0	0	0	70	7.769501E-07	197.19453	0	70.4963	1.6441648	0.3184499	-0.9818252	0.16150615	-3.0409641	0.0030062576	-2.5893135	0.00035140893	1.7629148	93.04631	0	20.970127	2.8372247	4.161915	-0.58040845	0.8682758	2.310372	0.20755376	-1.1803095	0.00047106697	1.5859506	
0	0	0	71	7.7695114E-07	197.15114	0	70.46857	1.651829	0.31785476	-0.9588277	0.162268	-3.0015438	0.0019079699	2.3950427	9.089779E-05	1.0364399	93.50101	0	20.979477	2.8382964	4.1700416	-0.58345777	0.8691268	2.328595	0.17792396	-1.1412537	0.00019260707	1.826455	
0	0	0	72	7.7695216E-07	197.11926	0	70.35559	1.6524996	0.31522745	-0.96628845	0.16058308	-3.0134408	0.003327347	-2.6659918	0.00014416056	1.2788743	92.99769	0	20.956007	2.8376853	4.227078	-0.5826795	0.8251119	2.2715209	0.17887494	-1.064716	0.00012375502	2.4444866	
0	0	0	73	7.769532E-07	197.09627	0	70.32868	1.6525575	0.31679252	-0.9651252	0.16085015	-3.0116827	0.0019278742	-1.9181359	0.00031948867	-2.0307531	93.88433	0	20.914543	2.8371491	4.181387	-0.5802429	0.8331516	2.315173	0.20996727	-1.0229012	0.0003341615	2.0011053	
0	0	0	74	7.7695415E-07	197.06815	0	70.33316	1.6554269	0.31693324	-0.9575888	0.16093007	-2.9935713	0.0018174218	-2.544022	0.00014979529	2.1026826	92.88226	0	20.907038	2.8378434	4.160906	-0.58377147	0.803369	2.2928638	0.21201633	-0.95299685	0.00012207996	-0.5879068	
0	0	0	75	7.769552E-07	197.02693	0	70.31636	1.6517473	0.3165927	-0.9617115	0.15918548	-3.014675	0.0018374363	-2.503955	0.00034223506	0.6778159	93.504135	0	20.874805	2.8373034	4.2012615	-0.57619166	0.8437827	2.3132355	0.22407588	-1.0567796	0.0003851234	1.4606638	
0	0	0	76	7.769562E-07	196.99977	0	70.4374	1.6534079	0.31782094	-0.96105444	0.16153185	-3.0072088	0.0015857221	-1.9950442	0.00030810593	1.5412164	92.74338	0	20.91906	2.8387356	4.187227	-0.57405925	0.81630594	2.3255796	0.15366228	-0.89745975	0.0003703627	2.479725	
0	0	0	77	7.7695717E-07	196.96558	0	70.364555	1.6499696	0.3172697	-0.97660613	0.16027135	-3.0386333	0.0018703274	-2.8798566	4.3604694E-05	-1.000366	92.74955	0	20.90774	2.8385377	4.1816273	-0.57475257	0.81200445	2.2664893	0.21068048	-1.0389541	0.00021334123	-0.5522528	
0	0	0	78	7.769582E-07	196.90616	0	70.26038	1.6406708	0.31459722	-0.996705	0.15992458	-3.0442638	0.0015157877	-3.0592213	0.000180322	2.2538276	92.75736	0	20.843079	2.8377948	4.195652	-0.58923733	0.8262826	2.3231773	0.21689184	-0.9724276	0.00068706926	2.1829128	
0	0	0	79	7.7695915E-07	196.85938	0	70.28974	1.6384976	0.3153177	-0.9963019	0.16112311	-3.0593092	0.0018008895	-2.6860356	0.0002509183	-2.3229287	93.02142	0	20.911156	2.8346932	4.158875	-0.5889494	0.80166435	2.2912896	0.19486114	-0.9661279	0.00034338533	0.977422	
0	0	0	80	7.769602E-07	196.82108	0	70.24294	1.6364998	0.31443718	-0.99889255	0.16075243	-3.0575025	0.00054454186	-0.83459985	0.000289581	-0.2525053	93.20391	0	20.837744	2.8388052	4.2311177	-0.58859366	0.8402424	2.3512993	0.21574491	-0.924472	0.0003505053	1.3556025	
0	0	0	81	7.769612E-07	196.78117	0	70.28063	1.6308858	0.31217793	-1.0121725	0.16122769	-3.0668015	0.0013112866	-1.9366654	0.00025083014	1.8255893	93.21544	0	20.859875	2.8381968	4.181481	-0.58605283	0.84424454	2.2994857	0.20471932	-1.1241611	0.0005472469	1.239015	
0	0	0	82	7.769622E-07	196.73515	0	70.235115	1.6286268	0.31545806	-1.0134362	0.158704	-3.0725002	0.0011856224	1.8831989	0.00016087663	2.3336432	94.1209	0	20.819265	2.8381402	4.20402	-0.58991235	0.83241683	2.266356	0.22055972	-1.1023645	0.00043441262	2.355167	
0	0	0	83	7.7696325E-07	196.72675	0	70.16923	1.6348721	0.31515998	-0.9996546	0.15976062	-3.0636148	0.002562993	-1.8173871	0.00021972008	3.0296931	94.3966	0	20.804113	2.8396516	4.186852	-0.5981245	0.8452151	2.3091333	0.18833658	-0.9140618	0.00019551367	1.7963145	
0	0	0	84	7.769642E-07	196.67424	0	70.15934	1.6301318	0.31323135	-1.008186	0.15941344	-3.0868356	0.0013294449	2.9939694	0.00024550516	2.8725836	94.13498	0	20.766466	2.83691	4.170621	-0.57508564	0.8522878	2.2926655	0.20922963	-1.0335208	0.00032150545	0.95096767	
0	0	0	85	7.769652E-07	196.62535	0	70.0618	1.6274048	0.31192124	-1.0116265	0.16025347	-3.0887117	0.0029072342	-2.751267	0.0004296284	1.0871061	95.064896	0	20.75872	2.8377454	4.180911	-0.5803751	0.81487757	2.3041353	0.18884027	-0.82134736	0.00019505106	0.3111265	
0	0	0	86	7.769662E-07	196.57753	0	70.09105	1.6265432	0.31141362	-1.0118887	0.16106553	-3.0905678	0.00046864763	-2.9873302	0.00012204818	0.4755546	94.35191	0	20.717999	2.8382177	4.1606846	-0.58302224	0.8566171	2.3461523	0.14883418	-0.92827785	0.00054913596	2.267684	
0	0	0	87	7.769672E-07	196.53313	0	69.98106	1.6312736	0.31089917	-1.0059811	0.15911059	-3.0791214	0.0034769683	-2.5421765	0.0003391338	-1.3136675	94.83365	0	20.710066	2.837507	4.1467013	-0.5672373	0.8060812	2.3141959	0.21628165	-1.0158609	0.00035385267	2.088245	
0	0	0	88	7.7696825E-07	196.5038	0	69.95688	1.6292944	0.3102163	-1.0139785	0.15574245	-3.0823855	0.0019758248	-2.2261586	0.00022040418	-0.5158796	94.77914	0	20.713398	2.8383179	4.140568	-0.57594657	0.8307334	2.3064895	0.19497666	-0.9807939	0.00046222183	1.258182	
0	0	0	89	7.769693E-07	196.453	0	69.77444	1.6314552	0.31250012	-1.011135	0.15743229	-3.074834	0.0011106196	-2.5929823	0.00020073599	2.8178458	95.27142	0	20.652302	2.8396304	4.1150236	-0.57439363	0.8520756	2.3351624	0.1871216	-0.86912	0.000539522	1.4862342	
0	0	0	90	7.769702E-07	196.39352	0	69.811	1.6356272	0.3095437	-0.9993866	0.15734622	-3.06135	0.0026017297	-2.6666853	0.00012240795	0.054323044	94.82386	0	20.717775	2.8387814	4.102766	-0.5820935	0.8205522	2.3087776	0.21245743	-0.91640216	0.00051280926	1.9728321	
0	0	0	91	7.769712E-07	196.33365	0	69.771774	1.630914	0.31084558	-1.0066013	0.15778059	-3.0800614	0.002303436	-2.3879433	0.00017448845	1.7894999	95.078285	0	20.724115	2.8391414	4.15923	-0.58330476	0.8081721	2.289544	0.207178	-0.9944944	0.0002909998	0.8076434	
0	0	0	92	7.7697223E-07	196.29614	0	69.81654	1.6348896	0.31177148	-1.0062131	0.15704755	-3.0541492	0.00078121084	-3.0597343	0.00040839525	-0.93033326	94.55669	0	20.699762	2.8391674	4.1374125	-0.56931233	0.80098724	2.305797	0.22422749	-0.9792755	0.00025635885	1.9233755	
0	0	0	93	7.7697325E-07	196.25789	0	69.75685	1.6368464	0.3090295	-0.99791455	0.15749437	-3.0430696	0.0014519563	2.2639258	0.00035204133	-1.860406	93.99664	0	20.687616	2.8369517	4.1194177	-0.57475173	0.81494254	2.2931097	0.17228968	-0.9777013	0.00037537306	2.0911555	
0	0	0	94	7.769743E-07	196.2173	0	69.711296	1.6337523	0.30837867	-0.9988913	0.15734637	-3.0700283	0.0005687291	-1.5169922	0.00024653118	-2.7093418	95.66248	0	20.667816	2.8365283	4.1258354	-0.57664955	0.7959471	2.3416946	0.18469982	-0.84669125	0.0002663817	0.8902844	
0	0	0	95	7.769753E-07	196.14758	0	69.80154	1.6334397	0.31128305	-0.999789	0.15750782	-3.0607061	0.0015786866	3.0577667	0.00035825084	1.0468116	94.252174	0	20.724554	2.8385031	4.1521883	-0.59036225	0.8459045	2.314357	0.1972805	-1.1671256	0.00019518512	3.125472	
0	0	0	96	7.7697626E-07	196.12827	0	69.78838	1.6364942	0.30742505	-1.0063688	0.15605065	-3.0691476	0.0012879861	-1.7320127	7.264782E-05	0.1862538	94.76406	0	20.701347	2.837212	4.1100273	-0.57664794	0.83181226	2.333662	0.20815416	-1.0941103	0.00010373282	0.102969475	
0	0	0	97	7.769773E-07	196.07451	0	69.7133	1.639227	0.30828664	-0.9928342	0.15809515	-3.0490968	0.0010894664	-2.4736333	0.00025411037	-1.4335666	94.42679	0	20.676378	2.8367982	4.111059	-0.57919115	0.8356037	2.3205225	0.17500122	-1.0031669	0.00024249632	2.203226	
0	0	0	98	7.7697825E-07	196.00168	0	69.817024	1.6435931	0.31015944	-0.98511916	0.1571518	-3.0405827	0.0026588286	2.8181038	0.00043751742	-0.71789426	94.306435	0	20.74844	2.836715	4.146016	-0.57000685	0.7866633	2.287723	0.17494243	-0.9463428	0.00056304794	2.3761477	
0	0	0	99	7.769793E-07	195.95842	0	69.67764	1.6428928	0.30963856	-0.9803398	0.15626043	-3.0454292	0.0006444966	-1.8514396	0.00011053938	2.371075	94.0143	0	20.692715	2.8386476	4.1096706	-0.5810698	0.84031427	2.342191	0.23607205	-1.0584887	0.0003408882	2.6145105	
0	0	0	100	7.769803E-07	195.9088	0	69.85615	1.6441797	0.30806294	-0.98149496	0.15769352	-3.040024	0.0016824587	-2.9659638	0.00021296708	-1.1138847	93.75874	0	20.692759	2.8370044	4.0988665	-0.5833074	0.8392275	2.3356194	0.19410482	-1.1092888	0.0005430985	1.175747	
0	0	0	101	7.7698127E-07	195.84598	0	69.8199	1.6480794	0.3071165	-0.97736734	0.1595359	-3.0272145	0.0005934162	2.8404162	9.759264E-05	-2.0223453	93.62624	0	20.764353	2.8381963	4.1760597	-0.5796761	0.81550765	2.3351076	0.2443656	-1.0831943	0.00047998579	1.8654131	
0	0	0	102	7.769823E-07	195.83429	0	69.77276	1.6408505	0.30952004	-0.99373186	0.15641479	-3.0466454	0.001521618	-2.3870575	0.00041717922	-2.9934936	93.31088	0	20.758854	2.837426	4.14126	-0.58647585	0.80876535	2.3107874	0.17481312	-0.92192054	0.0002411316	-0.12100219	
0	0	0	103	7.769833E-07	195.76329	0	69.82528	1.6413803	0.3108592	-0.9952758	0.15686494	-3.0498137	0.0017251088	-2.6145635	0.00031201658	-2.2585378	93.17767	0	20.835106	2.8396516	4.1501384	-0.5777805	0.831569	2.330989	0.19154626	-0.9897834	0.0005510115	1.8123925	
0	0	0	104	7.7698434E-07	195.7223	0	69.85858	1.642319	0.3109882	-0.98645186	0.15639414	-3.0559497	0.0012003947	-2.3156066	0.00011707581	2.4888847	92.97792	0	20.838694	2.8352356	4.1634746	-0.57879835	0.86533993	2.3192127	0.20449486	-1.1294464	0.0005084047	1.9721848	
0	0	0	105	7.7698536E-07	195.69334	0	69.92411	1.6362745	0.31092507	-0.9990518	0.15776548	-3.0615478	0.0029479386	2.9605858	0.00025753016	-0.21458048	93.26541	0	20.909105	2.8375893	4.1542645	-0.5848351	0.84107757	2.331038	0.22172876	-1.0409819	0.00012548035	3.0892045	
0	0	0	106	7.769863E-07	195.69223	0	69.913284	1.6370039	0.30909637	-0.9976248	0.15760542	-3.0624976	0.0032402177	-3.1012206	8.8655936E-05	2.075514	93.07481	0	20.820478	2.838426	4.1401067	-0.58710426	0.8420435	2.3883438	0.1782902	-1.0139974	0.00040151365	2.1279006	
0	0	0	107	7.769873E-07	195.67122	0	69.857956	1.6367562	0.31129187	-1.0009153	0.1572724	-3.0568645	0.0009657576	3.1315968	0.00013913897	0.17483582	92.7804	0	20.804483	2.8376105	4.1514916	-0.5758674	0.82864094	2.319431	0.23685037	-1.0569906	0.00024422375	0.907167	
0	0	0	108	7.769883E-07	195.65	0	69.725395	1.6309904	0.30633253	-1.0152638	0.15692952	-3.0787528	0.0020097615	-2.8432744	5.6837984E-05	0.21265185	92.98188	0	20.768957	2.837344	4.130065	-0.58004534	0.83858883	2.2808242	0.17897101	-0.9608295	0.00022252485	1.7637545	
0	0	0	109	7.7698934E-07	195.61281	0	69.70925	1.6344832	0.3075106	-0.9957053	0.15600115	-3.065088	0.0012545981	-2.2902553	8.496163E-05	0.5034314	92.17955	0	20.79453	2.8386078	4.099428	-0.58942616	0.8068951	2.2969108	0.20406422	-1.0578748	0.0004373999	-2.7224922	
0	0	0	110	7.7699036E-07	195.55669	0	69.71068	1.6369077	0.30845097	-0.9929263	0.15766287	-3.0585916	0.003038707	-3.1388073	0.00060166157	-1.0146573	93.00677	0	20.813848	2.8391628	4.182025	-0.5848309	0.83314306	2.3000183	0.19003776	-1.1035261	0.0003306003	-1.529782	
0	0	0	111	7.769914E-07	195.51064	0	69.58486	1.6386192	0.30760428	-0.99350023	0.15475717	-3.0686781	0.0036398023	-3.0239623	2.2798413E-05	-1.6884909	92.84324	0	20.764158	2.840424	4.106037	-0.5812061	0.7796483	2.3129783	0.20588928	-1.0404987	0.0004782	2.0144157	
0	0	0	112	7.7699235E-07	195.52306	0	69.456055	1.6309298	0.30481744	-1.0075321	0.15695056	-3.0777657	0.00066186325	-1.6406509	0.0002118689	-0.7607254	92.88405	0	20.731386	2.836602	4.117004	-0.5832911	0.82689124	2.276537	0.18720007	-1.0558107	0.0005125107	1.764984	
0	0	0	113	7.769933E-07	195.5341	0	69.554115	1.6307068	0.30685204	-1.0091107	0.15806343	-3.0843475	0.0016915128	-2.2198303	6.817967E-05	0.80108595	92.75812	0	20.76903	2.837397	4.1795306	-0.58082235	0.84423476	2.3095376	0.20610794	-1.0911222	0.0002831655	2.13664	
0	0	0	114	7.7699434E-07	195.51604	0	69.537025	1.6372191	0.30631185	-0.99633396	0.1539218	-3.058497	0.00016145778	-0.39293554	0.00031974248	1.9429026	92.90793	0	20.761559	2.8389	4.150807	-0.57011706	0.7974861	2.3634393	0.16185893	-0.89798635	0.00047433918	2.896513	
0	0	0	115	7.7699536E-07	195.52565	0	69.61301	1.6366267	0.30750528	-1.0010971	0.15541726	-3.0598197	0.0021399755	-2.0481257	0.00027646922	-1.4683809	93.046295	0	20.861338	2.8377767	4.1104093	-0.5761439	0.85115886	2.3156009	0.20164147	-1.1296582	0.0002687378	1.4024293	
0	0	0	116	7.769964E-07	195.52875	0	69.652	1.6337485	0.30568278	-1.0048479	0.15669669	-3.0728407	0.0027537753	-2.048769	0.0002088438	-2.1549084	92.665276	0	20.82721	2.8367553	4.1130905	-0.5742116	0.84171605	2.2897532	0.2094301	-0.91767156	0.00015954091	1.8894211	
0	0	0	117	7.769974E-07	195.52325	0	69.69858	1.6397661	0.30849037	-0.9988405	0.15748547	-3.0495307	0.0008102758	-2.875167	0.0001775611	1.7547569	93.89816	0	20.82	2.8372922	4.131253	-0.5820703	0.8054136	2.352439	0.22280595	-1.1983184	0.00019473018	1.65165	
0	0	0	118	7.769984E-07	195.52142	0	69.57267	1.6374183	0.30650502	-1.00024	0.1561714	-3.0541148	0.00020004387	-1.6837945	0.00015675034	0.71402216	93.159615	0	20.778988	2.8375943	4.158653	-0.56954294	0.78550154	2.310608	0.23948866	-1.1286073	0.00018124496	2.2492838	
0	0	0	119	7.769994E-07	195.54187	0	69.57012	1.6326466	0.30735624	-1.0068436	0.15398078	-3.0784333	0.0012539768	2.3548093	0.0002293986	-2.1203623	93.27565	0	20.821335	2.836062	4.1243978	-0.5829731	0.84151196	2.3042834	0.19287695	-1.0208098	0.00021150729	1.9970449	
0	0	0	120	7.7700037E-07	195.55844	0	69.53541	1.6365415	0.30434	-1.0017633	0.15643495	-3.0639493	0.0021080468	-2.4141388	0.00026002646	3.017543	93.540085	0	20.788881	2.8408253	4.108721	-0.5842723	0.80714285	2.3404121	0.17990097	-1.0088142	0.00052062987	1.6770754	
0	0	0	121	7.770014E-07	195.56839	0	69.48633	1.6323438	0.30590695	-1.0094286	0.15551482	-3.0739157	0.002812943	3.1209397	0.0004685534	0.7985358	94.11389	0	20.813847	2.8386734	4.1241565	-0.57003736	0.8257164	2.2701495	0.22269557	-1.1484267	0.00041755137	0.6093842	
0	0	0	122	7.770024E-07	195.5691	0	69.51606	1.6327558	0.30475938	-1.004598	0.15476187	-3.0737078	0.0012913186	3.0499158	0.0001476302	-2.3298023	93.9941	0	20.782713	2.8375554	4.1882286	-0.58236116	0.7965653	2.332458	0.20120269	-1.0106599	0.00052361394	-3.0891523	
0	0	0	123	7.770034E-07	195.56935	0	69.49698	1.6316253	0.30582112	-1.0083195	0.15464243	-3.075835	0.0023558957	2.7148254	3.418897E-05	-0.7572427	93.649994	0	20.79183	2.8379803	4.1931033	-0.57674813	0.8462445	2.3102345	0.18622063	-1.129399	0.000547809	1.8716619	
0	0	0	124	7.770044E-07	195.57887	0	69.403114	1.6276654	0.30319178	-1.0161346	0.15484881	-3.0793538	0.0043714144	-2.6635525	0.00034210723	0.8341757	93.00542	0	20.765068	2.8369517	4.1450086	-0.5829239	0.79203737	2.297209	0.19980569	-1.0997676	0.00027236724	1.3403525	
0	0	0	125	7.770054E-07	195.61166	0	69.24665	1.6301666	0.30509922	-1.0136539	0.15350449	-3.0805006	0.0011335041	-2.9509616	0.0002785449	1.53393	93.823456	0	20.71005	2.8363793	4.0887938	-0.596235	0.7952514	2.3064747	0.1782764	-1.1651005	0.00031060554	1.7204353	
0	0	0	126	7.7700645E-07	195.60649	0	69.16739	1.629817	0.30179182	-1.0146807	0.15443875	-3.0758464	0.002929127	-2.9607937	7.0761234E-05	1.4179399	93.62533	0	20.674637	2.8381274	4.1031785	-0.5799471	0.799492	2.3121238	0.1982567	-1.0482234	0.00022358679	2.9474208	
0	0	0	127	7.770074E-07	195.60156	0	69.15082	1.626635	0.30379635	-1.0175421	0.15309651	-3.1032317	0.0014749938	-2.7143288	0.00025211315	0.35487208	93.35933	0	20.72639	2.8378131	4.0647106	-0.58621126	0.8316831	2.2916732	0.20357262	-1.1230931	0.0008024984	1.9372718	
0	0	0	128	7.7700844E-07	195.62941	0	69.244415	1.6323929	0.30724773	-1.0112665	0.15274806	-3.0742712	0.0021149209	2.4078467	0.00014134638	-1.851252	93.81823	0	20.725723	2.8392396	4.119494	-0.5863474	0.8218612	2.3139014	0.18091866	-1.1355774	0.00020706134	2.0818615	
0	0	0	129	7.770094E-07	195.64519	0	69.12629	1.6310171	0.3027499	-1.0118688	0.15230432	-3.06101	0.0012909775	-2.6363564	0.00039448633	1.0976682	93.97401	0	20.6968	2.8406801	4.1508613	-0.58164567	0.82160497	2.3151627	0.20564547	-0.96541345	0.0004902501	1.9025255	
0	0	0	130	7.770104E-07	195.63553	0	69.09382	1.632528	0.30153027	-1.0059755	0.15414454	-3.0800574	0.0022845953	-2.1693048	0.0002171427	2.2586355	94.25563	0	20.706446	2.8361168	4.118418	-0.58654934	0.8217053	2.2879496	0.19925925	-0.9982872	0.00014014807	3.1132553	
0	0	0	131	7.7701145E-07	195.6474	0	69.18649	1.6308401	0.30302307	-1.0149437	0.15286176	-3.0811484	0.0019082177	-2.672759	0.0001376609	0.926946	94.11329	0	20.73627	2.839111	4.1313567	-0.5810195	0.8198984	2.3242316	0.17345862	-0.9750197	0.00032163213	1.1161914	
0	0	0	132	7.770125E-07	195.64375	0	69.122055	1.6309501	0.3031734	-1.0120949	0.15213066	-3.0677676	0.0012074558	-3.0046897	2.7326294E-05	-2.1789072	93.75646	0	20.773638	2.8391397	4.0863485	-0.58802176	0.81851685	2.268265	0.21254575	-0.978222	0.0002148812	-2.5168104	
0	0	0	133	7.7701344E-07	195.65715	0	69.089005	1.6257001	0.30261007	-1.0220379	0.15273495	-3.097099	0.0017992925	-2.45172	6.664028E-05	-3.0358894	94.97392	0	20.767271	2.8373854	4.0743523	-0.57977176	0.82702	2.3043213	0.16700494	-1.1327246	0.00028361683	1.4425057	
0	0	0	134	7.770144E-07	195.64412	0	69.00519	1.6244124	0.29940125	-1.029555	0.15217716	-3.0934906	0.0023082157	2.9915917	0.00014197266	-0.06692953	93.88995	0	20.71052	2.8381996	4.1280937	-0.58193487	0.8259514	2.343026	0.18969046	-1.0839543	0.0005490139	2.9276257	
0	0	0	135	7.7701543E-07	195.66054	0	69.01258	1.6228353	0.3009224	-1.0262854	0.15271981	-3.1135437	0.003044864	-3.0379403	0.00027155186	-0.14429265	93.90474	0	20.712229	2.836632	4.1343937	-0.59092087	0.80897856	2.2946227	0.17079268	-1.0501058	0.0002564856	1.350459	
0	0	0	136	7.7701645E-07	195.70729	0	68.883064	1.6242038	0.29962707	-1.03582	0.15113044	-3.103118	0.0015015302	-2.4883108	6.0135015E-05	0.8522128	93.89307	0	20.643045	2.8392348	4.0794525	-0.58133906	0.83179295	2.2880201	0.19404487	-0.924347	0.00014906573	-2.977906	
0	0	0	137	7.770175E-07	195.71803	0	68.95891	1.6224171	0.30114287	-1.027343	0.1528176	-3.1046667	0.00056139467	-1.9266382	0.00014370591	-2.4080915	94.547424	0	20.76274	2.837314	4.135877	-0.57606477	0.7771552	2.3068495	0.15065347	-0.91741055	9.405865E-05	2.760801	
0	0	0	138	7.770185E-07	195.72414	0	68.809204	1.6216186	0.30244288	-1.0336231	0.14991713	-3.1128082	0.0043335278	3.038904	0.00022845044	0.58165616	93.96878	0	20.70304	2.834803	4.09745	-0.59160453	0.7585972	2.3175817	0.19390084	-1.1694299	0.00029575947	2.4446502	
0	0	0	139	7.770195E-07	195.76999	0	68.87267	1.6256537	0.29939133	-1.0182953	0.15089716	-3.0922978	0.001993396	-2.1847625	0.00017551258	-0.8547338	93.66177	0	20.69542	2.8367848	4.1049514	-0.5747948	0.7980634	2.3044074	0.15904422	-1.2014962	0.00025053788	-2.4700546	
0	0	0	140	7.770205E-07	195.74472	0	68.9144	1.6344109	0.30054983	-1.0056359	0.15111049	-3.0709333	0.0015523015	-2.797892	0.00022141568	1.332511	93.960724	0	20.737057	2.8381789	4.1178975	-0.5827835	0.82604384	2.2875364	0.2028225	-1.0302546	0.00031487463	2.6649323	
0	0	0	141	7.7702146E-07	195.73453	0	68.90794	1.62789	0.30177352	-1.018054	0.14935488	-3.0791602	0.0022467095	-3.0655916	0.00020485566	0.7534429	93.82127	0	20.714426	2.8389819	4.0869164	-0.5801903	0.8099444	2.2863932	0.17413284	-1.127545	8.283374E-05	0.58081	
0	0	0	142	7.770225E-07	195.79884	0	68.88662	1.6240405	0.29978406	-1.024628	0.15167958	-3.0929601	0.0013227122	-2.5698423	0.00010168844	0.8389049	93.568535	0	20.708282	2.8371918	4.07803	-0.583088	0.8247317	2.3088293	0.19618642	-1.0751045	7.548913E-05	2.2181418	
0	0	0	143	7.770235E-07	195.80728	0	68.88454	1.6263285	0.2987527	-1.0283923	0.15094414	-3.098784	0.0020398581	-2.4691014	7.282897E-05	-0.84849787	92.9949	0	20.782839	2.837533	4.117701	-0.5795054	0.8148478	2.3131783	0.18742128	-0.9473267	0.00045347048	1.6831615	
0	0	0	144	7.770245E-07	195.78214	0	68.99392	1.6314176	0.30259326	-1.005306	0.15165654	-3.0831087	0.0028303266	-2.579733	0.00041368115	-1.2330105	93.792656	0	20.728191	2.8380432	4.1367874	-0.58386755	0.7987005	2.332645	0.1915106	-0.97839546	0.00018985098	-2.0563648	
0	0	0	145	7.770255E-07	195.76387	0	68.97352	1.6234887	0.30200997	-1.0266517	0.15143001	-3.1100752	0.0012696611	2.315228	8.443939E-05	-0.2517599	93.52572	0	20.721714	2.8392217	4.140715	-0.5852501	0.79450595	2.3275158	0.20514931	-0.9562499	0.00029732654	-2.2558498	
0	0	0	146	7.770265E-07	195.75772	0	68.899765	1.6196264	0.30328906	-1.0347936	0.15004514	-3.1040325	0.0023595921	2.7166243	0.00013488681	-1.1162215	94.053	0	20.776611	2.838727	4.111305	-0.5989562	0.8032719	2.3106441	0.18267195	-0.86665636	0.00038333074	2.1914077	
0	0	0	147	7.7702754E-07	195.78897	0	69.01658	1.6291311	0.30367693	-1.0165131	0.15287577	-3.0946872	0.0019663887	-2.7523599	0.00041784282	1.429218	93.26981	0	20.790358	2.8382976	4.1337123	-0.5816869	0.8379766	2.281781	0.19723617	-0.85227716	0.0002703034	2.2198482	
0	0	0	148	7.7702856E-07	195.75089	0	68.89604	1.633175	0.30339104	-1.002393	0.149931	-3.0809283	0.0038430146	-3.028042	0.00027927	1.425695	93.86233	0	20.700556	2.836788	4.0792727	-0.57983345	0.7894101	2.302675	0.19124782	-0.98150724	0.00037965082	2.0579195	
0	0	0	149	7.770295E-07	195.75975	0	68.709785	1.6302731	0.3020112	-1.0221534	0.14851148	-3.0919087	0.0023943216	-3.131847	0.00029473408	2.1272714	94.06491	0	20.676924	2.8364038	4.1028037	-0.5827955	0.80436474	2.3640602	0.21126351	-1.0119562	0.0005799518	1.6588475	
0	0	0	150	7.7703055E-07	195.76854	0	68.57952	1.6328579	0.30175433	-1.0132569	0.14887047	-3.0761142	0.0011061964	2.3898268	0.00025481786	1.519135	94.28515	0	20.700035	2.8392346	4.1246696	-0.5829254	0.79104733	2.3224683	0.22116853	-1.1401758	9.919974E-05	2.3226027	
0	0	0	151	7.770315E-07	195.77045	0	68.78706	1.6295431	0.3001441	-1.0216978	0.15125582	-3.068298	0.00083426875	2.236379	0.00033920704	0.9805118	93.78914	0	20.707693	2.8366213	4.1145983	-0.5773698	0.8006552	2.3641214	0.20851226	-1.142448	0.00029001603	-2.985929	
0	0	0	152	7.7703254E-07	195.75812	0	68.87265	1.6306847	0.30137423	-1.0073208	0.14980127	-3.0733857	0.0014641383	-2.9687443	9.57311E-06	-0.9671677	95.01363	0	20.825502	2.838056	4.1130657	-0.57531846	0.83581454	2.330426	0.16289955	-0.90507716	0.0003466374	1.1476841	
0	0	0	153	7.7703356E-07	195.76703	0	68.724304	1.6363734	0.30081713	-0.9994963	0.14912684	-3.0561929	0.0032838902	3.0339363	0.00027678892	-2.0636916	94.30783	0	20.800732	2.836214	4.0446563	-0.58905137	0.8432625	2.3350852	0.21220355	-0.99634486	0.0001883912	1.1058058	
0	0	0	154	7.770346E-07	195.7473	0	68.816444	1.6390085	0.30026713	-1.0003687	0.15081568	-3.057347	0.0020171718	-2.5936835	0.00021401812	0.39661095	94.481636	0	20.811844	2.8387337	4.108315	-0.5798226	0.7909331	2.2927303	0.18696943	-1.034507	0.0003142128	2.8921723	
0	0	0	155	7.770356E-07	195.72336	0	68.72636	1.6344371	0.29856315	-1.008002	0.15127297	-3.06671	0.0011417783	-2.8107376	0.0002328271	2.8872828	94.37154	0	20.762083	2.8390865	4.1091547	-0.577524	0.7964319	2.3311741	0.18795253	-1.0353662	0.00036284592	1.4664046	
0	0	0	156	7.770365E-07	195.70673	0	68.726906	1.6380785	0.29694185	-1.0004648	0.14985959	-3.0639215	0.0031603232	-2.6171823	0.00012025226	-2.2720978	94.26298	0	20.755121	2.8397152	4.122333	-0.58122694	0.7663492	2.3061123	0.1756723	-0.9705286	0.00070787634	2.688231	
0	0	0	157	7.7703754E-07	195.68637	0	68.82425	1.635728	0.30066645	-1.0012814	0.15260325	-3.0633183	0.0024022504	-2.7287097	0.00023886855	1.6530343	94.28125	0	20.821611	2.8392172	4.1003795	-0.57675856	0.8133291	2.3073564	0.21189852	-1.0990177	0.00012035239	0.39924985	
0	0	0	158	7.7703857E-07	195.66695	0	68.82309	1.6397059	0.2979312	-1.0009032	0.15126751	-3.0462165	0.003093654	2.9726212	1.1783825E-05	-1.3463849	93.62666	0	20.8125	2.836131	4.096606	-0.58183503	0.8201741	2.3172152	0.15866418	-1.1209505	0.00015526224	2.1762187	
0	0	0	159	7.770396E-07	195.67616	0	68.8764	1.6364536	0.30156294	-1.0035834	0.15112536	-3.0581982	0.002857537	-2.3364735	0.0001848319	0.16455826	94.24834	0	20.84597	2.838168	4.098789	-0.5751852	0.8075212	2.3032982	0.18890847	-0.9826442	0.0004255758	1.4502062	
0	0	0	160	7.770406E-07	195.66173	0	68.880714	1.64293	0.30176592	-0.9900739	0.15005134	-3.049032	0.003990023	-3.1356764	0.00031721246	-2.9594407	93.58237	0	20.791275	2.8384922	4.156306	-0.5844413	0.793392	2.3436406	0.18940726	-0.89242715	0.0003869411	3.1103516	
0	0	0	161	7.7704163E-07	195.66519	0	68.96269	1.6493211	0.30152974	-0.9786992	0.15041101	-3.0266156	0.002833691	-2.8910651	0.00038938224	-1.855186	94.243904	0	20.888033	2.8375754	4.0665407	-0.57728726	0.83806926	2.314159	0.18045628	-1.0334398	0.000427239	1.6070096	
0	0	0	162	7.770426E-07	195.65813	0	68.94653	1.6460937	0.30037352	-0.9862795	0.15226915	-3.03737	0.0020748284	-2.788479	0.00021394822	0.31867325	93.74521	0	20.883072	2.8353472	4.126026	-0.5885005	0.8531974	2.321897	0.18730678	-1.1819373	0.00020781408	2.1549292	
0	0	0	163	7.7704357E-07	195.65002	0	69.21228	1.6464795	0.30314136	-0.97645634	0.15343496	-3.0380714	0.00089488877	-1.0492753	0.00013488333	2.5925956	94.47881	0	20.975063	2.8368495	4.1634774	-0.58079624	0.83536005	2.3542278	0.2149426	-1.0242251	0.00023812875	2.63952	
0	0	0	164	7.770446E-07	195.6225	0	69.096016	1.6512297	0.3010877	-0.9794715	0.15137896	-3.003973	0.0022559613	-1.5741864	0.00039967487	1.2750411	94.69253	0	20.876356	2.8382397	4.1257496	-0.56664914	0.78990215	2.3476932	0.23710866	-1.0985068	0.000371811	1.5182291	
0	0	0	165	7.770456E-07	195.5845	0	68.971306	1.6550367	0.29938522	-0.9734199	0.15317336	-3.0082705	0.0015487836	-3.126117	0.00014061529	2.2540863	95.0935	0	20.906693	2.8388844	4.153936	-0.5761293	0.80662686	2.2900596	0.16447732	-0.84314054	0.00033904146	2.170158	
0	0	0	166	7.7704664E-07	195.54811	0	69.00557	1.6520416	0.30329868	-0.9719505	0.15122493	-3.0119395	0.0022391086	3.0900855	0.00022277547	-2.705339	95.0592	0	20.869371	2.8393075	4.1499543	-0.5968266	0.80389124	2.3034544	0.2150833	-0.9490429	0.000103063416	-1.5708265	
0	0	0	167	7.7704766E-07	195.52576	0	69.10468	1.6517917	0.3016145	-0.9633342	0.15447412	-3.013809	0.0010493117	-2.937844	0.00022513774	-1.7285554	94.66773	0	20.859032	2.8370905	4.0856776	-0.5808229	0.80781394	2.2852752	0.21172076	-1.0394076	0.00035838038	2.341597	
0	0	0	168	7.770486E-07	195.52676	0	68.90517	1.6452411	0.2967718	-0.9798412	0.15142173	-3.035593	0.0024467097	-2.8651433	0.0002006752	-1.3834114	94.29465	0	20.827288	2.8375623	4.1024947	-0.57805336	0.7939013	2.3396342	0.17202616	-1.0273091	0.00047016912	2.7250876	
0	0	0	169	7.7704965E-07	195.5811	0	68.762924	1.6519532	0.29874867	-0.97393805	0.14956623	-3.022661	0.0008793241	-2.592084	0.00019275048	0.1648965	94.27806	0	20.724249	2.8392544	4.078446	-0.5830483	0.7953516	2.3406253	0.17185183	-1.053403	0.00013215687	2.3476114	
0	0	0	170	7.770507E-07	195.61418	0	68.625336	1.6503752	0.29834923	-0.9787853	0.1504836	-3.026383	0.0017535425	-2.5427418	0.00017232625	1.3225534	94.52219	0	20.728456	2.8359137	4.1176677	-0.57995695	0.7958496	2.3630424	0.19483362	-1.1361742	6.0915623E-05	-2.2428343	
0	0	0	171	7.7705164E-07	195.66344	0	68.5807	1.6429198	0.29883188	-0.9877226	0.1480589	-3.0380812	0.0023554612	2.7176495	0.0001604616	-0.8502374	93.605804	0	20.747444	2.8366718	4.1156335	-0.58107585	0.8074144	2.3000605	0.1806177	-1.0509752	0.00012072748	-0.2517062	
0	0	0	172	7.7705266E-07	195.75879	0	68.71629	1.6349272	0.2987229	-1.001516	0.14878333	-3.0710278	0.0036560856	2.937672	9.4772586E-05	1.7282369	93.30669	0	20.761805	2.8363163	4.126021	-0.5894672	0.7828292	2.321309	0.16499959	-0.7713992	0.00074532244	2.1886046	
0	0	0	173	7.7705363E-07	195.84355	0	68.58536	1.6346377	0.2989913	-1.0017223	0.14868705	-3.0714617	0.003932849	3.0807462	0.0001501951	-1.0850152	93.38537	0	20.808508	2.8362794	4.1199713	-0.5826143	0.8385773	2.3124583	0.1831679	-1.1499954	0.00041533442	2.325392	
0	0	0	174	7.7705465E-07	195.78989	0	68.54166	1.6351893	0.2981591	-1.0056338	0.1504877	-3.0581822	0.0015293529	-2.9347453	0.0001781555	-1.3397145	93.175415	0	20.73552	2.8400798	4.0764403	-0.57968855	0.80875564	2.360656	0.20829321	-1.1011027	0.00022527881	2.7079325	
0	0	0	175	7.770557E-07	195.70468	0	68.66142	1.6419277	0.30065355	-0.99780387	0.14735092	-3.0532434	0.0024191388	2.9019468	0.00012572006	-2.1499503	93.337776	0	20.782991	2.8368216	4.084749	-0.58344996	0.8214251	2.2958875	0.19078396	-1.0282985	0.00030526824	-0.14135814	
0	0	0	176	7.770567E-07	195.6369	0	68.89505	1.6450812	0.2988741	-0.9828359	0.14926578	-3.0341125	0.002822956	2.5873506	0.00030804198	2.0391517	93.50684	0	20.846777	2.8374524	4.137486	-0.5887231	0.7931719	2.3051934	0.22960623	-0.894568	0.000452513	2.7089252	
0	0	0	177	7.770577E-07	195.62698	0	68.91908	1.6318092	0.29989234	-1.0183023	0.15072936	-3.084738	0.00042610962	0.9506933	0.00022954657	2.0034723	93.20585	0	20.818726	2.837623	4.1786757	-0.5774772	0.8404899	2.3502502	0.22403456	-0.9548773	0.00019352177	-0.368683	
0	0	0	178	7.7705863E-07	195.61726	0	68.72585	1.625538	0.30063757	-1.0165501	0.15102704	-3.1118908	0.0009034218	1.5465358	0.00018626725	-2.3655484	93.5755	0	20.774496	2.8386302	4.1337996	-0.5778913	0.8034023	2.303932	0.20482758	-0.88670397	0.00024351613	1.1160519	
0	0	0	179	7.7705965E-07	195.60469	0	68.727776	1.631593	0.2991931	-1.011914	0.1477507	-3.0804305	0.0014674255	-2.549852	0.00023084451	-0.841897	92.36034	0	20.793337	2.8371186	4.092432	-0.57842815	0.8614257	2.3200347	0.19215581	-1.0443879	0.00036488267	0.9450159	
0	0	0	180	7.770607E-07	195.57875	0	68.80342	1.6237024	0.29908368	-1.0335954	0.14983027	-3.0980897	0.00054541917	-3.1300185	1.1846402E-05	2.0927162	93.10413	0	20.803543	2.8376222	4.1398582	-0.57805294	0.82384473	2.3234904	0.1816987	-0.970798	0.00029720008	2.8501365	
0	0	0	181	7.770617E-07	195.56425	0	68.711655	1.6192874	0.29915565	-1.0404664	0.15101819	-3.116216	0.0021293326	2.5572343	0.00031704197	-0.5192389	92.48324	0	20.756031	2.836143	4.1241746	-0.5815122	0.8454207	2.290512	0.17486231	-1.0702119	7.360586E-05	2.9006329	
0	0	0	182	7.770627E-07	195.6071	0	68.556	1.6312718	0.2977305	-1.0208952	0.14807971	-3.0711925	0.0028154727	-2.4536324	0.0002938489	0.387464	92.919815	0	20.728384	2.837678	4.085527	-0.57313794	0.8487654	2.37017	0.2110143	-0.89883137	0.0003245486	1.8696865	
0	0	0	183	7.7706375E-07	195.65112	0	68.438416	1.6301494	0.29430375	-1.0232778	0.15006873	-3.0924985	0.0010854815	-2.54767	6.3240645E-05	2.2531323	93.285164	0	20.731598	2.839639	4.116141	-0.5831193	0.8102081	2.30561	0.18603776	-1.0698683	0.00022919719	0.7780655	
0	0	0	184	7.7706466E-07	195.59161	0	68.4924	1.6264393	0.29855084	-1.0271213	0.14480512	-3.0855489	0.001947556	-3.0705864	0.00012618613	-0.481776	92.79391	0	20.690329	2.8381977	4.074481	-0.5758068	0.8283827	2.3148317	0.21024114	-1.1282754	0.00013200895	2.6138666	
0	0	0	185	7.770657E-07	195.54442	0	68.45866	1.6304001	0.29752895	-1.0172899	0.14639477	-3.0899773	0.002363861	-2.911466	0.00015701044	1.7337636	92.90611	0	20.681229	2.8397684	4.10858	-0.5762312	0.81732	2.3180804	0.19300814	-1.2098327	0.00031553544	-1.2813429	
0	0	0	186	7.770667E-07	195.53625	0	68.37198	1.632601	0.2973146	-1.008347	0.14782938	-3.0653234	0.0025178513	-2.5629964	8.067087E-05	2.2414217	92.75209	0	20.691175	2.8392043	4.0933604	-0.58856225	0.802613	2.3254015	0.17544869	-1.0317966	0.00039577222	2.4186285	
0	0	0	187	7.770677E-07	195.55324	0	68.60179	1.6252502	0.29801154	-1.0390215	0.15085565	-3.0859377	0.0022429524	3.0440578	0.00026913208	1.3996357	93.15782	0	20.706736	2.83781	4.101666	-0.5792268	0.82890606	2.3121965	0.19506805	-1.0726569	0.00039875766	2.5871162	
0	0	0	188	7.7706875E-07	195.54126	0	68.676216	1.6331235	0.30077627	-1.0128006	0.1491218	-3.068327	0.0006513308	2.2206511	0.00023253905	2.0372608	92.756775	0	20.826218	2.8379664	4.1587043	-0.5828787	0.82614195	2.3333948	0.18913846	-1.096407	0.00032129136	2.519136	
0	0	0	189	7.770698E-07	195.58508	0	68.563515	1.6363904	0.29975757	-0.99823076	0.1488956	-3.0715516	0.001861514	2.712704	0.00016184454	-0.7306206	93.4719	0	20.761955	2.8382697	4.0977836	-0.5800025	0.8281768	2.2919073	0.18635635	-1.2112625	8.634502E-05	2.1648219	
0	0	0	190	7.7707074E-07	195.5849	0	68.582214	1.6348592	0.29949152	-0.99922854	0.1501924	-3.0731733	0.0009279945	-2.2468655	0.000437789	-0.05264422	92.641045	0	20.749676	2.8371534	4.157406	-0.58099174	0.8018342	2.328342	0.18512304	-0.97066975	0.00025900325	0.24945521	
0	0	0	191	7.7707176E-07	195.59802	0	68.57333	1.6383482	0.29964933	-0.99322104	0.14789143	-3.0597448	0.0026347856	-2.9092636	0.00023895853	-1.2934955	93.89184	0	20.81917	2.8375418	4.1305966	-0.5774807	0.8225547	2.335444	0.1860223	-0.90530455	0.00051038945	1.791576	
0	0	0	192	7.770727E-07	195.62091	0	68.525795	1.6396464	0.29498464	-0.99777675	0.14855412	-3.0499482	0.0015854988	-1.3939435	0.000252884	1.7443825	92.73097	0	20.721378	2.8375647	4.1207047	-0.5811453	0.79352856	2.3148434	0.1628938	-0.8659432	0.00020398523	2.0290728	
0	0	0	193	7.7707375E-07	195.62491	0	68.61084	1.6395047	0.29855263	-0.9953581	0.14998311	-3.0517013	0.0015387186	2.8684094	0.00020154391	-0.4251157	93.741745	0	20.820955	2.8367586	4.10271	-0.5796747	0.8465897	2.314169	0.14640754	-0.9782226	0.00031725067	-2.8772569	
0	0	0	194	7.770748E-07	195.6217	0	68.6244	1.637716	0.2993181	-0.9923416	0.15028845	-3.0549076	0.0005400653	-3.0140042	0.00012621423	1.6146281	93.43257	0	20.781254	2.8369544	4.11996	-0.58017886	0.83289176	2.3492131	0.14931075	-0.90548915	0.00035012208	2.3815923	
0	0	0	195	7.7707574E-07	195.62758	0	68.72433	1.6484649	0.29959518	-0.9738199	0.15096875	-3.0165195	0.0027774028	-2.1152387	0.0005491018	2.3033543	93.68785	0	20.82738	2.8386002	4.1010246	-0.5873103	0.8060389	2.355444	0.2047913	-1.0592058	0.00041736462	0.8239957	
0	0	0	196	7.7707676E-07	195.64626	0	68.65584	1.642082	0.29848084	-0.9792701	0.15131405	-3.0581746	0.0017587098	-2.957873	0.00019015308	-2.408701	93.09558	0	20.792576	2.8375602	4.149221	-0.57860607	0.79835254	2.3712847	0.19443658	-0.9365116	0.0006148199	1.0788181	
0	0	0	197	7.770778E-07	195.66151	0	68.58253	1.6437176	0.29734987	-0.9911861	0.15009159	-3.0381632	0.0029322512	-2.3504317	0.00030237547	0.64699894	93.1638	0	20.759468	2.8375702	4.1189814	-0.58512974	0.8485043	2.2768264	0.15814029	-1.0991111	0.0002611621	1.8920761	
0	0	0	198	7.770788E-07	195.66714	0	68.57478	1.6487039	0.29848108	-0.97329664	0.14876768	-3.0428293	0.0027675163	2.8954647	0.00030287393	-1.9662119	93.1292	0	20.801258	2.836071	4.09836	-0.58412504	0.80387336	2.3188107	0.19670679	-0.9164648	7.128257E-05	0.47861034	
0	0	0	199	7.770798E-07	195.6849	0	68.59914	1.6461847	0.29892436	-0.9905645	0.15025266	-3.034635	0.0025454473	-1.5564024	0.00015198378	1.1768255	92.7859	0	20.776396	2.8388512	4.095679	-0.5622525	0.84463674	2.2799025	0.21431574	-0.9920093	0.00045475582	-3.068546	
