# www.neaspec.com
# Scan:	 	AFM
# Project:	 	20251007_PS
# Description:	 	
# Date:	 	10/07/2025 10:43:47
# Scanner Center Position (X, Y):	[µm]	49.99	50.01	 
# Rotation:	[°]	0	 	 
# Scan Area (X, Y, Z):	[µm]	5.000	5.000	0.000
# Pixel Area (X, Y, Z):	[px]	100	50	1
# Averaging:	 	1	 	 
# Integration time:	[ms]	5	 	 
# Laser Source:	 	4.5-15 µm nano-FTIR laser
# Detector:	 	R
# Target Wavelength:	[µm]	7.502	 	 
# Demodulation Mode:	 	Fourier
# Tip Frequency:	[Hz]	241,340.500	 	 
# Tip Amplitude:	[mV]	45.700	 	 
# Tapping Amplitude:	[nm]	79.665	 	 
# Modulation Frequency:	[Hz]	0.000	 	 
# Modulation Amplitude:	[mV]	0.000	 	 
# Modulation Offset:	[mV]	0.000	 	 
# Setpoint:	[%]	79.75	 	 
# Regulator (P, I, D):	 	4.206850	8.625812	1.000000
# Tip Potential:	[mV]	0.000	 	 
# M1A Scaling:	[nm/V]	0.426	 	 
# M1A Cantilever Factor:	 	1,000	 	 
# Q-Factor:	 	487.4	 	 
# Version:	 	2.1.11536.0
-1.2365752     	-1.2708738     	-1.2856894     	-1.3279482     	-1.3449198     	-0.94775236    	-1.2071759     	-0.80600905    	-1.2443011     	-1.3288221     	-1.1074657     	-1.1387931     	-1.1043235     	-0.95491475    	-0.79653674    	-0.9620438     	-1.0315261     	-0.89519656    	-0.99686444    	-1.0405705     	-0.9687915     	-1.261683      	-1.1281284     	-0.7226882     	-1.4993426     	-1.1755351     	-1.3816934     	-0.98561823    	-1.2744131     	-0.7979517     	-1.2845455     	-1.3463115     	-1.190725      	-1.2648087     	-1.0931683     	-1.069224      	-1.1154417     	-1.0599871     	-1.4567411     	-1.0034273     	-1.003212      	-1.33263       	-1.072206      	-0.9114765     	-0.99834144    	-1.4024346     	-1.2132757     	-1.0921772     	-1.2159065     	-0.97867864    	-0.9994822     	-0.97611976    	-0.84001917    	-0.92878133    	-0.95728207    	-0.7812591     	-1.0882598     	-1.0939752     	-0.893332      	-1.3428959     	-0.8944247     	-0.95985794    	-1.4313715     	-1.0557692     	-1.0145115     	-1.0066122     	-0.9264025     	-1.1723824     	-1.1859581     	-1.2648757     	-1.2155176     	-1.1257194     	-1.1367875     	-1.1158066     	-1.1101005     	-1.2316294     	-1.1067939     	-1.0975962     	-0.7567097     	-1.0158641     	-1.2052188     	-0.9674983     	-1.2747884     	-1.0058676     	-1.0422902     	-1.2781596     	-0.8163869     	-0.9858823     	-1.2537796     	-1.2274884     	-1.0933534     	-1.1369655     	-1.157907      	-0.9939488     	-1.0051556     	-1.5044585     	-1.2247131     	-0.77190673    	-1.7324429     	-1.0069064     	
-1.0249616     	-1.2175039     	-1.2248795     	-1.0573506     	-1.1588832     	-1.5502908     	-1.2798631     	-1.255188      	-0.9431628     	-0.98837       	-1.1608475     	-1.3199883     	-1.0972373     	-1.2027259     	-0.77521914    	-1.0838895     	-1.2872804     	-1.2178934     	-1.2157737     	-0.89060384    	-1.0316359     	-0.9009562     	-0.8589778     	-0.97997814    	-1.1415641     	-1.1815827     	-1.1016484     	-1.1269871     	-0.9410856     	-0.9598165     	-1.0696157     	-1.1794118     	-0.9034964     	-1.0157533     	-1.1239513     	-1.2708005     	-0.9142444     	-1.0469222     	-1.0659821     	-0.9849348     	-1.24971       	-1.1592665     	-1.1324214     	-1.1983376     	-1.0428827     	-1.0678005     	-1.1891563     	-1.1925968     	-1.0608826     	-1.1648387     	-1.4663434     	-1.1310991     	-1.1918287     	-1.2032751     	-1.0017829     	-1.1704798     	-1.259891      	-1.0727037     	-1.0227745     	-1.1663605     	-0.9919541     	-1.0070106     	-0.8493377     	-1.2437122     	-1.1670126     	-1.1123447     	-1.2117755     	-1.358346      	-1.0503495     	-1.3019874     	-1.0796816     	-1.0588596     	-1.0869689     	-1.0231        	-1.0124232     	-1.1586356     	-1.0180259     	-1.0511526     	-0.8556195     	-1.0829118     	-1.051531      	-1.0457661     	-0.99403596    	-1.2225752     	-0.9753369     	-1.1216935     	-1.1825173     	-0.9827812     	-0.95636994    	-1.0152068     	-1.0636731     	-0.77308625    	-1.3444746     	-1.1626071     	-1.2004696     	-0.889959      	-0.9297359     	-0.89289       	-1.0318387     	-0.61313       	
-1.3898072     	-1.0054095     	-0.95226645    	-0.8993628     	-0.955575      	-1.0731282     	-0.9922571     	-1.1993446     	-0.9761481     	-1.086408      	-0.94274247    	-1.1923541     	-1.3547715     	-1.0877272     	-1.2645006     	-1.2163078     	-1.178874      	-0.88666165    	-1.013038      	-0.9501097     	-1.1161379     	-1.2394444     	-1.1409096     	-1.0865276     	-1.4614899     	-1.1556844     	-0.9073029     	-1.1020608     	-0.963328      	-1.2656064     	-1.0774072     	-1.1583207     	-1.0855976     	-1.2920662     	-1.1310542     	-0.97355974    	-1.2868571     	-0.80767536    	-0.9013665     	-1.043478      	-1.1962727     	-0.965279      	-0.9975409     	-0.93262446    	-1.2320621     	-1.1324888     	-1.1816509     	-1.0645186     	-1.0551065     	-1.2290856     	-1.2432103     	-1.2586608     	-1.2109859     	-0.7898159     	-0.9568334     	-0.9550716     	-1.048477      	-1.1971669     	-0.9216462     	-1.196921      	-0.8844072     	-1.204392      	-1.3262398     	-1.1692464     	-1.0414988     	-1.0775326     	-1.0308558     	-1.1343204     	-0.9426847     	-1.1807115     	-1.1161067     	-1.1930158     	-1.2304022     	-1.183098      	-1.3511801     	-0.9792568     	-1.1034297     	-0.9894677     	-1.1380668     	-1.2764788     	-0.98817015    	-1.1501486     	-1.2890464     	-1.2030042     	-1.438103      	-1.002175      	-0.9720867     	-0.95163393    	-1.2181385     	-0.99428034    	-1.3017495     	-1.2636311     	-1.4000345     	-0.726314      	-1.3752135     	-1.282691      	-1.1905227     	-0.6556494     	-0.65448815    	-0.6910722     	
-1.0214398     	-1.0528284     	-1.1886841     	-1.0998503     	-1.0885702     	-1.0580124     	-0.9660626     	-1.0182296     	-1.3588061     	-1.1051688     	-1.0653327     	-1.0173229     	-1.172339      	-1.1137872     	-0.95156896    	-1.4816439     	-1.4032812     	-1.0470512     	-1.096162      	-0.92001426    	-0.99469703    	-1.319562      	-1.2142649     	-0.94450116    	-1.0390316     	-0.8841326     	-0.98295534    	-1.1821986     	-1.2254679     	-1.1314485     	-1.0392607     	-0.9985112     	-0.95797217    	-1.167662      	-1.2310249     	-0.99967736    	-1.0294477     	-1.1294042     	-1.1937279     	-1.2483728     	-1.1567694     	-1.0456842     	-1.0749274     	-1.775372      	-0.96377194    	-1.312376      	-1.2064681     	-1.3372562     	-0.8888388     	-0.9789042     	-0.8351078     	-0.9617573     	-0.9902502     	-0.85475975    	-1.1576346     	-1.0353118     	-0.9682841     	-0.99659073    	-1.0766428     	-1.0993888     	-1.1325837     	-1.0111921     	-0.8947723     	-0.87800574    	-0.83812976    	-0.8699139     	-1.2789564     	-0.8683693     	-0.9588557     	-1.178163      	-1.0435207     	-1.0012684     	-1.1327204     	-1.0855379     	-1.2590157     	-1.2907805     	-1.2638993     	-1.037994      	-0.8514465     	-1.2083353     	-1.1811978     	-0.91919947    	-1.0270134     	-1.0206653     	-0.98336613    	-1.1796885     	-1.1340532     	-0.78421193    	-0.7239269     	-0.96629053    	-1.3470392     	-0.83404243    	-0.783523      	-1.6739503     	-1.2408239     	-1.1782584     	-1.1537744     	-1.104132      	-0.9284315     	-1.1011134     	
-1.1951857     	-1.3161707     	-1.1093918     	-1.058709      	-1.0214372     	-1.1403638     	-1.2954818     	-0.8008405     	-1.2224107     	-1.1773251     	-1.249596      	-0.9405176     	-1.2121005     	-1.1929705     	-1.1313564     	-1.0103469     	-0.9674517     	-1.0468942     	-1.0532506     	-1.0321405     	-1.146868      	-0.9836174     	-1.0868224     	-0.798861      	-1.1465042     	-1.0904301     	-1.1614786     	-1.1116545     	-1.3849628     	-1.0148675     	-1.1731726     	-0.8362874     	-1.096931      	-1.1498156     	-0.7918232     	-0.9619812     	-0.8294063     	-1.021182      	-1.3697855     	-1.1213878     	-1.0334176     	-1.0717041     	-1.088214      	-0.839947      	-0.9659014     	-1.0386751     	-0.9784197     	-0.9882672     	-1.1869481     	-1.1206914     	-1.2665843     	-0.91166776    	-1.1704237     	-0.8555341     	-0.86829114    	-0.9355188     	-1.3396926     	-1.2026098     	-1.0957744     	-1.1951327     	-0.82324684    	-1.1084428     	-1.0644345     	-1.1774251     	-1.0184364     	-1.2012016     	-1.0879973     	-0.93406975    	-1.136061      	-0.9013425     	-1.0863585     	-1.0067251     	-0.9822675     	-1.1362944     	-1.0063716     	-1.1659517     	-1.1833992     	-1.0639445     	-0.98938644    	-1.0297652     	-1.1068994     	-1.1073763     	-1.3378543     	-1.0152608     	-1.2864394     	-1.1967093     	-0.802003      	-1.5363065     	-1.6060073     	-0.5999363     	-0.20671633    	-0.98195004    	-0.7917228     	-1.0856441     	-1.4888389     	-0.91517776    	-1.3708384     	-1.1469765     	-0.924987      	-0.675031      	
-1.0155718     	-1.1654122     	-1.1822972     	-1.2707319     	-1.0398985     	-1.0720576     	-1.23061       	-1.0704167     	-0.91242933    	-1.2824905     	-1.0393726     	-1.0918773     	-0.9781523     	-1.0384654     	-1.1138184     	-1.2547864     	-1.0157107     	-1.0097133     	-0.9517489     	-0.96685797    	-0.7911465     	-1.4509395     	-0.99500835    	-1.2127118     	-1.1422243     	-1.1207831     	-1.2529861     	-1.2608633     	-1.2260516     	-1.0603454     	-1.1162208     	-1.0760334     	-1.3096318     	-1.3661896     	-1.1939175     	-1.222574      	-0.9082182     	-1.0015415     	-1.1164392     	-1.2056868     	-1.1279187     	-1.027851      	-1.2754228     	-1.135392      	-0.7934525     	-1.2520486     	-1.2371342     	-1.0764865     	-1.3029656     	-0.7913696     	-1.1460221     	-1.1007049     	-0.7744735     	-1.165943      	-1.1500113     	-0.894974      	-1.1887728     	-0.92781       	-1.5527201     	-1.0391572     	-1.134894      	-1.2829667     	-0.93278533    	-1.4074953     	-1.169027      	-1.114414      	-1.1951098     	-0.9848233     	-1.1101062     	-1.0469272     	-1.014574      	-1.2100838     	-1.1330152     	-1.0736607     	-0.99642545    	-1.0053711     	-1.2305452     	-0.9303458     	-1.0917951     	-1.2130632     	-1.3481779     	-1.0448983     	-1.0958596     	-1.2534806     	-0.87668496    	-0.9501904     	-1.4639769     	-0.61864406    	-0.9513353     	-1.1042277     	-1.4208999     	-1.0364249     	-1.2043387     	-0.97183275    	-0.90635663    	-1.4149919     	-0.304377      	-0.8893978     	-1.3293958     	-2.2028701     	
-1.1341254     	-1.2554067     	-0.95617473    	-0.9120492     	-0.97068423    	-1.0977973     	-1.1420847     	-0.96833867    	-0.90104985    	-0.87108004    	-0.95478725    	-0.95299715    	-0.747641      	-1.2462327     	-0.8426278     	-1.1521564     	-1.0396192     	-1.0954334     	-1.0553374     	-1.2152705     	-1.1518209     	-1.017965      	-0.9786793     	-1.1516135     	-1.0706158     	-1.1342853     	-1.0829573     	-1.1658678     	-1.2001622     	-1.0739453     	-1.1069363     	-0.88497347    	-0.9872268     	-0.9874806     	-1.499026      	-1.0782542     	-0.7932834     	-1.1961818     	-1.2505709     	-1.0291178     	-1.2033875     	-0.96129006    	-1.326328      	-1.407093      	-0.7441593     	-0.987325      	-0.85927546    	-1.116136      	-1.1631575     	-1.1440926     	-1.2783949     	-1.1609519     	-1.3953251     	-0.93711805    	-0.77348787    	-1.1191372     	-0.9659232     	-1.6412421     	-0.7717036     	-1.3952512     	-1.3350558     	-1.281372      	-1.0839561     	-1.0541701     	-1.0237339     	-1.052265      	-1.24526       	-1.0417069     	-1.0394857     	-0.9359727     	-1.0526739     	-1.2808564     	-0.9823135     	-1.0720285     	-1.0812651     	-1.3894818     	-1.1223295     	-1.2224141     	-0.73017       	-1.0372525     	-1.1598116     	-1.1452506     	-1.0513097     	-1.1478002     	-1.3394047     	-0.8218237     	-0.6902527     	-1.0257251     	-2.3124845     	-1.1754718     	-0.271418      	-0.55894697    	-0.82207036    	-1.2978995     	-0.7841815     	-0.49220324    	-1.2047632     	-1.7595413     	-1.0346831     	-0.6673931     	
-0.96597123    	-1.0311527     	-1.0330215     	-1.1212971     	-0.9375266     	-1.0530204     	-1.0609326     	-1.1261672     	-1.0968063     	-0.9073833     	-1.1443207     	-1.1975389     	-1.1087642     	-1.1763425     	-1.2123101     	-1.1459969     	-0.98384607    	-0.99261075    	-1.0069643     	-0.75726664    	-0.95019275    	-1.284966      	-0.95784706    	-1.0504079     	-1.4662974     	-0.8935912     	-1.0851113     	-0.9311068     	-0.8823696     	-1.1833918     	-1.0015684     	-1.2690719     	-1.0462507     	-0.9638531     	-1.2102271     	-1.3168924     	-1.0334364     	-1.2552557     	-0.99097943    	-1.2818236     	-1.2209889     	-1.1373543     	-0.52137816    	-0.77504045    	-1.0407437     	-0.8393754     	-1.0330075     	-1.5015235     	-1.1631447     	-1.800541      	-1.6544925     	-1.2670802     	-1.607671      	-1.2176877     	-1.7431875     	-1.1495042     	-0.958584      	-1.2873309     	-1.1864653     	-0.9763324     	-0.9437806     	-1.3428568     	-0.9933021     	-0.974071      	-1.2389727     	-1.0359086     	-1.1070579     	-1.0106591     	-1.0914096     	-0.84268904    	-1.0654906     	-1.0396508     	-1.248262      	-0.8780238     	-1.1656905     	-0.98513967    	-1.1477453     	-1.1033546     	-1.3234341     	-1.1885695     	-1.0671973     	-1.3187699     	-1.1800394     	-1.1921258     	-1.2703124     	-1.0203204     	-1.007241      	-0.7058597     	-0.48488054    	-0.7619005     	-0.7677968     	-1.1355684     	-0.6531301     	-1.6812437     	-0.3065438     	-1.3367782     	-1.2255067     	-1.3070619     	-0.9864243     	-0.8066604     	
-1.2769982     	-0.9383112     	-1.0533689     	-1.4011155     	-1.3004894     	-1.0389928     	-1.3918933     	-0.8992802     	-1.0896978     	-0.912305      	-1.116163      	-1.017091      	-0.86282337    	-1.0076402     	-0.9891041     	-1.0563973     	-0.8819548     	-1.057489      	-1.2406367     	-0.926423      	-1.0621598     	-1.2370145     	-0.843937      	-1.122643      	-0.8550681     	-0.9828475     	-0.9559075     	-1.074335      	-0.9895043     	-0.926785      	-1.077502      	-1.0762131     	-1.0786239     	-1.2815728     	-1.3251177     	-1.2629919     	-1.230455      	-1.1322191     	-1.6858754     	-0.78350395    	-1.3011682     	-1.3389758     	-1.0566806     	-1.415298      	-0.985109      	-1.2391938     	-1.0527645     	-1.3883688     	-0.7042548     	-0.60597444    	-0.54701805    	-1.0358609     	-1.7575716     	-1.313833      	-1.1048502     	-1.335618      	-1.2578416     	-0.93912977    	-1.142738      	-0.88656884    	-0.9136218     	-1.4281334     	-0.939926      	-0.931256      	-0.9880387     	-1.2107254     	-0.96681744    	-1.1414697     	-1.0024561     	-0.89401543    	-1.1721208     	-1.1492457     	-0.9881474     	-1.1444783     	-1.0663534     	-1.163483      	-0.9086092     	-1.1966126     	-1.4977127     	-1.2213135     	-1.2322323     	-1.2911818     	-1.0309823     	-1.0953045     	-1.1956308     	-1.4355868     	-1.3028538     	-1.3476715     	-0.9761655     	-1.5329721     	-1.2710514     	-1.2605078     	-1.1042802     	-1.2624738     	-0.43880084    	-0.9067716     	-0.94314545    	-1.0222764     	-0.8641199     	-1.4223801     	
-0.88820535    	-1.019561      	-1.1854869     	-1.3113441     	-1.1143342     	-1.2962813     	-1.2882358     	-0.9918418     	-1.0462745     	-1.0544991     	-0.96278435    	-1.3500822     	-0.8664605     	-1.1376843     	-1.1699696     	-1.0317763     	-0.99818945    	-0.9791763     	-1.0663003     	-1.1885293     	-1.20518       	-1.0445592     	-0.89291346    	-0.8956942     	-1.193107      	-0.90163237    	-1.0985698     	-1.2050524     	-0.67833424    	-0.7217101     	-1.1625633     	-1.1132678     	-1.4086858     	-1.4087764     	-1.2991896     	-1.155889      	-0.88336766    	-0.8695044     	-1.1125767     	-1.155567      	-1.4554737     	-0.7290087     	-0.66277844    	-1.0358375     	-0.564452      	-1.4111736     	-0.7710239     	0.070399836    	-1.0770605     	-0.78014076    	-1.1394159     	-1.2029341     	-0.631811      	-0.331377      	-0.9131895     	-1.0337076     	-0.55120623    	-1.0859298     	-0.4187798     	-1.2809544     	-1.2393941     	-1.3488576     	-0.9093481     	-1.0677316     	-1.2326493     	-1.0866936     	-1.076501      	-0.8882548     	-1.213783      	-1.1520994     	-0.9234582     	-1.0328512     	-0.98993015    	-1.0422312     	-1.0035523     	-1.3601675     	-0.9668334     	-0.9508266     	-1.265646      	-1.0059663     	-1.1246114     	-1.1215284     	-1.2701377     	-1.230418      	-0.8996269     	-0.9771744     	-0.99299115    	-0.71298754    	-0.63463295    	-1.0105397     	-1.594426      	-0.43808627    	-1.2421577     	-1.1732858     	-0.65888405    	-1.1367188     	-0.7550238     	-0.9180463     	-1.443489      	-0.24915488    	
-0.906007      	-1.013744      	-1.0834429     	-0.9774123     	-0.8429267     	-0.9975318     	-1.0777794     	-1.2937996     	-1.3226174     	-1.1862636     	-0.85043555    	-1.0822308     	-1.063163      	-1.0511085     	-1.1997883     	-1.0409324     	-1.1090927     	-1.1694807     	-1.2572277     	-1.0170453     	-1.0066868     	-0.910391      	-1.2396467     	-1.1690848     	-1.6830733     	-1.3698308     	-1.8028253     	-0.8383992     	-0.90314114    	-1.2990311     	-1.2389423     	-0.90046984    	-2.0138037     	-0.87438226    	-1.385748      	-1.1363041     	-1.9710392     	-0.89575696    	-1.3176688     	-0.7485936     	-0.75242275    	-1.289532      	-1.6860358     	-0.8952285     	-1.0077261     	-1.8623277     	-0.51977295    	-0.66983676    	-1.7465676     	-1.131756      	-0.998623      	-1.3015072     	-1.0905023     	-0.99824494    	-1.0182257     	-1.6611269     	-1.3314551     	-1.0628724     	-1.0785797     	-1.4180403     	-1.0308113     	-1.1555648     	-0.83656025    	-1.0999216     	-0.999061      	-0.9881852     	-1.0802585     	-1.163272      	-1.0178754     	-0.8591175     	-0.83530384    	-0.94917816    	-1.1246916     	-1.0240422     	-1.0265183     	-1.108222      	-0.9250232     	-1.1507425     	-1.143632      	-1.0198069     	-1.183034      	-1.1998715     	-0.86823225    	-1.2721193     	-0.9196915     	-1.3088638     	-1.5846845     	-0.7606004     	-1.1448612     	-0.45318884    	-0.25622687    	-1.1547213     	-0.6993458     	-0.6852125     	-1.2108933     	-0.87179095    	-1.0991737     	-1.1934524     	-1.2215192     	-1.1859139     	
-1.0986725     	-1.0436575     	-0.88189983    	-0.83632034    	-1.0136509     	-1.0591109     	-0.99412805    	-1.1958454     	-1.1828713     	-1.1277658     	-1.0074735     	-1.0732797     	-1.1429814     	-0.96735805    	-1.1589451     	-1.2720984     	-1.2010658     	-0.9233486     	-0.9863886     	-1.0586078     	-1.0372257     	-1.2663932     	-1.2204249     	-0.9725516     	-0.87374204    	-1.9501897     	-1.61118       	-0.4314139     	-1.9462533     	-1.2675672     	-1.150218      	-0.95475054    	-1.0834942     	-0.97129554    	-1.0074213     	-0.5825852     	-0.039386038   	-1.1775098     	-1.0471984     	-1.0554341     	-1.0470455     	-0.9796723     	-0.6793116     	-0.8068653     	-1.1665821     	-1.4667039     	-0.38253576    	-0.8730202     	-1.37738       	-0.41690314    	-1.055539      	-0.56707835    	-0.9752212     	-1.6298456     	-1.4456758     	-1.3162935     	-1.1261749     	-1.1075165     	-1.4465811     	-1.3870145     	-0.80155927    	-0.6827944     	-1.5292628     	-0.7401371     	-1.0354031     	-1.1512395     	-1.0486473     	-1.083404      	-1.1524298     	-1.0009542     	-0.97872305    	-1.3015274     	-1.2261147     	-1.2679965     	-1.2137468     	-0.9926298     	-0.94062364    	-1.0531282     	-0.9988887     	-1.2863146     	-1.0701865     	-1.2167075     	-0.9740802     	-1.2070807     	-0.89402443    	-0.9704538     	-0.5462202     	-0.9755337     	-0.943596      	-1.026488      	-0.86829054    	-0.67268586    	-1.3738494     	-1.4717662     	-0.99694085    	-1.2915742     	-1.2164247     	-1.2192632     	-0.50623137    	-0.9735465     	
-0.94014305    	-0.9834107     	-0.9357223     	-1.0324395     	-1.0129095     	-1.0494883     	-0.9107337     	-1.0572659     	-1.0238726     	-1.275826      	-1.3060963     	-0.8959782     	-0.9189144     	-1.1003118     	-1.166493      	-0.8387063     	-0.79145336    	-1.0336143     	-1.320297      	-1.1911176     	-1.1403875     	-1.3372585     	-1.1912098     	-1.5113175     	-1.4417768     	-1.5364599     	-1.5939957     	-0.82558125    	-0.9789414     	-0.88764656    	-1.2206136     	-1.1989933     	-1.1087611     	-1.5835602     	-1.1235489     	-1.2358314     	-1.4688517     	-0.64197314    	-1.1245476     	-0.9647097     	-0.9215992     	-1.1142954     	-0.38693687    	-1.1710836     	-2.0697584     	-2.1270127     	-0.9699923     	-0.8457248     	-0.75644135    	-1.0888797     	-2.2282996     	-0.7104946     	-1.6129305     	-0.82222223    	-0.92121685    	-1.1562816     	-1.1781313     	-0.6567869     	-1.4213955     	-0.70942813    	-1.4819087     	-1.4426612     	-1.3998373     	-0.8254291     	-1.0035245     	-0.9897735     	-0.76809704    	-1.2455311     	-1.0614848     	-1.1641498     	-1.1696999     	-1.0146098     	-1.2215902     	-1.0456111     	-1.1344638     	-1.0914435     	-1.1076655     	-1.0428272     	-0.9545995     	-1.1168193     	-1.0893158     	-0.96677697    	-1.0424722     	-0.87160194    	-1.1157        	-1.1572208     	-0.93299884    	-1.2113379     	-0.77946013    	-1.3255645     	-1.2277322     	-0.6651697     	-1.4153744     	-0.9233398     	-1.3754387     	-1.614913      	-1.7673627     	0.018716127    	-1.0850015     	-0.722463      	
-1.010943      	-1.089229      	-1.1276586     	-0.909299      	-0.9809986     	-1.1336589     	-0.9775593     	-1.0222112     	-1.3040756     	-1.2552795     	-0.84712994    	-1.0475062     	-1.0056884     	-0.98294294    	-1.00326       	-1.1066259     	-1.0745165     	-1.1850047     	-0.9505908     	-0.9392694     	-1.0805798     	-1.4090276     	-0.98726255    	-0.9966611     	-1.1051991     	-1.141481      	-0.5176024     	-1.2990088     	-1.1231755     	-1.5010397     	-0.3359154     	-1.1764979     	-1.5758661     	-1.2558541     	-1.4648496     	-0.8926376     	-1.4830807     	-1.4798477     	-1.4977067     	-1.1103859     	-0.50579876    	-2.0083203     	-0.6036246     	-0.48761016    	-1.3047693     	-0.48679423    	-0.92971003    	-1.3747517     	-1.3574358     	-0.75525147    	-0.95274687    	-0.58662087    	-0.6041226     	-1.0896728     	-1.4043219     	-0.870842      	-1.1544049     	-0.97591144    	-1.4216087     	-1.6950471     	-1.1151178     	-0.76453       	-1.3045392     	-1.2153621     	-1.2581306     	-1.2258127     	-1.084273      	-1.0975828     	-1.1094606     	-1.099526      	-0.9417752     	-1.1458861     	-1.1712365     	-1.0506345     	-1.083705      	-1.2140222     	-1.2035347     	-0.99796015    	-1.2173711     	-0.9966239     	-1.0055008     	-1.1820533     	-1.264792      	-1.2415756     	-1.0372596     	-1.2405508     	-1.3134156     	-1.0026778     	-1.2322547     	-1.0201776     	-0.9900606     	-1.5618105     	-0.5007207     	-1.1405339     	-0.78430516    	-1.5947875     	-1.7378463     	-1.3041338     	-0.8643402     	-1.3817196     	
-1.0894271     	-1.2249832     	-1.2825055     	-1.2996292     	-1.0241572     	-1.2024243     	-0.9619619     	-1.0595741     	-0.9523098     	-1.1924762     	-0.9853258     	-1.1617893     	-1.300801      	-1.0571733     	-0.8058325     	-1.2161624     	-1.1001756     	-1.2731669     	-1.0539756     	-1.1748034     	-1.061113      	-1.1720681     	-0.917997      	-1.1097239     	-1.2429755     	-1.726646      	-1.0179605     	-0.31250277    	-1.5873582     	-0.80439615    	-1.3747433     	-0.7095402     	-1.6602336     	-1.1430264     	-1.1306852     	-1.0846058     	-0.43328112    	-0.38138005    	-1.584407      	-0.5892685     	-0.6697043     	-1.0141565     	-0.7765307     	-1.2066939     	-0.70789415    	-0.2519205     	-0.8866976     	-0.8054909     	-0.74683017    	-1.7008401     	-0.91544044    	-1.2463567     	-1.1538165     	-1.4058179     	-0.9068853     	-0.68584996    	-0.90474594    	-1.418376      	-0.9588829     	-1.5185013     	-1.4241856     	-1.0112759     	-0.6737587     	-0.7318604     	-1.2077386     	-1.2935245     	-1.177912      	-1.0731624     	-0.77977914    	-1.003231      	-1.115516      	-0.9966796     	-0.9183902     	-1.1643409     	-1.1171443     	-1.0982745     	-1.1877966     	-0.9442797     	-1.0412108     	-0.984859      	-1.2029251     	-0.95565045    	-1.2995822     	-0.9251219     	-1.0786686     	-0.97446245    	-1.082078      	-0.971494      	-1.0509799     	-0.8319768     	-1.130698      	-1.3220093     	-0.9325352     	-1.4663568     	-1.4277688     	-1.1645327     	-1.456906      	-1.0553538     	-0.5039177     	-0.80809265    	
-1.2876102     	-1.38695       	-1.1886065     	-1.1743007     	-1.0064753     	-1.138973      	-0.9212096     	-1.0276308     	-1.0388649     	-0.9538428     	-1.2411001     	-1.2034637     	-1.6051488     	-1.0863007     	-1.2065146     	-1.177719      	-1.0310677     	-0.9499114     	-1.017309      	-1.0201432     	-1.1529326     	-1.2928132     	-1.0473431     	-0.908699      	-1.0056336     	-0.71644694    	-0.68105704    	-1.4097793     	-0.56062645    	-0.6358967     	-1.3942133     	-1.349781      	-0.8935031     	-1.3289926     	-1.0349628     	-0.7487884     	-0.36050716    	-0.9356        	-1.3384848     	-0.8939949     	-1.537809      	-1.1547647     	-0.58098906    	-0.8668281     	-1.3286114     	-0.5305442     	-1.0660856     	-0.8636171     	-1.7045081     	-0.9463772     	-1.1631299     	-1.3000757     	-0.75290537    	-1.4031584     	-1.708831      	-1.2289702     	-0.9819945     	-1.3207599     	-0.5718005     	-2.142735      	-1.4877802     	-1.2246561     	-1.2409986     	-1.2270274     	-1.6232677     	-1.3947041     	-0.87780637    	-1.0750849     	-1.0222676     	-1.1064373     	-1.1275343     	-1.241856      	-0.99442196    	-0.82926005    	-1.0069695     	-0.9799017     	-1.2092927     	-0.93718076    	-1.2305725     	-0.9822216     	-1.0069264     	-1.3009264     	-1.0986314     	-0.9205661     	-1.2625393     	-1.1521088     	-0.9124274     	-0.99794       	-0.9964604     	-1.0578566     	-1.0087482     	-0.8516085     	-0.9579787     	-0.94517916    	-0.7768994     	-1.4051036     	-0.93424934    	-0.8522006     	-1.0110992     	-0.99397224    	
-1.5285766     	-1.4512529     	-1.0509737     	-1.0754483     	-1.1239227     	-1.0758582     	-1.1217926     	-0.9849232     	-1.1200964     	-0.8461952     	-1.1084725     	-1.1911902     	-1.01941       	-0.9098835     	-1.1402466     	-0.9806548     	-1.211499      	-1.0828155     	-0.5790101     	-1.1935337     	-1.2065228     	-1.2782023     	-1.2269584     	-1.3668082     	-1.1224552     	-1.3652791     	-1.0372926     	-0.6426736     	-0.921726      	-1.0614433     	-1.3382299     	-1.7805965     	-0.9965016     	-0.86761135    	-1.1213948     	-1.216742      	-0.77849936    	-1.1902162     	-1.3130546     	-0.92199564    	-0.6820569     	-1.0167123     	-1.2594795     	-1.0641177     	-1.0291554     	-1.2541673     	-1.5052278     	-0.95245725    	-0.025178807   	-0.9618158     	-1.2350793     	-0.94976175    	-1.0447234     	-1.4520533     	-1.4165132     	-0.87095046    	-1.0263585     	-1.2676698     	-0.09050137    	-1.2635708     	-0.8008319     	-0.788042      	-1.0645914     	-1.1060073     	-0.50881624    	-1.4515532     	-1.1987278     	-1.0861088     	-0.8838207     	-1.0248724     	-1.0015925     	-1.2434926     	-1.2026263     	-1.0287716     	-1.0453228     	-1.237294      	-1.3670012     	-0.9661018     	-1.1577303     	-1.0967177     	-1.0573285     	-0.8004249     	-0.8078454     	-1.2236297     	-1.0047299     	-0.86795825    	-1.0811223     	-0.8956607     	-1.0636421     	-1.1610084     	-0.59541035    	-0.88557327    	-1.2594756     	-1.3011867     	-0.7182971     	-0.73274773    	-1.1871386     	-0.79753554    	-1.530255      	-0.65904856    	
-0.8256875     	-0.9687004     	-1.0213914     	-1.0637921     	-0.92178106    	-1.0013285     	-1.2111602     	-1.0493714     	-1.010348      	-1.1635509     	-0.9479654     	-1.1943219     	-1.0565192     	-1.0331796     	-1.0504339     	-1.2062767     	-1.1606777     	-1.0168914     	-1.1527658     	-1.1272427     	-1.3098927     	-0.8378911     	-1.0291797     	-1.1661252     	-1.1365973     	-0.9524581     	-1.4629527     	-1.097357      	-1.0544196     	-1.2231196     	-0.9738783     	-0.8939622     	-1.0865276     	-1.6652914     	-0.79074734    	-0.73606837    	-1.4577544     	-1.2710309     	-1.487268      	-0.6855928     	-0.44825652    	-0.7870271     	-1.1096337     	-1.4053202     	-1.3278571     	-1.1376245     	-1.2640252     	-1.3203893     	-1.7427274     	-1.372689      	-0.3398423     	-1.5953722     	-1.364398      	-1.8280087     	-0.42824396    	-1.0081341     	-1.23316       	-0.84246117    	-1.4976367     	-1.2985024     	-1.0838819     	-1.12408       	-1.2770785     	-1.0353316     	-0.9285278     	-1.2463613     	-1.3628218     	-1.1995728     	-1.2386186     	-0.8551941     	-1.2187222     	-0.93096006    	-1.0182725     	-0.9877943     	-0.998987      	-1.2043337     	-1.088628      	-1.087281      	-1.0670961     	-1.0240494     	-1.1006447     	-0.9547416     	-1.2177751     	-0.92020804    	-1.0874224     	-0.9874078     	-0.92278856    	-1.1073228     	-1.0675434     	-1.2913034     	-1.3574746     	-0.6405998     	-1.2951462     	-1.2727771     	-1.2024812     	-1.5457768     	-1.0811075     	-1.8646964     	-1.1201937     	-1.2818654     	
-1.3828247     	-1.547173      	-1.1332899     	-1.1101774     	-0.98233956    	-1.0312691     	-0.95493466    	-1.3928028     	-0.9065303     	-1.0908812     	-1.1418221     	-1.2461632     	-1.2266681     	-1.166863      	-0.91887444    	-1.2328483     	-0.98434055    	-0.9865462     	-1.0260146     	-0.94636226    	-1.1953436     	-1.1915396     	-1.0976355     	-1.0696887     	-0.94279623    	-1.3906724     	-0.92518336    	-1.0317874     	-1.1923753     	-1.5184187     	-1.0841832     	-0.8802403     	-1.607083      	-1.4053199     	-0.62346435    	-1.0038718     	-1.2746905     	-1.5533079     	-0.87987655    	-0.9940908     	-1.1870139     	-1.0134943     	-1.3217456     	-0.5585542     	-0.6612365     	-0.7090186     	-1.4484919     	-1.3266952     	-0.60954374    	-0.89944303    	-1.200341      	-0.88664615    	-1.02323       	-1.3503577     	-0.5964264     	-1.7496951     	-0.6532991     	-0.4700411     	-1.2228518     	-0.3706379     	-1.140237      	-1.3059349     	-0.30105215    	-1.1860986     	-1.0556297     	-0.9386253     	-1.0399268     	-1.1519939     	-1.0805392     	-0.83626056    	-0.9357596     	-1.1699661     	-1.0929856     	-1.3677468     	-1.0109628     	-1.2736086     	-1.2054398     	-1.1172228     	-0.96627516    	-1.0940214     	-1.1517018     	-1.041625      	-1.1426002     	-1.2415004     	-1.0234232     	-1.3149908     	-1.1109349     	-1.0830746     	-1.0168569     	-0.94461864    	-1.044192      	-1.0322348     	-1.392601      	-1.1603956     	-1.21851       	-1.226095      	-1.4962182     	-1.0505723     	-0.5807886     	-1.1539236     	
-1.3309234     	-1.737791      	-1.1097014     	-1.1398745     	-1.0156981     	-1.2786727     	-1.5298347     	-0.986709      	-1.0156814     	-1.1539829     	-0.8249534     	-1.1511445     	-0.94915515    	-1.1197474     	-1.2240027     	-1.0635133     	-1.1684741     	-1.013714      	-1.3016099     	-1.0313909     	-1.0414355     	-1.2819076     	-1.0788862     	-1.1363616     	-1.042734      	-1.1994385     	-1.0639585     	-1.0804546     	-1.1507313     	-1.2742927     	-1.3490838     	-1.2114334     	-1.1422735     	-1.157973      	-1.1384603     	-1.2959883     	-0.83779       	-1.3249738     	-1.5468781     	-1.6786588     	-0.7055895     	-0.56202155    	-1.3754839     	-0.98889244    	-1.1416261     	-0.91249967    	-1.5217662     	-0.9060635     	-0.6771713     	-1.0379642     	-0.5893784     	-1.0478992     	-1.0425899     	-1.0144107     	-0.9123807     	-0.6114389     	-1.1503466     	-2.0872808     	-0.7726365     	-1.3237064     	-1.0089475     	-0.83920586    	-0.781455      	-1.2468282     	-1.0716958     	-0.9947404     	-0.85248387    	-1.0553207     	-1.003423      	-1.0968395     	-1.031235      	-1.1069286     	-1.0348139     	-1.0635983     	-1.2575221     	-1.1300213     	-1.2088464     	-1.0862451     	-1.0490831     	-1.2623665     	-1.0880673     	-1.2221947     	-1.2710397     	-1.1463039     	-1.2595267     	-0.94272006    	-1.1034769     	-0.9119589     	-1.0529752     	-0.8453937     	-0.9144537     	-1.3539815     	-1.2960491     	-1.2047865     	-1.1493345     	-0.9516545     	-1.2056799     	-1.3752499     	-0.7360045     	-0.97591555    	
-1.1007766     	-0.94195586    	-0.7533961     	-1.4349961     	-1.1428804     	-0.9994102     	-1.1783429     	-1.0557439     	-1.1572037     	-0.9140963     	-0.77360183    	-0.9780036     	-1.2935334     	-1.0349126     	-1.0551442     	-0.85573715    	-0.9580426     	-0.8519404     	-0.9764472     	-1.0165808     	-1.1949937     	-0.99367565    	-1.2068272     	-1.08545       	-0.88877386    	-1.1628737     	-0.97208536    	-1.1857958     	-1.061603      	-1.1991999     	-1.4324572     	-1.3819335     	-1.166578      	-1.2423604     	-1.176229      	-0.6178276     	-0.5189562     	-1.1305573     	-1.4346778     	-0.42194036    	-1.3695557     	-0.9276751     	-1.7125131     	-1.3618119     	-0.86464214    	-1.6030037     	-1.3969147     	-1.2466495     	-1.072937      	-1.9735488     	-1.3746461     	-1.4557884     	-1.4269264     	-1.0441085     	-1.6282254     	-1.4521546     	-1.8657378     	-1.440047      	-1.1415526     	-1.4238137     	-1.0940602     	-1.834714      	-0.63360435    	-1.1445651     	-1.6960269     	-0.9671054     	-0.49494553    	-0.6706819     	-1.0639309     	-1.0473104     	-0.8724317     	-1.0534524     	-0.98838913    	-1.0326002     	-1.1552938     	-1.0707945     	-1.2050513     	-1.2118957     	-1.383091      	-1.1750962     	-1.148248      	-1.0190481     	-0.9574553     	-1.1356627     	-1.2114769     	-0.96296734    	-1.2109212     	-1.0388151     	-1.2506454     	-1.1852914     	-1.0626522     	-1.142288      	-1.0181465     	-1.1877228     	-1.0959709     	-1.2760376     	-0.90000135    	-0.9839908     	-1.124739      	-1.0612546     	
-0.70653796    	-1.1861825     	-0.9927545     	-1.1543698     	-1.3856449     	-0.91352725    	-1.1865307     	-1.0299207     	-1.0917141     	-1.0939685     	-0.88164467    	-1.1719588     	-1.0947297     	-1.2259922     	-1.0968846     	-1.1303883     	-1.1458457     	-1.2320958     	-1.0658635     	-0.9512784     	-0.90059614    	-1.1866803     	-1.0469959     	-1.0943904     	-1.033502      	-1.1354243     	-1.1081301     	-1.1336384     	-1.1336027     	-0.9746288     	-1.4634845     	-1.286011      	-1.486312      	-1.3645998     	-0.7649471     	-0.62707555    	-1.5876026     	-0.8763073     	-0.9494791     	-2.008888      	-1.9958439     	-1.1822379     	-1.8346639     	-1.4092755     	-1.3182694     	-1.1659749     	-1.6184312     	-1.1168704     	-1.4516846     	-0.91403675    	-1.0620557     	-2.004655      	-1.0547966     	-1.2181704     	-0.7616062     	-0.8838576     	-0.5073845     	-1.3232172     	-1.423851      	-1.0004581     	-1.5960792     	-1.6987622     	-1.2639716     	-1.1133721     	-2.0516098     	-0.716293      	-0.6922188     	-1.1447364     	-1.3176131     	-1.05135       	-1.1386591     	-1.2995416     	-1.255209      	-1.2410742     	-0.93881834    	-1.206704      	-1.0441437     	-1.122455      	-1.1373792     	-0.89784265    	-0.96592987    	-1.1057816     	-1.0520811     	-1.0623883     	-1.1855356     	-0.75769037    	-0.94590575    	-0.93365884    	-1.3441857     	-1.1012841     	-1.1386234     	-1.1177349     	-0.9844052     	-1.165844      	-0.99572337    	-1.1849391     	-1.1440496     	-1.0237124     	-1.0509675     	-1.0256807     	
-1.2241597     	-1.1930348     	-1.2184441     	-1.5237204     	-1.149367      	-0.8049521     	-0.95049864    	-1.1614562     	-1.1952326     	-1.0367675     	-1.1420357     	-1.2352221     	-1.1067842     	-1.1808796     	-0.93039185    	-1.0371212     	-0.8118912     	-1.1084421     	-1.0922812     	-1.06979       	-0.8596334     	-1.1180893     	-1.1725811     	-0.9279411     	-0.99309397    	-0.91991025    	-1.2532887     	-0.9536839     	-1.0909804     	-0.8766003     	-1.0210962     	-1.529627      	-1.3339355     	-1.0740637     	-0.45357847    	-0.6847418     	-0.91739947    	-0.41161245    	-0.7376291     	-0.9673309     	-1.401951      	-0.64337784    	-1.0745591     	-0.8640211     	-0.9253074     	-1.9580423     	-0.8140208     	-0.2800898     	-1.0988283     	-0.7087807     	-1.2353308     	-0.90600413    	-0.9164412     	-0.64079285    	-1.7383329     	-1.2979118     	-0.6991321     	-0.9051264     	-1.2377892     	-1.2828782     	-1.2163739     	-1.1896685     	-0.76820695    	-0.88048404    	-0.54541934    	-1.2076905     	-0.50207984    	-1.1470122     	-0.47568357    	-0.7172496     	-0.9769349     	-0.8656        	-1.1142955     	-1.2622933     	-1.2531736     	-1.0870304     	-1.1941618     	-1.182525      	-1.2525142     	-0.93063706    	-1.0547904     	-1.138017      	-1.0834534     	-0.9945191     	-1.052206      	-1.1239557     	-1.0980564     	-1.1675537     	-1.1650808     	-1.049076      	-1.0336086     	-1.0847043     	-1.2370052     	-1.4095789     	-1.1696707     	-0.98338336    	-1.3602557     	-1.2729465     	-1.2428027     	-0.9536788     	
-1.4183173     	-0.8603023     	-0.9353213     	-0.40027058    	-0.43601757    	-1.0295054     	-1.0918493     	-0.9601449     	-0.98463434    	-0.9998656     	-1.2343946     	-1.2115176     	-1.2051032     	-0.9582733     	-0.92507046    	-1.0483663     	-1.113094      	-1.1572042     	-1.0999552     	-0.77446127    	-1.2002311     	-1.0800047     	-1.0032996     	-0.944399      	-0.88491327    	-1.118663      	-1.2248585     	-1.1521566     	-1.0731887     	-1.1952671     	-1.3838322     	-1.009138      	-0.50303197    	-1.2630427     	-0.91727483    	-1.0165944     	-1.1098418     	-0.79922557    	-1.5487189     	-0.69486       	-1.0270202     	-1.454942      	-0.5058144     	-1.0429491     	-1.48487       	-1.1614263     	-1.2288022     	-1.3709527     	-1.5833161     	-1.0899426     	-0.6379335     	-0.78480226    	-1.3856426     	-1.6023384     	-1.3439709     	-1.2157063     	-1.3534371     	-0.9096063     	-0.8620228     	-1.0255722     	-0.85974944    	-1.2078196     	-0.7394775     	-1.2826049     	-0.9810929     	-1.4820734     	-1.1363238     	-1.3821615     	-1.0206234     	-1.1033722     	-1.0517346     	-1.0539527     	-0.9453893     	-1.1352613     	-1.210928      	-1.0606873     	-1.0190266     	-1.0601454     	-1.0723075     	-1.25526       	-1.2241738     	-1.0437385     	-0.9974492     	-1.2595034     	-0.9283167     	-0.9458553     	-1.2371359     	-1.1949545     	-1.0761704     	-1.005022      	-1.0455582     	-0.9000102     	-1.0841194     	-1.2369223     	-1.2219877     	-1.0389425     	-1.2161789     	-1.1712631     	-1.1434792     	-1.1525496     	
-1.0302637     	-1.3930498     	-1.0941346     	-1.0915004     	-1.5308477     	-0.94997346    	-0.7989555     	-1.0229219     	-0.9931555     	-1.3403834     	-1.165061      	-1.1596435     	-1.1615708     	-1.2423811     	-0.91179824    	-1.0466478     	-0.99961156    	-1.1544503     	-1.3453798     	-1.3293303     	-1.1866033     	-1.1631606     	-1.182971      	-0.98544645    	-1.2273171     	-1.2180538     	-1.216379      	-1.1872531     	-1.063399      	-1.0590181     	-1.0965574     	-1.4439473     	-1.0186577     	-1.5870327     	-1.468686      	-0.86361957    	-1.5445479     	-1.1214929     	-2.1098497     	-0.9361476     	-0.9477692     	-1.2124019     	-1.0331411     	-1.7975296     	-1.3619332     	-0.9529345     	-1.5159335     	-1.302518      	-1.1602042     	-0.72217816    	-1.1575581     	-1.0789111     	-1.0538938     	-0.45977756    	-0.8104119     	-1.0241649     	-1.0051016     	-0.71208495    	-1.1625807     	-1.1675497     	-1.074614      	-1.1375271     	-1.2357966     	-0.9971954     	-1.1007043     	-0.9897476     	-1.0300922     	-1.2978625     	-1.2843097     	-1.2252674     	-0.9650329     	-1.0669314     	-1.0435312     	-1.219258      	-1.1854782     	-1.0432776     	-0.93656063    	-1.0169086     	-1.2420695     	-1.1549766     	-1.3176403     	-1.1538701     	-1.0384493     	-0.95175594    	-0.9250972     	-1.0152969     	-1.1304401     	-1.3100203     	-0.7191657     	-1.0340744     	-1.1099449     	-1.1737384     	-0.933243      	-1.2570598     	-1.1051642     	-1.0052669     	-1.0231884     	-1.071445      	-1.0969865     	-0.922943      	
-1.2321157     	-1.032349      	-0.94420636    	-0.8178959     	-1.1020718     	-0.92353517    	-0.6546958     	-1.1108062     	-1.153493      	-1.1340688     	-1.2428114     	-0.9876793     	-0.8512808     	-1.0792792     	-1.0992597     	-0.9213364     	-0.9141231     	-1.0673705     	-0.80830646    	-1.2682713     	-1.2521584     	-1.1295698     	-1.2128109     	-0.9358697     	-1.186094      	-1.1429584     	-0.90459853    	-1.0032351     	-1.2483389     	-1.048626      	-1.110668      	-0.81873643    	-0.7295693     	-1.9872408     	-1.3484943     	-1.1235735     	-0.9925248     	-0.6343571     	-1.9316498     	-0.9537762     	-0.98914665    	-1.0286262     	-0.7769442     	-0.7506108     	-1.1318611     	-1.0315723     	-1.2035341     	-1.2588923     	-1.3346651     	-1.1696075     	-1.4089433     	-1.1841015     	-1.0487728     	-1.0839474     	-1.0776194     	-0.92493904    	-1.135984      	-1.0029255     	-1.1577518     	-1.2030874     	-1.0392069     	-0.9975171     	-1.0583544     	-1.2207208     	-0.97095156    	-0.9897607     	-1.2481849     	-1.3755184     	-1.4761748     	-1.1584619     	-1.0713342     	-1.1041442     	-1.1687391     	-0.99786186    	-0.99092466    	-1.058596      	-1.0342507     	-0.9713005     	-1.0862911     	-1.1478592     	-1.1847425     	-0.8912977     	-0.99668354    	-1.0916488     	-1.0439445     	-1.1197176     	-0.96101785    	-1.2333637     	-1.229182      	-1.1573896     	-0.98450595    	-1.2715012     	-1.0380199     	-0.9258442     	-1.2876762     	-1.1009543     	-0.9578964     	-1.1374516     	-1.3252232     	-1.2486134     	
-1.7200019     	-1.1698246     	-1.0431223     	-1.0096318     	-1.5107665     	-1.8631133     	-1.3423388     	-1.2566266     	-0.8970153     	-1.0990086     	-0.8865059     	-1.1083138     	-0.89350194    	-1.0030657     	-1.1888217     	-1.2016828     	-1.3464938     	-1.1809164     	-1.3104622     	-0.9315775     	-1.0697489     	-1.0768926     	-0.9338371     	-0.82888573    	-0.9797627     	-1.0318017     	-1.1559626     	-1.1554323     	-1.2304504     	-1.1991        	-1.0330967     	-1.2688708     	-1.0664325     	-0.9342919     	-0.801171      	-1.0379778     	-0.81474566    	-0.8587017     	-0.58416563    	-0.9041453     	-1.5174917     	-1.2035406     	-1.1486766     	-0.9920514     	-1.0354561     	-0.8350947     	-1.4068675     	-0.9861628     	-1.1277857     	-0.939246      	-1.0492426     	-1.0361859     	-1.0049403     	-1.2742827     	-1.2889531     	-0.9530038     	-1.0484371     	-0.8417357     	-1.0064324     	-1.1814016     	-1.1819696     	-1.2351854     	-0.95765644    	-1.0535452     	-1.2276477     	-1.0534651     	-1.3064804     	-1.050079      	-1.1665125     	-1.0845        	-1.0750374     	-1.0704497     	-1.0311053     	-1.1753076     	-1.0741085     	-0.9620719     	-1.1662338     	-1.1220815     	-1.08395       	-1.1325779     	-0.9520703     	-1.2194659     	-1.3813765     	-1.234924      	-1.0964406     	-1.1347134     	-1.1775948     	-1.2805519     	-1.1914191     	-1.1238213     	-1.3377323     	-1.1031741     	-0.9205985     	-1.2719296     	-0.9610115     	-0.87375027    	-1.3260156     	-1.4008881     	-1.014456      	-1.0272752     	
-1.639156      	-1.6258456     	-1.847261      	-1.5934285     	-1.097424      	-0.6360569     	-1.1633261     	-1.7062951     	-1.2656933     	-1.0910425     	-0.95948845    	-1.0426357     	-0.98685044    	-0.8450336     	-1.0459754     	-1.2141535     	-0.99995905    	-1.0695137     	-0.9611953     	-1.2366344     	-1.0128353     	-1.0186222     	-1.0332075     	-1.3083746     	-0.8695596     	-0.9121202     	-1.2492093     	-1.3017815     	-1.1017486     	-1.3771452     	-1.3906773     	-0.9678001     	-1.1014689     	-0.98269194    	-1.0900487     	-0.8324203     	-0.9459744     	-0.8492257     	-1.312142      	-1.3030808     	-1.0530319     	-1.2336296     	-1.1327257     	-1.2911673     	-0.9324332     	-1.2024449     	-1.253052      	-1.0245426     	-1.1880163     	-1.0494653     	-0.9921293     	-1.1066706     	-1.0229647     	-0.95288426    	-0.82056344    	-1.0676699     	-1.0715789     	-1.2366167     	-1.0584638     	-1.2070435     	-1.0712292     	-0.96831405    	-0.950596      	-1.2403116     	-0.7466177     	-0.994371      	-1.0035554     	-0.99289083    	-1.0798928     	-1.3753219     	-1.2044643     	-0.8894742     	-0.7854811     	-1.0600544     	-1.2535305     	-1.2261841     	-1.082434      	-0.9371086     	-1.1514369     	-1.0508118     	-1.0826406     	-1.248399      	-1.0688769     	-0.86196893    	-1.121527      	-1.1058171     	-1.0146797     	-1.322592      	-1.093113      	-1.3374428     	-1.0175452     	-1.2147069     	-1.1097108     	-0.9984511     	-1.2113999     	-1.197742      	-1.0213984     	-1.1080291     	-1.1226033     	-0.90444213    	
-1.2629154     	-0.54836255    	-0.9743072     	-1.4976301     	-0.73846704    	-1.2726668     	-0.63144624    	-1.1039        	-1.1712875     	-1.1705366     	-1.0537608     	-0.944822      	-1.1684785     	-0.95846856    	-1.2068579     	-1.0748764     	-1.0312456     	-0.9220626     	-1.0584819     	-1.3053106     	-1.0446112     	-1.1227174     	-1.192046      	-1.1160878     	-1.0587659     	-1.1006362     	-1.393239      	-1.1302681     	-1.1411846     	-0.8930921     	-1.1999259     	-1.22221       	-1.018222      	-1.1875808     	-0.87276345    	-0.92561734    	-0.9384631     	-1.1503785     	-0.71214324    	-1.4227427     	-1.2761413     	-1.3448502     	-1.0466571     	-0.85913       	-1.0555451     	-0.9288099     	-0.9744185     	-1.3883331     	-0.90686435    	-1.2120442     	-1.0034477     	-1.016408      	-1.0311866     	-1.0695808     	-0.88640136    	-1.1946425     	-1.076465      	-1.0768673     	-1.1089514     	-0.9764355     	-0.96049505    	-1.0957004     	-0.93743587    	-0.9878898     	-0.97828466    	-1.122373      	-1.0008851     	-1.2355437     	-1.0039405     	-1.2799175     	-1.0255992     	-1.0343363     	-1.0149326     	-1.0597402     	-1.4009573     	-1.1570607     	-1.1789904     	-1.0735024     	-0.9861676     	-1.0603871     	-1.2418611     	-0.9803269     	-0.9984514     	-0.9379262     	-1.1192758     	-1.1322088     	-1.0210451     	-1.1733282     	-0.8517057     	-1.0720744     	-0.7656239     	-0.98225135    	-1.1732714     	-1.1290581     	-1.1915218     	-0.9041376     	-1.147085      	-1.0909085     	-1.0444775     	-1.2181797     	
-0.896978      	-1.3427651     	-1.5278374     	-0.81235296    	-1.2004848     	-1.5689391     	-1.0739818     	-1.3640072     	-0.8897259     	-1.4922953     	-1.1672038     	-1.0272503     	-1.1760068     	-1.0766958     	-1.279307      	-0.89773005    	-0.93454915    	-1.0815077     	-1.1289785     	-1.003178      	-1.3466223     	-1.1692288     	-1.1171578     	-1.0947417     	-1.1658232     	-1.1431687     	-0.91023767    	-0.91475695    	-0.8959672     	-1.1150419     	-1.1440008     	-0.8893923     	-1.0477844     	-0.94073796    	-1.3207247     	-0.95821404    	-1.3232933     	-0.8295822     	-1.2143394     	-1.1181926     	-1.0310092     	-1.267185      	-0.9727787     	-0.93753976    	-1.170092      	-1.12405       	-1.2043567     	-0.97077864    	-1.0270678     	-1.3010751     	-0.93706447    	-1.0095013     	-1.1550184     	-1.0800208     	-1.0771568     	-1.151916      	-1.2790043     	-0.92278916    	-1.4453139     	-0.95874715    	-1.2593482     	-0.8486775     	-0.98353887    	-0.93661517    	-1.1157377     	-1.1182642     	-1.371293      	-1.1314614     	-1.0530629     	-1.1472577     	-1.3271631     	-1.1740748     	-0.95527494    	-1.0984905     	-1.0850375     	-1.1196691     	-1.3197577     	-1.1126046     	-1.1091831     	-1.0917673     	-1.1034672     	-1.0965053     	-1.0385251     	-1.2288046     	-1.0236952     	-1.1968008     	-0.856478      	-1.1886046     	-1.1233611     	-1.298982      	-1.0715652     	-1.1657761     	-1.0413882     	-0.8691464     	-1.0477489     	-0.86880136    	-1.0364373     	-1.0293123     	-0.63949424    	-1.1603131     	
-0.60930353    	-0.987094      	-1.020603      	-0.77046573    	-0.9207557     	-1.1090549     	-1.2665612     	-1.190654      	-1.1393099     	-0.7886161     	-1.0901273     	-0.9562981     	-0.941356      	-1.1612661     	-1.0373129     	-1.0494375     	-1.1954402     	-1.044638      	-1.1392426     	-1.0540267     	-0.8962962     	-1.1955433     	-1.25892       	-1.3741045     	-1.0628237     	-1.0460936     	-1.1959195     	-1.0621951     	-1.3397174     	-0.99924135    	-0.9959986     	-1.1823554     	-1.2119904     	-1.1689416     	-1.2569364     	-1.1183844     	-1.0597737     	-0.8460485     	-0.92591643    	-0.84176254    	-0.9818948     	-1.024636      	-0.66524696    	-1.1153729     	-1.123166      	-0.87311065    	-1.0727404     	-1.0500171     	-1.241121      	-0.9585527     	-1.0167551     	-1.1653587     	-1.0107495     	-1.0824182     	-0.9976867     	-0.92386013    	-1.0413842     	-1.2338105     	-1.3390431     	-1.2558804     	-1.0505475     	-1.1337955     	-0.90539575    	-1.1367673     	-1.3395665     	-1.4416103     	-1.1652405     	-1.2006946     	-1.1011674     	-1.1756938     	-0.9648588     	-1.2396692     	-1.1304028     	-1.2260756     	-1.1266534     	-1.0165293     	-1.1853485     	-0.9347906     	-1.1972467     	-1.260277      	-0.85175955    	-1.1219568     	-0.9683776     	-1.221756      	-0.94350064    	-0.99652714    	-1.031702      	-1.2381345     	-1.2237043     	-1.3422501     	-1.1472052     	-1.1646361     	-0.9352498     	-1.030808      	-1.0635395     	-0.98418057    	-1.0466449     	-1.1398429     	-1.0104203     	-1.0007755     	
-1.3627621     	-1.0514613     	-1.0083278     	-1.0018766     	-0.94672996    	-1.216465      	-1.2078602     	-0.9624104     	-0.93692595    	-1.1067578     	-1.2673018     	-1.2802446     	-1.1229142     	-0.9696055     	-0.9318893     	-1.2033801     	-1.1905335     	-1.0666785     	-1.1003504     	-1.0129184     	-1.0851529     	-0.99302584    	-0.9104471     	-1.1570951     	-1.1980337     	-0.9893825     	-0.8003217     	-1.18227       	-1.1197693     	-0.9425895     	-1.1433988     	-1.1506814     	-1.168338      	-1.0063753     	-1.259121      	-1.0082507     	-0.8965284     	-1.1954482     	-1.0912218     	-1.011158      	-1.0750369     	-1.0482613     	-1.0559671     	-1.145823      	-1.0751683     	-0.9413057     	-1.0489758     	-1.1569388     	-1.4063709     	-1.064358      	-1.092507      	-1.066107      	-1.0731156     	-1.0129579     	-1.0155905     	-1.1481911     	-1.237453      	-0.9581591     	-0.96249735    	-1.1469404     	-1.212333      	-0.99004227    	-1.0307846     	-1.0314342     	-1.0023786     	-0.60684705    	-1.2166235     	-1.1329014     	-1.015324      	-1.0928887     	-1.4836378     	-0.9391904     	-1.1681902     	-1.1809238     	-1.2765485     	-1.2170262     	-1.0204031     	-1.0569527     	-1.3583356     	-1.2161587     	-1.1904536     	-1.4260732     	-1.0255173     	-1.1459212     	-1.2009215     	-1.3631501     	-1.2161567     	-1.4293823     	-1.173592      	-1.1805744     	-0.98397166    	-1.117275      	-1.2721502     	-1.0818142     	-1.1165133     	-1.1646894     	-1.153503      	-0.95125926    	-1.2144835     	-0.9339806     	
-1.0668288     	-1.0195473     	-0.89778143    	-1.0234784     	-1.1212054     	-1.2938592     	-0.8989991     	-1.2551672     	-1.0066358     	-1.1391723     	-1.0567298     	-1.1649565     	-1.143466      	-0.99694717    	-1.08369       	-1.3086184     	-1.1815814     	-1.2440155     	-1.0534289     	-1.2575862     	-0.92540455    	-1.0556791     	-1.1486267     	-1.278692      	-0.93635535    	-1.2314662     	-0.90273017    	-1.029349      	-1.1381714     	-1.1939583     	-1.2142706     	-1.0611542     	-1.2146919     	-1.0707        	-0.76777166    	-1.3050705     	-1.0837393     	-1.096564      	-0.8676509     	-1.11554       	-1.084977      	-0.95393825    	-1.1633108     	-1.249858      	-1.2068161     	-1.0850209     	-0.9022481     	-1.355469      	-1.3615363     	-1.0949893     	-1.0597575     	-1.0050836     	-1.2756953     	-1.0561265     	-1.0485646     	-1.1111238     	-0.8791232     	-1.1600345     	-0.88520974    	-1.1567024     	-1.1552602     	-0.9827965     	-0.92996377    	-1.0128846     	-0.9082393     	-1.2412378     	-0.8128504     	-1.0688425     	-1.0443455     	-1.0890899     	-1.1865377     	-1.0677902     	-0.85343146    	-0.79665315    	-1.2161632     	-0.9034782     	-1.1621671     	-1.0993273     	-1.0082752     	-0.82718277    	-1.1429265     	-0.9083062     	-0.93052965    	-1.2598016     	-0.843837      	-1.3135086     	-1.2723155     	-1.0657586     	-1.2703235     	-1.2011006     	-1.2055172     	-1.2904344     	-1.2790985     	-1.1396178     	-1.1090182     	-0.91221064    	-0.8671359     	-1.0841162     	-1.0365587     	-0.96550846    	
-1.0582436     	-1.3141587     	-1.4131812     	-1.4655833     	-1.1075248     	-1.2271119     	-1.2051594     	-1.0945165     	-1.2884105     	-1.0379634     	-0.9480669     	-0.887931      	-1.1368928     	-1.0272764     	-1.089432      	-0.8825875     	-1.2534624     	-0.8759202     	-1.2191447     	-0.99736327    	-1.0025661     	-0.94813704    	-1.2146921     	-0.97565895    	-1.1520008     	-1.2733257     	-0.9871553     	-1.3137012     	-1.1712533     	-1.0519327     	-1.1770251     	-0.75981313    	-0.84594744    	-1.3576956     	-1.0394189     	-0.97208214    	-1.159898      	-1.1618458     	-1.0478492     	-1.3003571     	-1.0000638     	-0.99558437    	-1.217058      	-1.0603191     	-1.2687871     	-1.216088      	-1.1706214     	-1.0213656     	-1.1195458     	-0.983518      	-1.2219764     	-1.0230025     	-1.3101846     	-1.1080683     	-0.9122607     	-1.0977566     	-1.0415944     	-0.86059684    	-1.0251291     	-1.3733104     	-1.1180142     	-1.0613576     	-1.0942135     	-0.98897517    	-1.0107527     	-1.1174587     	-1.3666214     	-1.0515487     	-1.1653826     	-1.0392812     	-1.1622816     	-1.2730485     	-1.2166308     	-0.89356005    	-0.73652124    	-0.979617      	-1.0980989     	-0.9215587     	-1.143624      	-1.1345508     	-1.1067896     	-0.9492054     	-1.2058349     	-0.98822016    	-1.0202284     	-0.9997731     	-0.8700982     	-0.8760784     	-1.2094116     	-1.1865705     	-0.9944834     	-1.1810001     	-0.9664134     	-1.1822886     	-1.0878506     	-0.91375065    	-1.0395856     	-1.2008729     	-1.0794196     	-1.1555903     	
-1.3548007     	-1.1384985     	-0.9772279     	-0.99186325    	-0.921145      	-1.1983697     	-1.281327      	-1.0563153     	-0.9835553     	-1.1103426     	-1.1072196     	-1.0824996     	-1.4180166     	-1.1148185     	-1.2481105     	-1.0069064     	-1.2558645     	-1.0349864     	-1.0805871     	-0.959733      	-0.93875265    	-1.0158821     	-1.0266421     	-0.8025491     	-1.3073033     	-1.1560647     	-1.1764538     	-1.2802877     	-0.9894551     	-1.2133892     	-1.084802      	-1.0145512     	-1.1999526     	-1.2186189     	-1.2062205     	-1.0895103     	-1.3215809     	-1.2821008     	-1.1507658     	-1.0763482     	-1.1560864     	-1.2837604     	-0.9789331     	-0.91815674    	-0.9185565     	-1.1952798     	-0.9225426     	-0.9892828     	-1.1733745     	-1.0364482     	-1.1329217     	-1.2030367     	-1.0810329     	-1.0172819     	-1.0690856     	-1.1117766     	-0.85231197    	-1.1237363     	-0.9509853     	-0.9887577     	-1.3386238     	-1.1477983     	-1.1131821     	-1.0351831     	-1.1115704     	-1.4105905     	-1.3777953     	-1.1833355     	-1.0750835     	-0.97300816    	-0.80619943    	-1.089678      	-1.068008      	-1.0050228     	-1.0579327     	-1.3372971     	-1.1372985     	-1.0933946     	-1.336726      	-1.2844594     	-1.356056      	-0.99311197    	-0.9379518     	-1.2075431     	-1.1101846     	-1.0949202     	-1.2702422     	-1.0650431     	-1.1031038     	-1.3243388     	-0.89849347    	-0.9111166     	-1.267952      	-1.1101854     	-1.0323335     	-0.8856808     	-1.4584135     	-1.1263152     	-1.1086543     	-1.0940921     	
-1.1318197     	-0.8727792     	-0.8917243     	-1.0575327     	-1.1061835     	-0.96214324    	-0.93771106    	-1.0811183     	-1.0563442     	-1.0734127     	-1.350964      	-0.915536      	-1.1485776     	-1.0964553     	-1.0973798     	-1.0525335     	-1.107668      	-0.92275447    	-0.9493213     	-1.1877334     	-1.1931815     	-1.1186814     	-1.1688446     	-1.293987      	-1.0646361     	-1.203466      	-1.1145802     	-1.1193081     	-1.0597168     	-1.0349646     	-0.9463222     	-1.1041917     	-0.9640277     	-1.2458937     	-1.0516815     	-0.9477598     	-1.1344974     	-0.9568034     	-0.8203899     	-0.94784313    	-0.9918911     	-1.1253346     	-1.1513762     	-0.9987218     	-0.97482574    	-1.1020144     	-1.1499097     	-0.94427276    	-1.1375508     	-1.1553907     	-1.0788227     	-1.1463909     	-1.0154591     	-1.0625467     	-1.0612284     	-1.2898088     	-0.8973404     	-0.8656902     	-1.0286789     	-0.88794863    	-1.029658      	-1.0808115     	-1.2575774     	-0.932737      	-1.4038825     	-1.0350212     	-0.9947055     	-1.3732615     	-0.6876966     	-1.3962649     	-0.7775545     	-1.2585688     	-0.8509431     	-1.1967795     	-1.1407282     	-0.77203953    	-0.7926627     	-0.7819269     	-1.0203861     	-0.9689258     	-1.0909672     	-0.9844358     	-1.1699002     	-1.1212356     	-0.9755745     	-1.0142938     	-1.0760939     	-1.0261375     	-1.3412992     	-1.1552668     	-1.1030581     	-0.7916235     	-1.1019641     	-0.9095858     	-0.99517167    	-1.0316641     	-1.1122286     	-1.089003      	-1.0095768     	-1.2484221     	
-0.9280201     	-1.039622      	-1.0935576     	-1.1479844     	-1.127814      	-1.1398519     	-0.8020293     	-1.2797791     	-1.2926475     	-1.1757495     	-1.531275      	-0.9582485     	-1.1116873     	-1.1335393     	-1.0995616     	-1.0162185     	-1.1557869     	-0.9748384     	-1.0880262     	-1.0663714     	-1.2416863     	-1.3282603     	-1.1446999     	-1.0066028     	-1.1360949     	-1.1802145     	-1.2645273     	-1.0442559     	-0.8567802     	-1.0269017     	-1.0518796     	-0.9728077     	-0.9601608     	-0.985297      	-1.1903077     	-1.2299912     	-1.2446117     	-1.11372       	-1.293856      	-1.0603015     	-1.2632757     	-0.98490775    	-1.1065311     	-0.7793245     	-1.0199013     	-1.0498213     	-1.1612879     	-0.9070892     	-1.0839447     	-1.0387057     	-1.1631777     	-1.0749866     	-1.0860965     	-1.311003      	-1.1943958     	-0.5967846     	-0.90683717    	-1.2665899     	-1.115809      	-1.5283906     	-1.0788918     	-1.1103507     	-1.519001      	-1.1034918     	-0.83615375    	-1.0797502     	-0.9338791     	-1.2307978     	-1.321998      	-0.96887314    	-0.9744109     	-0.89265406    	-1.0372391     	-0.74541825    	-1.1028761     	-1.0944675     	-0.5186984     	-0.941272      	-1.061914      	-1.228137      	-1.0273502     	-1.1722826     	-1.1883935     	-1.2769637     	-0.97348386    	-1.3184958     	-1.0944278     	-1.1599662     	-1.2696955     	-1.3160056     	-1.0981864     	-1.1866608     	-0.87175584    	-1.0572282     	-1.0405225     	-1.065131      	-1.2105643     	-1.1390381     	-0.86382425    	-1.0199988     	
-1.1115355     	-1.0197954     	-1.189317      	-1.1664313     	-0.90431285    	-1.1010357     	-0.7563117     	-0.9764431     	-0.8359541     	-1.2188668     	-1.172653      	-1.2537613     	-1.1168433     	-1.1521231     	-1.125458      	-1.2514026     	-1.1066196     	-1.1911719     	-1.2065629     	-1.1313905     	-0.77759105    	-0.9552329     	-1.0401617     	-1.1076757     	-1.1256508     	-1.0104604     	-0.970136      	-0.9308389     	-1.0294979     	-1.0109566     	-1.2339243     	-1.1526583     	-0.97645855    	-0.95495385    	-1.0913637     	-0.83251154    	-1.2771904     	-1.1689131     	-0.93073565    	-1.1102868     	-0.9007399     	-0.91673607    	-1.1654391     	-0.9102796     	-1.0595601     	-1.1142155     	-0.9372961     	-1.2440472     	-0.93788755    	-1.3956409     	-1.2288597     	-0.91989505    	-0.9339291     	-1.6347913     	-1.1718886     	-1.3703184     	-0.8054254     	-1.5102218     	-0.69039613    	-1.4120609     	-0.5945296     	-0.7753736     	-1.8157798     	-0.53610396    	-1.1753274     	-0.8044043     	-0.9178125     	-0.5859395     	0.27007225     	-0.8102896     	-0.7487235     	-0.6930484     	-0.49398044    	-1.4433863     	-1.3741754     	-1.5805287     	-1.2414865     	-0.75190806    	-1.1381319     	-1.1647917     	-1.1520408     	-1.2798123     	-0.85488045    	-1.2699984     	-1.1094072     	-1.1850772     	-1.0509037     	-1.0066222     	-0.9913401     	-1.22418       	-1.1546305     	-1.0325369     	-1.1673626     	-1.184867      	-1.0849383     	-1.2641908     	-1.191325      	-1.168514      	-1.3385355     	-1.1736652     	
-1.1130899     	-0.87341875    	-0.9465121     	-0.9149257     	-0.9272711     	-1.0736634     	-1.0663978     	-1.2661959     	-1.218246      	-0.9345843     	-1.0729251     	-0.9886506     	-1.1384184     	-1.0686282     	-1.1542342     	-1.1971847     	-1.0341207     	-0.9987158     	-1.1102442     	-1.1591886     	-0.89537823    	-1.1171955     	-1.1825755     	-0.95180833    	-1.238277      	-1.1678591     	-1.072694      	-1.042377      	-1.1412398     	-1.4461856     	-0.8074253     	-1.1187927     	-0.9828635     	-1.1772496     	-1.0669812     	-0.99149454    	-0.96361744    	-0.9723696     	-0.9748926     	-1.1993623     	-1.0061125     	-1.1005149     	-1.4288275     	-0.7519377     	-0.543346      	-1.9654223     	-1.2630326     	-0.7656421     	-1.4330661     	-0.9974915     	-1.926745      	-0.6402202     	-0.9397373     	-1.0903996     	-0.96950614    	-1.1187273     	-1.4304175     	-1.0676659     	-1.3124038     	-1.4204805     	-0.8021857     	-0.8220885     	-1.5598643     	-1.8242697     	-0.9828165     	-1.13863       	-1.3193977     	-1.2465515     	-0.96523553    	-1.256329      	-1.3283706     	-0.6958848     	-0.27857742    	-0.75212395    	-1.0880797     	-0.9726499     	-1.0727254     	-1.1537976     	-1.1081722     	-1.0417178     	-1.0651987     	-0.9836705     	-0.9691548     	-1.2961538     	-1.2473676     	-1.2574515     	-1.0478283     	-0.9993685     	-1.2599866     	-1.116535      	-1.0385321     	-1.0910423     	-1.0941502     	-1.2521371     	-0.83303726    	-1.0107868     	-1.1107389     	-1.1617981     	-1.01192       	-1.2022119     	
-1.0510201     	-1.0718603     	-1.055081      	-1.0281484     	-1.0554597     	-1.0222405     	-1.2968993     	-1.3513143     	-1.0079987     	-1.043093      	-0.8773114     	-1.1074256     	-1.0078775     	-1.1463807     	-1.1381058     	-1.0733604     	-1.1987457     	-0.92176336    	-1.1813558     	-1.0291543     	-0.877422      	-1.1125188     	-1.1097244     	-1.1813562     	-1.0693789     	-1.1923406     	-1.0736845     	-1.0986528     	-1.1202314     	-1.1808008     	-1.202024      	-1.0516127     	-0.9560524     	-1.0789559     	-1.1498381     	-1.1207199     	-0.88262796    	-1.0305349     	-1.0899352     	-1.2025564     	-1.159493      	-1.7380517     	0.458385       	-1.0246278     	-1.1108286     	-1.1459041     	-2.3001785     	-1.2662361     	-1.1866524     	-0.63066113    	-0.5882829     	-0.8908019     	-0.7308354     	-1.3006903     	-1.2591339     	-1.2210221     	-0.77142173    	-1.1421142     	-1.3888117     	-1.2520255     	-1.353059      	-1.4014932     	-0.90999407    	-0.49849007    	-0.9766084     	-2.1369452     	-1.1200591     	-0.8598714     	-1.3272084     	-1.2154679     	-0.8118955     	-0.76370364    	-2.2233539     	-0.78309697    	-0.43820915    	-1.4351095     	-1.8062404     	-0.94832957    	-1.545114      	-1.0867517     	-1.1663291     	-0.9439522     	-1.0502961     	-1.271426      	-1.0444337     	-1.0359956     	-1.1394728     	-1.0528355     	-1.0190189     	-1.1774056     	-1.0572239     	-1.1670592     	-0.9623923     	-1.2718049     	-1.1301979     	-0.94714385    	-1.0264901     	-1.1602224     	-1.1140772     	-0.879188      	
-0.9139337     	-1.0065305     	-1.0639265     	-1.0091021     	-1.0438377     	-0.95144355    	-1.043143      	-1.0825719     	-1.1223135     	-1.0488368     	-1.0414991     	-0.9618726     	-0.98355705    	-1.2351508     	-1.1543019     	-0.992227      	-1.0686957     	-0.80680037    	-1.0272908     	-0.72814476    	-0.94010866    	-1.0606871     	-0.75435936    	-1.0942302     	-1.2491407     	-1.136271      	-0.9010895     	-0.75831383    	-1.0079706     	-1.1468145     	-0.91588455    	-1.2003055     	-1.0807806     	-1.2731872     	-1.1127901     	-0.9192436     	-0.92705566    	-1.1427904     	-0.883492      	-1.1786904     	-0.84858215    	-0.84184366    	-1.1476221     	-1.2952371     	-1.2943195     	-1.4695895     	-1.3089126     	-0.8817534     	-0.9008372     	-0.9224086     	-1.0729079     	-2.0989928     	-1.7813903     	-1.2177467     	-1.0289416     	-0.9632232     	-1.0189936     	-1.6369606     	-0.95324844    	-0.34723553    	-1.5123632     	-1.232607      	-1.2720469     	-1.3526857     	-2.3046672     	-2.17232       	-1.1642066     	-0.78385264    	-1.0811676     	-0.9134151     	-1.2407986     	-1.2175832     	-1.0921937     	-1.2599702     	-1.3963759     	-0.5147746     	-0.51508206    	-1.0050129     	-1.3079983     	-1.0645502     	-1.01898       	-1.1296705     	-1.0815116     	-1.0140307     	-1.0674573     	-1.1941425     	-1.0796083     	-1.0056676     	-1.0458375     	-0.982166      	-0.96820045    	-0.94253194    	-0.9913429     	-0.9618591     	-1.0096773     	-1.0901502     	-1.1464586     	-1.0933564     	-1.1450278     	-1.2992357     	
-1.1581758     	-0.92523897    	-1.1001388     	-1.3357103     	-1.2464141     	-1.1258312     	-1.1744831     	-1.0451198     	-1.2053745     	-0.9856052     	-1.1244566     	-1.2422428     	-1.0219582     	-1.0415634     	-0.99754703    	-0.8304832     	-1.264638      	-1.1267953     	-1.0631399     	-1.2480327     	-1.1311197     	-1.1495271     	-0.8371455     	-1.0694327     	-1.1846921     	-1.2136309     	-1.0805795     	-1.313622      	-0.86838067    	-1.1631423     	-1.1358935     	-1.1056315     	-0.9710791     	-0.973832      	-0.9362652     	-1.1912704     	-1.0067688     	-0.5625466     	-1.8407346     	-1.065864      	-0.4340776     	-1.3407273     	-1.5002944     	-0.40857178    	-0.6564476     	-1.6689221     	-0.9224559     	-1.7725567     	-1.0947025     	-0.93129987    	-0.91286445    	-1.263861      	-1.0481831     	-1.203752      	-0.6301778     	-0.984149      	-1.0036374     	-1.3350525     	-0.84283113    	-0.70671445    	-0.8084559     	-1.1039284     	-1.0868468     	-0.5247874     	-0.65435946    	-0.85725737    	-1.5223519     	-0.9881671     	-1.1924531     	-0.5750065     	-0.9332493     	-0.7116117     	-1.1915095     	-1.6935056     	-0.90644145    	-1.4426252     	-1.2496624     	-1.3181121     	-0.93630844    	-0.9079743     	-0.9685323     	-1.0078444     	-0.92752576    	-0.9551235     	-1.1402705     	-0.93276745    	-0.7513455     	-0.94134426    	-1.0872248     	-1.0528103     	-0.9588576     	-1.1730214     	-1.2193551     	-0.83159083    	-1.0583706     	-1.0945904     	-1.0278579     	-0.9656923     	-0.93380994    	-1.0431527     	
-1.1265875     	-1.1234514     	-1.2336262     	-1.0895115     	-0.88040763    	-0.86225295    	-1.1874882     	-1.2836415     	-1.0173641     	-1.109297      	-1.2199953     	-0.97959596    	-1.5445455     	-0.78644955    	-0.80919516    	-0.9770079     	-1.0707911     	-1.2837226     	-1.252418      	-1.0974163     	-1.1520617     	-1.1240754     	-1.1386474     	-1.332167      	-1.0772134     	-0.94675535    	-1.168194      	-1.3214931     	-1.0893333     	-0.94325566    	-1.1616336     	-1.1166582     	-1.2207243     	-0.96601534    	-1.1893444     	-1.0697266     	-0.98766625    	-1.080674      	-0.14966562    	-0.78597605    	-0.47680026    	-0.8493174     	0.16992293     	-0.718561      	-0.9315882     	-0.76693887    	-1.2384381     	-0.5901417     	-1.6635072     	-0.9567307     	-0.8206386     	-0.8040404     	-1.4532512     	-0.4727584     	-0.9229311     	-1.2650578     	-1.0928037     	-1.0523434     	-1.2569385     	-0.68745106    	-1.1126745     	-1.3407857     	-1.3525718     	-1.233454      	-1.2391386     	-1.0944257     	-0.7300488     	-1.2829393     	-0.99847305    	-1.1093026     	-1.0019447     	-0.68744993    	-1.0228977     	-1.3711953     	-1.6790907     	-0.83415085    	-0.994108      	-1.5550854     	-1.0973938     	-0.9160478     	-1.3182166     	-1.1337011     	-1.0870184     	-1.0882626     	-1.0551167     	-1.0708709     	-1.1325485     	-0.9104839     	-1.1474771     	-1.0287745     	-0.9742396     	-0.956341      	-0.98529154    	-1.2662035     	-0.9163807     	-1.0421728     	-0.9771383     	-0.9293056     	-0.97337514    	-1.1876969     	
-1.0921708     	-0.8648769     	-1.1605484     	-1.0174311     	-1.203927      	-1.1558319     	-1.0195997     	-0.9422869     	-0.86610425    	-1.0246071     	-1.0771154     	-1.4629278     	-1.5801157     	-0.79998463    	-1.5241036     	-1.2335336     	-0.9479957     	-1.1214464     	-1.1072811     	-1.0402268     	-1.0353038     	-1.1785228     	-1.0307704     	-0.970214      	-1.0372908     	-0.9829316     	-1.238125      	-1.3106241     	-1.2232013     	-1.0785736     	-1.2618355     	-1.3273437     	-1.2807074     	-1.04531       	-1.1581873     	-0.9837493     	-1.2286334     	-1.466912      	-0.21468478    	-0.7376952     	-1.4107332     	-0.83727723    	-1.1515728     	-1.3268331     	-0.8640501     	-0.92211246    	-0.2664461     	-0.5925362     	-1.2265809     	-1.2890956     	-1.5510851     	-0.45117652    	-1.1049563     	-0.7913087     	-1.0462795     	-0.9222175     	-1.268945      	-1.2941383     	-1.4962795     	-1.2684076     	-0.5957237     	-1.7196232     	-0.74204236    	-1.3213373     	-1.0821358     	-0.8543134     	-1.0795773     	-1.5396779     	-1.3923204     	-0.14438927    	-0.9331061     	-0.8603331     	-1.7058935     	-1.3470112     	-0.3391839     	-1.0613676     	-1.5068464     	-1.916418      	-1.2487872     	-0.80817056    	-0.9800306     	-0.80312574    	-1.1687679     	-0.89451087    	-1.4786966     	-1.2819386     	-1.2200364     	-1.1437818     	-1.0951921     	-0.9992535     	-1.0957818     	-1.1669213     	-1.1338886     	-1.2079246     	-1.0463312     	-1.0559139     	-1.07741       	-1.1071533     	-1.0692596     	-1.127879      	
-1.2713382     	-0.79130316    	-1.1171346     	-0.74563324    	-0.9023669     	-1.1728815     	-1.2841322     	-1.3092515     	-1.1022989     	-1.8776952     	-1.0025122     	-1.2058967     	-1.2828099     	-0.8276378     	-1.2513648     	-0.79031414    	-1.1659201     	-1.284282      	-0.9379399     	-0.9985593     	-0.78273314    	-0.9645542     	-1.0647242     	-1.0063277     	-1.2203298     	-1.0016462     	-0.90636283    	-1.1360228     	-1.1218419     	-0.9519223     	-0.9964613     	-0.9533895     	-1.1261566     	-1.1664978     	-1.0958511     	-1.1301066     	-0.82455534    	-0.8771975     	-1.050623      	-0.9432998     	-1.4957262     	-1.0852946     	-2.0449586     	-0.2282796     	-1.4461498     	-0.797513      	-0.38981235    	-0.570435      	-0.93210936    	-0.86195815    	-1.070362      	-0.8013126     	-1.5725154     	-1.3012273     	-1.3292658     	-1.5414841     	-0.8178193     	-0.34518152    	-0.8144647     	-0.9379581     	-1.0689135     	-1.6819485     	-0.6948942     	-0.93840754    	-1.2892022     	-0.8667575     	-0.8120303     	-1.2215232     	-1.048431      	-1.1212482     	-1.344671      	-0.4443365     	-1.08298       	-1.4713563     	-1.6839484     	-0.66029155    	-1.9859209     	-1.0702229     	-0.7246771     	-1.1141444     	-0.6753871     	-0.88171893    	-1.0021712     	-1.1109918     	-1.0209287     	-1.0712566     	-1.1452832     	-0.9421772     	-0.98316365    	-0.9560007     	-0.9607851     	-1.0623776     	-1.117994      	-0.95094043    	-1.0582477     	-0.9338126     	-1.1261059     	-0.9609848     	-1.1042523     	-0.98888475    	
-0.86161053    	-1.2177469     	-1.3528526     	-0.6894501     	-0.6455611     	-1.2969191     	-0.4045248     	-1.3729945     	-0.8726017     	-1.1075635     	-1.0088617     	-0.8981018     	-1.1474535     	-1.261379      	-1.1475651     	-1.3159041     	-1.1361835     	-1.0738587     	-1.1139058     	-1.1301386     	-0.967193      	-1.1450686     	-1.0325836     	-0.92587787    	-1.0548035     	-1.1970141     	-0.8541229     	-1.1046057     	-1.0314254     	-0.8613516     	-1.078446      	-1.0654069     	-0.8254643     	-0.8843213     	-1.1256225     	-1.1082115     	-0.9066535     	-0.8907903     	-2.036028      	-1.3862973     	-0.61250126    	-0.96601254    	-1.1442196     	-1.3670316     	-0.8420973     	-1.6097616     	-1.0064529     	-1.0653499     	-0.6964881     	-1.1539261     	-1.300438      	-0.9275482     	-0.554612      	-0.9445577     	-0.5784999     	-1.5790713     	-1.1532254     	-0.21402304    	-1.9913497     	-1.5585766     	-0.8996922     	-1.3885894     	-0.9348353     	-0.8996448     	-0.84181136    	-1.1400669     	-0.867278      	-0.16989014    	-1.0499247     	-0.39347976    	-0.58476084    	-0.26985672    	-1.9285337     	-0.7089545     	-1.1756363     	-1.5146248     	-1.1303384     	-0.37584013    	-0.892075      	-0.96690655    	-1.1391298     	-1.2873583     	-1.2923288     	-1.2054051     	-1.1333995     	-0.9932598     	-0.9938357     	-1.0711274     	-1.0095516     	-0.87846804    	-0.9903209     	-1.1457503     	-1.1383235     	-1.1859758     	-1.1000948     	-1.0119021     	-1.1177751     	-1.0979923     	-1.189987      	-1.1978006     	
-1.5374461     	-0.5931        	-0.3438232     	-0.97658485    	-1.1950943     	-1.4961052     	-1.2850144     	-0.60089767    	-2.838459      	-1.027239      	-0.7502856     	-0.78858715    	-0.9490197     	-0.9678828     	-1.3699899     	-1.3080431     	-1.6752672     	-0.6726791     	-1.1058608     	-1.083351      	-1.0765903     	-1.0652587     	-0.98984826    	-1.0277579     	-1.2326397     	-1.0585215     	-1.1272367     	-0.88797766    	-1.151875      	-1.1353575     	-1.3267289     	-1.0915956     	-1.0023069     	-1.2598495     	-1.1427112     	-1.0282996     	-1.0891389     	-1.209108      	-0.6165546     	-1.1840678     	-1.0546173     	-0.9078012     	-0.98445433    	-1.0593799     	-1.6386987     	-0.7662156     	-1.0205718     	-1.1431968     	-1.4770993     	-1.4313748     	-1.0547264     	-1.0821884     	-0.82488364    	-0.950265      	-1.4499091     	-0.29604754    	-1.2355853     	-0.90289456    	-1.0375227     	-1.3635575     	-1.0311438     	-0.95439625    	-0.48826897    	-0.4493952     	-1.2408149     	-1.0001307     	-0.7757812     	-1.1737479     	-0.8037784     	-1.2109575     	-0.5844476     	-0.62329835    	-0.92971694    	-1.385731      	-1.9048241     	-0.9160151     	-0.49485976    	-1.9433229     	-1.1844599     	-0.79986554    	-1.3917136     	-0.9585354     	-0.3786289     	-1.0365598     	-1.3767093     	-1.1356734     	-1.0286672     	-1.0214249     	-1.0929866     	-1.1918571     	-1.036527      	-0.84122384    	-1.149966      	-1.1705804     	-0.96138895    	-0.8974142     	-1.0229897     	-1.004175      	-0.8599773     	-1.108077      	
-0.8906095     	-0.9626387     	-0.87184584    	-1.4563053     	-1.142693      	-1.1840676     	-1.2836921     	-1.1669296     	-0.39714995    	-1.3007016     	-1.0425563     	-1.1468248     	-1.0692277     	-1.2839297     	-1.3352686     	-1.1625917     	-1.0133184     	-1.6967397     	-1.571392      	-0.8695979     	-1.0920674     	-0.9127642     	-1.0244086     	-1.2060443     	-1.0201569     	-1.1643833     	-1.350364      	-0.99909353    	-1.0998936     	-1.258143      	-1.220589      	-0.9166502     	-1.099872      	-0.9333963     	-1.0895959     	-1.0963668     	-1.1602974     	-1.0711634     	-1.2119108     	-1.2131144     	-1.2130692     	-0.92892486    	-1.0578997     	-1.0918367     	-0.57205784    	-1.1482164     	-1.455555      	-0.5909033     	-1.982381      	-1.3220273     	-0.86783326    	-0.77315915    	-1.408459      	-0.37107077    	-1.5079014     	-1.1594292     	-1.0145845     	-1.0160924     	-0.7901478     	-0.17660987    	-1.0634531     	-1.2498814     	-1.2433999     	-1.4850628     	-0.9987643     	-0.55845124    	-1.0240216     	-0.14504243    	-1.1262256     	-1.2524737     	-0.923596      	-0.6581205     	-1.0026745     	-1.348186      	-0.8435653     	-1.0822226     	-1.3313606     	-1.269434      	-1.0993503     	-1.9391264     	-0.67648757    	-1.2143967     	-1.1402675     	-0.90285766    	-1.0458039     	-1.0476708     	-1.1293815     	-1.1042938     	-1.0405719     	-0.9358032     	-1.1030266     	-0.7912361     	-1.0827072     	-1.1078439     	-0.7750359     	-1.1355809     	-1.2143021     	-1.1690223     	-1.0926389     	-1.0997143     	
-0.43708       	-0.8442487     	-0.99476147    	-0.6272399     	-1.0190752     	-1.6045798     	-1.0929408     	-0.96441716    	-0.49416468    	-1.4036034     	-0.18991002    	-1.7410656     	-1.2778089     	-1.1539426     	-0.84877473    	-1.444205      	-1.3293185     	-1.0414494     	-0.64892393    	-0.6998398     	-1.2566869     	-1.0463878     	-1.1045849     	-0.9920261     	-1.102468      	-1.0257516     	-1.1493232     	-1.0717056     	-1.0671965     	-1.0100484     	-1.073694      	-1.1355758     	-0.8745601     	-0.91045064    	-1.2906983     	-1.1124979     	-1.1546562     	-1.0022972     	-0.9438763     	-1.1183814     	-1.0833626     	-1.3261447     	-0.9063098     	-0.99536616    	-0.6192918     	-0.23850621    	-0.87915486    	-1.3296596     	-1.540863      	-1.1087778     	-0.68436456    	-0.33233342    	-1.3218127     	-1.7407316     	-0.6876676     	-1.6649201     	-1.1992544     	-0.7052631     	-0.96991813    	-0.6055515     	-0.83612794    	-1.3994534     	-1.3151811     	-1.0866079     	-1.6193188     	-1.4849956     	-1.3695565     	-1.7369479     	-0.77802384    	-0.5375155     	-1.2859561     	-1.2656052     	-0.77639335    	-0.6783111     	-1.6462665     	-1.2654396     	-1.1599064     	-1.3729303     	-0.9701697     	-1.6140015     	-1.064217      	-0.8636879     	-1.0696074     	-1.2470677     	-1.0656793     	-1.119739      	-1.0795041     	-0.9589458     	-1.246819      	-1.0087464     	-1.087106      	-0.99830323    	-1.134086      	-0.9335107     	-1.243092      	-1.0826297     	-1.1116818     	-0.93421525    	-0.97259873    	-0.9913781     	
-1.7850296     	-1.4327337     	-1.1385031     	-1.2588348     	-0.8189608     	-1.0446763     	-0.85883397    	-1.1862621     	-1.2966053     	-1.3668541     	-1.4956093     	-1.1052943     	-1.0745844     	-0.28397405    	-2.0581422     	-0.97805214    	-1.3516878     	-0.94414735    	-1.2516317     	-1.3743768     	-1.2595235     	-1.0188823     	-0.99851465    	-1.0136659     	-1.2621171     	-1.2492156     	-1.1862597     	-0.9961477     	-1.0694673     	-1.1528889     	-1.1363542     	-1.044211      	-0.9186054     	-1.0089331     	-0.98447126    	-1.1425864     	-1.2134924     	-0.9726186     	-1.0674279     	-1.2216052     	-1.2133063     	-0.955354      	-1.0638621     	-0.91293705    	-0.9972895     	-0.6935799     	-0.6751741     	-0.78921115    	-1.3036338     	-0.72856295    	-1.0767541     	-1.3721118     	-1.5606074     	-1.5829083     	-0.34541577    	-0.84492064    	-1.3146763     	-0.5944846     	-1.2209767     	-1.280222      	-1.0784398     	-0.608879      	-1.1176417     	-1.7002071     	-1.1628954     	-0.86866784    	-1.0811315     	-0.70697135    	-0.31951186    	-0.8305796     	-0.7773594     	-1.4393277     	-0.82499135    	-1.713308      	-1.6112735     	-0.76544476    	-0.72222525    	-0.6215178     	-1.6387566     	-0.6517446     	-1.2894056     	-1.3383534     	-1.2882373     	-1.9654621     	-1.384611      	-1.1356508     	-1.0474712     	-1.2655859     	-1.3614243     	-1.0458187     	-1.2456545     	-1.0920746     	-1.1791369     	-0.9530348     	-1.0654857     	-0.980024      	-1.0213754     	-0.93457866    	-1.2103959     	-0.9783535     	
