# www.neaspec.com
# Scan:	 	AFM
# Project:	 	20251007_PS
# Description:	 	
# Date:	 	10/07/2025 10:43:47
# Scanner Center Position (X, Y):	[µm]	49.99	50.01	 
# Rotation:	[°]	0	 	 
# Scan Area (X, Y, Z):	[µm]	5.000	5.000	0.000
# Pixel Area (X, Y, Z):	[px]	100	50	1
# Averaging:	 	1	 	 
# Integration time:	[ms]	5	 	 
# Laser Source:	 	4.5-15 µm nano-FTIR laser
# Detector:	 	R
# Target Wavelength:	[µm]	7.502	 	 
# Demodulation Mode:	 	Fourier
# Tip Frequency:	[Hz]	241,340.500	 	 
# Tip Amplitude:	[mV]	45.700	 	 
# Tapping Amplitude:	[nm]	79.665	 	 
# Modulation Frequency:	[Hz]	0.000	 	 
# Modulation Amplitude:	[mV]	0.000	 	 
# Modulation Offset:	[mV]	0.000	 	 
# Setpoint:	[%]	79.75	 	 
# Regulator (P, I, D):	 	4.206850	8.625812	1.000000
# Tip Potential:	[mV]	0.000	 	 
# M1A Scaling:	[nm/V]	0.426	 	 
# M1A Cantilever Factor:	 	1,000	 	 
# Q-Factor:	 	487.4	 	 
# Version:	 	2.1.11536.0
-1.9249376     	-1.9292737     	-1.9375424     	-1.941562      	-1.9577596     	-1.937036      	-1.9439666     	-1.9479129     	-1.944752      	-1.9381893     	-1.9558054     	-1.9286612     	-1.9512279     	-1.9470043     	-1.9380156     	-1.9488766     	-1.9445196     	-1.9496211     	-1.929006      	-1.9548076     	-1.9572636     	-1.9499339     	-1.9509181     	-1.9402931     	-1.9386944     	-1.952818      	-1.9242603     	-1.9520022     	-1.9488624     	-1.95214       	-1.9259098     	-1.9354293     	-1.9399713     	-1.9474115     	-1.9419482     	-1.9296633     	-1.9513173     	-1.9473108     	-1.9343684     	-1.9437286     	-1.9407637     	-1.9394015     	-1.9627151     	-1.9546458     	-1.9444774     	-1.9447811     	-1.9523777     	-1.9366969     	-1.9205501     	-1.944372      	-1.9385628     	-1.9467319     	-1.9327425     	-1.9349612     	-1.9276582     	-1.9356546     	-1.9244127     	-1.9445963     	-1.9475669     	-1.9373156     	-1.9353721     	-1.9443041     	-1.9412836     	-1.9368905     	-1.9502063     	-1.9414866     	-1.9229968     	-1.9228736     	-1.9494679     	-1.9374149     	-1.93005       	-1.9446949     	-1.9400437     	-1.9332721     	-1.9424418     	-1.9469515     	-1.9325544     	-1.9382942     	-1.9458697     	-1.940949      	-1.9445618     	-1.949273      	-1.9566423     	-1.9401213     	-1.9444486     	-1.9422233     	-1.2443509     	-0.727672      	-0.8285998     	-0.7039793     	-0.6752896     	-0.7176888     	-0.6987083     	-0.73846054    	-1.2833558     	-1.1452851     	-1.3095366     	-1.6662285     	-1.8223639     	-1.8514014     	
-1.9435844     	-1.9382684     	-1.9314629     	-1.9241586     	-1.9390548     	-1.9410095     	-1.9348263     	-1.9393529     	-1.9413668     	-1.9331025     	-1.9217908     	-1.9320508     	-1.9445161     	-1.9409608     	-1.9428971     	-1.9499005     	-1.9377291     	-1.9243237     	-1.9411747     	-1.940437      	-1.9388059     	-1.9322195     	-1.9241176     	-1.956556      	-1.9264711     	-1.91174       	-1.9376163     	-1.941492      	-1.9135607     	-1.9502327     	-1.9207683     	-1.9275322     	-1.9458104     	-1.9382907     	-1.9447469     	-1.9474834     	-1.9470083     	-1.9460667     	-1.9325722     	-1.926651      	-1.9462879     	-1.9315709     	-1.9473156     	-1.9321564     	-1.9550972     	-1.9370835     	-1.937709      	-1.9262336     	-1.9402553     	-1.9461428     	-1.9359517     	-1.9516579     	-1.9384545     	-1.9326323     	-1.9204735     	-1.9321809     	-1.9454826     	-1.9404384     	-1.9399654     	-1.9462312     	-1.9488875     	-1.9315056     	-1.9390752     	-1.9639773     	-1.9270436     	-1.9397453     	-1.958244      	-1.9546509     	-1.9308218     	-1.9336616     	-1.9375097     	-1.938044      	-1.9538498     	-1.9444948     	-1.9335945     	-1.9526274     	-1.9224236     	-1.9306893     	-1.9549962     	-1.9362532     	-1.953614      	-1.9368117     	-1.937998      	-1.941183      	-1.9316728     	-1.8303943     	-0.45535898    	-0.91078293    	-1.4070615     	-1.176149      	-1.6044921     	-1.8392941     	-1.8914748     	-1.9134601     	-1.9263619     	-1.9433454     	-1.9274479     	-1.9393865     	-1.9324546     	-1.9329599     	
-1.9388958     	-1.9225177     	-1.9209828     	-1.9453344     	-1.9639573     	-1.9311291     	-1.9268801     	-1.9450927     	-1.9430017     	-1.9378749     	-1.9361895     	-1.9231161     	-1.9478655     	-1.9428989     	-1.9292657     	-1.9406366     	-1.9529598     	-1.9227103     	-1.9560866     	-1.9396731     	-1.9313892     	-1.9590421     	-1.9441112     	-1.9514674     	-1.9443862     	-1.925319      	-1.9496242     	-1.9534072     	-1.919411      	-1.9521616     	-1.9525589     	-1.9417521     	-1.9346658     	-1.949418      	-1.9335306     	-1.936344      	-1.9531382     	-1.941316      	-1.9546446     	-1.9231274     	-1.936753      	-1.948369      	-1.9462008     	-1.9360871     	-1.9484582     	-1.950202      	-1.9359041     	-1.945876      	-1.9561971     	-1.9387337     	-1.9217501     	-1.938713      	-1.9439718     	-1.9356047     	-1.9403249     	-1.925174      	-1.9405199     	-1.9390789     	-1.9410706     	-1.9355861     	-1.9438727     	-1.9342839     	-1.9241205     	-1.9551855     	-1.9352403     	-1.9330373     	-1.9342588     	-1.9340833     	-1.9451298     	-1.9452618     	-1.9375676     	-1.953526      	-1.9394647     	-1.9488498     	-1.9342339     	-1.9414933     	-1.9456073     	-1.933409      	-1.9335207     	-1.9358624     	-1.9329195     	-1.9467541     	-1.9520547     	-1.4495256     	-1.164046      	-1.7321098     	-1.9283277     	-1.938039      	-1.9439754     	-1.9357378     	-1.9315724     	-1.9208893     	-1.9258037     	-1.9418005     	-1.9302016     	-1.9226387     	-1.9350351     	-1.9304755     	-1.933669      	-1.9322567     	
-1.9246099     	-1.9184501     	-1.9400635     	-1.9429178     	-1.945481      	-1.938408      	-1.954873      	-1.9240571     	-1.9578243     	-1.936809      	-1.9473463     	-1.9426035     	-1.9355966     	-1.9347334     	-1.9502064     	-1.9486204     	-1.942134      	-1.9390304     	-1.950904      	-1.951112      	-1.9274051     	-1.9374303     	-1.9655429     	-1.9376155     	-1.92513       	-1.9468564     	-1.9433371     	-1.9389513     	-1.9340651     	-1.9622222     	-1.9469669     	-1.9366572     	-1.9500326     	-1.9414622     	-1.9513749     	-1.9401369     	-1.9414473     	-1.9433802     	-1.9388874     	-1.933011      	-1.924424      	-1.9501871     	-1.9539243     	-1.9355141     	-1.9436024     	-1.9490732     	-1.9333173     	-1.9541861     	-1.9569076     	-1.9293519     	-1.9437885     	-1.9286159     	-1.9345914     	-1.9432343     	-1.9336829     	-1.9223088     	-1.9402217     	-1.9432353     	-1.9389303     	-1.9271702     	-1.9468298     	-1.935754      	-1.9455277     	-1.9429368     	-1.9498416     	-1.9373235     	-1.937919      	-1.9501933     	-1.9586715     	-1.9517738     	-1.9305116     	-1.9372019     	-1.9473739     	-1.9352918     	-1.9319181     	-1.9617084     	-1.9414665     	-1.9312159     	-1.937107      	-1.9526922     	-1.9244854     	-1.9352249     	-1.9748816     	-1.5040663     	-1.6941204     	-1.8955017     	-1.8924314     	-1.9141511     	-1.8901294     	-1.9293281     	-1.9343802     	-1.9371523     	-1.936162      	-1.9513059     	-1.936918      	-1.9114158     	-1.9416363     	-1.9388192     	-1.9211056     	-1.9237374     	
-1.938964      	-1.9426606     	-1.9391166     	-1.9289463     	-1.94299       	-1.934899      	-1.9303821     	-1.9591799     	-1.9352014     	-1.9475533     	-1.9522251     	-1.9335806     	-1.9443452     	-1.9236085     	-1.9521896     	-1.946783      	-1.9340247     	-1.9344655     	-1.9359525     	-1.9531826     	-1.9433963     	-1.939361      	-1.941075      	-1.9504637     	-1.9326267     	-1.9501754     	-1.9353322     	-1.934096      	-1.9463276     	-1.9402993     	-1.9433315     	-1.9460219     	-1.9559145     	-1.9513689     	-1.9522647     	-1.9314877     	-1.940173      	-1.9636593     	-1.9276208     	-1.9204164     	-1.9410015     	-1.9567324     	-1.9600116     	-1.9547812     	-1.9585325     	-1.943662      	-1.9395744     	-1.943016      	-1.9528811     	-1.9467638     	-1.9655463     	-1.9378644     	-1.9341828     	-1.9651173     	-1.9813564     	-1.451256      	-0.93700105    	-2.0116909     	-1.9703932     	-1.9586002     	-1.9541062     	-1.9557848     	-1.9702688     	-1.9427229     	-1.9512215     	-1.9613472     	-1.9503224     	-1.9543905     	-1.9539824     	-1.9363172     	-1.9526181     	-1.9506333     	-1.9529744     	-1.96309       	-1.9473908     	-1.9503347     	-1.9616443     	-1.9442906     	-1.9383662     	-1.955316      	-1.9474882     	-1.9442917     	-1.4807464     	-0.5722542     	-1.237762      	-1.939518      	-1.8292323     	-1.8902308     	-1.9286531     	-1.9290318     	-1.9229779     	-1.9129348     	-1.9293729     	-1.9248053     	-1.9203471     	-1.9173976     	-1.931368      	-1.9114234     	-1.9201548     	-1.9377472     	
-1.9404072     	-1.940569      	-1.944018      	-1.9451888     	-1.9454744     	-1.9492458     	-1.9458522     	-1.9564533     	-1.9375246     	-1.951756      	-1.9358627     	-1.9483242     	-1.957679      	-1.9250449     	-1.9383765     	-1.9425153     	-1.9402027     	-1.9503009     	-1.9349295     	-1.9342006     	-1.9481608     	-1.9527664     	-1.9455068     	-1.9445133     	-1.9405261     	-1.927065      	-1.9124389     	-1.952859      	-1.939035      	-1.9462541     	-1.9481561     	-1.9486951     	-1.9444804     	-1.9313222     	-1.9694675     	-1.9529487     	-1.9408327     	-1.9688251     	-1.9431292     	-1.9528267     	-1.9586143     	-1.9537585     	-1.948464      	-1.9415358     	-1.9511098     	-1.9402969     	-1.9490404     	-1.9708804     	-1.7848545     	-0.87933886    	-0.9138591     	-0.84687346    	-0.79495835    	-0.82323015    	-0.81492615    	-0.7705588     	-0.8556213     	-0.55478585    	-0.45487452    	-1.6361817     	-1.9541277     	-1.8789558     	-1.9242178     	-1.9680592     	-1.9562849     	-1.959002      	-1.9552127     	-1.9515498     	-1.9498525     	-1.9369632     	-1.9550246     	-1.9332756     	-1.9343916     	-1.960988      	-1.9472488     	-1.9451448     	-1.9271435     	-1.9424707     	-1.9474114     	-1.9352393     	-1.9420311     	-1.9439822     	-1.9575809     	-0.9594341     	-0.6423766     	-1.4975439     	-1.8846809     	-1.8943117     	-1.9151838     	-1.9374214     	-1.9455379     	-1.9334776     	-1.9360408     	-1.9368929     	-1.9230347     	-1.9201117     	-1.9342092     	-1.9299799     	-1.9274899     	-1.9264823     	
-1.9404218     	-1.934371      	-1.9406303     	-1.9343559     	-1.9371922     	-1.9363266     	-1.9441208     	-1.9449638     	-1.9372253     	-1.9369069     	-1.950718      	-1.9404904     	-1.947259      	-1.9485071     	-1.938561      	-1.9352585     	-1.9490241     	-1.9486266     	-1.9255476     	-1.927477      	-1.9404229     	-1.9440734     	-1.9426731     	-1.9544986     	-1.9377716     	-1.9441358     	-1.9354944     	-1.9222136     	-1.9466544     	-1.9436728     	-1.9454558     	-1.9531577     	-1.9508184     	-1.9573339     	-1.9345728     	-1.9347261     	-1.9408439     	-1.9580513     	-1.9407276     	-1.9590874     	-1.7331617     	-1.6230664     	-0.7918949     	-0.8393374     	-0.7338024     	-0.76299816    	-0.7272283     	-0.7274536     	-0.69980514    	-0.7692081     	-1.2993768     	-1.2151558     	-1.6671599     	-1.8042663     	-1.8392426     	-1.9066045     	-1.9184781     	-1.8966608     	-1.8536375     	-1.7798574     	-1.2495072     	-1.8814487     	-1.9446429     	-1.9611462     	-1.9396962     	-1.9659079     	-1.9394423     	-1.9558864     	-1.9447244     	-1.9394995     	-1.9431337     	-1.9400254     	-1.9460887     	-1.9552022     	-1.949447      	-1.9438387     	-1.9246974     	-1.9392378     	-1.953286      	-1.9494545     	-1.946804      	-1.9504777     	-1.9439634     	-1.5255249     	-0.5747726     	-1.0367982     	-1.9287521     	-1.8600023     	-1.8666122     	-1.9053261     	-1.9127985     	-1.9453645     	-1.9051458     	-1.9263865     	-1.9383005     	-1.9364537     	-1.9425998     	-1.927803      	-1.9480299     	-1.9285251     	
-1.9233664     	-1.9288881     	-1.934349      	-1.9511142     	-1.9597193     	-1.9318852     	-1.9430103     	-1.9508315     	-1.9426439     	-1.931118      	-1.943955      	-1.9304935     	-1.9454299     	-1.9434837     	-1.9186689     	-1.9439749     	-1.9400567     	-1.9474801     	-1.9405876     	-1.9361925     	-1.9190464     	-1.948959      	-1.9388906     	-1.9440588     	-1.9455969     	-1.9479496     	-1.9410328     	-1.9301686     	-1.9489387     	-1.9478235     	-1.9206119     	-1.9387381     	-1.9236234     	-0.9288852     	-0.6747854     	-0.8283747     	-0.76259446    	-0.7995209     	-0.7490938     	-0.7154027     	-0.74061024    	-0.77468336    	-1.2581124     	-0.6110919     	-1.0047578     	-1.5753862     	-1.7245654     	-1.7939781     	-1.8849187     	-1.9134264     	-1.904874      	-1.9373536     	-1.9430729     	-1.9413168     	-1.9388497     	-1.938568      	-1.9562986     	-1.9190547     	-1.8752799     	-1.8419276     	-1.6285048     	-0.985745      	-1.4540927     	-2.0003333     	-1.9640675     	-1.9644206     	-1.9715365     	-1.9569852     	-1.9488975     	-1.9495398     	-1.9465431     	-1.9550252     	-1.9663011     	-1.9405589     	-1.9748372     	-1.9494835     	-1.9583867     	-1.9622695     	-1.9336818     	-1.9605365     	-1.9639491     	-1.942705      	-1.9504287     	-1.9500778     	-0.87334186    	-0.68823147    	-1.8671348     	-1.8638798     	-1.8728336     	-1.9269644     	-1.9220408     	-1.936791      	-1.9397501     	-1.9395121     	-1.9483367     	-1.9225233     	-1.9435622     	-1.935269      	-1.9352517     	-1.942613      	
-1.9536196     	-1.9491767     	-1.9485313     	-1.9421319     	-1.9439634     	-1.9505271     	-1.9463311     	-1.9329998     	-1.9459983     	-1.9578515     	-1.9342405     	-1.9577476     	-1.9539915     	-1.912125      	-1.965913      	-1.9547559     	-1.9400713     	-1.9398657     	-1.9474213     	-1.9386193     	-1.9381251     	-1.9538041     	-1.9479225     	-1.9455087     	-1.9463595     	-1.9501456     	-1.7390141     	-0.8306581     	-0.8004092     	-0.752621      	-0.76430655    	-0.7313604     	-0.69777495    	-0.7288587     	-0.7764849     	-1.2731777     	-1.1062111     	-1.6128199     	-1.5761652     	-1.7855061     	-1.875798      	-1.9012368     	-1.9139419     	-1.9441048     	-1.958206      	-1.9284086     	-1.9399618     	-1.9463499     	-1.9326593     	-1.9354202     	-1.9219413     	-1.9326483     	-1.9448944     	-1.9307922     	-1.9521294     	-1.9355466     	-1.9247497     	-1.9462374     	-1.9057034     	-1.8579074     	-1.7975465     	-1.6285949     	-1.0923059     	-2.0063567     	-1.9637133     	-1.9637989     	-1.9671087     	-1.9726712     	-1.9457695     	-1.9551111     	-1.9642938     	-1.9396204     	-1.9693198     	-1.9375008     	-1.9534233     	-1.9543602     	-1.9434677     	-1.9587305     	-1.9505149     	-1.9399983     	-1.9604844     	-1.9376038     	-1.9593462     	-1.9583323     	-1.5615642     	-0.65642905    	-0.9622993     	-1.926671      	-1.8834764     	-1.8986114     	-1.9347899     	-1.9367517     	-1.9334197     	-1.9337457     	-1.9330372     	-1.939735      	-1.932965      	-1.939035      	-1.9298882     	-1.9233588     	
-1.929455      	-1.9415699     	-1.9420278     	-1.9326168     	-1.9281079     	-1.9317232     	-1.9533561     	-1.9373924     	-1.9426298     	-1.9546427     	-1.9267641     	-1.9502307     	-1.9315826     	-1.9449416     	-1.9574398     	-1.9493914     	-1.9553031     	-1.9475185     	-1.9343382     	-1.9460193     	-1.9404658     	-1.9582665     	-1.9387094     	-1.9426191     	-1.9475209     	-1.9386774     	-1.9520961     	-0.7097244     	-1.1467781     	-1.1545429     	-1.4918442     	-1.7882382     	-1.871832      	-1.8954765     	-1.9238694     	-1.9421291     	-1.9343092     	-1.9408419     	-1.9361467     	-1.9484906     	-1.9363315     	-1.9287692     	-1.9319402     	-1.9410524     	-1.9447391     	-1.9240738     	-1.9248034     	-1.9547206     	-1.9204156     	-1.9318017     	-1.9527389     	-1.9195596     	-1.941703      	-1.9411043     	-1.9223912     	-1.9411877     	-1.9430538     	-1.9449514     	-1.9359913     	-1.8641135     	-1.8322713     	-1.6568891     	-1.1650307     	-1.4251723     	-1.9854691     	-1.9699118     	-1.9627179     	-1.9709278     	-1.9538008     	-1.9555744     	-1.9632447     	-1.9634243     	-1.9581107     	-1.9494456     	-1.9631841     	-1.951348      	-1.9511667     	-1.961587      	-1.9486355     	-1.9482331     	-1.9452764     	-1.9642725     	-1.9578909     	-1.9311951     	-1.950641      	-0.69743603    	-0.60036874    	-1.4836164     	-1.9232892     	-1.9075016     	-1.9378654     	-1.9327508     	-1.9257776     	-1.9299649     	-1.9473083     	-1.9338653     	-1.9476858     	-1.9198095     	-1.9234573     	-1.9432735     	
-1.9334943     	-1.942826      	-1.9396777     	-1.9333705     	-1.9450144     	-1.9349778     	-1.9416269     	-1.9404633     	-1.9532838     	-1.9404057     	-1.9442265     	-1.9523681     	-1.9372044     	-1.9462883     	-1.9526088     	-1.950176      	-1.943457      	-1.9396704     	-1.956472      	-1.9438875     	-1.9414866     	-1.9367117     	-1.9549218     	-1.8564159     	-1.2994955     	-1.577963      	-1.8906672     	-1.9317088     	-1.9244674     	-1.9360552     	-1.9483232     	-1.932648      	-1.9444984     	-1.9333525     	-1.9256455     	-1.9465464     	-1.9237307     	-1.9326569     	-1.9436449     	-1.562979      	-1.2762533     	-1.6566991     	-1.7392662     	-1.69933       	-1.9157087     	-1.9923971     	-1.9531591     	-1.9283459     	-1.9424039     	-1.9338543     	-1.947941      	-1.9358116     	-1.9292074     	-1.9394585     	-1.9178584     	-1.9222487     	-1.9266329     	-1.9339303     	-1.9276606     	-1.9079787     	-1.8316293     	-1.809685      	-1.6463959     	-0.9593648     	-1.9422822     	-1.96759       	-1.9558879     	-1.9539051     	-1.9455887     	-1.9671597     	-1.9556196     	-1.9487689     	-1.959912      	-1.9463282     	-1.9447482     	-1.953174      	-1.9508872     	-1.956946      	-1.9515074     	-1.9580522     	-1.9430035     	-1.9528545     	-1.9547232     	-1.9397669     	-1.9306105     	-1.6172427     	-0.60611105    	-0.91441554    	-1.9353215     	-1.8755145     	-1.8753647     	-1.8977464     	-1.9242563     	-1.9476223     	-1.9235569     	-1.9461402     	-1.9317228     	-1.9204266     	-1.9294792     	-1.9442853     	
-1.9309152     	-1.9325755     	-1.9476078     	-1.9540249     	-1.9551036     	-1.9562427     	-1.9581547     	-1.9337395     	-1.9475706     	-1.9553374     	-1.9331104     	-1.9544194     	-1.9532405     	-1.9413122     	-1.9506499     	-1.9252368     	-1.9481804     	-1.9505931     	-1.944502      	-1.9501015     	-1.9579784     	-1.948459      	-1.9393958     	-1.5388986     	-1.3935903     	-1.8065871     	-1.9063694     	-1.9103311     	-1.936404      	-1.9490958     	-1.9362252     	-1.9392821     	-1.9350576     	-1.9532177     	-1.9342545     	-1.922495      	-1.9492009     	-1.9427866     	-1.9499261     	-1.9455824     	-1.7489595     	-1.203114      	-1.820017      	-1.9447364     	-1.9639012     	-1.9369696     	-1.9460844     	-1.9394306     	-1.9157351     	-1.9194491     	-1.9400092     	-1.9449903     	-1.9320766     	-1.9339737     	-1.9334353     	-1.9230629     	-1.95244       	-1.9355655     	-1.9169635     	-1.9362193     	-1.8939459     	-1.8477523     	-1.8194581     	-1.5298024     	-1.1947613     	-1.9646133     	-1.9478714     	-1.940047      	-1.9550495     	-1.9638256     	-1.9472772     	-1.9436473     	-1.9547935     	-1.9472182     	-1.9640077     	-1.9144982     	-1.931903      	-1.9484662     	-1.9447539     	-1.9356842     	-1.9451844     	-1.9550537     	-1.9430667     	-1.9504632     	-1.9614218     	-1.9510338     	-0.84089875    	-0.6627429     	-1.1051534     	-1.9596119     	-1.8685359     	-1.9213243     	-1.9362556     	-1.9231894     	-1.9445288     	-1.9513979     	-1.9308083     	-1.9398133     	-1.9427396     	-1.9261035     	
-1.9249147     	-1.9266592     	-1.947106      	-1.954903      	-1.9403428     	-1.9330117     	-1.9309295     	-1.9481673     	-1.9397182     	-1.9487172     	-1.9404267     	-1.9536644     	-1.9442424     	-1.9536382     	-1.9493855     	-1.9493815     	-1.932824      	-1.9437355     	-1.9569528     	-1.93947       	-1.9296528     	-1.9463865     	-1.9563543     	-0.9841673     	-0.9737203     	-1.8883499     	-1.9105778     	-1.9129418     	-1.9125998     	-1.9305226     	-1.9406215     	-1.9323682     	-1.9248302     	-1.9337953     	-1.9225733     	-1.9288801     	-1.9176782     	-1.9397546     	-1.9221488     	-1.9290152     	-1.9097924     	-1.9028721     	-1.9309484     	-1.9450876     	-1.891644      	-1.9344964     	-1.9438229     	-1.8934346     	-1.8894898     	-1.9463181     	-1.9214801     	-1.9387009     	-1.91126       	-1.9200035     	-1.9376882     	-1.9266578     	-1.9253657     	-1.9436886     	-1.9308798     	-1.9510516     	-1.9136642     	-1.8536589     	-1.8381033     	-1.6862999     	-1.2250706     	-1.6350039     	-1.987619      	-1.9795653     	-1.9545473     	-1.9794497     	-1.9392298     	-1.9703065     	-1.9436878     	-1.9481794     	-1.9495927     	-1.9456798     	-1.9537207     	-1.9607612     	-1.9437232     	-1.9419765     	-1.9507672     	-1.9516208     	-1.9516276     	-1.9413207     	-1.9572159     	-1.9277569     	-1.902819      	-0.6374555     	-0.6972049     	-1.6767313     	-1.8433728     	-1.9165217     	-1.9171277     	-1.9405133     	-1.951049      	-1.9144702     	-1.9253538     	-1.9479363     	-1.9356929     	-1.9071046     	
-1.9246023     	-1.9263228     	-1.9295038     	-1.9379531     	-1.954213      	-1.9425963     	-1.9487997     	-1.9428296     	-1.9550042     	-1.9343439     	-1.9425035     	-1.9442068     	-1.9499048     	-1.9413005     	-1.9384931     	-1.9538225     	-1.9420624     	-1.9467963     	-1.9625525     	-1.9467845     	-1.9568365     	-1.9483943     	-1.9514506     	-1.8093457     	-0.78659695    	-1.4996072     	-1.9471458     	-1.8913978     	-1.9165756     	-1.9186523     	-1.9029839     	-1.9176347     	-1.9452018     	-1.9402958     	-1.9270958     	-1.9231248     	-1.9217699     	-1.9365067     	-1.9062561     	-1.9279331     	-1.9379587     	-1.9055976     	-1.9328071     	-1.9425845     	-1.9274668     	-1.9223055     	-1.9220101     	-1.932171      	-1.9260248     	-1.921883      	-1.923848      	-1.9352192     	-1.9277034     	-1.9152876     	-1.9487599     	-1.9218997     	-1.923644      	-1.9367303     	-1.9552596     	-1.9400731     	-1.9324253     	-1.8988628     	-1.8297143     	-1.754774      	-1.5188124     	-0.97848946    	-2.0307684     	-1.9838086     	-1.9635757     	-1.9833491     	-1.9428891     	-1.9589926     	-1.9568472     	-1.940004      	-1.9521816     	-1.950189      	-1.9566866     	-1.9614549     	-1.938849      	-1.9488901     	-1.9655166     	-1.9295512     	-1.9698683     	-1.9484578     	-1.9548565     	-1.9547706     	-1.9446111     	-1.8077887     	-0.68618345    	-0.9757419     	-1.8920622     	-1.9028468     	-1.9210829     	-1.9170234     	-1.9313163     	-1.9362062     	-1.9267466     	-1.9463055     	-1.9305508     	-1.9425262     	
-0.4729756     	-1.2398095     	-1.8634754     	-1.9858946     	-1.9643334     	-1.94381       	-1.9516529     	-1.9446124     	-1.9554788     	-1.953364      	-1.9290327     	-1.9522051     	-1.954422      	-1.9598844     	-1.9583554     	-1.9328965     	-1.9477264     	-1.9590267     	-1.948593      	-1.9487987     	-1.9183806     	-1.9597915     	-1.9452865     	-1.8686662     	-0.61948735    	-0.7575596     	-1.7422915     	-1.8964058     	-1.9125704     	-1.9170592     	-1.9253305     	-1.9425828     	-1.9372342     	-1.9552985     	-1.9100833     	-1.9192783     	-1.9368964     	-1.9243975     	-1.9242382     	-1.9463797     	-1.9434403     	-1.9428803     	-1.9271809     	-1.9460282     	-1.8955494     	-1.9203079     	-1.9367868     	-1.918222      	-1.9295785     	-1.9355897     	-1.9468209     	-1.9360604     	-1.9289627     	-1.937403      	-1.9425099     	-1.9335384     	-1.9363614     	-1.9348226     	-1.9441751     	-1.9497944     	-1.9193736     	-1.9438888     	-1.8668953     	-1.8332659     	-1.7178313     	-1.0234604     	-1.77583       	-1.975402      	-1.9502863     	-1.9753641     	-1.9633654     	-1.9668517     	-1.9531641     	-1.9104333     	-1.9253098     	-1.9527916     	-1.9569949     	-1.9541587     	-1.9488922     	-1.9527007     	-1.9382043     	-1.9469117     	-1.9603356     	-1.9143871     	-1.9525508     	-1.9480025     	-1.9421798     	-1.9467832     	-1.0131867     	-0.6874661     	-1.2666495     	-1.8935803     	-1.9101603     	-1.9297448     	-1.9408009     	-1.9247129     	-1.9378294     	-1.9380792     	-1.923036      	-1.9465538     	
-1.6283082     	-1.5316522     	-1.2865102     	-1.6010375     	-1.99607       	-1.9547504     	-1.9549223     	-1.9687643     	-1.9618487     	-1.9231722     	-1.9487172     	-1.9532273     	-1.9759609     	-1.9456724     	-1.94985       	-1.9582434     	-1.9606378     	-1.9451991     	-1.937472      	-1.9546872     	-1.9524575     	-1.9574301     	-1.951419      	-1.9515617     	-1.5003068     	-0.63971424    	-1.288126      	-1.9231809     	-1.9281248     	-1.9213369     	-1.9407591     	-1.9283073     	-1.947542      	-1.927756      	-1.9386145     	-1.9523803     	-1.922287      	-1.9327704     	-1.921881      	-1.9019699     	-1.9239514     	-1.9332377     	-1.9330043     	-1.9185264     	-1.9410393     	-1.9264892     	-1.9196064     	-1.9322479     	-1.9229575     	-1.9333997     	-1.9259919     	-1.9308091     	-1.9317628     	-1.9245583     	-1.9429492     	-1.9252024     	-1.9353843     	-1.9276476     	-1.9186679     	-1.9489384     	-1.9367574     	-1.9430755     	-1.8968579     	-1.8400029     	-1.7854587     	-1.5235898     	-0.9824669     	-1.9433541     	-1.9868759     	-1.9791653     	-1.9431435     	-1.9705955     	-1.9628978     	-1.9702775     	-1.9486324     	-1.9369401     	-1.9699436     	-1.929556      	-1.9456333     	-1.9651508     	-1.9515868     	-1.9414417     	-1.960644      	-1.9437983     	-1.951116      	-1.9588798     	-1.943204      	-1.9550796     	-1.9774619     	-1.4385873     	-0.9565327     	-1.916222      	-1.8560188     	-1.9377311     	-1.907893      	-1.9385362     	-1.9424651     	-1.9381386     	-1.9231356     	-1.9252276     	
-1.7877551     	-1.7078861     	-1.4100227     	-1.5665381     	-2.0552466     	-2.007832      	-1.9817501     	-1.9579588     	-1.9632132     	-1.9464526     	-1.9588195     	-1.9436805     	-1.9550918     	-1.9501202     	-1.9645212     	-1.9449849     	-1.9241687     	-1.9712374     	-1.9626874     	-1.9274057     	-1.9626435     	-1.9644287     	-1.9455998     	-1.9377753     	-1.9511039     	-0.99210244    	-0.680175      	-1.7723905     	-1.9022111     	-1.928882      	-1.8910657     	-1.9235362     	-1.9437083     	-1.9152279     	-1.9301206     	-1.919278      	-1.9419165     	-1.9321872     	-1.921887      	-1.9343259     	-1.9247335     	-1.9232327     	-1.9403597     	-1.9360244     	-1.9156512     	-1.9078281     	-1.9424535     	-1.9428395     	-1.9215661     	-1.9409369     	-1.9276813     	-1.9297019     	-1.9369003     	-1.9382991     	-1.9359796     	-1.9301223     	-1.9361203     	-1.9317263     	-1.9359549     	-1.943173      	-1.9379958     	-1.9501865     	-1.929809      	-1.8707865     	-1.8390056     	-1.6850452     	-1.3053863     	-1.3452461     	-2.0204504     	-1.9825689     	-1.95386       	-1.969838      	-1.9655156     	-1.9495862     	-1.9590007     	-1.9697524     	-1.9342467     	-1.9650741     	-1.9564593     	-1.9492936     	-1.9518228     	-1.9359245     	-1.9777741     	-1.9442328     	-1.9490497     	-1.9501038     	-1.9518526     	-1.9463865     	-1.9419934     	-1.56713       	-0.73001504    	-1.3412344     	-1.9346757     	-1.9213609     	-1.9025009     	-1.9300969     	-1.9531654     	-1.9387791     	-1.9329698     	-1.9423403     	
-1.8543165     	-1.8077966     	-1.536711      	-1.4355482     	-1.9618708     	-1.9556707     	-1.9443141     	-1.9724159     	-1.9649557     	-1.9730729     	-1.957812      	-1.9634064     	-1.9676021     	-1.9607563     	-1.9553903     	-1.9607412     	-1.9405562     	-1.9621696     	-1.941131      	-1.9617218     	-1.9666721     	-1.939306      	-1.9725744     	-1.9552047     	-1.941672      	-1.731372      	-0.7639767     	-1.0311109     	-1.944884      	-1.8755857     	-1.9225193     	-1.9448781     	-1.9507625     	-1.923777      	-1.9367208     	-1.944704      	-1.9317062     	-1.9194556     	-1.9407862     	-1.9446032     	-1.9370947     	-1.9271504     	-1.9411083     	-1.9374665     	-1.9249102     	-1.9184746     	-1.939103      	-1.9380306     	-1.9377588     	-1.9247032     	-1.9450932     	-1.93305       	-1.9411987     	-1.9480891     	-1.9233396     	-1.9257182     	-1.9465706     	-1.9298619     	-1.9434732     	-1.9326113     	-1.9400606     	-1.944738      	-1.9329611     	-1.9206651     	-1.8788012     	-1.8542241     	-1.688023      	-0.97722256    	-1.8625913     	-1.9879596     	-1.9615949     	-1.9537935     	-1.9720455     	-1.9445031     	-1.9569354     	-1.957321      	-1.9406675     	-1.9648459     	-1.9558325     	-1.9495841     	-1.9546953     	-1.9736235     	-1.9461073     	-1.9457859     	-1.9634061     	-1.9500668     	-1.9525753     	-1.9622781     	-1.9364494     	-1.8984035     	-0.7153121     	-0.85520446    	-1.8548633     	-1.8198113     	-1.8572794     	-1.844493      	-1.8409227     	-1.8077358     	-1.8549445     	-1.8671571     	
-1.8830298     	-1.8348742     	-1.713806      	-1.2121109     	-1.1271024     	-2.0118897     	-1.9812982     	-1.9677504     	-1.9546509     	-1.9602951     	-1.9671007     	-1.9605386     	-1.9452132     	-1.9454377     	-1.9742719     	-1.9550182     	-1.9581026     	-1.9373368     	-1.9545479     	-1.9705048     	-1.9486823     	-1.9320257     	-1.9583397     	-1.9614292     	-1.9236387     	-1.9599392     	-1.3418322     	-0.6453102     	-1.2645683     	-1.9155351     	-1.9251683     	-1.9211599     	-1.9233712     	-1.9548488     	-1.9414014     	-1.9240847     	-1.9374884     	-1.9429718     	-1.9393545     	-1.9155214     	-1.9485873     	-1.9391313     	-1.9316956     	-1.933616      	-1.9416018     	-1.9358133     	-1.9218091     	-1.9308753     	-1.9186842     	-1.8877833     	-1.9514453     	-1.9232756     	-1.9353372     	-1.9160559     	-1.9136454     	-1.954827      	-1.9095057     	-1.9250327     	-1.9589604     	-1.9319324     	-1.9373058     	-1.9205577     	-1.9461328     	-1.9318001     	-1.8840457     	-1.8629838     	-1.7465906     	-1.6555264     	-1.2124057     	-2.0060258     	-1.9802582     	-1.9507308     	-1.9637675     	-1.9546384     	-1.972322      	-1.9380003     	-1.9515622     	-1.9486839     	-1.9623379     	-1.9342662     	-1.9157304     	-1.9456121     	-1.9583937     	-1.920245      	-1.9449402     	-1.9520279     	-1.9335686     	-1.9257922     	-1.9353634     	-1.9491624     	-1.5490489     	-0.6244879     	-0.6501205     	-0.6537028     	-1.1981502     	-1.8078146     	-1.7922267     	-1.8528445     	-1.8577374     	-1.784392      	
-1.8949753     	-1.855271      	-1.7836516     	-1.5085514     	-1.185841      	-1.9519352     	-1.9536867     	-1.9760147     	-1.9548296     	-1.9576721     	-1.9567755     	-1.955841      	-1.9353639     	-1.9264826     	-1.9568427     	-1.9456574     	-1.9374471     	-1.9685422     	-1.9619797     	-1.936512      	-1.9383633     	-1.9528567     	-1.9546137     	-1.9393079     	-1.9513505     	-1.9636797     	-1.7190458     	-0.5500128     	-0.671724      	-1.764233      	-1.902407      	-1.9334699     	-1.9016823     	-1.9257945     	-1.9266058     	-1.9196314     	-1.9581407     	-1.9202977     	-1.9336492     	-1.9417495     	-1.9241401     	-1.9394616     	-1.9244579     	-1.9380499     	-1.9358771     	-1.9192739     	-1.9423257     	-1.9212524     	-1.9211835     	-1.9357071     	-1.9143813     	-1.9398811     	-1.9281638     	-1.9073108     	-1.930003      	-1.9363508     	-1.9405663     	-1.9316728     	-1.930217      	-1.9413413     	-1.9325691     	-1.9412864     	-1.9363072     	-1.9351904     	-1.9339787     	-1.8640833     	-1.8173987     	-1.6442996     	-1.2987723     	-1.6310133     	-1.9983631     	-1.9471279     	-1.9634973     	-1.9660263     	-1.9673625     	-1.958623      	-1.9479443     	-1.9701893     	-1.9331607     	-1.9414839     	-1.9611487     	-1.9547223     	-1.9349355     	-1.9382575     	-1.9506093     	-1.9393772     	-1.9578243     	-1.9453757     	-1.9629635     	-1.9596003     	-1.9521506     	-1.9590307     	-1.8680083     	-1.3353069     	-1.6648142     	-1.7802179     	-1.8763933     	-1.7334776     	-1.2409065     	-0.88453066    	
-1.9347258     	-1.897396      	-1.8266287     	-1.6849872     	-1.1275305     	-1.397183      	-1.9816879     	-1.9571909     	-1.9700944     	-1.9727008     	-1.9417093     	-1.9462448     	-1.9696453     	-1.9607024     	-1.9385799     	-1.9457074     	-1.9647471     	-1.9492351     	-1.9602853     	-1.9427452     	-1.9415847     	-1.9633557     	-1.9309213     	-1.9489493     	-1.9639158     	-1.9531074     	-1.9521458     	-1.0858444     	-0.60150826    	-1.2342731     	-1.8415643     	-1.9150525     	-1.9072976     	-1.924958      	-1.9265869     	-1.9371731     	-1.9447736     	-1.9340019     	-1.9152193     	-1.9330618     	-1.9162008     	-1.9412135     	-1.9194075     	-1.9420812     	-1.9328713     	-1.9372422     	-1.9256665     	-1.9216895     	-1.9415083     	-1.9167837     	-1.9246019     	-1.9415821     	-1.9362762     	-1.9337045     	-1.9343834     	-1.9245079     	-1.9494174     	-1.9445839     	-1.9293017     	-1.949758      	-1.9269575     	-1.949484      	-1.9455969     	-1.9123303     	-1.9464921     	-1.8982917     	-1.8629835     	-1.775329      	-1.3674593     	-1.1283672     	-2.0084639     	-1.9480658     	-1.9685632     	-1.9579078     	-1.9205662     	-1.951424      	-1.97786       	-1.9527106     	-1.9534112     	-1.9577645     	-1.9669116     	-1.9457195     	-1.9419128     	-1.9600279     	-1.9663451     	-1.9365181     	-1.9230139     	-1.9683487     	-1.9500238     	-1.9451184     	-1.9532192     	-1.9450337     	-1.9458709     	-1.9459623     	-1.9485776     	-1.9463197     	-1.9182585     	-1.9579685     	-1.9639834     	-1.9482011     	
-1.9447072     	-1.9242579     	-1.8758899     	-1.8012617     	-1.6633246     	-0.99720705    	-1.9347212     	-1.9591092     	-1.9555932     	-1.9731011     	-1.960953      	-1.9423603     	-1.9642161     	-1.9750583     	-1.9486967     	-1.9511477     	-1.9533467     	-1.959052      	-1.958953      	-1.9185264     	-1.9587293     	-1.9656658     	-1.9485483     	-1.9545915     	-1.9522455     	-1.9545681     	-1.9502352     	-1.9684378     	-0.983531      	-0.74132645    	-1.8118848     	-1.8842003     	-1.9246849     	-1.9221209     	-1.9349384     	-1.9272026     	-1.9247267     	-1.9446665     	-1.924183      	-1.9052241     	-1.9479464     	-1.9287182     	-1.9304582     	-1.927893      	-1.9243037     	-1.9370273     	-1.9115968     	-1.9321946     	-1.9334413     	-1.9118665     	-1.9110073     	-1.9278296     	-1.8995811     	-1.9367117     	-1.9235393     	-1.9294512     	-1.9326984     	-1.9054478     	-1.9296274     	-1.938108      	-1.9096609     	-1.9325968     	-1.9046189     	-1.9138513     	-1.8987623     	-1.8523719     	-1.7446202     	-1.8282287     	-1.7230691     	-1.5027506     	-1.6073474     	-1.9830235     	-1.9793696     	-1.9743358     	-1.9540359     	-1.9635332     	-1.9631792     	-1.9737037     	-1.9663119     	-1.9564732     	-1.9690822     	-1.9397347     	-1.9501972     	-1.9677782     	-1.9383987     	-1.9494972     	-1.9550349     	-1.9629966     	-1.9616767     	-1.9298015     	-1.9430882     	-1.9638872     	-1.9316975     	-1.9594386     	-1.941172      	-1.9628776     	-1.9463646     	-1.9321675     	-1.9490424     	-1.9593033     	
-1.950992      	-1.9316565     	-1.8898755     	-1.8103293     	-1.7067326     	-1.2861553     	-1.2470107     	-2.0097568     	-1.983198      	-1.9552261     	-1.963013      	-1.9498593     	-1.9565228     	-1.9598503     	-1.9482574     	-1.9478587     	-1.9490234     	-1.9569011     	-1.9521724     	-1.9427956     	-1.9560914     	-1.9574866     	-1.9354134     	-1.963353      	-1.9419976     	-1.9387904     	-1.9606076     	-1.9467984     	-1.6120452     	-0.7678188     	-1.0774773     	-1.9483178     	-1.9222597     	-1.9034773     	-1.9138072     	-1.934652      	-1.9381015     	-1.9098634     	-1.949344      	-1.934404      	-1.9209824     	-1.9310542     	-1.9306961     	-1.9124246     	-1.9291774     	-1.9346005     	-1.9060705     	-1.9362923     	-1.913687      	-1.929556      	-1.9280673     	-1.9219604     	-1.926326      	-1.9260615     	-1.9330165     	-1.9030653     	-1.8776537     	-1.9163835     	-1.8450565     	-1.8314369     	-1.8227391     	-1.8270147     	-1.8490895     	-1.8801094     	-1.8759066     	-1.8039707     	-1.8295946     	-1.85317       	-1.8020437     	-1.3240577     	-1.3370166     	-2.0023446     	-1.9691727     	-1.9600133     	-1.9659101     	-1.968116      	-1.9488875     	-1.9283713     	-1.9819204     	-1.9351376     	-1.9034635     	-1.944845      	-1.9442989     	-1.9270979     	-1.9129742     	-1.9645773     	-1.959233      	-1.9386989     	-1.9468725     	-1.9503696     	-1.9524666     	-1.9495713     	-1.9224554     	-1.9620963     	-1.946766      	-1.943999      	-1.9441938     	-1.9530106     	-1.952674      	-1.9264677     	
-1.9561046     	-1.9465475     	-1.9303294     	-1.8475405     	-1.786257      	-1.524487      	-0.97961044    	-1.9782381     	-1.9888784     	-1.9553431     	-1.9489834     	-1.9674829     	-1.9274224     	-1.9497045     	-1.9602766     	-1.9535388     	-1.9613761     	-1.9186141     	-1.9479173     	-1.9611322     	-1.9370692     	-1.9360517     	-1.9399438     	-1.9376063     	-1.9613534     	-1.9431857     	-1.9664134     	-1.9519944     	-1.9366661     	-0.89708257    	-0.68227106    	-1.6123865     	-1.8947275     	-1.9212427     	-1.9115852     	-1.9036816     	-1.9459214     	-1.9401299     	-1.9271204     	-1.9342262     	-1.9237957     	-1.9209256     	-1.935289      	-1.9249356     	-1.931669      	-1.9195732     	-1.921223      	-1.9027289     	-1.8787817     	-1.875882      	-1.8193419     	-1.8110126     	-1.8276426     	-1.8398148     	-1.8554128     	-1.8402871     	-1.8334608     	-1.8396306     	-1.872148      	-1.906782      	-1.8144156     	-1.8521821     	-1.9010977     	-1.9568081     	-1.8918213     	-1.8784871     	-1.6513952     	-1.405129      	-1.2532145     	-1.110151      	-1.9853954     	-1.9652424     	-1.9361676     	-1.9630333     	-1.9463011     	-1.9708992     	-1.954321      	-1.9425629     	-1.947869      	-1.9525045     	-1.914839      	-1.944751      	-1.9499543     	-1.9522392     	-1.9272195     	-1.9551752     	-1.9363736     	-1.9590867     	-1.9413766     	-1.9310519     	-1.9548692     	-1.9302803     	-1.9392473     	-1.9525511     	-1.9334536     	-1.9494143     	-1.9528115     	-1.9549673     	-1.9445572     	-1.926267      	
-1.9067001     	-1.896714      	-1.9213475     	-1.898622      	-1.8168805     	-1.7351892     	-1.3087902     	-1.4233673     	-1.9662259     	-1.9731206     	-1.9627699     	-1.9674573     	-1.952441      	-1.9544289     	-1.950044      	-1.9376165     	-1.9427043     	-1.9516413     	-1.9696984     	-1.9047562     	-1.7930108     	-1.8464142     	-1.9129709     	-1.9446063     	-1.9966049     	-1.9468309     	-1.9683312     	-1.9408661     	-1.9439682     	-1.9483755     	-0.965545      	-0.96613336    	-1.9542314     	-1.9133        	-1.9156526     	-1.8871374     	-1.9245552     	-1.9432845     	-1.9355099     	-1.9309494     	-1.8969854     	-1.8662871     	-1.8815976     	-1.8314203     	-1.817523      	-1.835668      	-1.8092912     	-1.8446794     	-1.842616      	-1.8287966     	-1.8227881     	-1.8468469     	-1.815878      	-1.8101811     	-1.856933      	-1.7682073     	-1.7480313     	-1.865627      	-1.8549565     	-1.9594284     	-1.9245317     	-1.7379102     	-1.4705038     	-1.5969485     	-1.993098      	-1.9422697     	-1.946483      	-1.9636747     	-1.9593099     	-1.9619718     	-1.9411341     	-1.9491341     	-1.9657487     	-1.9312876     	-1.9491366     	-1.9576122     	-1.967018      	-1.926473      	-1.9382364     	-1.9496135     	-1.9402415     	-1.9598584     	-1.950626      	-1.9510767     	-1.9540403     	-1.923678      	-1.9639779     	-1.9401631     	-1.9229757     	-1.9630429     	-1.9374568     	-1.9647635     	-1.9590197     	-1.9420443     	-1.9549807     	-1.9459604     	-1.9427341     	-1.9588485     	-1.9658456     	-1.9728348     	
-1.919645      	-1.9390911     	-1.9563614     	-1.9190193     	-1.8451796     	-1.8043774     	-1.6623437     	-0.91648793    	-1.6941296     	-1.968542      	-1.9404725     	-1.9565618     	-1.9503242     	-1.9411412     	-1.9587115     	-1.9530727     	-1.9538523     	-1.9682921     	-1.9400401     	-1.9185911     	-1.9694027     	-1.9541477     	-1.9219908     	-1.9367583     	-1.9496663     	-1.9419416     	-1.9389712     	-1.9493579     	-1.9421544     	-1.951891      	-1.2975197     	-0.687393      	-1.5425214     	-1.8079925     	-1.8390945     	-1.8402705     	-1.889256      	-1.8384401     	-1.8302208     	-1.881268      	-1.8685386     	-1.8495568     	-1.8719755     	-1.8351376     	-1.8502866     	-1.8270859     	-1.8149261     	-1.8210021     	-1.8556842     	-1.9588877     	-1.9211177     	-1.6069391     	-1.8526684     	-1.7595133     	-1.0965308     	-0.9050896     	-1.147433      	-1.998984      	-1.9899926     	-1.9517825     	-1.9434174     	-1.9634224     	-1.9396929     	-1.9259999     	-1.9428854     	-1.933216      	-1.9414093     	-1.9391698     	-1.9420816     	-1.946824      	-1.953231      	-1.9405437     	-1.9440609     	-1.9428719     	-1.9436387     	-1.9564271     	-1.9507114     	-1.9454812     	-1.9408338     	-1.9516662     	-1.9392343     	-1.9526463     	-1.9288596     	-1.9637239     	-1.9396867     	-1.9407399     	-1.9397093     	-1.9497308     	-1.940072      	-1.9459666     	-1.9484295     	-1.9483966     	-1.9415582     	-1.9561787     	-1.9455498     	-1.9464296     	-1.9574728     	-1.9469513     	-1.9475983     	-1.9459594     	
-1.9236197     	-1.9326351     	-1.9428309     	-1.945492      	-1.9000654     	-1.8477043     	-1.7448806     	-1.3904681     	-1.1702471     	-1.9862599     	-1.963913      	-1.950287      	-1.9547457     	-1.9408039     	-1.9475477     	-1.9479215     	-1.9523804     	-1.964551      	-1.9592065     	-1.9485954     	-1.947993      	-1.924019      	-1.9528102     	-1.9482691     	-1.9381644     	-1.9466153     	-1.9523462     	-1.9562055     	-1.9303104     	-1.9451154     	-1.7707468     	-0.6980868     	-0.7560284     	-0.6745827     	-1.0457464     	-1.7163181     	-1.7921771     	-1.798958      	-1.8665478     	-1.845783      	-1.8274804     	-1.8446486     	-1.8458548     	-1.9018643     	-1.8602438     	-1.8388742     	-1.5791472     	-1.2835926     	-1.0981035     	-2.0056946     	-1.9664427     	-1.9656962     	-1.9774396     	-1.9428536     	-1.914716      	-1.9556233     	-1.9467133     	-1.9232191     	-1.9498714     	-1.9568725     	-1.9463413     	-1.9376596     	-1.9477714     	-1.9460788     	-1.9467214     	-1.9487439     	-1.9511298     	-1.9469342     	-1.9468848     	-1.941776      	-1.9423735     	-1.9518553     	-1.9318136     	-1.9370171     	-1.9553258     	-1.9448459     	-1.9361236     	-1.9608356     	-1.9511902     	-1.9466276     	-1.943633      	-1.9420668     	-1.941902      	-1.9411899     	-1.95484       	-1.9380997     	-1.9447755     	-1.9363889     	-1.9534776     	-1.957814      	-1.9302781     	-1.95619       	-1.946398      	-1.943753      	-1.9590869     	-1.9356073     	-1.9421204     	-1.9574935     	-1.9340991     	-1.9623207     	
-1.9183224     	-1.9278165     	-1.9204757     	-1.9268426     	-1.922745      	-1.8452864     	-1.8080555     	-1.6840291     	-1.0334768     	-1.7614645     	-1.9791931     	-1.9699838     	-1.9795825     	-1.9416589     	-1.9668809     	-1.9596411     	-1.9447733     	-1.966359      	-1.961628      	-1.9540248     	-1.9711202     	-1.9567615     	-1.9644829     	-1.9357682     	-1.9488894     	-1.9382159     	-1.9548457     	-1.946462      	-1.9545052     	-1.943099      	-1.95061       	-1.9538004     	-1.6884893     	-1.5206488     	-1.6908072     	-1.8759078     	-1.8502704     	-1.9051172     	-1.6789546     	-1.2621611     	-0.982652      	-1.5808184     	-1.9932331     	-1.9541751     	-1.9792027     	-1.9797536     	-1.9466026     	-1.971283      	-1.9608009     	-1.9567392     	-1.9380819     	-1.9397477     	-1.9493839     	-1.9453264     	-1.946904      	-1.9555489     	-1.9393464     	-1.9580103     	-1.9403012     	-1.9431788     	-1.9474301     	-1.955497      	-1.9535265     	-1.9556249     	-1.9505848     	-1.949307      	-1.9379793     	-1.9549946     	-1.9616083     	-1.9288095     	-1.9493662     	-1.9438456     	-1.9471116     	-1.9455036     	-1.9512997     	-1.9566449     	-1.9208413     	-1.9510955     	-1.9478755     	-1.9332224     	-1.933659      	-1.9513766     	-1.9581509     	-1.9349893     	-1.9382144     	-1.9441909     	-1.9483439     	-1.9406418     	-1.9264146     	-1.9584073     	-1.9452418     	-1.9313188     	-1.966041      	-1.9494995     	-1.9510249     	-1.9388756     	-1.9443009     	-1.9480482     	-1.9352938     	-1.9438739     	
-1.9209849     	-1.9278418     	-1.9320587     	-1.9437674     	-1.9495715     	-1.8947529     	-1.8519996     	-1.7628155     	-1.454769      	-0.89443254    	-1.988437      	-1.9560914     	-1.9491543     	-1.9479778     	-1.937937      	-1.9331115     	-1.935197      	-1.94562       	-1.9450313     	-1.9524349     	-1.9448282     	-1.9392776     	-1.9384211     	-1.9530582     	-1.9114202     	-1.9419812     	-1.9469111     	-1.9480053     	-1.9392767     	-1.9509332     	-1.9455171     	-1.9329468     	-1.9585128     	-1.9307224     	-1.957688      	-1.9511336     	-1.9212699     	-1.941235      	-1.9336034     	-1.9452823     	-1.9433376     	-1.9480218     	-1.9462003     	-1.9348413     	-1.9556772     	-1.9506894     	-1.9447309     	-1.9367381     	-1.9321613     	-1.9278787     	-1.9500971     	-1.9374524     	-1.9467812     	-1.9543883     	-1.9226595     	-1.9152278     	-1.9446241     	-1.9359603     	-1.9254996     	-1.9433205     	-1.9362165     	-1.9466177     	-1.92676       	-1.9415985     	-1.949379      	-1.9307758     	-1.9380226     	-1.9389932     	-1.9364058     	-1.9529383     	-1.9055151     	-1.9397663     	-1.9437507     	-1.9238335     	-1.9412695     	-1.9471055     	-1.9447739     	-1.9469308     	-1.9277619     	-1.949303      	-1.9616269     	-1.944123      	-1.9498043     	-1.9552792     	-1.944398      	-1.938211      	-1.9143028     	-1.9436504     	-1.961216      	-1.9448515     	-1.9404757     	-1.9362999     	-1.956685      	-1.9364913     	-1.9372462     	-1.9592981     	-1.942649      	-1.9594499     	-1.9412743     	-1.9420108     	
-1.92039       	-1.9164422     	-1.9123086     	-1.8974112     	-1.885935      	-1.855079      	-1.6833731     	-1.7990285     	-1.7400632     	-1.3290622     	-1.7293878     	-2.0248868     	-1.9396414     	-1.9607898     	-1.9561952     	-1.9599065     	-1.9509758     	-1.9619418     	-1.95884       	-1.9464111     	-1.9554034     	-1.9516516     	-1.9619228     	-1.9681435     	-1.9385201     	-1.9472624     	-1.9393789     	-1.9392217     	-1.9392267     	-1.944655      	-1.9350148     	-1.9669722     	-1.9560863     	-1.9421352     	-1.949776      	-1.9341946     	-1.9639726     	-1.9426454     	-1.9307644     	-1.945956      	-1.9375962     	-1.9492087     	-1.9586011     	-1.9287963     	-1.9468263     	-1.9670078     	-1.9350625     	-1.9515473     	-1.9280651     	-1.9294332     	-1.9557103     	-1.9377944     	-1.9628611     	-1.9447514     	-1.9398276     	-1.9465281     	-1.9358332     	-1.9571406     	-1.943802      	-1.9415202     	-1.9614521     	-1.9337205     	-1.940637      	-1.9479505     	-1.9531158     	-1.9246804     	-1.9488891     	-1.9515393     	-1.9295968     	-1.950349      	-1.949623      	-1.936545      	-1.9442433     	-1.9369066     	-1.946415      	-1.9435751     	-1.9279774     	-1.934612      	-1.9608492     	-1.9440446     	-1.9384317     	-1.9547282     	-1.9230492     	-1.9295865     	-1.9262563     	-1.9416221     	-1.9390638     	-1.9429123     	-1.9428978     	-1.9425455     	-1.9409952     	-1.9480227     	-1.9249607     	-1.9481118     	-1.9420775     	-1.9333175     	-1.9302084     	-1.9610046     	-1.944845      	-1.9424491     	
-1.8815912     	-1.869121      	-1.8600281     	-1.8511761     	-1.8606435     	-1.8193275     	-1.7909803     	-1.6500481     	-1.7051325     	-1.5576015     	-0.93089163    	-2.0009255     	-1.979499      	-1.9769808     	-1.9546379     	-1.9714803     	-1.9664904     	-1.9465846     	-1.9516208     	-1.9462155     	-1.9535083     	-1.9600314     	-1.9374958     	-1.9617661     	-1.9520274     	-1.9482858     	-1.962567      	-1.9526732     	-1.9292353     	-1.9684607     	-1.9307383     	-1.9431726     	-1.960197      	-1.9405946     	-1.9579331     	-1.9358529     	-1.9453403     	-1.9630573     	-1.9439018     	-1.9502823     	-1.9384667     	-1.9570243     	-1.951392      	-1.9236679     	-1.9532384     	-1.9170256     	-1.952698      	-1.9390227     	-1.9420439     	-1.9529301     	-1.947276      	-1.9371399     	-1.9543847     	-1.9303727     	-1.9396697     	-1.9484011     	-1.9457744     	-1.9467415     	-1.9336203     	-1.9547516     	-1.9454707     	-1.9249148     	-1.9593114     	-1.9291993     	-1.9435183     	-1.9576461     	-1.9611508     	-1.9468188     	-1.9337415     	-1.940832      	-1.964633      	-1.9195365     	-1.9359415     	-1.9463168     	-1.9402623     	-1.9577906     	-1.9314752     	-1.9448854     	-1.927256      	-1.9630752     	-1.9464265     	-1.9211754     	-1.9429592     	-1.9500452     	-1.9643166     	-1.94011       	-1.944077      	-1.9547104     	-1.937986      	-1.9513935     	-1.9508406     	-1.9413382     	-1.9595506     	-1.9283282     	-1.9452949     	-1.9503267     	-1.9439614     	-1.9409469     	-1.9558691     	-1.9555082     	
-1.7973025     	-1.7870734     	-1.7670395     	-1.734222      	-1.6938472     	-1.7160168     	-1.5765887     	-1.5718834     	-1.378312      	-2.000104      	-1.9980389     	-1.9567044     	-1.9708972     	-1.9433664     	-1.9620378     	-1.9615389     	-1.9370693     	-1.9674538     	-1.9389046     	-1.9287391     	-1.9595426     	-1.966375      	-1.9356855     	-1.9576946     	-1.9543496     	-1.950112      	-1.947739      	-1.9474578     	-1.9450574     	-1.9528282     	-1.9371196     	-1.938723      	-1.9604139     	-1.9291172     	-1.9305813     	-1.9434394     	-1.9413904     	-1.9379514     	-1.9597006     	-1.9402698     	-1.9394222     	-1.9391501     	-1.9507481     	-1.9442598     	-1.9445051     	-1.9538542     	-1.9369189     	-1.9340492     	-1.9412367     	-1.9536893     	-1.9371548     	-1.9323934     	-1.9444903     	-1.9561247     	-1.9638815     	-1.9449725     	-1.9292561     	-1.9341784     	-1.9224457     	-1.9538711     	-1.9489306     	-1.9426533     	-1.9528621     	-1.9301119     	-1.9593347     	-1.9528373     	-1.9442307     	-1.9476136     	-1.9511415     	-1.9459251     	-1.9510996     	-1.942458      	-1.9447802     	-1.9369224     	-1.9362305     	-1.9359745     	-1.9583515     	-1.9526178     	-1.9490927     	-1.9557029     	-1.9287922     	-1.9506713     	-1.9439975     	-1.9520706     	-1.9475299     	-1.9157096     	-1.9438344     	-1.9585142     	-1.93128       	-1.9588891     	-1.9511492     	-1.9533057     	-1.9594828     	-1.9417309     	-1.9534281     	-1.9322886     	-1.9513166     	-1.9587532     	-1.9600185     	-0.9872091     	
-1.1567156     	-1.097938      	-1.2115953     	-1.7959216     	-1.9637318     	-1.9670819     	-1.9704031     	-1.9735636     	-1.9382448     	-1.9773885     	-1.9433233     	-1.9371476     	-1.947278      	-1.9540799     	-1.9569187     	-1.9279518     	-1.9454703     	-1.9600669     	-1.9503587     	-1.9475483     	-1.9506466     	-1.9497977     	-1.9449173     	-1.934546      	-1.9519892     	-1.9490172     	-1.9351271     	-1.9512366     	-1.9566374     	-1.9440376     	-1.9419205     	-1.9591801     	-1.9489101     	-1.9537126     	-1.9377685     	-1.9615216     	-1.9557077     	-1.9200267     	-1.9431092     	-1.9701439     	-1.9365486     	-1.9465023     	-1.9612333     	-1.955205      	-1.9453055     	-1.9341675     	-1.9307103     	-1.9572424     	-1.9556518     	-1.9574081     	-1.9529591     	-1.9483253     	-1.9589216     	-1.9479138     	-1.9458514     	-1.9322863     	-1.9540232     	-1.952597      	-1.9122638     	-1.9588765     	-1.9657791     	-1.9536487     	-1.9525496     	-1.9589926     	-1.9697428     	-1.9561903     	-1.9357463     	-1.9649963     	-1.9467928     	-1.9337939     	-1.9625461     	-1.9465393     	-1.9380492     	-1.9490019     	-1.9600474     	-1.950637      	-1.944812      	-1.9459876     	-1.96095       	-1.9406102     	-1.9270972     	-1.9463223     	-1.9485071     	-1.9340633     	-1.9623207     	-1.9445523     	-1.952757      	-1.9619173     	-1.9298509     	-1.94018       	-1.9561249     	-1.941039      	-1.9559602     	-1.9537491     	-1.9409893     	-1.953234      	-1.9546576     	-1.9560972     	-1.9519707     	-1.3211992     	
-1.9254497     	-1.9137963     	-1.9374317     	-1.9573275     	-1.9693882     	-1.9589618     	-1.949823      	-1.9534951     	-1.944075      	-1.946302      	-1.94997       	-1.938002      	-1.9504805     	-1.9428161     	-1.9428141     	-1.9714895     	-1.9195373     	-1.9460219     	-1.9538016     	-1.918979      	-1.9381288     	-1.9634538     	-1.9380795     	-1.934683      	-1.9670509     	-1.9252602     	-1.9462258     	-1.9456879     	-1.9414032     	-1.9530137     	-1.9546674     	-1.9339887     	-1.945563      	-1.9458526     	-1.9456165     	-1.9615387     	-1.9542788     	-1.9378953     	-1.9562707     	-1.9445223     	-1.9296163     	-1.9594548     	-1.95076       	-1.9472225     	-1.9560356     	-1.9236866     	-1.9585751     	-1.9457175     	-1.92667       	-1.9670432     	-1.9331584     	-1.9527766     	-1.9558178     	-1.9435182     	-1.9545945     	-1.9362334     	-1.9294069     	-1.9481629     	-1.9378175     	-1.4763367     	-0.83711314    	-0.93975425    	-0.90956473    	-0.8885914     	-1.929935      	-1.9703813     	-1.948852      	-1.9528635     	-1.947465      	-1.9569312     	-0.60633963    	-0.79059994    	-0.6071886     	-0.8608317     	-1.9859539     	-1.9575278     	-1.9525329     	-1.9664419     	-1.9616636     	-1.9364408     	-1.9495473     	-1.9555705     	-1.9453644     	-1.9494938     	-1.9353691     	-1.9646903     	-1.9485803     	-1.9417056     	-1.9684777     	-1.96948       	-1.9436455     	-1.9581938     	-1.9634911     	-1.9396224     	-1.9576627     	-1.9532281     	-1.9450166     	-1.9490867     	-1.6973871     	-0.48616558    	
-1.9316713     	-1.939205      	-1.9570625     	-1.9526573     	-1.9465233     	-1.953617      	-1.949344      	-1.9453905     	-1.9521598     	-1.9430224     	-1.9378783     	-1.9682351     	-1.9284753     	-1.9485972     	-1.9618248     	-1.9509571     	-1.9536272     	-1.9581028     	-1.9507194     	-1.9494461     	-1.9382223     	-1.9616655     	-1.951409      	-1.9528308     	-1.9587626     	-1.953597      	-1.9631748     	-1.9482685     	-1.9447167     	-1.974488      	-1.9264032     	-1.9452314     	-1.9612765     	-1.9469188     	-1.964781      	-1.9321293     	-1.9433733     	-1.9662377     	-1.9569491     	-1.9551891     	-1.956523      	-1.9447929     	-1.9491051     	-1.9532897     	-1.9492501     	-1.9472206     	-1.950172      	-1.9311424     	-1.9546113     	-1.9600794     	-1.9538069     	-1.9542615     	-1.9565185     	-1.958255      	-1.9513615     	-1.9421953     	-1.9636118     	-1.3905424     	-0.9285317     	-1.0194504     	-1.0728859     	-1.0308437     	-1.2287066     	-1.3451108     	-0.7097625     	-0.73395735    	-0.6893439     	-0.6637343     	-0.6407988     	-0.6334601     	-0.67470604    	-1.385249      	-0.55148536    	-0.69296336    	-0.8318418     	-0.7441985     	-0.62709355    	-1.7763013     	-1.9705786     	-1.9771154     	-1.9368374     	-1.9631093     	-1.9635986     	-1.943947      	-1.9743748     	-1.9661027     	-1.9585307     	-1.956257      	-1.9637557     	-1.9572196     	-1.9611586     	-1.9463005     	-1.9588172     	-1.957377      	-1.913225      	-1.9546576     	-1.9675554     	-1.9573776     	-1.9576027     	-1.1054034     	
-1.9217284     	-1.9222337     	-1.9249609     	-1.9359008     	-1.9322454     	-1.9443394     	-1.9602739     	-1.9426877     	-1.9280412     	-1.951827      	-1.9414375     	-1.9678259     	-1.9272741     	-1.9474291     	-1.9369754     	-1.9345583     	-1.9586746     	-1.9498454     	-1.9469507     	-1.9429547     	-1.9515673     	-1.955928      	-1.9383692     	-1.9549919     	-1.9486367     	-1.9601518     	-1.9507515     	-1.9440745     	-1.964986      	-1.9211687     	-1.9603274     	-1.9484423     	-1.9458848     	-1.9457119     	-1.9632562     	-1.9430573     	-1.9428973     	-1.9525833     	-1.9542853     	-1.9605267     	-1.969855      	-1.9382843     	-1.9633015     	-1.9374381     	-1.9328263     	-1.9720336     	-1.9506936     	-1.9450914     	-1.9432784     	-1.9493774     	-1.9495598     	-1.9474818     	-1.9624299     	-1.9572579     	-1.0478538     	-0.59994394    	-0.7062322     	-0.646132      	-0.63550067    	-0.75079745    	-1.0835868     	-0.80932164    	-0.6689172     	-0.6695255     	-0.7331878     	-0.94971126    	-1.484124      	-1.5708127     	-1.7438663     	-1.8372475     	-1.9085853     	-1.918876      	-1.9422883     	-1.9119339     	-1.8639798     	-1.7952908     	-1.3760421     	-0.99931777    	-2.0119557     	-2.0110698     	-1.8980665     	-1.9355998     	-1.9521117     	-1.904048      	-1.9543493     	-1.9633293     	-1.936641      	-1.9609181     	-1.9478449     	-1.9551872     	-1.9541149     	-1.9309363     	-1.9735826     	-1.9386166     	-1.9284068     	-1.9678626     	-1.9484204     	-1.9574249     	-1.9596636     	-1.9411663     	
-1.927872      	-1.9347627     	-1.9544152     	-1.9584373     	-1.958228      	-1.9472998     	-1.9271492     	-1.951517      	-1.9550089     	-1.9386317     	-1.9441415     	-1.9465503     	-1.9453173     	-1.9354615     	-1.947956      	-1.9423404     	-1.9368502     	-1.9489576     	-1.9270064     	-1.9527891     	-1.939161      	-1.9304284     	-1.9671477     	-1.9360214     	-1.9335331     	-1.9673911     	-1.9355259     	-1.9318541     	-1.9617634     	-1.941899      	-1.9529301     	-1.9377879     	-1.9391056     	-1.9694124     	-1.9359721     	-1.9450955     	-1.9517984     	-1.9431835     	-1.9407194     	-1.9591653     	-1.9461223     	-1.9375278     	-1.9426045     	-1.9312717     	-1.9240975     	-1.947785      	-1.9540036     	-1.0176716     	-0.81599945    	-0.6138834     	-0.71662253    	-0.71976066    	-0.65771955    	-0.67847306    	-0.6870506     	-0.75699145    	-1.0810425     	-0.7674943     	-1.1148782     	-1.653979      	-1.6466942     	-1.8226866     	-1.8976026     	-1.9188552     	-1.9336401     	-1.9363261     	-1.9445287     	-1.9209661     	-1.9279917     	-1.9346185     	-1.9415697     	-1.9507033     	-1.9218702     	-1.9449563     	-1.9078707     	-1.8561624     	-1.7815748     	-1.6311477     	-1.3139422     	-2.0126438     	-1.9504038     	-1.9801115     	-1.9599272     	-1.9504778     	-1.973157      	-1.9574689     	-1.9500113     	-1.9380918     	-1.9650809     	-1.9505502     	-1.9491819     	-1.9608221     	-1.9353437     	-1.9483227     	-1.9606556     	-1.9445895     	-1.9421941     	-1.9514843     	-1.9473244     	-1.9410341     	
-1.9277269     	-1.9401451     	-1.9302084     	-1.9273642     	-1.9341292     	-1.9359599     	-1.9566808     	-1.9603297     	-1.9359571     	-1.9581536     	-1.9256471     	-1.9195155     	-1.9465626     	-1.9369248     	-1.946987      	-1.9519174     	-1.9428447     	-1.9303275     	-1.9466134     	-1.9515678     	-1.9178544     	-1.9341825     	-1.9412459     	-1.9405717     	-1.942417      	-1.9474859     	-1.9466147     	-1.9252757     	-1.9368039     	-1.9580432     	-1.9346423     	-1.9375405     	-1.9468505     	-1.9397091     	-1.943309      	-1.9408308     	-1.9515826     	-1.9323497     	-1.9451197     	-1.9378464     	-1.9405905     	-1.9381565     	-1.7673577     	-0.48384574    	-0.611116      	-0.6425244     	-0.6232956     	-0.66890764    	-0.6754769     	-0.55194443    	-0.9871296     	-1.5476547     	-1.6669188     	-1.8225248     	-1.9066148     	-1.9341329     	-1.9409449     	-1.9574145     	-1.9415089     	-1.9508158     	-1.930633      	-1.9261101     	-1.9503822     	-1.9311296     	-1.9413784     	-1.9423728     	-1.9456325     	-1.9345295     	-1.9395992     	-1.9483539     	-1.9354298     	-1.9474543     	-1.9386934     	-1.9573411     	-1.9188075     	-1.8769151     	-1.851813      	-1.6494364     	-1.3754319     	-1.6233888     	-1.9715397     	-1.9729987     	-1.9392741     	-1.9341471     	-1.9561019     	-1.9686452     	-1.949192      	-1.9422966     	-1.9503717     	-1.9518858     	-1.9436098     	-1.9451073     	-1.9508421     	-1.9491944     	-1.9414724     	-1.9360389     	-1.942128      	-1.9356911     	-1.9308225     	-1.9514724     	
-1.9222428     	-1.9372891     	-1.9377472     	-1.9363672     	-1.9419485     	-1.9402016     	-1.9436496     	-1.9427763     	-1.9496372     	-1.9422808     	-1.93442       	-1.9477868     	-1.9359105     	-1.9353311     	-1.9379297     	-1.9056399     	-1.9421889     	-1.9575822     	-1.9408714     	-1.953882      	-1.9506367     	-1.9499207     	-1.9482235     	-1.9379307     	-1.9448854     	-1.9385682     	-1.9556212     	-1.9401531     	-1.9468408     	-1.9477897     	-1.9488056     	-1.9372116     	-1.9580868     	-1.956173      	-1.936619      	-1.9559846     	-1.9476948     	-1.959368      	-1.9506443     	-1.932265      	-1.787599      	-0.4521275     	-0.7562319     	-0.97665304    	-1.5800064     	-1.8813851     	-1.8473005     	-1.9195771     	-1.9108518     	-1.908513      	-1.9330878     	-1.9427499     	-1.9510865     	-1.9429169     	-1.9389695     	-1.9353424     	-1.941474      	-1.9667715     	-1.9382391     	-1.9383736     	-1.9394076     	-1.9361235     	-1.9315997     	-1.9451175     	-1.9316162     	-1.9410963     	-1.9389478     	-1.9311236     	-1.9430342     	-1.9276854     	-1.934266      	-1.9449971     	-1.9566561     	-1.9554486     	-1.9406166     	-1.9318675     	-1.8772405     	-1.8100847     	-1.5805984     	-0.89919484    	-1.9511038     	-1.9653265     	-1.9800136     	-1.9720532     	-1.9684293     	-1.9818982     	-1.9678452     	-1.9131289     	-1.9535916     	-1.962427      	-1.9446698     	-1.9581119     	-1.9571166     	-1.9567252     	-1.9662219     	-1.9565644     	-1.9609752     	-1.950133      	-1.9628968     	-1.9419423     	
-1.9326669     	-1.938518      	-1.9374946     	-1.925783      	-1.9267577     	-1.9539573     	-1.9197779     	-1.9491212     	-1.9432384     	-1.9503626     	-1.9195684     	-1.9393957     	-1.9579802     	-1.9342265     	-1.9508238     	-1.9313173     	-1.9471066     	-1.9616097     	-1.9551642     	-1.9374758     	-1.9354478     	-1.9568253     	-1.961616      	-1.9385731     	-1.9288734     	-1.9616989     	-1.9525136     	-1.9543042     	-1.9414285     	-1.9567058     	-1.9541779     	-1.9417645     	-1.9634688     	-1.9543107     	-1.928283      	-1.952645      	-1.9463711     	-1.9344823     	-1.9520069     	-1.2359388     	-1.0855559     	-0.8349406     	-0.7908695     	-0.90657616    	-1.0086033     	-1.9967464     	-1.9757522     	-1.9554064     	-1.9538277     	-1.9399359     	-1.955048      	-1.9506382     	-1.9451488     	-1.9551574     	-1.9605825     	-1.9330612     	-1.9330214     	-1.9561541     	-1.9333538     	-1.9378392     	-1.9534239     	-1.9476573     	-1.9311391     	-1.9332101     	-1.9477831     	-1.9090545     	-1.9413967     	-1.9498206     	-1.9365851     	-1.9466285     	-1.9550474     	-1.9420415     	-1.9608009     	-1.9478958     	-1.9550856     	-1.9478563     	-1.8962783     	-1.8634547     	-1.7839981     	-1.4951394     	-1.2140765     	-2.0421736     	-1.9796144     	-1.9727163     	-2.0068312     	-1.9775225     	-1.961116      	-1.9488289     	-1.9398655     	-1.9785813     	-1.9671525     	-1.9526298     	-1.9487098     	-1.951416      	-1.9632729     	-1.9564698     	-1.9396112     	-1.9592328     	-1.9762495     	-1.9567183     	
-1.930101      	-1.9436704     	-1.951037      	-1.953245      	-1.946035      	-1.9329292     	-1.9665926     	-1.9470524     	-1.9383323     	-1.9390118     	-1.9531523     	-1.9436997     	-1.9559444     	-1.9391221     	-1.9527926     	-1.9455436     	-1.9359994     	-1.947467      	-1.9301635     	-1.9610051     	-1.9431671     	-1.9409777     	-1.9512683     	-1.9395641     	-1.9413704     	-1.9515935     	-1.9571074     	-1.9371382     	-1.9529077     	-1.9420301     	-1.9449235     	-1.9644153     	-1.9374694     	-1.9601882     	-1.9423748     	-1.9577738     	-1.9678828     	-1.8968306     	-0.39125875    	-0.7614857     	-1.181505      	-1.558862      	-1.5033278     	-0.6967591     	-1.3461546     	-1.4765929     	-1.6784515     	-1.5367584     	-1.895904      	-1.946188      	-1.9472207     	-1.939557      	-1.9625119     	-1.9526905     	-1.93589       	-1.949391      	-1.9478725     	-1.9335707     	-1.9166563     	-1.9398687     	-1.9415653     	-1.9520738     	-1.9444975     	-1.935742      	-1.9439579     	-1.9383446     	-1.9422427     	-1.945796      	-1.9423405     	-1.9466134     	-1.9488645     	-1.9499391     	-1.9381412     	-1.9456037     	-1.9554393     	-1.9434215     	-1.9170678     	-1.8650409     	-1.8225334     	-1.6161741     	-1.058845      	-1.5656722     	-2.0183725     	-1.9675064     	-1.9569211     	-1.9754779     	-1.9412168     	-1.9564507     	-1.9680635     	-1.9587265     	-1.9733424     	-1.9532958     	-1.9602062     	-1.9728624     	-1.9391106     	-1.9445496     	-1.9758538     	-1.9577235     	-1.9634889     	-1.9585077     	
-1.9371786     	-1.9345022     	-1.9419652     	-1.9155408     	-1.9321501     	-1.9687287     	-1.9546803     	-1.9586914     	-1.8682513     	-0.7469218     	-0.52969676    	-0.73917097    	-0.7177549     	-0.6409346     	-1.8202952     	-1.9414935     	-1.9514165     	-1.9773643     	-1.9724636     	-1.9489185     	-1.9424394     	-1.9432951     	-1.9477932     	-1.9355937     	-1.9433697     	-1.9475709     	-1.9538158     	-1.9615134     	-1.9494807     	-1.9560667     	-1.9472827     	-1.9516431     	-1.9507443     	-1.9478353     	-1.95983       	-1.9622496     	-1.675728      	-0.40155542    	-0.39095187    	-1.0806718     	-1.850658      	-1.7569329     	-1.8071103     	-1.8382334     	-1.8477186     	-1.857992      	-1.7652814     	-1.553169      	-1.3423337     	-1.4864357     	-1.9719234     	-1.9625505     	-1.9623239     	-1.9584411     	-1.9442267     	-1.9542413     	-1.9641505     	-1.9561425     	-1.9516268     	-1.9418429     	-1.9358143     	-1.9469256     	-1.9367317     	-1.9257445     	-1.9508164     	-1.9387386     	-1.9461584     	-1.9331137     	-1.9327027     	-1.9580234     	-1.9603289     	-1.9474096     	-1.9621143     	-1.9416951     	-1.9329227     	-1.9509846     	-1.9484996     	-1.8930095     	-1.8447186     	-1.7380103     	-1.3546946     	-1.3614488     	-1.967207      	-1.9709833     	-1.9923863     	-1.9791027     	-1.9706135     	-1.9905674     	-1.9688858     	-1.9596732     	-1.9766988     	-1.9508643     	-1.9691849     	-1.97131       	-1.9688742     	-1.9552274     	-1.9650104     	-1.9726934     	-1.9799868     	-1.9362737     	
-0.62983686    	-0.49153352    	-0.5571928     	-0.64124566    	-0.6485904     	-0.65647805    	-0.67618346    	-0.6656007     	-0.69346404    	-0.6923337     	-0.7115355     	-0.7939149     	-0.5385477     	-0.84977436    	-1.0036678     	-1.1291841     	-0.6539992     	-1.3190751     	-1.9945874     	-1.9686722     	-1.9729093     	-1.9815792     	-1.9492065     	-1.9448467     	-1.9676632     	-1.9485155     	-1.9512079     	-1.9659365     	-1.9607913     	-1.9617693     	-1.9626944     	-1.9583691     	-1.9473182     	-1.9559504     	-1.9602655     	-1.9465698     	-1.9778717     	-1.0012887     	-1.325316      	-1.7579325     	-1.8173124     	-1.897519      	-1.9253292     	-1.8878492     	-1.833904      	-1.7872201     	-1.8763129     	-1.5561758     	-1.5988518     	-1.4023232     	-1.3770028     	-1.9777288     	-1.9567955     	-1.9540294     	-1.9362892     	-1.9315113     	-1.9567977     	-1.9343061     	-1.9407904     	-1.9512767     	-1.9439462     	-1.9356061     	-1.9336218     	-1.9229866     	-1.9224566     	-1.942501      	-1.9524087     	-1.9343187     	-1.9258052     	-1.9534397     	-1.9438382     	-1.945546      	-1.9470578     	-1.9508063     	-1.9352887     	-1.9310118     	-1.9477681     	-1.9244436     	-1.8845986     	-1.8471513     	-1.6615962     	-1.2119634     	-1.7454723     	-1.9693888     	-1.9542762     	-1.9521323     	-1.9763546     	-1.9478159     	-1.9266813     	-1.9688724     	-1.977388      	-1.969274      	-1.9386348     	-1.9603983     	-1.9625564     	-1.9683802     	-1.9684049     	-1.9634225     	-1.9666693     	-1.9493251     	
-0.73072386    	-0.7010375     	-0.7107183     	-0.656944      	-0.8708674     	-1.4582869     	-1.7218856     	-1.8504757     	-1.880786      	-1.9021783     	-1.9131546     	-1.9397935     	-1.9592587     	-1.931255      	-1.8852088     	-1.8302244     	-1.6336409     	-0.81862164    	-1.6382511     	-1.9418081     	-1.9678253     	-1.9605954     	-1.9685965     	-1.9512569     	-1.9633657     	-1.9764125     	-1.9550147     	-1.956115      	-1.9667588     	-1.9642256     	-1.9656858     	-1.9435605     	-1.9521215     	-1.9608322     	-1.9360126     	-1.3457582     	-0.4237845     	-0.5394738     	-1.1485176     	-1.3377973     	-0.7965875     	-1.9766562     	-1.9530921     	-1.8660226     	-1.8540813     	-1.8170546     	-1.8970512     	-1.958938      	-1.7819164     	-1.5661292     	-1.4658929     	-1.9873842     	-1.9614769     	-1.9628487     	-1.9413704     	-1.9338124     	-1.9528108     	-1.9568709     	-1.9383372     	-1.9255531     	-1.9373131     	-1.9490384     	-1.9404433     	-1.9397051     	-1.9299053     	-1.9436961     	-1.9410591     	-1.9185572     	-1.950101      	-1.9207689     	-1.9456179     	-1.9545128     	-1.9589527     	-1.9521792     	-1.9310523     	-1.9556109     	-1.9514465     	-1.9250844     	-1.8949853     	-1.8612386     	-1.7200526     	-1.4203299     	-0.9772336     	-1.8625548     	-2.0085092     	-1.9808267     	-1.9674237     	-1.9765319     	-1.9630377     	-1.9675219     	-1.9794523     	-1.9851209     	-1.9253806     	-1.9742229     	-1.9711392     	-1.9516699     	-1.9764496     	-1.9700629     	-1.9776735     	-1.9759152     	
-1.863026      	-1.8823316     	-1.9319075     	-1.9677379     	-1.9560074     	-1.9388635     	-1.9293457     	-1.9553934     	-1.9408475     	-1.9497594     	-1.9544556     	-1.9433523     	-1.9677709     	-1.9393673     	-1.9229529     	-1.8681431     	-1.8153582     	-1.6823282     	-1.119217      	-1.8155743     	-1.9847983     	-1.9375721     	-1.9508961     	-1.9615159     	-1.9551872     	-1.9801519     	-1.9520941     	-1.9586803     	-1.9608923     	-1.9530894     	-1.9613515     	-1.9542648     	-1.9546832     	-1.95647       	-1.9485384     	-1.2197372     	-0.24008892    	-0.5032699     	-0.47213438    	-0.7421125     	-0.69320685    	-1.1369936     	-1.9238381     	-1.8597977     	-1.8334373     	-1.8201385     	-1.1593244     	-1.5215374     	-1.4913244     	-1.4460937     	-1.8639678     	-1.9458755     	-1.9370087     	-1.9337342     	-1.9495581     	-1.938469      	-1.921792      	-1.9445592     	-1.9189855     	-1.9193546     	-1.9364574     	-1.9542118     	-1.9402655     	-1.9263235     	-1.9409798     	-1.9319451     	-1.9154147     	-1.9301606     	-1.9393805     	-1.931474      	-1.9513937     	-1.9424312     	-1.9415823     	-1.9423231     	-1.9405075     	-1.9543107     	-1.9473462     	-1.9503475     	-1.9189657     	-1.86862       	-1.8369535     	-1.6093842     	-1.0461812     	-1.784594      	-1.9546709     	-1.9560858     	-1.993295      	-1.9701904     	-1.9469566     	-1.9807467     	-1.9769973     	-1.9338423     	-1.9505417     	-1.9598349     	-1.9296952     	-1.920678      	-1.970066      	-1.9709045     	-1.9709696     	-1.963441      	
-1.9146863     	-1.9075471     	-1.9175997     	-1.935776      	-1.9334806     	-1.9525454     	-1.9407195     	-1.9383595     	-1.9210284     	-1.9427863     	-1.9416198     	-1.9292504     	-1.9286975     	-1.9525496     	-1.9597367     	-1.8960382     	-1.8481512     	-1.7280521     	-1.4206034     	-1.1720356     	-1.9843441     	-1.9607766     	-1.9496628     	-1.953036      	-1.9570714     	-1.9440128     	-1.949416      	-1.9697802     	-1.9585224     	-1.9488492     	-1.9649564     	-1.9655557     	-1.9705737     	-1.9538969     	-1.9563557     	-1.9480677     	-1.9392606     	-0.82663256    	-1.3850821     	-1.7997503     	-1.3627619     	-0.78817844    	-1.6718848     	-1.808157      	-1.3178824     	-0.995471      	-1.1527445     	-0.84906644    	-1.9402281     	-1.9479686     	-1.9418064     	-1.944716      	-1.9467347     	-1.9522432     	-1.9432793     	-1.9513803     	-1.9484144     	-1.949166      	-1.9478959     	-1.9486374     	-1.9336767     	-1.9397591     	-1.9494859     	-1.9388783     	-1.9372897     	-1.9431113     	-1.9303237     	-1.9303368     	-1.9426895     	-1.9416267     	-1.9335574     	-1.9454465     	-1.9223552     	-1.9442681     	-1.915545      	-1.9559999     	-1.9393138     	-1.9471554     	-1.9589483     	-1.9187629     	-1.8675462     	-1.8047116     	-1.6776462     	-1.0985086     	-1.9956942     	-1.997083      	-1.9724089     	-1.9779851     	-1.957851      	-1.912987      	-1.9306772     	-1.9285834     	-1.9605466     	-1.9537189     	-1.9597064     	-1.9792542     	-1.9559292     	-1.9431663     	-1.982272      	-1.9565505     	
-1.9188107     	-1.9270016     	-1.9430794     	-1.9361211     	-1.944673      	-1.9519322     	-1.9519371     	-1.9344112     	-1.9432071     	-1.9387823     	-1.9490721     	-1.9399307     	-1.9392737     	-1.9320418     	-1.9388267     	-1.8977652     	-1.8283813     	-1.7814043     	-1.5999496     	-0.98463035    	-1.6162949     	-1.9940892     	-1.9749713     	-1.9715567     	-1.9790648     	-1.9568349     	-1.9417917     	-1.9605666     	-1.9679176     	-1.9623979     	-1.958281      	-1.9519352     	-1.951201      	-1.9562976     	-1.9419969     	-1.9562831     	-1.963172      	-1.9589654     	-1.9535507     	-1.956396      	-1.9304355     	-1.9192497     	-0.69694936    	-0.8948981     	-1.2695735     	-1.9064931     	-1.8963989     	-1.898698      	-1.9351401     	-1.9151156     	-1.9288796     	-1.9505697     	-1.9227483     	-1.9269476     	-1.9333545     	-1.9393426     	-1.9285654     	-1.9422857     	-1.9357723     	-1.934935      	-1.923335      	-1.915781      	-1.9261235     	-1.9204804     	-1.9311192     	-1.943055      	-1.9410189     	-1.9143627     	-1.9488618     	-1.9408302     	-1.9256719     	-1.9232348     	-1.9377323     	-1.924373      	-1.9094008     	-1.929064      	-1.934234      	-1.9482647     	-1.9220065     	-1.9368961     	-1.8987814     	-1.8693587     	-1.7331265     	-1.4957862     	-1.2548726     	-2.0034266     	-1.9482266     	-1.9732585     	-1.9689883     	-1.9497243     	-1.955346      	-1.9663504     	-1.9806936     	-1.9733824     	-1.9519633     	-1.9720875     	-1.961414      	-1.9458433     	-1.9643952     	-1.9842212     	
-1.918411      	-1.9181602     	-1.9343585     	-1.9469758     	-1.9374223     	-1.9417063     	-1.9337865     	-1.944492      	-1.9371084     	-1.9525363     	-1.9408213     	-1.9437972     	-1.9304928     	-1.9372898     	-1.9471        	-1.9380045     	-1.9066541     	-1.8695955     	-1.7206359     	-1.4134401     	-1.197608      	-2.0052326     	-1.9645836     	-1.9601648     	-1.9795711     	-1.9636551     	-1.9591058     	-1.9536663     	-1.9519093     	-1.9626164     	-1.9657254     	-1.9589772     	-1.9510534     	-1.9557853     	-1.9443268     	-1.9565548     	-1.9579016     	-1.9501485     	-1.9603256     	-1.9685783     	-1.9497327     	-1.9545599     	-1.2569714     	-0.49887615    	-0.7073533     	-1.7410136     	-1.8710521     	-1.926244      	-1.8821656     	-1.9427546     	-1.9458166     	-1.9222515     	-1.921736      	-1.9305301     	-1.9340216     	-1.9344188     	-1.9293667     	-1.9369864     	-1.9150208     	-1.9224452     	-1.9544379     	-1.9366338     	-1.9350573     	-1.9356713     	-1.9344825     	-1.9341564     	-1.9039433     	-1.9328016     	-1.9468269     	-1.9336579     	-1.9435565     	-1.9443578     	-1.9391048     	-1.9418635     	-1.935168      	-1.9473753     	-1.9506655     	-1.9195093     	-1.9501756     	-1.9402599     	-1.9042093     	-1.8596362     	-1.8254234     	-1.628233      	-0.8323796     	-1.6177859     	-1.9899689     	-1.9846834     	-1.9709615     	-1.9778981     	-1.9678222     	-1.9650543     	-1.9453487     	-1.9412738     	-1.9512438     	-1.9440503     	-1.9498993     	-1.9353055     	-1.9549898     	-1.959967      	
-1.8964728     	-1.8898004     	-1.921975      	-1.9487407     	-1.9358188     	-1.9484764     	-1.951636      	-1.9248096     	-1.9401733     	-1.9450122     	-1.9326724     	-1.934327      	-1.9034015     	-1.934208      	-1.9699687     	-1.9433385     	-1.9162985     	-1.8691815     	-1.8386765     	-1.6556852     	-0.95672166    	-1.6378368     	-2.032176      	-1.9728233     	-1.9324745     	-1.9581126     	-1.9387399     	-1.9450604     	-1.9524004     	-1.9554011     	-1.9572322     	-1.9423543     	-1.9428881     	-1.9387796     	-1.9342645     	-1.9674958     	-1.9469398     	-1.9523696     	-1.9299899     	-1.9563737     	-1.9612939     	-1.947986      	-1.9348525     	-1.3274785     	-0.54976654    	-1.1754829     	-1.8820603     	-1.8971591     	-1.9146727     	-1.8883277     	-1.9252471     	-1.9204303     	-1.9309794     	-1.9230301     	-1.9198332     	-1.9267005     	-1.8894122     	-1.9230807     	-1.92232       	-1.9275447     	-1.9233313     	-1.9194257     	-1.9462208     	-1.9103719     	-1.9008119     	-1.9424145     	-1.9286035     	-1.9295702     	-1.9370831     	-1.9467437     	-1.9396274     	-1.9131858     	-1.9322206     	-1.9445662     	-1.9137324     	-1.9274176     	-1.9339051     	-1.9369704     	-1.9364276     	-1.9394046     	-1.9545336     	-1.8874799     	-1.8473715     	-1.7554166     	-1.3369251     	-1.1254566     	-2.025577      	-1.9887015     	-1.9624416     	-1.9701759     	-1.9730853     	-1.9709054     	-1.9545993     	-1.9611099     	-1.9737192     	-1.9731821     	-1.9508079     	-1.942606      	-1.9687662     	-1.942765      	
-1.9541132     	-1.9361187     	-1.9208621     	-1.9280936     	-1.9220601     	-1.92737       	-1.9217589     	-1.9429213     	-1.9029306     	-1.9232612     	-1.9558219     	-1.9334906     	-1.9242836     	-1.9387119     	-1.9386226     	-1.9481008     	-1.9436408     	-1.9026432     	-1.8516175     	-1.8010807     	-1.7211094     	-0.9631588     	-1.9615835     	-1.9781404     	-1.9553393     	-1.9533583     	-1.9623008     	-1.9619995     	-1.9456459     	-1.9448527     	-1.9549477     	-1.947332      	-1.9602144     	-1.9435594     	-1.9494505     	-1.9640671     	-1.9267083     	-1.951994      	-1.9554192     	-1.93973       	-1.9505333     	-1.9323922     	-1.9665937     	-1.9448795     	-0.8930426     	-0.72646546    	-1.8287191     	-1.8996186     	-1.8495198     	-1.910364      	-1.9388646     	-1.9214766     	-1.9397963     	-1.9477967     	-1.9227214     	-1.9351538     	-1.9449959     	-1.9486969     	-1.9068733     	-1.9061224     	-1.9346994     	-1.935532      	-1.9280288     	-1.9173182     	-1.9354602     	-1.9411346     	-1.9270321     	-1.941743      	-1.9374022     	-1.9261674     	-1.9271597     	-1.9366174     	-1.9390527     	-1.9394287     	-1.9372855     	-1.9419843     	-1.9288945     	-1.927091      	-1.9399493     	-1.9455764     	-1.9485807     	-1.9382411     	-1.8802934     	-1.8382739     	-1.6865895     	-1.142356      	-1.5141039     	-1.9643295     	-1.9421121     	-1.9531038     	-1.9368747     	-1.9598159     	-1.9685878     	-1.9373512     	-1.9404312     	-1.9693838     	-1.933236      	-1.9515052     	-1.95838       	-1.9540952     	
