# www.neaspec.com
# Scan:	 	AFM
# Project:	 	20251007_PS
# Description:	 	
# Date:	 	10/07/2025 10:43:47
# Scanner Center Position (X, Y):	[µm]	49.99	50.01	 
# Rotation:	[°]	0	 	 
# Scan Area (X, Y, Z):	[µm]	5.000	5.000	0.000
# Pixel Area (X, Y, Z):	[px]	100	50	1
# Averaging:	 	1	 	 
# Integration time:	[ms]	5	 	 
# Laser Source:	 	4.5-15 µm nano-FTIR laser
# Detector:	 	R
# Target Wavelength:	[µm]	7.502	 	 
# Demodulation Mode:	 	Fourier
# Tip Frequency:	[Hz]	241,340.500	 	 
# Tip Amplitude:	[mV]	45.700	 	 
# Tapping Amplitude:	[nm]	79.665	 	 
# Modulation Frequency:	[Hz]	0.000	 	 
# Modulation Amplitude:	[mV]	0.000	 	 
# Modulation Offset:	[mV]	0.000	 	 
# Setpoint:	[%]	79.75	 	 
# Regulator (P, I, D):	 	4.206850	8.625812	1.000000
# Tip Potential:	[mV]	0.000	 	 
# M1A Scaling:	[nm/V]	0.426	 	 
# M1A Cantilever Factor:	 	1,000	 	 
# Q-Factor:	 	487.4	 	 
# Version:	 	2.1.11536.0
-0.60011435    	-0.6036008     	-0.6174395     	-0.5884472     	-0.6049311     	-0.61264634    	-0.5933355     	-0.6064104     	-0.6080294     	-0.6096666     	-0.6099105     	-0.60428756    	-0.58572423    	-0.59979975    	-0.5912663     	-0.5910504     	-0.6070767     	-0.6002145     	-0.60328895    	-0.59515244    	-0.59225       	-0.6121475     	-0.6186874     	-0.6216305     	-0.6058051     	-0.57634133    	-0.5899522     	-0.6079335     	-0.5949735     	-0.6048242     	-0.60096943    	-0.61417794    	-0.6281065     	-0.601604      	-0.59646964    	-0.6099513     	-0.6107927     	-0.60968786    	-0.5994183     	-0.594546      	-0.60581195    	-0.6227525     	-0.60342836    	-0.5971335     	-0.60335976    	-0.59870064    	-0.6019192     	-0.60386854    	-0.5969695     	-0.60490537    	-0.591171      	-0.5986905     	-0.6051335     	-0.59644675    	-0.5903372     	-0.5992577     	-0.5947246     	-0.6019834     	-0.6119584     	-0.59272414    	-0.60868996    	-0.5932618     	-0.60345906    	-0.60551405    	-0.60402167    	-0.5958233     	-0.5979936     	-0.5851111     	-0.59382486    	-0.59303343    	-0.605315      	-0.59696186    	-0.59302044    	-0.5975009     	-0.6132684     	-0.6140299     	-0.6074623     	-0.60468704    	-0.59342444    	-0.61080945    	-0.59442806    	-0.5871906     	-0.5997695     	-0.59640574    	-0.6057464     	-0.6111704     	-0.6122693     	-0.60243857    	-0.59657454    	-0.6007264     	-0.59980834    	-0.5802452     	-0.5935576     	-0.61253095    	-0.59009606    	-0.59417045    	-0.61416477    	-0.60497046    	-0.5893451     	-0.59975725    	
-0.609436      	-0.5930307     	-0.58881694    	-0.609525      	-0.5944129     	-0.6037832     	-0.5934659     	-0.61556965    	-0.6064251     	-0.6079234     	-0.58785427    	-0.61149776    	-0.59960014    	-0.5916251     	-0.6266788     	-0.5998442     	-0.58592427    	-0.60196555    	-0.59655946    	-0.61863166    	-0.5948452     	-0.59087604    	-0.6001376     	-0.5967504     	-0.6089134     	-0.6009054     	-0.602837      	-0.60057384    	-0.5945587     	-0.58987653    	-0.60724556    	-0.60592055    	-0.6040447     	-0.5983515     	-0.5963491     	-0.60061723    	-0.5970342     	-0.59715086    	-0.59681886    	-0.6066586     	-0.6057702     	-0.6061456     	-0.5920366     	-0.5995899     	-0.5967997     	-0.5957877     	-0.59676886    	-0.6031626     	-0.5997603     	-0.598167      	-0.6015115     	-0.5985395     	-0.60591346    	-0.5909089     	-0.6014692     	-0.5883709     	-0.5967333     	-0.60231817    	-0.5993187     	-0.6042005     	-0.60911965    	-0.59934235    	-0.60763407    	-0.6059215     	-0.6115259     	-0.59200907    	-0.6004656     	-0.59269285    	-0.6000052     	-0.5890542     	-0.5902454     	-0.60017586    	-0.60041046    	-0.605018      	-0.60642993    	-0.60362595    	-0.5907272     	-0.5920243     	-0.58126986    	-0.60854274    	-0.60768867    	-0.5999708     	-0.58069843    	-0.6109438     	-0.60721374    	-0.6014978     	-0.58750176    	-0.5870649     	-0.6036837     	-0.60447174    	-0.60811853    	-0.58145005    	-0.62002885    	-0.6006919     	-0.57713187    	-0.5943836     	-0.60348356    	-0.5956821     	-0.6021932     	-0.60292095    	
-0.6016602     	-0.5992282     	-0.62812346    	-0.58048975    	-0.601493      	-0.5911285     	-0.59550965    	-0.6115615     	-0.59681845    	-0.58993185    	-0.59254616    	-0.5900705     	-0.6015342     	-0.59891516    	-0.5854595     	-0.5890356     	-0.5982864     	-0.61042374    	-0.60790193    	-0.6045698     	-0.58920205    	-0.59918296    	-0.6046483     	-0.6006613     	-0.59436893    	-0.5923742     	-0.5945727     	-0.6091524     	-0.5895339     	-0.60183454    	-0.60287476    	-0.61313695    	-0.5984937     	-0.6121366     	-0.5957056     	-0.60301137    	-0.5976233     	-0.6029377     	-0.598647      	-0.59681517    	-0.6138965     	-0.5997197     	-0.59126186    	-0.600872      	-0.5957281     	-0.58968604    	-0.62051713    	-0.6153879     	-0.5976651     	-0.611666      	-0.59566045    	-0.606597      	-0.6043282     	-0.60512245    	-0.6030122     	-0.60717654    	-0.607817      	-0.58168375    	-0.58717316    	-0.6056247     	-0.608513      	-0.5898677     	-0.6003432     	-0.6095493     	-0.60957575    	-0.61013794    	-0.59914106    	-0.60553575    	-0.60224795    	-0.5987936     	-0.6050298     	-0.6008943     	-0.60722214    	-0.59835565    	-0.6016347     	-0.60251915    	-0.6010224     	-0.5992691     	-0.59949034    	-0.6077529     	-0.59411204    	-0.5977424     	-0.5972214     	-0.5947293     	-0.6000078     	-0.6206946     	-0.58618903    	-0.6043784     	-0.6004004     	-0.59667015    	-0.60842705    	-0.5809931     	-0.5931213     	-0.6010377     	-0.6073139     	-0.6120783     	-0.59921503    	-0.60481       	-0.6100943     	-0.6087855     	
-0.6085607     	-0.5935339     	-0.5726991     	-0.59353375    	-0.6191129     	-0.61730325    	-0.6012933     	-0.5930039     	-0.6031823     	-0.59331703    	-0.60656714    	-0.59879535    	-0.6002064     	-0.60040796    	-0.5936939     	-0.6188635     	-0.6081011     	-0.60292995    	-0.6059174     	-0.60595655    	-0.6110922     	-0.61212337    	-0.6082201     	-0.6125192     	-0.60783887    	-0.58566254    	-0.61085653    	-0.5999064     	-0.6019885     	-0.6005781     	-0.60806566    	-0.60706615    	-0.6025166     	-0.59629357    	-0.60996187    	-0.60486954    	-0.5947318     	-0.5950655     	-0.60147554    	-0.610349      	-0.5896257     	-0.6055234     	-0.59828705    	-0.60132265    	-0.5983881     	-0.59946084    	-0.5941923     	-0.6045824     	-0.59880984    	-0.6007215     	-0.60210913    	-0.604016      	-0.61056423    	-0.60339224    	-0.5993304     	-0.60868007    	-0.6050392     	-0.6094847     	-0.60511863    	-0.59470224    	-0.60642684    	-0.60069263    	-0.5981682     	-0.60128194    	-0.6001637     	-0.61841714    	-0.5978054     	-0.5833202     	-0.59469324    	-0.61656755    	-0.6067164     	-0.5975582     	-0.5914798     	-0.6020504     	-0.59687454    	-0.6020781     	-0.60463446    	-0.59544975    	-0.5877259     	-0.58745974    	-0.6059648     	-0.59763014    	-0.6123197     	-0.5985719     	-0.61850744    	-0.6000582     	-0.5888012     	-0.5812568     	-0.57129484    	-0.57929504    	-0.6036504     	-0.61399937    	-0.5799954     	-0.6017863     	-0.59799296    	-0.59932065    	-0.6035745     	-0.6348295     	-0.63872993    	-0.6303616     	
-0.60061926    	-0.5968992     	-0.59478843    	-0.6011162     	-0.59633654    	-0.61215216    	-0.59222454    	-0.60463804    	-0.6006214     	-0.6086339     	-0.59826237    	-0.60415       	-0.6071939     	-0.5872068     	-0.5821294     	-0.5978639     	-0.58829004    	-0.600054      	-0.6140013     	-0.6096796     	-0.623976      	-0.61308974    	-0.6013427     	-0.6167599     	-0.58514446    	-0.6018907     	-0.58685845    	-0.61619353    	-0.5938066     	-0.59915745    	-0.59425867    	-0.61325234    	-0.5965955     	-0.60001814    	-0.6077372     	-0.5922094     	-0.6051293     	-0.60964024    	-0.59548795    	-0.60263985    	-0.588892      	-0.6009671     	-0.5864188     	-0.59974015    	-0.60577834    	-0.5902724     	-0.59087956    	-0.6042422     	-0.5919711     	-0.6087048     	-0.60862255    	-0.600757      	-0.5938127     	-0.58315843    	-0.6115645     	-0.59046596    	-0.61982363    	-0.60688937    	-0.61274874    	-0.6060873     	-0.5988934     	-0.60457367    	-0.59512556    	-0.5989669     	-0.5960721     	-0.5965141     	-0.59530944    	-0.6139302     	-0.59661645    	-0.5933727     	-0.5912496     	-0.59363794    	-0.6051536     	-0.5976758     	-0.6065391     	-0.6048182     	-0.61092955    	-0.59480786    	-0.61012924    	-0.60457724    	-0.6221272     	-0.59563977    	-0.6139251     	-0.6078754     	-0.59440017    	-0.6103237     	-0.5867236     	-0.621369      	-0.5773489     	-0.6001556     	-0.61039436    	-0.5897996     	-0.6121928     	-0.60515296    	-0.6086572     	-0.61066794    	-0.61288697    	-0.6049652     	-0.5957904     	-0.5866648     	
-0.6026324     	-0.5944504     	-0.5989301     	-0.5986155     	-0.6058223     	-0.5782604     	-0.5946355     	-0.6006814     	-0.5957855     	-0.60854924    	-0.5914656     	-0.5959828     	-0.6156206     	-0.6122556     	-0.59170496    	-0.60164064    	-0.6070303     	-0.5912049     	-0.59791124    	-0.61134344    	-0.59610367    	-0.6095258     	-0.6161146     	-0.59376276    	-0.6005981     	-0.61207986    	-0.59532845    	-0.60234773    	-0.5923246     	-0.58596724    	-0.59034973    	-0.59524345    	-0.6027122     	-0.59857583    	-0.5874793     	-0.61911917    	-0.6060277     	-0.6015788     	-0.60355604    	-0.61223114    	-0.6134653     	-0.6003854     	-0.6018673     	-0.6034371     	-0.6035916     	-0.5866771     	-0.5983999     	-0.6173641     	-0.6063243     	-0.5955522     	-0.6101823     	-0.6102178     	-0.58282703    	-0.60029095    	-0.59941006    	-0.60287267    	-0.59841263    	-0.5899644     	-0.5935081     	-0.60067636    	-0.60030156    	-0.5959213     	-0.5877147     	-0.61683804    	-0.608757      	-0.5836834     	-0.5950979     	-0.60969174    	-0.6142929     	-0.599981      	-0.609684      	-0.59317744    	-0.59156       	-0.5968494     	-0.605107      	-0.61068285    	-0.6066901     	-0.5974739     	-0.6088752     	-0.60449743    	-0.5987606     	-0.5950974     	-0.6078806     	-0.6059953     	-0.5940201     	-0.5997142     	-0.60622257    	-0.62378407    	-0.6220941     	-0.60088193    	-0.60906494    	-0.61194056    	-0.61700666    	-0.6068882     	-0.5884241     	-0.6170027     	-0.6052564     	-0.5841078     	-0.5872865     	-0.5825718     	
-0.6001377     	-0.6166978     	-0.6063858     	-0.6129269     	-0.6033334     	-0.60760045    	-0.607326      	-0.58214533    	-0.6023973     	-0.60357887    	-0.6008434     	-0.6012706     	-0.5960245     	-0.59740007    	-0.60948396    	-0.59338516    	-0.6070621     	-0.5827785     	-0.613825      	-0.6012441     	-0.60606766    	-0.6002803     	-0.5934178     	-0.6019664     	-0.60435766    	-0.59385955    	-0.60598576    	-0.5921869     	-0.6043241     	-0.61045915    	-0.6117142     	-0.5931885     	-0.59549177    	-0.6098737     	-0.61146533    	-0.60408604    	-0.61266506    	-0.60032725    	-0.59487575    	-0.59359574    	-0.5939718     	-0.60453       	-0.6004125     	-0.60149974    	-0.61405367    	-0.5990658     	-0.6133968     	-0.5969353     	-0.5891994     	-0.58471674    	-0.60306674    	-0.6054185     	-0.6015697     	-0.5929386     	-0.5963208     	-0.60573167    	-0.59311515    	-0.5918728     	-0.60781765    	-0.60611963    	-0.5909678     	-0.6114881     	-0.6141656     	-0.6020462     	-0.5938239     	-0.594012      	-0.59790623    	-0.6076508     	-0.60719484    	-0.59581697    	-0.6120938     	-0.61572796    	-0.5987245     	-0.6032967     	-0.5985652     	-0.60353833    	-0.6002902     	-0.61119306    	-0.58881813    	-0.6068112     	-0.5984355     	-0.5993731     	-0.6118616     	-0.6006241     	-0.60869294    	-0.5752421     	-0.5952673     	-0.6053393     	-0.6138786     	-0.59827596    	-0.6043644     	-0.6085487     	-0.6028352     	-0.60013574    	-0.61122453    	-0.61493933    	-0.60021615    	-0.61657673    	-0.6172495     	-0.60802096    	
-0.59666646    	-0.5978798     	-0.61180395    	-0.60454285    	-0.611986      	-0.5894382     	-0.6039897     	-0.6058688     	-0.5975116     	-0.61126053    	-0.60413325    	-0.5997093     	-0.6142906     	-0.6035999     	-0.6099547     	-0.59205765    	-0.6055925     	-0.6071335     	-0.5867596     	-0.5966494     	-0.59460175    	-0.60600626    	-0.5962633     	-0.6041771     	-0.61017513    	-0.5938996     	-0.61498713    	-0.5970152     	-0.6071846     	-0.61969966    	-0.6001108     	-0.5975627     	-0.5983176     	-0.6035439     	-0.58635616    	-0.60046035    	-0.6147616     	-0.5963052     	-0.59668934    	-0.5885334     	-0.6063803     	-0.59160274    	-0.603563      	-0.5993995     	-0.57856834    	-0.5900323     	-0.6088208     	-0.6117698     	-0.5722628     	-0.5963449     	-0.60824424    	-0.59931314    	-0.5902095     	-0.5971824     	-0.6131487     	-0.6109891     	-0.5910301     	-0.6056745     	-0.6092422     	-0.60786486    	-0.6134536     	-0.5994865     	-0.59551966    	-0.59897935    	-0.61208546    	-0.59934133    	-0.59969556    	-0.5940911     	-0.6101521     	-0.60435826    	-0.59192544    	-0.60132396    	-0.5997149     	-0.5992175     	-0.6109861     	-0.60062426    	-0.59787345    	-0.58417964    	-0.58701694    	-0.608406      	-0.6021018     	-0.60189986    	-0.6037926     	-0.6195384     	-0.6060635     	-0.6166436     	-0.5900866     	-0.59606564    	-0.6158906     	-0.612584      	-0.62029374    	-0.6133963     	-0.58864903    	-0.6129701     	-0.6056016     	-0.6115507     	-0.6128583     	-0.5973629     	-0.60071063    	-0.5932387     	
-0.60493696    	-0.59572744    	-0.61274874    	-0.6058677     	-0.614634      	-0.6011225     	-0.61364824    	-0.6118972     	-0.61053       	-0.5983241     	-0.61175126    	-0.6055141     	-0.5936477     	-0.60170376    	-0.5902896     	-0.5978831     	-0.5964646     	-0.58723223    	-0.6048908     	-0.6028387     	-0.60659504    	-0.6144719     	-0.6010153     	-0.5931611     	-0.6022194     	-0.5991478     	-0.59547955    	-0.59475315    	-0.5885891     	-0.6009211     	-0.59539264    	-0.60579073    	-0.6048131     	-0.60160995    	-0.6020002     	-0.593102      	-0.5881694     	-0.5900957     	-0.5828305     	-0.58588505    	-0.5886224     	-0.6050891     	-0.6138013     	-0.6052776     	-0.59227484    	-0.6064739     	-0.5858898     	-0.60085857    	-0.57950616    	-0.5898122     	-0.618365      	-0.5974194     	-0.6148391     	-0.60841846    	-0.5979095     	-0.6047608     	-0.5976945     	-0.58549047    	-0.6011243     	-0.5918311     	-0.5957496     	-0.60090655    	-0.5987495     	-0.598491      	-0.5923693     	-0.5845559     	-0.59525883    	-0.59346855    	-0.60390276    	-0.6023796     	-0.61083937    	-0.60942006    	-0.6096982     	-0.6027223     	-0.60405654    	-0.60494137    	-0.6031897     	-0.60151654    	-0.60516936    	-0.6061613     	-0.612078      	-0.590161      	-0.59490436    	-0.6048857     	-0.60807484    	-0.60920435    	-0.6074854     	-0.5901143     	-0.5892927     	-0.62572205    	-0.6304399     	-0.61845154    	-0.6039938     	-0.60196155    	-0.62956864    	-0.6023408     	-0.58779955    	-0.5800592     	-0.595213      	-0.5919465     	
-0.60635567    	-0.605261      	-0.6120808     	-0.5857328     	-0.59489644    	-0.60394746    	-0.6018936     	-0.59242046    	-0.6052761     	-0.6000267     	-0.61046886    	-0.59847826    	-0.58918405    	-0.5956627     	-0.5810837     	-0.59010375    	-0.5956893     	-0.601874      	-0.5952304     	-0.59281284    	-0.60518634    	-0.60546154    	-0.6073412     	-0.5953039     	-0.59971166    	-0.6074834     	-0.605684      	-0.58960027    	-0.6082274     	-0.6010129     	-0.5881669     	-0.5798167     	-0.613701      	-0.6211395     	-0.60565       	-0.61190563    	-0.61268127    	-0.6242619     	-0.61026156    	-0.6152365     	-0.60525316    	-0.617608      	-0.6149452     	-0.5966062     	-0.5910088     	-0.59083915    	-0.6009679     	-0.59487754    	-0.6121218     	-0.60664284    	-0.60046315    	-0.6075049     	-0.6082057     	-0.60647607    	-0.6059624     	-0.6013709     	-0.6075108     	-0.62049943    	-0.60147434    	-0.6231251     	-0.6005631     	-0.60626465    	-0.59984326    	-0.6070124     	-0.6072823     	-0.6059706     	-0.5937948     	-0.6086463     	-0.5933152     	-0.6136676     	-0.589625      	-0.6018493     	-0.60419714    	-0.62266314    	-0.59686846    	-0.5936429     	-0.6107721     	-0.59215903    	-0.5972797     	-0.60289437    	-0.60589015    	-0.59904814    	-0.59949684    	-0.5999931     	-0.61357       	-0.6061683     	-0.610317      	-0.60258794    	-0.5911937     	-0.608272      	-0.6193676     	-0.6112905     	-0.6085708     	-0.6032318     	-0.6030962     	-0.5952921     	-0.58782977    	-0.5835312     	-0.5953102     	-0.62131304    	
-0.60491294    	-0.60884345    	-0.60695153    	-0.5968345     	-0.6047447     	-0.59627193    	-0.5899714     	-0.6121201     	-0.6164345     	-0.6028086     	-0.59078586    	-0.59576833    	-0.6093851     	-0.60390127    	-0.60962355    	-0.60557425    	-0.6087146     	-0.61238766    	-0.60668695    	-0.6090204     	-0.6064887     	-0.596598      	-0.60832965    	-0.6183926     	-0.59339166    	-0.6121688     	-0.60790825    	-0.61693114    	-0.5865267     	-0.60122335    	-0.58322614    	-0.6164342     	-0.6142155     	-0.61786544    	-0.6124977     	-0.6119647     	-0.60344005    	-0.60979337    	-0.5947908     	-0.6186179     	-0.6053872     	-0.5833734     	-0.59480476    	-0.60715425    	-0.60983944    	-0.6064328     	-0.6001178     	-0.5934682     	-0.5903218     	-0.5978986     	-0.5800926     	-0.6082675     	-0.60836464    	-0.59843314    	-0.6024309     	-0.591658      	-0.5880464     	-0.6045461     	-0.5917341     	-0.6030514     	-0.5981131     	-0.59970266    	-0.6078579     	-0.6010801     	-0.6084293     	-0.5986775     	-0.60037524    	-0.60096204    	-0.60756344    	-0.60314727    	-0.61170155    	-0.59263057    	-0.60499513    	-0.5997612     	-0.60078275    	-0.6148945     	-0.6028539     	-0.6007524     	-0.59522384    	-0.59900576    	-0.6026275     	-0.5941111     	-0.5987099     	-0.6110987     	-0.5962976     	-0.58685476    	-0.592605      	-0.6090495     	-0.61598504    	-0.6143012     	-0.5848016     	-0.6042161     	-0.6027367     	-0.6080138     	-0.63031447    	-0.61489594    	-0.60965085    	-0.61398304    	-0.6023965     	-0.5879225     	
-0.6102463     	-0.60744494    	-0.61209035    	-0.6014989     	-0.6118025     	-0.5857397     	-0.5972948     	-0.6079683     	-0.5956618     	-0.60768807    	-0.591932      	-0.60143167    	-0.59579873    	-0.59434986    	-0.60730124    	-0.60117936    	-0.6021597     	-0.5919306     	-0.5946802     	-0.6087546     	-0.59712595    	-0.60657656    	-0.59216005    	-0.5892421     	-0.601519      	-0.59281135    	-0.60470146    	-0.61469936    	-0.6013758     	-0.61199695    	-0.5899233     	-0.5956068     	-0.6147066     	-0.59441775    	-0.58989584    	-0.60056657    	-0.6165381     	-0.6112744     	-0.59036064    	-0.6006527     	-0.5917669     	-0.60322523    	-0.60779625    	-0.60991365    	-0.61310285    	-0.60291624    	-0.5947544     	-0.58962375    	-0.5886451     	-0.60886884    	-0.6109228     	-0.5900791     	-0.5932702     	-0.60272515    	-0.5881646     	-0.59280086    	-0.60948336    	-0.590329      	-0.59050924    	-0.6043074     	-0.60166925    	-0.5996319     	-0.60451305    	-0.59784496    	-0.5956167     	-0.59533274    	-0.6039353     	-0.60021746    	-0.5932087     	-0.58362114    	-0.6089796     	-0.58804625    	-0.5905488     	-0.607278      	-0.5878541     	-0.5966016     	-0.605253      	-0.5932386     	-0.6011466     	-0.59419906    	-0.59438753    	-0.6023603     	-0.61111313    	-0.6001328     	-0.59930384    	-0.61599576    	-0.61059535    	-0.6043399     	-0.61169004    	-0.6058499     	-0.59137046    	-0.610145      	-0.6011956     	-0.6105009     	-0.6102104     	-0.5988297     	-0.57099515    	-0.59713376    	-0.60336614    	-0.6003517     	
-0.5861991     	-0.6026567     	-0.5940191     	-0.5989837     	-0.60865545    	-0.59932476    	-0.5949346     	-0.59484607    	-0.5908471     	-0.60971284    	-0.60119224    	-0.5970048     	-0.61880374    	-0.6291788     	-0.59982634    	-0.60183096    	-0.59559286    	-0.6046986     	-0.6157601     	-0.6049112     	-0.60501003    	-0.601285      	-0.5909        	-0.59104633    	-0.6056289     	-0.58428633    	-0.5777127     	-0.60812753    	-0.5945611     	-0.59635556    	-0.58738774    	-0.5820756     	-0.5927213     	-0.5881178     	-0.61301565    	-0.63381416    	-0.6044535     	-0.58738273    	-0.61132646    	-0.6141919     	-0.5848136     	-0.5987682     	-0.59511477    	-0.57099783    	-0.6069326     	-0.60327286    	-0.5929151     	-0.6138428     	-0.59247106    	-0.601624      	-0.589289      	-0.61114126    	-0.5955324     	-0.5974531     	-0.58846635    	-0.6093074     	-0.6037811     	-0.614792      	-0.5832209     	-0.602011      	-0.6138277     	-0.6121231     	-0.6225496     	-0.61603796    	-0.5940768     	-0.6084078     	-0.5902032     	-0.60069466    	-0.6133602     	-0.60835314    	-0.60833716    	-0.59084       	-0.5967164     	-0.5882429     	-0.6079351     	-0.60056067    	-0.5967377     	-0.58657384    	-0.60168684    	-0.6019984     	-0.59979886    	-0.59231734    	-0.5877342     	-0.6040877     	-0.59234107    	-0.6141915     	-0.6078757     	-0.59443486    	-0.59071386    	-0.5858188     	-0.6068745     	-0.5920651     	-0.58546054    	-0.58709884    	-0.5901016     	-0.61583567    	-0.5996353     	-0.6154809     	-0.6176894     	-0.6031843     	
-0.5970347     	-0.6135453     	-0.6007156     	-0.598446      	-0.60579884    	-0.5990891     	-0.60640186    	-0.6063176     	-0.5941299     	-0.5927067     	-0.6013192     	-0.61163116    	-0.6102947     	-0.61523086    	-0.5983454     	-0.60803676    	-0.6045902     	-0.6001253     	-0.5957824     	-0.6035069     	-0.6044941     	-0.61545324    	-0.585165      	-0.59410846    	-0.5839258     	-0.60688853    	-0.59263957    	-0.5794208     	-0.5949889     	-0.6050167     	-0.60421854    	-0.6214147     	-0.6145628     	-0.59739435    	-0.57498384    	-0.5947838     	-0.5847646     	-0.6030905     	-0.5761719     	-0.61511505    	-0.6019699     	-0.6009713     	-0.59639734    	-0.59394133    	-0.5862775     	-0.6118535     	-0.61780274    	-0.59491146    	-0.5898688     	-0.58607286    	-0.61252356    	-0.6028105     	-0.61073333    	-0.59139246    	-0.5929642     	-0.6179857     	-0.5799068     	-0.61694366    	-0.6188164     	-0.59231293    	-0.5902238     	-0.59863865    	-0.6098304     	-0.5923103     	-0.58940154    	-0.5958513     	-0.6051367     	-0.6014278     	-0.614843      	-0.61608505    	-0.6091725     	-0.59795606    	-0.60991645    	-0.6033243     	-0.6050856     	-0.6008186     	-0.60127485    	-0.599882      	-0.6087886     	-0.599435      	-0.61219144    	-0.6030178     	-0.59871626    	-0.5972599     	-0.6088983     	-0.60642093    	-0.59829724    	-0.6082201     	-0.5940626     	-0.6097941     	-0.59947544    	-0.59415865    	-0.6142551     	-0.595362      	-0.6102455     	-0.61044806    	-0.5910822     	-0.5972452     	-0.60187626    	-0.59683335    	
-0.5925845     	-0.60165966    	-0.60619       	-0.6008817     	-0.5969275     	-0.59523493    	-0.6017115     	-0.61628926    	-0.59568745    	-0.61236703    	-0.59750414    	-0.61926687    	-0.5999925     	-0.5895135     	-0.60814667    	-0.5863818     	-0.588773      	-0.5891693     	-0.6092813     	-0.61086786    	-0.6068637     	-0.6052903     	-0.60596585    	-0.60555464    	-0.6088811     	-0.61737406    	-0.5946915     	-0.60978556    	-0.61950326    	-0.59987193    	-0.5939205     	-0.6083896     	-0.609517      	-0.59876096    	-0.6076002     	-0.6006366     	-0.5806755     	-0.5888956     	-0.5934881     	-0.60708714    	-0.5860826     	-0.60288256    	-0.5869117     	-0.61320305    	-0.5981546     	-0.6032273     	-0.5909678     	-0.6129273     	-0.5968879     	-0.5970781     	-0.62601197    	-0.60841423    	-0.60546976    	-0.6103019     	-0.61173004    	-0.61171573    	-0.6087314     	-0.5973145     	-0.6284355     	-0.59238535    	-0.5884171     	-0.5872705     	-0.59720093    	-0.59120965    	-0.6086804     	-0.58899826    	-0.60853934    	-0.5935509     	-0.60452956    	-0.60033774    	-0.6007807     	-0.60371953    	-0.5993025     	-0.6030497     	-0.6058033     	-0.5980901     	-0.6025559     	-0.5889712     	-0.5910795     	-0.5920108     	-0.6142172     	-0.61136144    	-0.59794897    	-0.6112185     	-0.6012144     	-0.5944808     	-0.6010307     	-0.6033527     	-0.58394575    	-0.59031636    	-0.59989923    	-0.59241664    	-0.5917952     	-0.59931946    	-0.6194278     	-0.6023462     	-0.6076154     	-0.58506346    	-0.5836324     	-0.59512407    	
-0.5881126     	-0.6087834     	-0.59280074    	-0.61112213    	-0.6079317     	-0.5903996     	-0.5990928     	-0.588626      	-0.6135088     	-0.5991516     	-0.59288406    	-0.5978577     	-0.5984205     	-0.6067779     	-0.6050978     	-0.6005237     	-0.605517      	-0.6162087     	-0.6083978     	-0.5863809     	-0.59839046    	-0.6187        	-0.6036196     	-0.5845077     	-0.5915497     	-0.60099566    	-0.5905873     	-0.6056762     	-0.5813434     	-0.601367      	-0.58520246    	-0.6131363     	-0.5967562     	-0.63033074    	-0.5877644     	-0.60150194    	-0.57908964    	-0.613446      	-0.5975256     	-0.5972035     	-0.6141537     	-0.5786368     	-0.59881556    	-0.5986198     	-0.60893786    	-0.6117006     	-0.60343623    	-0.6178546     	-0.60072994    	-0.59529924    	-0.6057876     	-0.60711646    	-0.5842643     	-0.59772044    	-0.60369813    	-0.5852704     	-0.62241405    	-0.59329027    	-0.6218028     	-0.6015806     	-0.6042807     	-0.6041812     	-0.5990838     	-0.6056027     	-0.6027599     	-0.5896818     	-0.5888799     	-0.59705997    	-0.58961433    	-0.6051016     	-0.60117745    	-0.5819102     	-0.60455626    	-0.5986378     	-0.5938059     	-0.59851724    	-0.59218967    	-0.5910424     	-0.606879      	-0.60424876    	-0.58970964    	-0.60210377    	-0.5935208     	-0.60684216    	-0.6001329     	-0.583881      	-0.60921335    	-0.607087      	-0.5772423     	-0.5826808     	-0.59603196    	-0.5976722     	-0.5868548     	-0.6079843     	-0.62345314    	-0.60573375    	-0.5899222     	-0.5975138     	-0.60326535    	-0.5992514     	
-0.6053175     	-0.6091657     	-0.600597      	-0.5928946     	-0.6123188     	-0.60613006    	-0.5974726     	-0.61035013    	-0.58976555    	-0.6073199     	-0.58718204    	-0.5934035     	-0.6109661     	-0.60791683    	-0.6289106     	-0.6048027     	-0.5976595     	-0.5997798     	-0.59827846    	-0.61286926    	-0.5920866     	-0.60485524    	-0.588902      	-0.6044007     	-0.59483993    	-0.61672294    	-0.5968686     	-0.6030688     	-0.60741425    	-0.59082764    	-0.6084206     	-0.61892754    	-0.5930104     	-0.6106231     	-0.5981399     	-0.594717      	-0.6066881     	-0.5855898     	-0.5997373     	-0.5968041     	-0.6030149     	-0.6039461     	-0.59527695    	-0.6360067     	-0.6221572     	-0.6045983     	-0.58031696    	-0.5862792     	-0.60224545    	-0.610371      	-0.59604645    	-0.6244184     	-0.6173433     	-0.6057672     	-0.6028654     	-0.61218566    	-0.5994843     	-0.5963937     	-0.61598593    	-0.60910344    	-0.61107445    	-0.5921018     	-0.57620406    	-0.59524155    	-0.60784686    	-0.59025776    	-0.6025017     	-0.58595604    	-0.59885925    	-0.59985185    	-0.6033014     	-0.59426844    	-0.5872572     	-0.5820248     	-0.6085457     	-0.5976864     	-0.6085346     	-0.6053745     	-0.59651524    	-0.58576137    	-0.60904074    	-0.58989024    	-0.6109639     	-0.59495956    	-0.60000527    	-0.6082548     	-0.5956931     	-0.5883163     	-0.59676373    	-0.5971337     	-0.6091005     	-0.5795045     	-0.6044749     	-0.61187565    	-0.5925689     	-0.62422687    	-0.6160481     	-0.6103491     	-0.59938514    	-0.59635186    	
-0.5764738     	-0.57703376    	-0.6001679     	-0.6138808     	-0.5898117     	-0.6119246     	-0.59623206    	-0.6062606     	-0.60379565    	-0.61083865    	-0.594472      	-0.61203635    	-0.5974682     	-0.6110828     	-0.6045234     	-0.6063292     	-0.61289907    	-0.59245634    	-0.58986807    	-0.60511434    	-0.61433554    	-0.5981329     	-0.6004658     	-0.60029054    	-0.6063667     	-0.6038028     	-0.6065309     	-0.5995941     	-0.6190202     	-0.5898066     	-0.5694482     	-0.612566      	-0.59874445    	-0.57312644    	-0.6029649     	-0.60976774    	-0.58932537    	-0.62186235    	-0.59232897    	-0.6029952     	-0.6148718     	-0.61411357    	-0.6080246     	-0.6092244     	-0.57804334    	-0.5913447     	-0.6122307     	-0.59202856    	-0.5924878     	-0.59879035    	-0.5970112     	-0.58707285    	-0.5987699     	-0.59238493    	-0.6009162     	-0.60097444    	-0.58876014    	-0.5773472     	-0.61015356    	-0.6012318     	-0.5977681     	-0.585497      	-0.58772975    	-0.59907174    	-0.5992828     	-0.5946441     	-0.6068659     	-0.6047225     	-0.59155416    	-0.60652757    	-0.60038567    	-0.5976702     	-0.59516436    	-0.6122224     	-0.59833694    	-0.6106733     	-0.61863226    	-0.6181771     	-0.59985334    	-0.58846617    	-0.6092818     	-0.605953      	-0.6162964     	-0.5848802     	-0.6036682     	-0.6034324     	-0.5921198     	-0.601115      	-0.6086844     	-0.5936622     	-0.5991691     	-0.6071872     	-0.6165726     	-0.6044299     	-0.6119726     	-0.6073004     	-0.62162435    	-0.5955249     	-0.58637655    	-0.57831883    	
-0.5866729     	-0.6068535     	-0.59121054    	-0.60393053    	-0.6119268     	-0.59500426    	-0.5894228     	-0.6006002     	-0.60163295    	-0.59774524    	-0.6012916     	-0.6030811     	-0.6014671     	-0.58140904    	-0.60310197    	-0.6033202     	-0.6040793     	-0.6444901     	-0.5884159     	-0.606534      	-0.6101781     	-0.59424174    	-0.5849494     	-0.6178604     	-0.59983885    	-0.60330224    	-0.6029894     	-0.5955107     	-0.62222916    	-0.58149296    	-0.59946823    	-0.59525156    	-0.5910906     	-0.5909134     	-0.61073786    	-0.6161733     	-0.6002525     	-0.59507376    	-0.6079258     	-0.59429145    	-0.60802346    	-0.59405416    	-0.5974351     	-0.60730195    	-0.60952896    	-0.5935893     	-0.57945037    	-0.60503817    	-0.59253174    	-0.6072482     	-0.60057074    	-0.58527815    	-0.58536583    	-0.6000314     	-0.6037978     	-0.6006837     	-0.59614396    	-0.6047777     	-0.6069494     	-0.6054923     	-0.61466336    	-0.6109747     	-0.62395006    	-0.60510695    	-0.6029864     	-0.60358334    	-0.5942469     	-0.60384077    	-0.5977356     	-0.59253275    	-0.6107459     	-0.5951814     	-0.5844495     	-0.6167408     	-0.5936214     	-0.59258544    	-0.57924813    	-0.60100454    	-0.597859      	-0.6000986     	-0.6007604     	-0.61754256    	-0.60392296    	-0.6073915     	-0.58602166    	-0.5859635     	-0.5931136     	-0.605746      	-0.59614116    	-0.60316813    	-0.59850025    	-0.6132552     	-0.60531205    	-0.59420234    	-0.5984229     	-0.6014165     	-0.60462666    	-0.5986675     	-0.60115784    	-0.58854175    	
-0.58662784    	-0.62086064    	-0.58554214    	-0.63076717    	-0.6095215     	-0.6043964     	-0.6109468     	-0.6178838     	-0.59616137    	-0.61371744    	-0.6024862     	-0.6098497     	-0.59235567    	-0.60530037    	-0.6137098     	-0.5825128     	-0.60467595    	-0.6074793     	-0.5961772     	-0.6094259     	-0.602469      	-0.5955453     	-0.618116      	-0.61404836    	-0.597419      	-0.60351664    	-0.5873952     	-0.5935335     	-0.62189305    	-0.60130006    	-0.61635107    	-0.5944469     	-0.60480356    	-0.5936873     	-0.61079425    	-0.6042508     	-0.61918914    	-0.61394155    	-0.5830327     	-0.5963279     	-0.59846306    	-0.60648364    	-0.59276897    	-0.6120382     	-0.60445035    	-0.6128384     	-0.6220388     	-0.60453856    	-0.5997869     	-0.6106792     	-0.5946285     	-0.59522533    	-0.62419796    	-0.607069      	-0.5966261     	-0.601032      	-0.5962211     	-0.58882       	-0.6041668     	-0.61521447    	-0.60023636    	-0.59416854    	-0.6160628     	-0.62280965    	-0.58189887    	-0.5995686     	-0.5988639     	-0.59437513    	-0.60045815    	-0.5976148     	-0.60256493    	-0.616742      	-0.6164181     	-0.6147399     	-0.604729      	-0.6004596     	-0.6061744     	-0.5867042     	-0.6001302     	-0.6089437     	-0.6069939     	-0.60662997    	-0.58137715    	-0.5917314     	-0.6119686     	-0.6083623     	-0.59956574    	-0.594266      	-0.6085499     	-0.6009412     	-0.58062875    	-0.58791465    	-0.59443265    	-0.62357277    	-0.61661744    	-0.59558463    	-0.5970337     	-0.595996      	-0.59594357    	-0.60591817    	
-0.57242864    	-0.5969946     	-0.5786672     	-0.59515107    	-0.5884644     	-0.61788034    	-0.60912615    	-0.6082269     	-0.61026484    	-0.60948193    	-0.5975348     	-0.59588003    	-0.5992111     	-0.6010435     	-0.59887147    	-0.59404665    	-0.60898983    	-0.599321      	-0.60405403    	-0.5875592     	-0.595986      	-0.60311115    	-0.61231667    	-0.6004739     	-0.600515      	-0.5957037     	-0.603907      	-0.5930102     	-0.5942553     	-0.6127033     	-0.6013139     	-0.5932538     	-0.62558883    	-0.58322763    	-0.61419606    	-0.5902634     	-0.61880624    	-0.5992426     	-0.616952      	-0.5950944     	-0.5923509     	-0.58272356    	-0.6121809     	-0.6108197     	-0.59277624    	-0.60200924    	-0.5793232     	-0.60848653    	-0.5970596     	-0.6240614     	-0.6030154     	-0.6078113     	-0.59504765    	-0.5903717     	-0.62254536    	-0.6173656     	-0.5966145     	-0.6203072     	-0.59784377    	-0.60725796    	-0.60318166    	-0.6156362     	-0.60163665    	-0.6300445     	-0.60614467    	-0.6061891     	-0.61011994    	-0.6070279     	-0.5966754     	-0.60753775    	-0.6096028     	-0.5882725     	-0.6011322     	-0.59372044    	-0.5972985     	-0.6064803     	-0.5947023     	-0.5978477     	-0.5981558     	-0.5960636     	-0.61010087    	-0.59061223    	-0.5973709     	-0.6003339     	-0.5974694     	-0.59468025    	-0.6166317     	-0.60430753    	-0.5979731     	-0.5999855     	-0.60210407    	-0.5871642     	-0.6011734     	-0.6146548     	-0.6000262     	-0.5960041     	-0.61160463    	-0.6041728     	-0.596813      	-0.5974332     	
-0.6056343     	-0.6142803     	-0.6013853     	-0.6004244     	-0.5985755     	-0.5981393     	-0.60431486    	-0.5960652     	-0.5892619     	-0.6020763     	-0.6047375     	-0.6059039     	-0.61379606    	-0.5815632     	-0.6022703     	-0.60710555    	-0.60599697    	-0.60013306    	-0.6009033     	-0.602028      	-0.6102387     	-0.60259956    	-0.6008307     	-0.61334145    	-0.59405315    	-0.59553736    	-0.58984745    	-0.6131922     	-0.6030772     	-0.6075044     	-0.59573877    	-0.5846146     	-0.5950807     	-0.58392215    	-0.6164774     	-0.5956914     	-0.5925425     	-0.600634      	-0.612102      	-0.60025096    	-0.5785182     	-0.6060354     	-0.59967864    	-0.59919596    	-0.6236042     	-0.616558      	-0.5971234     	-0.6060935     	-0.6085546     	-0.60070956    	-0.63012767    	-0.60778433    	-0.60544306    	-0.5965923     	-0.5985328     	-0.5955893     	-0.59500223    	-0.6020608     	-0.6103826     	-0.6003473     	-0.5877716     	-0.6012975     	-0.5972912     	-0.5993732     	-0.59015536    	-0.5941653     	-0.59487605    	-0.59257454    	-0.5919803     	-0.58545345    	-0.6085405     	-0.59538406    	-0.6002705     	-0.59880686    	-0.6040631     	-0.598796      	-0.5960866     	-0.611957      	-0.6066663     	-0.6049478     	-0.61071587    	-0.6159388     	-0.6085618     	-0.60528994    	-0.600469      	-0.60854155    	-0.59780985    	-0.59698284    	-0.60282046    	-0.5979722     	-0.60310984    	-0.5989934     	-0.60404444    	-0.6018297     	-0.59232056    	-0.5904933     	-0.595194      	-0.6020686     	-0.6069292     	-0.60029304    	
-0.60394406    	-0.5924207     	-0.5941983     	-0.58513975    	-0.58468646    	-0.60135347    	-0.58296305    	-0.608437      	-0.6044917     	-0.6112025     	-0.5890203     	-0.5869259     	-0.61930287    	-0.59086144    	-0.59805906    	-0.60276866    	-0.6082251     	-0.6111587     	-0.5953132     	-0.611612      	-0.59564203    	-0.59988165    	-0.60270655    	-0.60133564    	-0.6019579     	-0.60692346    	-0.589468      	-0.6014222     	-0.60547423    	-0.6047688     	-0.5946944     	-0.59540313    	-0.6005304     	-0.58555526    	-0.5972276     	-0.59839416    	-0.585574      	-0.6115901     	-0.5890387     	-0.605897      	-0.609597      	-0.60065615    	-0.6010371     	-0.58597714    	-0.6299383     	-0.62029195    	-0.61399674    	-0.56849873    	-0.5874057     	-0.6075327     	-0.61277884    	-0.5936823     	-0.59898925    	-0.62267196    	-0.59491825    	-0.58811796    	-0.5902315     	-0.5983331     	-0.6127286     	-0.60389775    	-0.6145137     	-0.5859035     	-0.59018904    	-0.594096      	-0.60226256    	-0.6163912     	-0.5958755     	-0.60540706    	-0.5945123     	-0.5985077     	-0.613742      	-0.6015159     	-0.5935781     	-0.5986304     	-0.61448437    	-0.5853455     	-0.61417544    	-0.5962652     	-0.5989672     	-0.6068626     	-0.60772324    	-0.59695685    	-0.6037796     	-0.59717894    	-0.6078779     	-0.5993302     	-0.60053957    	-0.59022677    	-0.60326886    	-0.60319096    	-0.5899209     	-0.6101819     	-0.60073614    	-0.6112025     	-0.609269      	-0.6063433     	-0.6054793     	-0.59734356    	-0.59080756    	-0.58735394    	
-0.58577096    	-0.5987266     	-0.60829055    	-0.6159176     	-0.6028703     	-0.61325645    	-0.59745294    	-0.59921575    	-0.607627      	-0.6095251     	-0.59944063    	-0.6026503     	-0.6068989     	-0.5966378     	-0.613024      	-0.6045022     	-0.5903216     	-0.6069948     	-0.6035337     	-0.61232615    	-0.6064723     	-0.5975089     	-0.59246624    	-0.6014235     	-0.6149548     	-0.5977762     	-0.62574255    	-0.60997534    	-0.5950015     	-0.5856665     	-0.5872947     	-0.5905471     	-0.5906949     	-0.6056957     	-0.6095381     	-0.59206307    	-0.61031485    	-0.59479046    	-0.6252137     	-0.60880375    	-0.6094681     	-0.5906152     	-0.59758514    	-0.61271584    	-0.5903171     	-0.6096678     	-0.60407245    	-0.61125743    	-0.60482645    	-0.59209627    	-0.5912531     	-0.59635895    	-0.619429      	-0.62250316    	-0.58473754    	-0.60038245    	-0.5994623     	-0.629043      	-0.5922397     	-0.61224353    	-0.6044722     	-0.59692883    	-0.60213137    	-0.597563      	-0.5914913     	-0.6177576     	-0.60280216    	-0.60130703    	-0.6029148     	-0.6066969     	-0.613882      	-0.59953046    	-0.6042932     	-0.6085191     	-0.6142597     	-0.5946825     	-0.61167943    	-0.6116644     	-0.5952408     	-0.6053867     	-0.59960717    	-0.5927444     	-0.58994615    	-0.5930784     	-0.6007477     	-0.6098434     	-0.6097544     	-0.60068035    	-0.61919695    	-0.5905551     	-0.5952524     	-0.5996395     	-0.6066794     	-0.60037273    	-0.6006169     	-0.5997201     	-0.59953475    	-0.6103073     	-0.6024718     	-0.60042423    	
-0.5977095     	-0.6009127     	-0.6018145     	-0.5986765     	-0.6226428     	-0.60366905    	-0.59253466    	-0.6114179     	-0.5948954     	-0.5995075     	-0.5879552     	-0.5848303     	-0.59908986    	-0.6157533     	-0.5955724     	-0.57814336    	-0.6156144     	-0.5883403     	-0.59121186    	-0.6015184     	-0.61591953    	-0.62138265    	-0.59991956    	-0.6005032     	-0.6004424     	-0.6016687     	-0.59921515    	-0.5954338     	-0.59677106    	-0.60731477    	-0.6007027     	-0.584623      	-0.5784708     	-0.5950836     	-0.5983751     	-0.59428906    	-0.6103791     	-0.60694504    	-0.580041      	-0.6024575     	-0.6143999     	-0.5986298     	-0.59399235    	-0.5843186     	-0.5932339     	-0.61862934    	-0.6005876     	-0.62540555    	-0.6119291     	-0.59097314    	-0.6145871     	-0.59278524    	-0.6142243     	-0.61028934    	-0.59375894    	-0.62867343    	-0.59929454    	-0.59388363    	-0.5861372     	-0.6090224     	-0.6128314     	-0.6042839     	-0.5989662     	-0.5911304     	-0.59677947    	-0.6160321     	-0.61596835    	-0.6062994     	-0.5808821     	-0.60479504    	-0.6020367     	-0.6118635     	-0.5818172     	-0.5927407     	-0.61708474    	-0.5965921     	-0.60595345    	-0.59998715    	-0.598095      	-0.60832214    	-0.59242505    	-0.5980714     	-0.58071524    	-0.5918841     	-0.59112954    	-0.59564       	-0.60285234    	-0.60594606    	-0.6031709     	-0.6115297     	-0.6050683     	-0.6029803     	-0.60604894    	-0.60306275    	-0.5964147     	-0.6075109     	-0.6008562     	-0.59601235    	-0.6020383     	-0.5991546     	
-0.58515424    	-0.5917806     	-0.6027253     	-0.6091701     	-0.5885956     	-0.6037936     	-0.604143      	-0.590516      	-0.5967589     	-0.59763265    	-0.6109733     	-0.60377413    	-0.5936252     	-0.5974253     	-0.5966934     	-0.61598045    	-0.6181894     	-0.6023649     	-0.601246      	-0.6034633     	-0.6048182     	-0.59358287    	-0.6017158     	-0.60662425    	-0.6223789     	-0.609612      	-0.5966772     	-0.6065704     	-0.60333663    	-0.60266113    	-0.59860945    	-0.6012177     	-0.6039349     	-0.593043      	-0.58889437    	-0.6052224     	-0.62062854    	-0.60246015    	-0.59613836    	-0.5869926     	-0.58137643    	-0.61862063    	-0.602627      	-0.58839023    	-0.5806661     	-0.5963353     	-0.60073453    	-0.6180933     	-0.59803295    	-0.5904929     	-0.59389776    	-0.60716367    	-0.5993915     	-0.59293854    	-0.595778      	-0.5948633     	-0.6043575     	-0.5993618     	-0.6096361     	-0.61127985    	-0.5988794     	-0.59854627    	-0.6069977     	-0.59936666    	-0.6020144     	-0.59644765    	-0.6011846     	-0.595078      	-0.6016551     	-0.59888387    	-0.6009546     	-0.616352      	-0.6046032     	-0.6038524     	-0.6189161     	-0.61505467    	-0.61611414    	-0.6031226     	-0.6067827     	-0.59579265    	-0.59826034    	-0.6062948     	-0.612473      	-0.5972586     	-0.6064218     	-0.59864485    	-0.5880087     	-0.5909693     	-0.5986698     	-0.6050315     	-0.5961991     	-0.6091343     	-0.6003159     	-0.60428315    	-0.60477406    	-0.59107316    	-0.5884668     	-0.5935049     	-0.60580623    	-0.6068145     	
-0.6038083     	-0.607264      	-0.5916451     	-0.6090722     	-0.5893249     	-0.60474694    	-0.6059751     	-0.5892433     	-0.61529183    	-0.61486423    	-0.6062203     	-0.61468863    	-0.59212685    	-0.60039103    	-0.61362106    	-0.59266853    	-0.59350944    	-0.6079382     	-0.5971556     	-0.5835918     	-0.6044818     	-0.60857415    	-0.59218967    	-0.5910466     	-0.5935987     	-0.59165734    	-0.60057056    	-0.60136354    	-0.5867721     	-0.59004223    	-0.5928096     	-0.61414367    	-0.6113101     	-0.59323096    	-0.6226698     	-0.6105456     	-0.5930883     	-0.59681       	-0.5832913     	-0.5992677     	-0.6059146     	-0.6202644     	-0.59759676    	-0.5850729     	-0.59567356    	-0.61514634    	-0.6015127     	-0.59965944    	-0.5800786     	-0.5958551     	-0.58535576    	-0.6082372     	-0.60198796    	-0.58960587    	-0.60441947    	-0.6030975     	-0.5971123     	-0.60267645    	-0.6143623     	-0.5951113     	-0.6032512     	-0.5809589     	-0.60554314    	-0.59446913    	-0.61089057    	-0.6063273     	-0.6052845     	-0.6127645     	-0.59940094    	-0.58794045    	-0.6098739     	-0.60784155    	-0.6089731     	-0.5972429     	-0.60397804    	-0.5932673     	-0.5998689     	-0.5989739     	-0.5902006     	-0.5983713     	-0.5953739     	-0.6033821     	-0.5997352     	-0.5922977     	-0.60050976    	-0.5966965     	-0.58339727    	-0.6026304     	-0.6046511     	-0.5933809     	-0.6051487     	-0.60986996    	-0.591992      	-0.6021389     	-0.5966009     	-0.5991001     	-0.5953064     	-0.6005169     	-0.5967922     	-0.5957351     	
-0.6132309     	-0.58032787    	-0.6122799     	-0.5762096     	-0.590557      	-0.5995554     	-0.58657587    	-0.5926769     	-0.5984999     	-0.59932244    	-0.604124      	-0.6018633     	-0.6000052     	-0.60092956    	-0.61863256    	-0.59265924    	-0.5959357     	-0.59847564    	-0.5995039     	-0.5987542     	-0.6071504     	-0.59979916    	-0.61517143    	-0.61405873    	-0.6002567     	-0.61281276    	-0.603567      	-0.5958588     	-0.5965127     	-0.60215896    	-0.6134694     	-0.61058617    	-0.59764075    	-0.6107035     	-0.6031029     	-0.5939656     	-0.60118806    	-0.59423923    	-0.60116434    	-0.60999614    	-0.5897419     	-0.5990432     	-0.60409236    	-0.60080206    	-0.5818265     	-0.593084      	-0.60857236    	-0.6105399     	-0.60785645    	-0.594498      	-0.59638894    	-0.595776      	-0.5889472     	-0.60138774    	-0.61018705    	-0.6068418     	-0.60109836    	-0.5947445     	-0.60889685    	-0.5998807     	-0.6029093     	-0.5949925     	-0.58469987    	-0.60811096    	-0.613062      	-0.6014931     	-0.58860856    	-0.6072897     	-0.5984432     	-0.6021981     	-0.59177506    	-0.60896504    	-0.608461      	-0.6006439     	-0.59260905    	-0.60885185    	-0.60824525    	-0.5968556     	-0.5939887     	-0.6019934     	-0.61150485    	-0.61122835    	-0.5976712     	-0.5938091     	-0.6030745     	-0.5966297     	-0.5928398     	-0.5888076     	-0.6039345     	-0.5846924     	-0.5903826     	-0.607425      	-0.610016      	-0.59142923    	-0.60937       	-0.5939797     	-0.5842611     	-0.60367095    	-0.612513      	-0.6100278     	
-0.5970186     	-0.6043298     	-0.5891955     	-0.5988408     	-0.591865      	-0.58579546    	-0.59601593    	-0.58086663    	-0.59569174    	-0.6010374     	-0.5906769     	-0.6013902     	-0.60701793    	-0.5983198     	-0.59662455    	-0.60478425    	-0.591189      	-0.6016339     	-0.59532595    	-0.60700464    	-0.59608877    	-0.6031999     	-0.60467994    	-0.5917919     	-0.6139758     	-0.5886743     	-0.6118111     	-0.60641134    	-0.60279506    	-0.5951273     	-0.5882422     	-0.60153705    	-0.60175866    	-0.5931697     	-0.604988      	-0.61574155    	-0.5900568     	-0.6030176     	-0.60434085    	-0.59788966    	-0.617559      	-0.5953548     	-0.6065956     	-0.5893971     	-0.5913889     	-0.5911771     	-0.5895722     	-0.602843      	-0.5955068     	-0.5882393     	-0.60462505    	-0.608976      	-0.59982073    	-0.59274554    	-0.5986042     	-0.61187565    	-0.61656487    	-0.59036857    	-0.6056884     	-0.59422266    	-0.5877154     	-0.6114492     	-0.59493816    	-0.6141522     	-0.6180953     	-0.5947503     	-0.5994816     	-0.5907596     	-0.61326116    	-0.6079765     	-0.60127115    	-0.60983586    	-0.60436183    	-0.6134922     	-0.627103      	-0.6047688     	-0.60927427    	-0.59632087    	-0.61231685    	-0.596104      	-0.587346      	-0.59742296    	-0.5998515     	-0.60977125    	-0.5976293     	-0.61413574    	-0.61204976    	-0.58781403    	-0.5829546     	-0.60594136    	-0.59258914    	-0.5927146     	-0.591009      	-0.60565734    	-0.59786856    	-0.60225344    	-0.6084377     	-0.6153437     	-0.6150892     	-0.6063293     	
-0.6001266     	-0.60808766    	-0.6129269     	-0.6253429     	-0.61594075    	-0.5981475     	-0.60259       	-0.5818846     	-0.5937097     	-0.58307713    	-0.59643716    	-0.61238205    	-0.5909287     	-0.5919286     	-0.6105555     	-0.6124631     	-0.6000625     	-0.5996869     	-0.60404843    	-0.59491366    	-0.5923879     	-0.60675       	-0.6087649     	-0.59348273    	-0.6177839     	-0.6030957     	-0.6012843     	-0.60734105    	-0.6009449     	-0.60345095    	-0.59279585    	-0.60592186    	-0.6153996     	-0.59050596    	-0.5913221     	-0.6078899     	-0.5979017     	-0.59850705    	-0.6053946     	-0.6050975     	-0.6216949     	-0.6066397     	-0.6075195     	-0.6031561     	-0.6021669     	-0.6007741     	-0.6102608     	-0.60525113    	-0.60362387    	-0.59211993    	-0.59656537    	-0.6021061     	-0.6131836     	-0.59172374    	-0.6030283     	-0.61885035    	-0.59544146    	-0.60033876    	-0.5997497     	-0.6195591     	-0.5813524     	-0.60029274    	-0.57686627    	-0.59577084    	-0.6052313     	-0.593011      	-0.60243756    	-0.5897238     	-0.6135334     	-0.61010647    	-0.60412073    	-0.5997552     	-0.58856905    	-0.60704744    	-0.5815253     	-0.61939275    	-0.61020374    	-0.60081375    	-0.60575825    	-0.6039534     	-0.5925972     	-0.598203      	-0.6039516     	-0.5917752     	-0.6041282     	-0.60417557    	-0.603148      	-0.60306954    	-0.6048585     	-0.5971226     	-0.6039195     	-0.61007524    	-0.60309213    	-0.61204493    	-0.60897386    	-0.5917409     	-0.6003425     	-0.5994282     	-0.5986675     	-0.59364706    	
-0.6034821     	-0.6036284     	-0.60641485    	-0.6181419     	-0.61438954    	-0.5992212     	-0.61234474    	-0.6067936     	-0.6089788     	-0.593073      	-0.6068998     	-0.5995736     	-0.60848594    	-0.61215377    	-0.6035842     	-0.6055649     	-0.5930691     	-0.5924009     	-0.60580015    	-0.59630036    	-0.608993      	-0.59683025    	-0.59344375    	-0.6105284     	-0.59804016    	-0.6002767     	-0.60978585    	-0.60688186    	-0.607914      	-0.59776855    	-0.59772694    	-0.60017794    	-0.61542034    	-0.60258615    	-0.59614325    	-0.5914764     	-0.6101284     	-0.59242314    	-0.6127471     	-0.59792805    	-0.59332895    	-0.60765094    	-0.6084632     	-0.5875328     	-0.5989495     	-0.6087339     	-0.6032239     	-0.6017922     	-0.6142076     	-0.61240315    	-0.6023046     	-0.62323666    	-0.601416      	-0.60455155    	-0.603458      	-0.5943949     	-0.60638934    	-0.59652966    	-0.58377147    	-0.59303826    	-0.592211      	-0.60465145    	-0.5941006     	-0.5942421     	-0.6070299     	-0.61271346    	-0.6112579     	-0.600292      	-0.60189474    	-0.60855806    	-0.5996206     	-0.5865501     	-0.6191328     	-0.5873156     	-0.60732216    	-0.60218525    	-0.60455936    	-0.61248606    	-0.58888066    	-0.5953996     	-0.5935699     	-0.6108484     	-0.60636145    	-0.5945138     	-0.6006837     	-0.59896445    	-0.601591      	-0.61166143    	-0.6062078     	-0.6096971     	-0.5910284     	-0.599488      	-0.6209012     	-0.6065306     	-0.615129      	-0.6120883     	-0.62776434    	-0.60667425    	-0.6104158     	-0.61104786    	
-0.60352176    	-0.60702467    	-0.61953354    	-0.5918326     	-0.6014837     	-0.59724414    	-0.6183415     	-0.6049055     	-0.6044341     	-0.5935242     	-0.5891162     	-0.6184397     	-0.59376675    	-0.59672123    	-0.6044799     	-0.6030551     	-0.5938443     	-0.6020792     	-0.6086959     	-0.5997958     	-0.6022705     	-0.59262633    	-0.6103361     	-0.5912756     	-0.60601056    	-0.5857762     	-0.60087514    	-0.6068265     	-0.60569453    	-0.5932392     	-0.614871      	-0.6031092     	-0.5973833     	-0.60725224    	-0.60752666    	-0.60418946    	-0.6012211     	-0.6069963     	-0.61071837    	-0.61070216    	-0.5980023     	-0.59587145    	-0.593462      	-0.59005797    	-0.5975673     	-0.60032135    	-0.59337485    	-0.60072476    	-0.5902832     	-0.5954975     	-0.59951115    	-0.58945584    	-0.6052932     	-0.59492993    	-0.6148329     	-0.6119361     	-0.59851694    	-0.6055669     	-0.60576034    	-0.60184056    	-0.59862816    	-0.5995029     	-0.6027274     	-0.5895974     	-0.6019841     	-0.5840309     	-0.6030496     	-0.6072254     	-0.61157554    	-0.60080355    	-0.6117324     	-0.6147907     	-0.6048079     	-0.6042664     	-0.6134128     	-0.59905094    	-0.59566987    	-0.60832673    	-0.5938261     	-0.59067464    	-0.59863293    	-0.6090551     	-0.6042522     	-0.6082189     	-0.59028876    	-0.60204554    	-0.59581935    	-0.5980931     	-0.60260034    	-0.6061621     	-0.6028557     	-0.59278774    	-0.60254145    	-0.6115658     	-0.6074742     	-0.5886736     	-0.59423786    	-0.60640675    	-0.6019151     	-0.59539473    	
-0.5960896     	-0.60464346    	-0.59984297    	-0.5928583     	-0.61717117    	-0.6041589     	-0.607158      	-0.6029242     	-0.6061033     	-0.60130715    	-0.5892949     	-0.59564066    	-0.605126      	-0.59724       	-0.6064168     	-0.59826005    	-0.5977952     	-0.6002802     	-0.61506665    	-0.5974999     	-0.600077      	-0.59490925    	-0.6093259     	-0.60956347    	-0.60300475    	-0.60218835    	-0.6021727     	-0.60811913    	-0.61386573    	-0.6065809     	-0.61083174    	-0.59498066    	-0.59336954    	-0.6139134     	-0.60793686    	-0.60578024    	-0.6035812     	-0.6101495     	-0.6056304     	-0.6120232     	-0.6059036     	-0.60454994    	-0.60844004    	-0.6062337     	-0.6134223     	-0.5994361     	-0.59334755    	-0.59521556    	-0.5967978     	-0.6033524     	-0.5869285     	-0.608278      	-0.59256506    	-0.59787124    	-0.61306965    	-0.6018812     	-0.6087726     	-0.59819895    	-0.5988935     	-0.59347713    	-0.5826409     	-0.5919568     	-0.61362714    	-0.59867716    	-0.6249264     	-0.602839      	-0.60387516    	-0.5817062     	-0.6014174     	-0.6036766     	-0.6101506     	-0.5993557     	-0.59597206    	-0.5923029     	-0.613992      	-0.6061301     	-0.61055887    	-0.60514283    	-0.6097884     	-0.6071343     	-0.61200386    	-0.59603846    	-0.61854774    	-0.60256827    	-0.6098736     	-0.5978124     	-0.6017445     	-0.6004378     	-0.59359163    	-0.59168905    	-0.5969004     	-0.6095072     	-0.5946657     	-0.6209038     	-0.5940186     	-0.61181486    	-0.6110306     	-0.5968622     	-0.58975726    	-0.5958146     	
-0.5948318     	-0.60592735    	-0.59223694    	-0.6053197     	-0.59132785    	-0.5817917     	-0.58900714    	-0.59195566    	-0.6016961     	-0.6000255     	-0.5958078     	-0.5916091     	-0.6140077     	-0.6009815     	-0.6064002     	-0.6224667     	-0.5969465     	-0.60004       	-0.598773      	-0.5962918     	-0.59059036    	-0.6134566     	-0.58631605    	-0.60607237    	-0.61479247    	-0.6006888     	-0.596458      	-0.59799445    	-0.60362166    	-0.5948021     	-0.59752125    	-0.59336543    	-0.59503984    	-0.60713845    	-0.606477      	-0.6083027     	-0.60493773    	-0.59126484    	-0.60316586    	-0.6060363     	-0.5892209     	-0.5980149     	-0.6071043     	-0.59677297    	-0.5984856     	-0.59392834    	-0.59785783    	-0.5918445     	-0.60670495    	-0.5957728     	-0.59750843    	-0.6073351     	-0.6024225     	-0.5969439     	-0.6059896     	-0.59021044    	-0.5993851     	-0.58506906    	-0.5959951     	-0.60428566    	-0.5923265     	-0.593873      	-0.5971902     	-0.5985018     	-0.59754586    	-0.60129166    	-0.60701406    	-0.59522104    	-0.584999      	-0.60354936    	-0.59806937    	-0.5965593     	-0.60244       	-0.606825      	-0.6056873     	-0.59632283    	-0.60576737    	-0.60134506    	-0.6076081     	-0.59960425    	-0.58804744    	-0.6111283     	-0.6118704     	-0.61252385    	-0.6036502     	-0.6063786     	-0.6224054     	-0.6184103     	-0.6039108     	-0.6063269     	-0.59995925    	-0.6060156     	-0.5917751     	-0.5853766     	-0.59139055    	-0.61653423    	-0.60615027    	-0.6007432     	-0.6040521     	-0.6043941     	
-0.60959995    	-0.5896745     	-0.6065091     	-0.60302204    	-0.5900531     	-0.60769325    	-0.6045618     	-0.61774695    	-0.60029006    	-0.5982945     	-0.60805476    	-0.60095674    	-0.59686244    	-0.6114214     	-0.6055392     	-0.5972341     	-0.5969747     	-0.60436475    	-0.60679895    	-0.60798824    	-0.59882283    	-0.6036215     	-0.6109658     	-0.6140957     	-0.6086483     	-0.5968237     	-0.6018981     	-0.60445476    	-0.6160012     	-0.60722464    	-0.5929071     	-0.59571505    	-0.5841012     	-0.60303617    	-0.6054972     	-0.6002558     	-0.60383636    	-0.60134685    	-0.5963888     	-0.61693764    	-0.58983666    	-0.6037217     	-0.5986713     	-0.5982958     	-0.60384125    	-0.6101536     	-0.59962785    	-0.5981926     	-0.60051316    	-0.5922639     	-0.5922891     	-0.59658       	-0.58887786    	-0.6112065     	-0.60723877    	-0.60817343    	-0.59878355    	-0.6048553     	-0.5985902     	-0.60430676    	-0.6079066     	-0.60910565    	-0.60294694    	-0.613275      	-0.59292716    	-0.59472334    	-0.60289454    	-0.6114863     	-0.5942738     	-0.5970693     	-0.6038784     	-0.6108114     	-0.6192492     	-0.58625084    	-0.5995362     	-0.60054374    	-0.59613156    	-0.599684      	-0.59404683    	-0.5931612     	-0.59033185    	-0.61438465    	-0.6043898     	-0.59073186    	-0.59178185    	-0.60287267    	-0.59862447    	-0.5819042     	-0.5934433     	-0.5956843     	-0.59570074    	-0.601819      	-0.6019132     	-0.61446273    	-0.61116415    	-0.61220205    	-0.5869316     	-0.59400445    	-0.60303915    	-0.5948985     	
-0.59643656    	-0.6073397     	-0.6070176     	-0.5945024     	-0.5942658     	-0.6009672     	-0.5760858     	-0.610636      	-0.6060277     	-0.6009482     	-0.6076342     	-0.5887808     	-0.60836715    	-0.60714       	-0.5990222     	-0.60935545    	-0.60117376    	-0.61505246    	-0.59829074    	-0.5986508     	-0.61916935    	-0.5881272     	-0.59466094    	-0.6090268     	-0.60880935    	-0.5997944     	-0.61784846    	-0.59905136    	-0.59916246    	-0.595889      	-0.59419435    	-0.59274095    	-0.5928924     	-0.6004846     	-0.60648805    	-0.6073934     	-0.5978912     	-0.60039693    	-0.59667736    	-0.5937334     	-0.5939944     	-0.606116      	-0.6017597     	-0.58755076    	-0.5982183     	-0.6022715     	-0.6067384     	-0.60650814    	-0.6168918     	-0.5930027     	-0.6088469     	-0.5911062     	-0.6047561     	-0.60040045    	-0.6062685     	-0.59164363    	-0.6154927     	-0.60513794    	-0.6075266     	-0.59459865    	-0.60764706    	-0.59657127    	-0.6103462     	-0.60479033    	-0.6011586     	-0.60966015    	-0.61544114    	-0.59864485    	-0.58247286    	-0.6003276     	-0.61190575    	-0.6128437     	-0.59824145    	-0.59020925    	-0.60511553    	-0.5983019     	-0.5984699     	-0.5958082     	-0.5854705     	-0.59226114    	-0.61213446    	-0.6050658     	-0.6104348     	-0.60055625    	-0.5957715     	-0.5923389     	-0.62098324    	-0.60847145    	-0.6013373     	-0.607593      	-0.58958185    	-0.61591244    	-0.6071285     	-0.6064547     	-0.5901284     	-0.61355853    	-0.6053936     	-0.60355383    	-0.61029834    	-0.6165329     	
-0.5932803     	-0.5984786     	-0.6039999     	-0.59689003    	-0.6153828     	-0.6117083     	-0.609338      	-0.6068459     	-0.60734       	-0.5973577     	-0.601698      	-0.60944957    	-0.5982084     	-0.6012551     	-0.59103847    	-0.5841711     	-0.5956768     	-0.5903786     	-0.591275      	-0.6080768     	-0.6050169     	-0.6012418     	-0.6002178     	-0.5964795     	-0.6125443     	-0.5993134     	-0.60696626    	-0.617927      	-0.60100436    	-0.6017884     	-0.6117703     	-0.6043985     	-0.5953706     	-0.5986056     	-0.6020526     	-0.60826427    	-0.5934619     	-0.599625      	-0.59758484    	-0.59843475    	-0.6063945     	-0.6104593     	-0.59218884    	-0.5922311     	-0.60316867    	-0.58838564    	-0.60515296    	-0.59822387    	-0.5990885     	-0.6197004     	-0.5989155     	-0.61256385    	-0.59727013    	-0.5916353     	-0.59678113    	-0.6069269     	-0.5983735     	-0.60224307    	-0.59322935    	-0.6270543     	-0.60785323    	-0.6060166     	-0.57168317    	-0.59984815    	-0.5848919     	-0.5915257     	-0.59864414    	-0.6001109     	-0.6081244     	-0.61017454    	-0.6061208     	-0.6050531     	-0.5976157     	-0.6096066     	-0.60048944    	-0.59773767    	-0.5788376     	-0.6022845     	-0.59682435    	-0.5979333     	-0.6105233     	-0.59683913    	-0.58818763    	-0.5986314     	-0.6198926     	-0.6147055     	-0.59855807    	-0.59638083    	-0.598517      	-0.61216795    	-0.5969029     	-0.59613657    	-0.61080366    	-0.59552866    	-0.599689      	-0.5978338     	-0.59730625    	-0.6015494     	-0.6105584     	-0.59345716    	
-0.59894073    	-0.6051442     	-0.58318645    	-0.5954055     	-0.605296      	-0.61348295    	-0.60072505    	-0.6150799     	-0.6049147     	-0.6059989     	-0.594647      	-0.6132876     	-0.589351      	-0.6090243     	-0.60321975    	-0.60177034    	-0.60209       	-0.5890585     	-0.60137784    	-0.6105587     	-0.5992223     	-0.6149032     	-0.59584135    	-0.61623085    	-0.6052548     	-0.60356617    	-0.59644854    	-0.59872556    	-0.60435486    	-0.59780896    	-0.60421014    	-0.59189886    	-0.60435563    	-0.58987904    	-0.61032844    	-0.60419476    	-0.6052213     	-0.5962652     	-0.6090797     	-0.6002328     	-0.60123545    	-0.61949646    	-0.6142735     	-0.5985771     	-0.59590065    	-0.5940364     	-0.5981858     	-0.59573245    	-0.6102977     	-0.6081274     	-0.5953439     	-0.6037366     	-0.6010886     	-0.594754      	-0.611827      	-0.61993337    	-0.5859677     	-0.60113776    	-0.5995379     	-0.6002992     	-0.60251206    	-0.5898268     	-0.60426503    	-0.6015095     	-0.6041907     	-0.6192727     	-0.58460844    	-0.59894437    	-0.601557      	-0.59097874    	-0.60105944    	-0.5944788     	-0.6236358     	-0.6160476     	-0.6143467     	-0.60286915    	-0.6137549     	-0.60052425    	-0.59153724    	-0.6074377     	-0.6192071     	-0.6019665     	-0.6136537     	-0.58545285    	-0.58474696    	-0.61522716    	-0.6130365     	-0.61401176    	-0.59399986    	-0.5940107     	-0.5902883     	-0.6055845     	-0.5985926     	-0.60566103    	-0.6103603     	-0.6122014     	-0.621469      	-0.6063818     	-0.60129356    	-0.59657156    	
-0.59734285    	-0.6100202     	-0.60162586    	-0.59305304    	-0.6001675     	-0.6024429     	-0.6045544     	-0.60547376    	-0.602429      	-0.5908321     	-0.586764      	-0.60311526    	-0.595652      	-0.5947897     	-0.6031028     	-0.59567124    	-0.5993316     	-0.5912094     	-0.6077717     	-0.6044724     	-0.61548316    	-0.5980233     	-0.59606797    	-0.6108495     	-0.6002846     	-0.600225      	-0.60174394    	-0.59699506    	-0.6059829     	-0.61858255    	-0.6149167     	-0.59566057    	-0.591017      	-0.5940068     	-0.6172762     	-0.5960773     	-0.5838611     	-0.6004431     	-0.5945893     	-0.6008415     	-0.6123686     	-0.59711945    	-0.6012832     	-0.6086983     	-0.604478      	-0.5916034     	-0.6116413     	-0.5942696     	-0.58772665    	-0.6153643     	-0.60394       	-0.599423      	-0.60968006    	-0.6060355     	-0.5992466     	-0.5893769     	-0.60999805    	-0.611703      	-0.58633137    	-0.5888821     	-0.59401107    	-0.6029482     	-0.60904217    	-0.5928759     	-0.60973597    	-0.6096114     	-0.5959466     	-0.60851324    	-0.6104919     	-0.597223      	-0.6029801     	-0.61210006    	-0.58053243    	-0.6004435     	-0.58605266    	-0.5980784     	-0.60529244    	-0.5900415     	-0.59502435    	-0.6009692     	-0.6053222     	-0.5956767     	-0.6002236     	-0.6008347     	-0.60666317    	-0.5957124     	-0.6141593     	-0.60708946    	-0.59537953    	-0.6058458     	-0.5888712     	-0.6032618     	-0.59784       	-0.5860071     	-0.6047448     	-0.5915815     	-0.5951853     	-0.5978971     	-0.59337246    	-0.5941662     	
-0.5825254     	-0.59085363    	-0.60857755    	-0.5976794     	-0.6117782     	-0.6064269     	-0.6005684     	-0.61517024    	-0.5979314     	-0.60460216    	-0.61358166    	-0.60915154    	-0.60935724    	-0.59156704    	-0.59093475    	-0.6119184     	-0.5927329     	-0.60577524    	-0.5956176     	-0.59076655    	-0.60365266    	-0.6086418     	-0.6012013     	-0.58598995    	-0.5874502     	-0.61781996    	-0.596139      	-0.60173714    	-0.58879197    	-0.6032498     	-0.6030396     	-0.60927904    	-0.60653543    	-0.602461      	-0.57126707    	-0.59762436    	-0.60441077    	-0.59974194    	-0.61363107    	-0.6017701     	-0.5832393     	-0.6128198     	-0.58783334    	-0.59215677    	-0.6057407     	-0.59240794    	-0.61462796    	-0.5918835     	-0.5984181     	-0.59144086    	-0.6131895     	-0.61452365    	-0.60215044    	-0.62823105    	-0.61287427    	-0.6142248     	-0.60140216    	-0.60895437    	-0.5801011     	-0.6029982     	-0.5853418     	-0.59772956    	-0.6062031     	-0.5898551     	-0.59164       	-0.60348725    	-0.6133648     	-0.5863705     	-0.5957295     	-0.59686804    	-0.59759516    	-0.61504424    	-0.60479796    	-0.60770214    	-0.5822087     	-0.5984488     	-0.61205703    	-0.61028       	-0.61324865    	-0.5973183     	-0.6007625     	-0.5946423     	-0.60029477    	-0.6072958     	-0.60315317    	-0.61233497    	-0.60324657    	-0.6073222     	-0.61898255    	-0.6122346     	-0.6082966     	-0.59622115    	-0.59039474    	-0.613022      	-0.5923996     	-0.6020657     	-0.5990205     	-0.60559267    	-0.6090901     	-0.61481804    	
-0.59074533    	-0.5985043     	-0.6039636     	-0.60936713    	-0.5969479     	-0.5985962     	-0.60980386    	-0.6002599     	-0.6064668     	-0.61752796    	-0.5870995     	-0.5987068     	-0.59664786    	-0.5864117     	-0.59221804    	-0.5965658     	-0.6055176     	-0.6090405     	-0.59115124    	-0.59478474    	-0.6083809     	-0.60658574    	-0.6078428     	-0.59376657    	-0.5927142     	-0.5911991     	-0.6072326     	-0.60195273    	-0.595734      	-0.6107841     	-0.60120595    	-0.5989536     	-0.6084527     	-0.6056389     	-0.60235345    	-0.60038155    	-0.60485137    	-0.59247696    	-0.60559803    	-0.58228326    	-0.6196612     	-0.6102217     	-0.59924674    	-0.57279295    	-0.604178      	-0.6053807     	-0.6100021     	-0.5866664     	-0.5952967     	-0.6057739     	-0.6122842     	-0.6082622     	-0.59391767    	-0.6033715     	-0.5951985     	-0.5919037     	-0.60797775    	-0.61151445    	-0.6193005     	-0.6008403     	-0.59330636    	-0.5789573     	-0.6030467     	-0.58351374    	-0.5921495     	-0.6078662     	-0.60789114    	-0.5959134     	-0.61924034    	-0.5969597     	-0.5794186     	-0.6113757     	-0.5986364     	-0.60334516    	-0.6013549     	-0.6073597     	-0.5992285     	-0.59437954    	-0.5947359     	-0.6126697     	-0.621643      	-0.5989506     	-0.60139406    	-0.60732627    	-0.60583097    	-0.6053631     	-0.59774697    	-0.5906254     	-0.5893692     	-0.603971      	-0.60217917    	-0.60531294    	-0.6016315     	-0.593985      	-0.5938101     	-0.5987261     	-0.58440936    	-0.5962616     	-0.60254055    	-0.59439415    	
-0.5889673     	-0.59302783    	-0.5926732     	-0.58647317    	-0.60265917    	-0.5901135     	-0.5932025     	-0.60930735    	-0.61287934    	-0.6017962     	-0.60396343    	-0.6094422     	-0.6002905     	-0.6103246     	-0.61491084    	-0.5906106     	-0.61253643    	-0.60127914    	-0.6053462     	-0.6076748     	-0.60659134    	-0.61301106    	-0.6049049     	-0.6049795     	-0.59224737    	-0.59503603    	-0.59436285    	-0.60833704    	-0.5928081     	-0.6030512     	-0.6050297     	-0.59540117    	-0.6012914     	-0.6121887     	-0.59720683    	-0.5947642     	-0.59184444    	-0.5944934     	-0.62801594    	-0.59192884    	-0.6035009     	-0.60198945    	-0.5986851     	-0.61658716    	-0.5918678     	-0.57981443    	-0.5903199     	-0.5985372     	-0.59120333    	-0.62068963    	-0.59129953    	-0.5856117     	-0.60906446    	-0.5943217     	-0.6128621     	-0.6239583     	-0.62301284    	-0.597978      	-0.59885377    	-0.5951475     	-0.60315907    	-0.5993388     	-0.6041969     	-0.5911132     	-0.60141873    	-0.61037195    	-0.5893816     	-0.6027583     	-0.5750641     	-0.5765233     	-0.60365766    	-0.60478264    	-0.5966765     	-0.6082245     	-0.61036247    	-0.60106766    	-0.6030349     	-0.60868955    	-0.60045475    	-0.60291195    	-0.61288065    	-0.6110043     	-0.60829544    	-0.60323       	-0.59818214    	-0.6036024     	-0.6060571     	-0.59528726    	-0.61197865    	-0.6112895     	-0.6021376     	-0.6005149     	-0.5993359     	-0.6052665     	-0.5970573     	-0.59835154    	-0.5877651     	-0.5759358     	-0.5925586     	-0.5954321     	
-0.61883605    	-0.5978442     	-0.6074745     	-0.5951004     	-0.5998306     	-0.60254884    	-0.60035676    	-0.6033615     	-0.59770167    	-0.6006404     	-0.60455215    	-0.5957972     	-0.6093546     	-0.6076645     	-0.595842      	-0.5897814     	-0.5953674     	-0.5880587     	-0.59666383    	-0.60512906    	-0.60487497    	-0.5841647     	-0.59498674    	-0.6173783     	-0.6044314     	-0.6050912     	-0.5949476     	-0.59395444    	-0.58548784    	-0.6066121     	-0.5934855     	-0.61425036    	-0.6103044     	-0.59536463    	-0.60287035    	-0.60817146    	-0.59884274    	-0.6046838     	-0.59562755    	-0.58639264    	-0.5813643     	-0.5847956     	-0.5977353     	-0.6018884     	-0.6028134     	-0.59935623    	-0.5904876     	-0.6038936     	-0.60202026    	-0.5948072     	-0.6067102     	-0.6073557     	-0.6077717     	-0.5933535     	-0.5934584     	-0.6226139     	-0.6177715     	-0.60587996    	-0.6031563     	-0.58762246    	-0.6000232     	-0.5933036     	-0.61069345    	-0.6017239     	-0.6283953     	-0.6088999     	-0.6009295     	-0.6153604     	-0.5969132     	-0.60532       	-0.5868107     	-0.6056876     	-0.5913284     	-0.6283673     	-0.59750044    	-0.60681313    	-0.6043526     	-0.6223266     	-0.6163233     	-0.59253585    	-0.6054412     	-0.61589545    	-0.6050893     	-0.5995697     	-0.6100596     	-0.6111004     	-0.6005137     	-0.6008109     	-0.5998795     	-0.610853      	-0.6035917     	-0.5905009     	-0.61692595    	-0.59527606    	-0.5929893     	-0.59768516    	-0.5985091     	-0.6084342     	-0.60561675    	-0.6059752     	
-0.6036029     	-0.60886973    	-0.6034337     	-0.6031572     	-0.6106561     	-0.6071924     	-0.6248406     	-0.6018324     	-0.5946828     	-0.6003152     	-0.598742      	-0.603692      	-0.6032768     	-0.5941152     	-0.5992393     	-0.5999124     	-0.6144939     	-0.60792184    	-0.5990468     	-0.5959364     	-0.5964087     	-0.60393137    	-0.60041964    	-0.5976681     	-0.6110835     	-0.6004146     	-0.5812974     	-0.59795564    	-0.6262414     	-0.6012543     	-0.5889984     	-0.5991207     	-0.60618055    	-0.6053443     	-0.59977436    	-0.59739614    	-0.60154045    	-0.6014593     	-0.60576427    	-0.59702384    	-0.604869      	-0.59604883    	-0.60287637    	-0.5850238     	-0.5970115     	-0.60870343    	-0.58587426    	-0.5748736     	-0.62860966    	-0.6040111     	-0.59031177    	-0.5970168     	-0.5909489     	-0.6105987     	-0.59789884    	-0.6154686     	-0.6051891     	-0.581059      	-0.6210135     	-0.5914895     	-0.58661675    	-0.6072352     	-0.61199415    	-0.60545444    	-0.6022839     	-0.5911646     	-0.60971546    	-0.59892094    	-0.61177087    	-0.58010733    	-0.6125767     	-0.6071446     	-0.60237926    	-0.58372384    	-0.5979137     	-0.6022583     	-0.5935839     	-0.59807247    	-0.60161215    	-0.6025852     	-0.6151937     	-0.5979633     	-0.59610784    	-0.5948989     	-0.6078377     	-0.61368346    	-0.5963016     	-0.61512375    	-0.613394      	-0.5993823     	-0.6128514     	-0.6089235     	-0.6004119     	-0.6007403     	-0.59667724    	-0.59694034    	-0.58137035    	-0.5927613     	-0.60572493    	-0.5984243     	
-0.5870798     	-0.6178997     	-0.5883897     	-0.5977351     	-0.6055757     	-0.6024412     	-0.60423446    	-0.58184326    	-0.59071106    	-0.5819288     	-0.5960752     	-0.59207124    	-0.61648566    	-0.6089004     	-0.5734191     	-0.615003      	-0.5991054     	-0.60234547    	-0.5972521     	-0.6066783     	-0.61154646    	-0.5939539     	-0.60081303    	-0.58113116    	-0.6001307     	-0.6079019     	-0.5973506     	-0.6043078     	-0.60252994    	-0.61330247    	-0.60552436    	-0.5959203     	-0.6105011     	-0.6040044     	-0.60407966    	-0.60105014    	-0.5918032     	-0.6154035     	-0.59173626    	-0.6148932     	-0.5886286     	-0.6005923     	-0.6052052     	-0.6054088     	-0.59411204    	-0.5973175     	-0.61047685    	-0.59368587    	-0.5998488     	-0.61596835    	-0.6042856     	-0.5946058     	-0.5863617     	-0.6114924     	-0.60966283    	-0.6056049     	-0.5985973     	-0.6043364     	-0.5783083     	-0.5799323     	-0.6089826     	-0.5835326     	-0.6180327     	-0.57592994    	-0.5876262     	-0.62879145    	-0.61708045    	-0.5953345     	-0.6124569     	-0.6213606     	-0.6074612     	-0.5902683     	-0.5916981     	-0.6091143     	-0.5886434     	-0.5959741     	-0.58154416    	-0.59874284    	-0.59873503    	-0.598914      	-0.59832346    	-0.6041153     	-0.6066164     	-0.60789526    	-0.5944506     	-0.60239285    	-0.59880793    	-0.594831      	-0.603086      	-0.5956991     	-0.58924276    	-0.6069156     	-0.6100256     	-0.5936463     	-0.60962534    	-0.6029501     	-0.6068545     	-0.6080784     	-0.609347      	-0.61420363    	
-0.6151407     	-0.6061062     	-0.5900604     	-0.61855406    	-0.62145734    	-0.5965872     	-0.6228879     	-0.5787303     	-0.5890194     	-0.57633734    	-0.59022796    	-0.6110797     	-0.5892049     	-0.60248506    	-0.5964126     	-0.60160315    	-0.60064894    	-0.5978743     	-0.5951116     	-0.5813888     	-0.5903365     	-0.5967947     	-0.6102583     	-0.60071784    	-0.61651593    	-0.5961753     	-0.6013119     	-0.5969257     	-0.60120714    	-0.6057648     	-0.6083518     	-0.59617734    	-0.5988294     	-0.59193575    	-0.60254514    	-0.5859918     	-0.60031015    	-0.59711444    	-0.60413915    	-0.582956      	-0.5923068     	-0.6090931     	-0.59502655    	-0.6101163     	-0.62735       	-0.60232157    	-0.59592766    	-0.6068023     	-0.5902097     	-0.59089506    	-0.5807712     	-0.5964093     	-0.5877125     	-0.6034629     	-0.6091871     	-0.5895493     	-0.5834101     	-0.6070223     	-0.60791796    	-0.60365206    	-0.6118623     	-0.59370726    	-0.60663295    	-0.585039      	-0.5873481     	-0.60902       	-0.6153421     	-0.60962915    	-0.60694027    	-0.602803      	-0.6084705     	-0.6187985     	-0.58177423    	-0.63251805    	-0.61156106    	-0.6134538     	-0.58056945    	-0.5965039     	-0.6026406     	-0.59562457    	-0.60548145    	-0.5939848     	-0.59425986    	-0.6075372     	-0.6041186     	-0.5950315     	-0.6059466     	-0.5917341     	-0.6123388     	-0.6042836     	-0.5980353     	-0.5913258     	-0.61948776    	-0.5847957     	-0.5999609     	-0.5890212     	-0.5955001     	-0.60284984    	-0.59319645    	-0.5841458     	
-0.5995152     	-0.6012551     	-0.6065937     	-0.58516914    	-0.60220504    	-0.60062575    	-0.61351967    	-0.586153      	-0.6110425     	-0.60144806    	-0.61763513    	-0.5914118     	-0.603773      	-0.5818309     	-0.61322284    	-0.58699584    	-0.6105808     	-0.59944344    	-0.58548564    	-0.59697866    	-0.60111535    	-0.5973373     	-0.60927624    	-0.61329275    	-0.60323787    	-0.5963477     	-0.58707666    	-0.602944      	-0.59601384    	-0.61552155    	-0.6007396     	-0.603396      	-0.6015348     	-0.5935018     	-0.6018108     	-0.606373      	-0.607764      	-0.5877511     	-0.60408056    	-0.6045222     	-0.61011285    	-0.5959207     	-0.6041577     	-0.6023633     	-0.60175526    	-0.5961225     	-0.603493      	-0.5757468     	-0.5709572     	-0.61405724    	-0.60790586    	-0.59762883    	-0.5915852     	-0.5958943     	-0.6108509     	-0.6083908     	-0.61085784    	-0.61882687    	-0.58598244    	-0.59766996    	-0.5910059     	-0.5755736     	-0.5932845     	-0.6041636     	-0.6161634     	-0.60442245    	-0.5934921     	-0.59961474    	-0.59461355    	-0.6002533     	-0.60914975    	-0.59260404    	-0.5762087     	-0.59252965    	-0.60244405    	-0.6105299     	-0.5948414     	-0.5707566     	-0.5911143     	-0.6239755     	-0.61469436    	-0.6077839     	-0.61441237    	-0.60517406    	-0.60313463    	-0.5899396     	-0.6026825     	-0.582386      	-0.59253544    	-0.59806603    	-0.6002725     	-0.58778334    	-0.60034883    	-0.60146976    	-0.5821099     	-0.60028946    	-0.59394395    	-0.5924607     	-0.59000546    	-0.593906      	
-0.6144265     	-0.62023854    	-0.59820014    	-0.60239047    	-0.5991303     	-0.5983639     	-0.60254014    	-0.58779407    	-0.5893131     	-0.5999593     	-0.5963125     	-0.60742867    	-0.600487      	-0.5628642     	-0.60736424    	-0.5955617     	-0.5726904     	-0.6274602     	-0.60465074    	-0.6142349     	-0.6064534     	-0.5942807     	-0.61378807    	-0.5881961     	-0.61519504    	-0.6069977     	-0.6019896     	-0.5954944     	-0.6016617     	-0.60061795    	-0.60281885    	-0.60274327    	-0.59121895    	-0.60598433    	-0.59186125    	-0.60994065    	-0.60740995    	-0.5978282     	-0.6011401     	-0.60537976    	-0.6105888     	-0.60491526    	-0.59396833    	-0.59658116    	-0.60045606    	-0.5965667     	-0.621694      	-0.6040042     	-0.60352284    	-0.62821484    	-0.60558516    	-0.59899175    	-0.61266875    	-0.6057387     	-0.5843893     	-0.6063147     	-0.5919317     	-0.59325796    	-0.60809296    	-0.5841784     	-0.6025608     	-0.5839275     	-0.60789764    	-0.5988443     	-0.60969204    	-0.59240854    	-0.6077696     	-0.5878796     	-0.61196405    	-0.58810616    	-0.5943893     	-0.607464      	-0.60166305    	-0.5980782     	-0.5930346     	-0.60181326    	-0.5892838     	-0.60060155    	-0.6092633     	-0.60682434    	-0.61603403    	-0.59986854    	-0.6076484     	-0.6031473     	-0.6086062     	-0.59763944    	-0.60632104    	-0.60444117    	-0.6012218     	-0.61112916    	-0.6026001     	-0.6088205     	-0.5952105     	-0.60545075    	-0.60597694    	-0.6018296     	-0.6168241     	-0.5974031     	-0.5999171     	-0.6059366     	
-0.60407615    	-0.5970492     	-0.6034742     	-0.6004919     	-0.5966555     	-0.5964849     	-0.59712297    	-0.62138534    	-0.59730345    	-0.6003074     	-0.6076945     	-0.6082566     	-0.61221164    	-0.592597      	-0.60695666    	-0.5967692     	-0.57839054    	-0.6132845     	-0.60879505    	-0.586788      	-0.5762864     	-0.6000226     	-0.60630846    	-0.5986763     	-0.5934273     	-0.59388745    	-0.61273897    	-0.59769005    	-0.60845286    	-0.59681517    	-0.59073895    	-0.59637153    	-0.5980976     	-0.5992412     	-0.59399575    	-0.6066421     	-0.6042538     	-0.60507536    	-0.602736      	-0.596528      	-0.60144585    	-0.5956901     	-0.60945404    	-0.59651387    	-0.6041437     	-0.60265803    	-0.5983148     	-0.6049474     	-0.6079887     	-0.5767441     	-0.62181157    	-0.6038907     	-0.5921352     	-0.61626405    	-0.5962583     	-0.5945868     	-0.60719204    	-0.60659754    	-0.6026604     	-0.5834561     	-0.5949174     	-0.60827327    	-0.608687      	-0.5862087     	-0.58806205    	-0.6111587     	-0.5800793     	-0.6061668     	-0.6162532     	-0.6148825     	-0.6112894     	-0.6185758     	-0.6276953     	-0.5961607     	-0.5971099     	-0.6000613     	-0.5942999     	-0.6152195     	-0.6097678     	-0.603366      	-0.60674214    	-0.6005086     	-0.5967819     	-0.6028033     	-0.5995487     	-0.5952919     	-0.6110602     	-0.5965924     	-0.59022087    	-0.6028092     	-0.5973542     	-0.6098869     	-0.6090661     	-0.58738667    	-0.5909075     	-0.60147035    	-0.60011166    	-0.59434026    	-0.60581934    	-0.6103838     	
-0.62147       	-0.5819017     	-0.5984275     	-0.60184515    	-0.6078026     	-0.6014545     	-0.6142256     	-0.5969986     	-0.61296254    	-0.6033846     	-0.603712      	-0.610794      	-0.59139794    	-0.6084106     	-0.5894466     	-0.58763754    	-0.60005754    	-0.5734305     	-0.5989695     	-0.603727      	-0.61060715    	-0.6020046     	-0.59885037    	-0.59929085    	-0.5991657     	-0.6090927     	-0.60578054    	-0.5943829     	-0.60161567    	-0.6096442     	-0.5893936     	-0.60149944    	-0.59886575    	-0.60496444    	-0.6034713     	-0.59864557    	-0.6166662     	-0.5984701     	-0.5963944     	-0.6124531     	-0.61075014    	-0.60499537    	-0.5934367     	-0.6199032     	-0.5901094     	-0.5863712     	-0.61572164    	-0.59600985    	-0.59339374    	-0.5972953     	-0.5922785     	-0.5976743     	-0.5919388     	-0.6044172     	-0.5884526     	-0.61812836    	-0.60006326    	-0.59732395    	-0.6075211     	-0.590937      	-0.59131634    	-0.610807      	-0.6070438     	-0.6061451     	-0.60675937    	-0.60007364    	-0.59154695    	-0.60004705    	-0.596107      	-0.5822033     	-0.6132487     	-0.6022764     	-0.6028783     	-0.5929495     	-0.59229636    	-0.6105754     	-0.6014695     	-0.5985676     	-0.5834104     	-0.6086216     	-0.6124542     	-0.61297697    	-0.57846993    	-0.6186556     	-0.61105686    	-0.604134      	-0.59262824    	-0.5955873     	-0.59495443    	-0.6057745     	-0.59132767    	-0.6102609     	-0.59530735    	-0.60416526    	-0.5962369     	-0.58499086    	-0.5887218     	-0.5987759     	-0.60548854    	-0.60305876    	
