# www.neaspec.com
# Scan:	 	AFM
# Project:	 	20251007_PS
# Description:	 	
# Date:	 	10/07/2025 10:43:47
# Scanner Center Position (X, Y):	[µm]	49.99	50.01	 
# Rotation:	[°]	0	 	 
# Scan Area (X, Y, Z):	[µm]	5.000	5.000	0.000
# Pixel Area (X, Y, Z):	[px]	100	50	1
# Averaging:	 	1	 	 
# Integration time:	[ms]	5	 	 
# Laser Source:	 	4.5-15 µm nano-FTIR laser
# Detector:	 	R
# Target Wavelength:	[µm]	7.502	 	 
# Demodulation Mode:	 	Fourier
# Tip Frequency:	[Hz]	241,340.500	 	 
# Tip Amplitude:	[mV]	45.700	 	 
# Tapping Amplitude:	[nm]	79.665	 	 
# Modulation Frequency:	[Hz]	0.000	 	 
# Modulation Amplitude:	[mV]	0.000	 	 
# Modulation Offset:	[mV]	0.000	 	 
# Setpoint:	[%]	79.75	 	 
# Regulator (P, I, D):	 	4.206850	8.625812	1.000000
# Tip Potential:	[mV]	0.000	 	 
# M1A Scaling:	[nm/V]	0.426	 	 
# M1A Cantilever Factor:	 	1,000	 	 
# Q-Factor:	 	487.4	 	 
# Version:	 	2.1.11536.0
1.7516316      	1.6722094      	1.6785617      	1.737988       	1.8224612      	1.8175792      	1.691311       	1.6108093      	1.6807498      	1.541964       	1.746658       	1.7126002      	1.758355       	1.6518441      	1.6133227      	1.7404519      	1.748857       	1.7282232      	1.7566499      	1.7460679      	1.711006       	1.7978336      	1.727147       	1.7451897      	1.6043862      	1.8204803      	1.7306939      	1.6860243      	1.6772236      	1.7041116      	1.7633078      	1.8344837      	1.6825783      	1.6869853      	1.6516343      	1.646456       	1.6602453      	1.7966765      	1.6828442      	1.6955316      	1.604864       	1.7476407      	1.7549888      	1.7793965      	1.6813016      	1.7840966      	1.6932364      	1.686209       	1.6850115      	1.6479576      	1.7557225      	1.5971035      	1.6407449      	1.7082895      	1.7072307      	1.9064486      	1.6264629      	1.6904368      	1.6489968      	1.6493192      	1.5882221      	1.7586921      	1.716452       	1.7244288      	1.5853037      	1.6482623      	1.6766036      	1.7585988      	1.6477281      	1.6342213      	1.7546943      	1.5454357      	1.7450986      	1.7542571      	1.647725       	1.6042392      	1.8160222      	1.7508271      	1.7001133      	1.8811417      	1.685554       	1.7758396      	1.790421       	1.7809122      	1.7631981      	1.7292521      	1.4366997      	1.2963337      	1.3992581      	1.3770677      	1.3698527      	1.3470548      	1.4747295      	1.326706       	1.1834035      	1.0461417      	1.0219643      	1.0278738      	1.1232907      	0.9183899      	
1.6821929      	1.6455947      	1.6842684      	1.673168       	1.7415667      	1.6880406      	1.735772       	1.7387573      	1.7088206      	1.7320575      	1.7493342      	1.7572825      	1.7203016      	1.8040121      	1.6570373      	1.7569419      	1.6484344      	1.6967782      	1.7725767      	1.6210171      	1.8320282      	1.5985725      	1.6764385      	1.7011229      	1.6273075      	1.7227532      	1.6247346      	1.8384106      	1.7566571      	1.8046098      	1.7361039      	1.7916453      	1.6328739      	1.6822644      	1.765001       	1.7954098      	1.7167449      	1.613405       	1.6515689      	1.6482911      	1.7555044      	1.7119772      	1.6396182      	1.7166133      	1.5834279      	1.6851903      	1.6354041      	1.699151       	1.7239351      	1.6375102      	1.6285675      	1.5534489      	1.6952621      	1.7012739      	1.8294203      	1.7091722      	1.8152         	1.6985703      	1.7637008      	1.7494849      	1.74225        	1.7272784      	1.7597487      	1.6623621      	1.6978848      	1.7128787      	1.6789517      	1.6868331      	1.6385696      	1.8186336      	1.738606       	1.6782718      	1.7247759      	1.6833671      	1.7702808      	1.6256232      	1.7932799      	1.7925133      	1.7269847      	1.7854087      	1.6924301      	1.7479898      	1.7792207      	1.7002231      	1.7239363      	1.5997623      	1.3016678      	1.0724703      	1.1529466      	1.0734793      	0.9408577      	0.9479053      	0.8852931      	0.9633145      	0.8676985      	0.9755243      	0.992062       	0.8818853      	0.81991273     	0.93380964     	
1.8217146      	1.7941036      	1.7317423      	1.6019245      	1.6085113      	1.7635512      	1.6863859      	1.6081264      	1.681845       	1.6189493      	1.7366537      	1.8568517      	1.7307506      	1.6027995      	1.611396       	1.6083485      	1.7236845      	1.7464774      	1.840654       	1.6142131      	1.6455753      	1.7415665      	1.4783341      	1.7435867      	1.6897936      	1.6809001      	1.7358406      	1.6905706      	1.7845967      	1.5727372      	1.6355934      	1.7651361      	1.6366907      	1.6075393      	1.6690208      	1.6248907      	1.6533049      	1.7679332      	1.6948715      	1.6827726      	1.8346068      	1.6964598      	1.7013546      	1.875279       	1.7085618      	1.7149645      	1.7277371      	1.7713077      	1.6142613      	1.6942148      	1.7339572      	1.8362552      	1.6496599      	1.7599562      	1.7887594      	1.7850881      	1.7059323      	1.6955101      	1.7238156      	1.7174708      	1.7410545      	1.7582706      	1.6964456      	1.8026726      	1.675717       	1.6264435      	1.6455046      	1.6125726      	1.6689005      	1.7240784      	1.6481323      	1.7251287      	1.7464178      	1.6571097      	1.7990996      	1.7209398      	1.687257       	1.7221731      	1.7480587      	1.687488       	1.645294       	1.6213266      	1.5646758      	1.5084401      	1.1089683      	0.92418206     	0.8818158      	0.9541229      	0.81898886     	1.0149133      	0.9927529      	1.0310422      	1.0321189      	0.9011203      	0.97634614     	0.9191597      	0.8434681      	0.89913857     	0.88822436     	0.77232397     	
1.6046016      	1.7644981      	1.7295505      	1.7186656      	1.6457076      	1.7023717      	1.6856232      	1.7123921      	1.61324        	1.7682022      	1.7400247      	1.8401388      	1.6431973      	1.8297908      	1.682323       	1.6966794      	1.6599658      	1.8650634      	1.7392575      	1.712349       	1.7285368      	1.7556638      	1.6411527      	1.4962472      	1.6597039      	1.7662208      	1.720019       	1.7981926      	1.7883846      	1.7736676      	1.5627667      	1.7147107      	1.6940682      	1.7680409      	1.6928253      	1.5999054      	1.7198839      	1.7891116      	1.6585376      	1.7119075      	1.703986       	1.8179426      	1.8484246      	1.619371       	1.6862694      	1.7911236      	1.8295486      	1.6934114      	1.71095        	1.5832864      	1.8505633      	1.7420193      	1.7657886      	1.7029431      	1.8577565      	1.7390229      	1.7356721      	1.6014758      	1.769927       	1.7686775      	1.6007104      	1.8945055      	1.6606432      	1.8773379      	1.7595704      	1.6959689      	1.7936475      	1.7148982      	1.7910732      	1.6716982      	1.6874794      	1.6962473      	1.6366476      	1.684757       	1.8205558      	1.6732439      	1.6538286      	1.7805059      	1.7253361      	1.6888862      	1.7370433      	1.7627063      	1.7824051      	1.3955306      	1.1439805      	1.1040756      	0.9273108      	0.96874905     	0.9999195      	0.9475978      	0.91953546     	0.888209       	0.9301959      	0.94692105     	0.99815774     	0.8936768      	0.9930692      	0.9942098      	0.9605071      	0.865241       	
1.7989931      	1.7032838      	1.7709538      	1.7358736      	1.6848774      	1.6663802      	1.6440583      	1.7010856      	1.7772536      	1.7374465      	1.6264238      	1.6605494      	1.7422515      	1.6530381      	1.77805        	1.7601683      	1.6111133      	1.6994617      	1.707451       	1.7319127      	1.6365557      	1.7100332      	1.8157641      	1.6428697      	1.8599104      	1.7411523      	1.6692271      	1.7091001      	1.5963165      	1.748838       	1.7590446      	1.6930127      	1.7670295      	1.6885928      	1.7902173      	1.7007078      	1.7011832      	1.7528094      	1.5412891      	1.6982096      	1.7685311      	1.7286444      	1.6616887      	1.76175        	1.6974047      	1.7839146      	1.8143152      	1.7471297      	1.7050766      	1.7899357      	1.813122       	1.6655209      	1.7963499      	1.7233741      	1.7241819      	1.5501926      	1.7562407      	1.9291706      	1.6026529      	1.7987398      	1.7649003      	1.7846423      	1.6530288      	1.6672758      	1.8605756      	1.7338128      	1.7372243      	1.6810402      	1.7645589      	1.752678       	1.7954282      	1.9097221      	1.7152562      	1.6913761      	1.7004635      	1.7154803      	1.8060706      	1.6445684      	1.736867       	1.7401804      	1.7018138      	1.7596638      	1.6847824      	1.3065406      	1.3384318      	1.0507411      	1.0858825      	0.9977745      	1.0900224      	1.1424735      	0.9583431      	0.92121977     	1.0935441      	0.8272025      	1.0830783      	0.8211925      	1.0287969      	0.8954371      	1.0444032      	0.8284625      	
1.8676419      	1.8213007      	1.7543007      	1.9327371      	1.9152645      	1.8298978      	1.8670559      	1.7300758      	1.8464268      	1.6908228      	1.7722341      	1.7197962      	1.7134904      	1.8216326      	1.6699373      	1.615491       	1.6563251      	1.6803933      	1.599404       	1.823092       	1.7189567      	1.6722276      	1.6357377      	1.6760657      	1.6217523      	1.7346736      	1.7362683      	1.8380163      	1.7773207      	1.8265421      	1.7393341      	1.790788       	1.7556981      	1.6819942      	1.7729934      	1.5729837      	1.708569       	1.7787491      	1.6803108      	1.7155902      	1.6451454      	1.5895748      	1.7717261      	1.7589589      	1.7435751      	1.7594624      	1.7515028      	1.7660631      	1.5431862      	1.593299       	1.4618399      	1.4894711      	1.4194751      	1.4399884      	1.2980376      	1.3639045      	1.2778926      	1.4569505      	1.3505802      	2.0371835      	1.8953478      	1.7737588      	1.8891834      	1.7156571      	1.7162973      	1.7017915      	1.8335396      	1.6886982      	1.6859052      	1.7691561      	1.745055       	1.7471199      	1.7849795      	1.8310446      	1.7162592      	1.7723981      	1.7581409      	1.8417517      	1.806694       	1.6676013      	1.7262396      	1.7480866      	1.7106602      	1.4340678      	1.2355758      	1.174274       	1.0472014      	0.928009       	1.0029043      	1.1186187      	0.95624167     	1.0420957      	0.98393047     	0.8577914      	0.99905354     	0.842581       	0.95771015     	0.9623868      	0.91064656     	1.0011775      	
1.7162688      	1.662295       	1.8311504      	1.831939       	1.6890584      	1.7091407      	1.6349937      	1.6853564      	1.7468399      	1.729037       	1.609583       	1.7032168      	1.8650964      	1.6406982      	1.8244256      	1.6981342      	1.6523284      	1.7985463      	1.6939927      	1.5990047      	1.6825302      	1.7733631      	1.7081027      	1.6965272      	1.6876942      	1.627863       	1.6058946      	1.6245607      	1.6847267      	1.7627974      	1.6236064      	1.7179711      	1.6693487      	1.7628465      	1.6277958      	1.7410506      	1.6942575      	1.6761762      	1.7592827      	1.585714       	1.6498878      	1.5314759      	1.5798943      	1.3962976      	1.4131889      	1.3666912      	1.3294411      	1.2311991      	1.4140114      	1.294225       	1.2401243      	0.9254745      	0.9222778      	0.9047625      	0.9825803      	0.94540733     	0.8885321      	0.90154326     	1.023746       	1.0085592      	1.4290253      	1.9340061      	1.7558421      	1.768091       	1.5158236      	1.8366584      	1.6843319      	1.6962327      	1.7968628      	1.854496       	1.9107244      	1.7194576      	1.736255       	1.5582784      	1.8375921      	1.7968037      	1.7279748      	1.8569278      	1.6576241      	1.7971066      	1.7715031      	1.7401037      	1.5972179      	1.6776365      	1.2876775      	1.1101122      	1.066244       	1.188783       	0.9066266      	1.0516341      	1.1094487      	1.0275433      	0.98468846     	1.0745558      	0.9553611      	0.9714331      	0.91102105     	0.89063025     	0.8411701      	0.9334275      	
1.6536574      	1.7533438      	1.670787       	1.629112       	1.6685638      	1.694826       	1.7835915      	1.7995222      	1.7955949      	1.7520229      	1.6661742      	1.8116082      	1.8377365      	1.6191908      	1.685125       	1.7275501      	1.7614024      	1.6763321      	1.8064833      	1.7017057      	1.6307918      	1.7355549      	1.7044333      	1.707052       	1.7446595      	1.7789472      	1.7985284      	1.6143765      	1.7381046      	1.6755631      	1.8418634      	1.6907576      	1.8237139      	1.7265173      	1.4471815      	1.615319       	1.3388612      	1.4413109      	1.4480698      	1.3842149      	1.4206244      	1.3097976      	1.4067287      	1.132866       	0.9657365      	0.95744765     	0.93764496     	0.90089643     	0.9851432      	0.93137836     	0.9169633      	1.0516633      	0.8331026      	0.9275827      	1.0852448      	0.90902025     	0.95474786     	0.9574085      	0.8810457      	1.0361383      	1.1008024      	1.3769964      	1.8275312      	1.8403379      	1.7581687      	1.8110495      	1.6747241      	1.6776856      	1.6349708      	1.791394       	1.7737052      	1.7619491      	1.6520437      	1.8563915      	1.7988107      	1.7508694      	1.8838956      	1.743178       	1.6260425      	1.7779514      	1.7206931      	1.7496821      	1.8314523      	1.707776       	1.4933661      	1.1038175      	1.1087592      	1.0238771      	0.94526553     	0.9117698      	0.9309602      	0.9906461      	0.9212842      	0.87946904     	0.97214437     	1.031837       	1.0273651      	0.87861896     	0.88717574     	0.7474871      	
1.8028517      	1.8290428      	1.9266801      	1.7447321      	1.7368386      	1.594659       	1.9439154      	1.7533336      	1.7305907      	1.7291214      	1.8453639      	1.7411089      	1.699416       	1.7285427      	1.6347426      	1.7214041      	1.7016326      	1.6545874      	1.7555723      	1.5684843      	1.7449182      	1.8378596      	1.7552295      	1.6321365      	1.6959004      	1.7659296      	1.6258785      	1.406739       	1.5360063      	1.2759377      	1.5218222      	1.3585637      	1.3151748      	1.285268       	1.4347818      	1.159689       	0.9432921      	0.9724137      	0.9925214      	0.92684346     	0.8402319      	0.9764259      	1.0076524      	0.9428119      	0.9826302      	0.87932074     	1.0594666      	1.0067238      	0.7763511      	0.89598995     	0.9797554      	0.9162087      	0.89872587     	0.99287254     	1.009273       	0.9356976      	0.93042475     	0.87010425     	0.94109654     	1.0183725      	1.0104723      	1.283158       	1.6449699      	1.9588412      	1.8036652      	1.925172       	1.7394639      	1.8170955      	1.7427995      	1.7001495      	1.7631317      	1.6781276      	1.8219075      	1.8512704      	1.7830137      	1.7559606      	1.6529505      	1.7355789      	1.7303133      	1.8191116      	1.7335107      	1.70753        	1.68341        	1.6249219      	1.704422       	1.1999288      	1.3320628      	1.042698       	0.8711123      	0.9111755      	0.836056       	0.89221156     	0.93015516     	0.92389816     	0.9570595      	0.96474385     	0.9512608      	0.9664925      	0.8951758      	0.9210903      	
1.6157345      	1.762699       	1.809569       	1.8058497      	1.6998026      	1.6081198      	1.7763823      	1.6550709      	1.6317395      	1.6959972      	1.7611394      	1.6860745      	1.8913014      	1.8106325      	1.705892       	1.6992068      	1.7250712      	1.5570233      	1.6839594      	1.5935575      	1.8480195      	1.7284087      	1.5828458      	1.6664705      	1.7202723      	1.7969165      	1.6964947      	1.4298062      	1.0830201      	1.0255767      	0.9534713      	0.99102676     	0.962887       	0.85186875     	0.899692       	1.0131351      	0.9681193      	0.8411658      	0.9636173      	0.9988949      	0.9118746      	0.9193644      	0.9696482      	0.92862016     	0.9954355      	0.9581693      	0.91540694     	0.9946131      	0.9851927      	1.0133709      	1.0345746      	0.91065943     	1.0121862      	1.0377831      	0.87757987     	0.9342077      	0.91969436     	0.91873544     	0.93187886     	0.9827949      	1.0382736      	1.0873181      	1.3095967      	1.9786069      	1.8936125      	1.8725082      	1.8123653      	1.8516185      	1.740824       	1.7113239      	1.7103019      	1.6849476      	1.7230381      	1.7462932      	1.7702518      	1.7133046      	1.6655067      	1.6747277      	1.7046132      	1.7864166      	1.7155375      	1.7629049      	1.718703       	1.7275918      	1.6727202      	1.4753091      	1.1366502      	1.1900517      	1.0821527      	1.0455022      	0.998809       	0.82262427     	0.8643811      	0.98181057     	0.83102375     	0.9661142      	0.8360769      	0.86990124     	0.8933791      	0.7802383      	
1.7822961      	1.6702781      	1.8329202      	1.9041524      	1.898178       	1.7929013      	1.7975202      	1.6372811      	1.8489474      	1.6514542      	1.7041639      	1.709749       	1.7596688      	1.6838188      	1.6960866      	1.7637562      	1.7194718      	1.6950624      	1.7817235      	1.6398805      	1.7971388      	1.7205642      	1.7266988      	1.7259247      	1.345486       	1.0516106      	0.97428995     	0.88721955     	0.97009844     	0.8679116      	1.0192025      	0.8123255      	0.9081709      	0.9952696      	0.97169685     	1.0356902      	0.8262874      	0.85665053     	1.0045503      	0.91327935     	0.8867421      	0.86533654     	1.0521959      	1.0128492      	1.10883        	0.91513914     	0.91569126     	1.002376       	0.9675811      	0.9972163      	0.93324        	0.88221604     	0.9526534      	1.0475606      	0.98714834     	1.0207576      	0.9612769      	0.9584741      	0.89103293     	0.96040016     	1.0625632      	1.0891776      	1.1966141      	1.74721        	1.8291627      	1.7610791      	1.764623       	1.6910038      	1.6894317      	1.7552769      	1.6612446      	1.8523107      	1.7396286      	1.8936185      	1.8703401      	1.8870436      	1.7888312      	1.6600153      	1.7842736      	1.7927948      	1.7709625      	1.6883311      	1.816855       	1.7087555      	1.6912634      	1.6230551      	1.2399325      	1.3923289      	1.1290511      	1.0375009      	0.8248018      	0.934848       	0.951633       	0.91538113     	0.8906247      	0.7941287      	0.8362671      	0.8888471      	0.8556863      	0.92180854     	
1.6269398      	1.693969       	1.6799514      	1.7268506      	1.78007        	1.8540282      	1.7794336      	1.7395818      	1.6803405      	1.691678       	1.6081357      	1.7359879      	1.7545965      	1.7162732      	1.7485443      	1.7402376      	1.7459337      	1.6291261      	1.7325429      	1.6464853      	1.7210795      	1.5926         	1.7137619      	1.4832448      	1.1585671      	1.0758601      	1.0498537      	1.0569497      	1.1441         	0.8737762      	1.0216737      	0.94006056     	0.94783986     	0.90277314     	1.0426587      	0.9973146      	0.9090777      	0.8682613      	0.8914143      	0.8971885      	0.7927103      	0.92806065     	1.0254511      	0.918146       	0.8985717      	0.8909724      	0.87227964     	0.8821954      	0.97262263     	0.94333696     	0.89215815     	0.8878897      	1.179585       	0.97828054     	0.88700193     	0.8813408      	0.8592499      	0.89174473     	0.8348753      	0.8919125      	0.929098       	1.0401278      	0.968626       	1.2746283      	1.8322951      	1.7423592      	1.8225775      	1.9120194      	1.7364181      	1.7454684      	1.7482206      	1.707693       	1.7366489      	1.7890666      	1.7087431      	1.7287579      	1.73374        	1.8570789      	1.7136427      	1.8410033      	1.7076199      	1.6960765      	1.7360891      	1.6719683      	1.6955131      	1.5685781      	1.5587466      	1.1795267      	1.0097593      	0.91871154     	0.81700224     	0.8628895      	0.8777536      	0.94000655     	0.83818555     	0.99870205     	0.8484073      	0.9101999      	0.827639       	0.8077366      	
1.6653398      	1.7231741      	1.6914155      	1.7335465      	1.7142584      	1.6998811      	1.7368356      	1.7096828      	1.714637       	1.6352873      	1.782503       	1.771236       	1.7289715      	1.7299668      	1.7284865      	1.689093       	1.8314168      	1.7179099      	1.7534885      	1.7095689      	1.7947944      	1.7691618      	1.6989107      	1.4044983      	1.0899714      	1.0737066      	1.1227564      	0.8935041      	0.98654693     	0.98575646     	1.0107138      	0.8919806      	0.93371856     	1.0278277      	1.0908687      	0.8818036      	0.98739374     	0.93614036     	0.8829178      	0.9033488      	0.8668174      	0.8783175      	0.9072415      	0.86445165     	0.82065463     	0.9470048      	0.8670224      	0.9375811      	0.88020486     	0.92845225     	0.8506076      	0.92413473     	0.89222795     	0.91496533     	0.9123591      	0.9414343      	0.90928805     	0.97215956     	0.934949       	0.83335084     	0.96039385     	0.9980589      	0.9049243      	1.1547639      	1.253518       	1.9483621      	1.8271996      	1.8689593      	1.8236142      	1.7358214      	1.8146274      	1.7904295      	1.6947429      	1.816254       	1.7895565      	1.6971024      	1.8811516      	1.660634       	1.8061833      	1.7072238      	1.7201388      	1.7114645      	1.6691891      	1.6992905      	1.659066       	1.7835052      	1.7241547      	1.4171476      	1.196997       	1.220323       	1.0013895      	1.1154706      	0.92823946     	1.0507557      	0.91209495     	1.0028098      	1.0774455      	0.9867117      	0.9052263      	0.95171344     	
1.6585163      	1.7929542      	1.871411       	1.7914937      	1.7583786      	1.7249073      	1.6861501      	1.7838658      	1.7410432      	1.8344141      	1.7674395      	1.7619549      	1.6750969      	1.6709669      	1.6644919      	1.6555955      	1.7224663      	1.7041308      	1.7856504      	1.8244307      	1.7652136      	1.6777222      	1.7055511      	1.477242       	1.3057055      	1.1742889      	1.0188277      	1.0646774      	0.9591234      	0.93021405     	0.9440624      	0.989368       	1.0433944      	1.0075467      	1.0469034      	1.0162112      	0.87218285     	0.927375       	0.9667474      	0.9745409      	0.76379883     	0.9615317      	0.97763497     	0.86531574     	1.0267177      	0.8507572      	1.0698463      	0.8632098      	0.7453969      	0.89598393     	0.99623483     	0.85755336     	0.7708615      	1.0124879      	0.94122094     	1.0385246      	0.8830188      	0.879665       	0.89572394     	0.9005521      	0.9087569      	1.0039135      	1.0703366      	1.1537325      	1.1457458      	1.6063308      	1.8530371      	1.7705487      	1.8307348      	1.8388919      	1.8321162      	1.9049442      	1.8050324      	1.7323012      	1.7770016      	1.7837634      	1.7743458      	1.707681       	1.7549496      	1.7430847      	1.6558882      	1.8970896      	1.8277801      	1.7272367      	1.6573712      	1.7390404      	1.7319549      	1.6411844      	1.3202833      	1.251199       	1.1086819      	0.98565596     	1.0213562      	0.8073362      	0.9551149      	0.99790746     	0.956711       	0.8177654      	1.0347544      	0.94850844     	
1.5663635      	1.7901223      	1.9063631      	1.7912675      	1.675725       	1.720938       	1.8690405      	1.7655553      	1.822          	1.9706093      	1.8649817      	1.9031225      	1.8849801      	1.6507233      	1.7743393      	1.8366828      	1.655961       	1.7121212      	1.7671052      	1.7787982      	1.7287351      	1.6327718      	1.7668707      	1.764028       	1.2666997      	1.2788973      	1.2783116      	1.0809258      	0.94171137     	0.9426679      	0.9079386      	0.8848131      	0.9283443      	0.83925825     	0.8959359      	0.94151115     	0.98241824     	0.92374235     	0.8736671      	0.83666605     	0.92920864     	0.9273252      	0.9294031      	0.92384225     	0.9660138      	0.8667029      	0.95912284     	0.8157639      	0.92141426     	0.8990355      	0.8639833      	0.9463025      	0.96301526     	0.82149464     	0.94122785     	0.9188788      	0.85621077     	1.012665       	0.99112356     	0.92547566     	0.9309583      	0.9113985      	0.9771874      	0.79417086     	1.1360725      	1.2635866      	2.021354       	1.8010719      	1.8031079      	1.776296       	1.8452262      	1.7518294      	1.6684207      	1.750307       	1.7759933      	1.8127046      	1.7373368      	1.7699492      	1.7183326      	1.7949741      	1.6322613      	1.7515246      	1.8129693      	1.8636186      	1.8312232      	1.6879497      	1.8438365      	1.638109       	1.5724661      	1.1726384      	1.1874415      	0.9488143      	0.8892034      	0.90603644     	0.86785537     	0.9223197      	1.0677705      	0.82456714     	0.9699378      	0.97467643     	
1.300114       	1.1846435      	1.4778615      	1.9869223      	1.8791375      	1.909998       	1.7276493      	1.8027813      	1.787046       	1.7581723      	1.7670236      	1.6726401      	1.7109679      	1.6892756      	1.7350333      	1.7851621      	1.7128559      	1.7287631      	1.7933307      	1.8099298      	1.6828853      	1.824207       	1.7716922      	1.6410688      	1.5500766      	1.2839451      	1.1626157      	1.1220068      	0.9527823      	1.1273979      	0.87694246     	0.9839376      	0.9552696      	0.9628441      	0.9614432      	0.9296335      	0.891754       	0.899828       	0.9567408      	0.90846807     	1.0232955      	0.93471694     	0.93699104     	0.917417       	0.8999879      	0.99954766     	0.97731155     	0.8824942      	1.0058044      	1.0236429      	1.0255865      	0.8542776      	1.011483       	0.88087183     	0.99292064     	0.95974404     	0.9619041      	0.9011646      	0.99092615     	0.90967345     	0.9209682      	0.90126675     	0.86598986     	1.0133975      	1.0349977      	1.2186093      	1.6685951      	1.8330203      	1.8223813      	1.8038235      	1.8498394      	1.6998155      	1.7116867      	1.7178317      	1.6834737      	1.8731991      	1.8453676      	1.6997625      	1.7120965      	1.6485766      	1.8225191      	1.9308641      	1.7125599      	1.8094414      	1.768893       	1.7660637      	1.7448893      	1.708901       	1.6597095      	1.4073386      	1.074925       	1.1165177      	1.045868       	0.90138257     	0.9493483      	0.75600904     	1.0104338      	0.89209545     	0.917432       	1.0088238      	
1.0132222      	1.1151704      	1.4711624      	2.0983188      	2.0054905      	1.8971926      	1.9117947      	1.8310347      	1.8514962      	1.7810448      	1.8020527      	1.7435837      	1.677124       	1.8929943      	1.8250538      	1.9340938      	1.9237794      	1.6568167      	1.8044506      	1.713416       	1.7275234      	1.7206482      	1.8338783      	1.7120382      	1.751686       	1.3638737      	1.138156       	1.173971       	1.0590478      	0.9317026      	0.854971       	0.9592258      	0.9062348      	0.85267586     	0.80769944     	1.013389       	0.9930978      	0.98675627     	0.9094791      	0.88585883     	0.91854846     	0.95428914     	0.9863396      	0.8988674      	0.9498006      	0.9598439      	0.98215073     	0.8529673      	0.9766902      	0.89137644     	0.8914261      	0.9046477      	1.021623       	0.9829001      	0.8853124      	0.9144977      	0.92548156     	0.9843932      	0.935272       	0.97233534     	0.96805406     	0.9276505      	0.8497499      	0.9202945      	0.9419829      	1.0973109      	1.3753973      	1.8179529      	1.9664272      	1.7766923      	1.9049674      	1.8847543      	1.7230191      	1.5782981      	1.8010745      	1.7874244      	1.8166225      	1.7757297      	1.688056       	1.8013877      	1.7060418      	1.6954106      	1.7760628      	1.6022563      	1.7902548      	1.7519693      	1.7506155      	1.7017059      	1.7242568      	1.6279328      	1.1579013      	1.2175174      	1.0614465      	0.9452183      	0.9215882      	0.9438409      	0.91231304     	1.0245525      	1.0887942      	0.9550071      	
1.0243772      	1.1282846      	1.329278       	1.8212389      	1.9611659      	1.9201413      	1.8491329      	1.789647       	1.7654827      	1.7895825      	1.7638569      	1.7960247      	1.9534025      	1.8113376      	1.7638005      	1.7225298      	1.799847       	1.8455464      	1.7200975      	1.7382269      	1.7688507      	1.7372841      	1.7680715      	1.7433013      	1.7789555      	1.6014647      	1.268269       	1.1673557      	1.0580002      	1.1324075      	1.0764518      	0.96375877     	0.87012047     	1.0148097      	0.9667785      	0.93605745     	1.0223122      	0.97939706     	0.8435111      	0.8741182      	0.82761645     	0.8170647      	1.079701       	1.041491       	0.9339875      	0.82640177     	0.94134545     	0.915404       	0.98808473     	0.9649084      	0.93723637     	0.86872584     	0.83001417     	0.9173757      	1.0013342      	0.8904419      	1.0491881      	0.958554       	0.96323174     	0.93870145     	0.95288235     	0.93892264     	0.9501676      	0.9598815      	0.962179       	0.91709703     	1.1712259      	1.6422665      	1.9012772      	1.847768       	1.9158309      	1.8148106      	1.7841269      	1.8081465      	1.8649826      	1.7922623      	1.7317164      	1.6931123      	1.7057886      	1.6901976      	1.861308       	1.7955065      	1.750115       	1.7122189      	1.72641        	1.7523751      	1.8127472      	1.7231016      	1.5690231      	1.7835926      	1.6182307      	1.3508883      	1.0381827      	1.078749       	1.0405551      	0.86294967     	0.9778145      	0.837301       	0.9667813      	1.0896342      	
0.8812344      	0.99214        	1.0503713      	1.2189039      	1.7549143      	1.8775527      	1.8149699      	1.8785163      	1.8302157      	1.6566216      	1.7947078      	1.8541145      	1.7519089      	1.6485672      	1.9552698      	1.8314         	1.7255895      	1.8465811      	1.8353926      	1.7684933      	1.7174047      	1.6454997      	1.755914       	1.6968858      	1.7646635      	1.5239835      	1.4860345      	1.2055187      	1.0676162      	1.078937       	0.96394175     	0.86847794     	0.90148634     	0.8831945      	0.82386595     	0.85340834     	1.024704       	0.86646426     	0.90341794     	0.8429906      	0.77621925     	0.8306137      	1.0306499      	1.0396249      	0.9210802      	0.9395135      	0.93099356     	0.85941494     	0.8776766      	0.9987613      	0.98468524     	1.1012723      	1.0018797      	0.9092856      	0.87970686     	0.8771103      	0.91113186     	0.8354836      	0.99658555     	0.8843521      	1.0151091      	0.95312196     	0.92089665     	1.0405312      	1.0370809      	1.1293637      	1.032374       	1.2441305      	1.5730814      	1.7476251      	1.8429377      	1.8783345      	1.6852095      	1.7338996      	1.8476372      	1.7853855      	1.6365262      	1.7665983      	1.6825855      	1.8429787      	1.7248722      	1.7441269      	1.7156204      	1.8551854      	1.7305129      	1.723992       	1.7782698      	1.7386954      	1.7373309      	1.6320555      	1.5295892      	1.1617911      	1.226758       	1.1755491      	1.1930411      	1.1988721      	1.0247347      	1.1514931      	1.2598562      	1.2621896      	
0.97510827     	1.0493641      	0.9493091      	1.1276426      	1.8528777      	1.9082538      	1.8158139      	1.8700689      	1.6835473      	1.8472176      	1.7329137      	1.6498893      	1.8468412      	1.7898189      	1.6672915      	1.76618        	1.8048626      	1.7035313      	1.7327394      	1.6713212      	1.7173269      	1.8720131      	1.816646       	1.7357548      	1.8398659      	1.6635472      	1.6749706      	1.2822969      	1.189412       	1.0684264      	1.03763        	0.77907586     	1.006829       	0.84515274     	0.90338194     	1.1352311      	0.9214527      	0.98999286     	0.93918395     	0.8180208      	0.9556149      	0.98117054     	0.8568351      	0.8052824      	0.8870609      	0.8941397      	0.85877913     	0.9526308      	0.9102628      	0.86463517     	0.9507179      	0.9561212      	0.94600517     	0.9085219      	0.7994184      	0.9581431      	0.7904334      	0.9517411      	0.85800153     	1.0205071      	0.84366053     	0.73564833     	0.85510087     	0.9598682      	0.9146187      	0.9899934      	1.0675409      	1.1779258      	1.5126066      	2.0877242      	1.7684216      	1.8531919      	1.7592008      	1.8669187      	1.7616905      	1.7600343      	1.8887534      	1.8993129      	1.7639458      	1.818144       	1.6916697      	1.7711802      	1.6578584      	1.816893       	1.8984536      	1.7882956      	1.7672493      	1.7550228      	1.7660204      	1.6934153      	1.6173542      	1.7214355      	1.7245728      	1.6864114      	1.5308673      	1.402424       	1.5088825      	1.69939        	1.7495861      	1.7721876      	
0.83405054     	0.95471823     	1.1405928      	1.1590393      	1.384184       	1.883429       	1.7330226      	1.8497115      	1.724119       	1.8556098      	1.7160723      	1.829372       	1.6592875      	1.6501799      	1.7907526      	1.8546623      	1.7936193      	1.8341069      	1.8760809      	1.7601074      	1.731958       	1.6716394      	1.8123963      	1.6425548      	1.6865355      	1.6563822      	1.6449679      	1.6374545      	1.2678025      	1.1272954      	1.0771133      	1.0563936      	0.9785191      	1.016273       	1.0589979      	0.9385641      	0.8449696      	1.0009356      	0.9435772      	0.8893015      	0.96127814     	0.91701335     	0.89222974     	0.87268174     	1.0055352      	0.9380741      	0.90696704     	0.95152754     	0.91098344     	0.8965259      	0.8462936      	0.8732089      	0.92898905     	0.96228105     	0.82695705     	0.864761       	0.92649627     	0.9821174      	1.0393379      	0.94990873     	0.8128436      	0.97371286     	0.9388371      	0.9878407      	0.9074623      	0.97629666     	1.0865226      	1.1616868      	1.2404141      	1.7943467      	1.8653601      	1.8071892      	1.8105326      	1.6283419      	1.7260164      	1.7642968      	1.8188165      	1.7920518      	1.7937766      	1.7633815      	1.7539996      	1.673367       	1.7850254      	1.8295406      	1.6355381      	1.6883864      	1.7806957      	1.7276636      	1.8331019      	1.6489575      	1.6937572      	1.7770401      	1.7290123      	1.7017435      	1.6344519      	1.5981175      	1.7434522      	1.7060826      	1.7288115      	1.7412331      	
0.8797896      	0.9976881      	0.9249938      	0.9633932      	1.1457638      	1.5031816      	1.8500423      	1.8186336      	1.8057758      	1.7147847      	1.7173698      	1.8056749      	1.7476263      	1.892403       	1.7704138      	1.8733305      	1.819111       	1.6717675      	1.7747502      	1.6821575      	1.6544921      	1.7767355      	1.7635771      	1.7540021      	1.7089633      	1.748892       	1.8489454      	1.7203586      	1.4097186      	1.1275246      	1.0361143      	0.9529285      	0.9855749      	0.8352628      	0.9914126      	0.9443214      	0.82994753     	0.9370423      	1.0309124      	1.0030993      	0.88937455     	0.9465341      	0.9481747      	0.91883045     	0.9587387      	0.9119876      	0.9228876      	0.98592114     	0.9479726      	0.7929076      	0.9563859      	0.91543436     	0.97682047     	0.962516       	0.8779161      	0.9255417      	0.91341037     	1.0233274      	0.9978294      	1.0090206      	1.0653661      	0.88701147     	0.97788155     	0.7980024      	0.8064687      	0.89958364     	1.0274475      	1.0888253      	1.0862677      	1.2184556      	1.9316658      	1.8310697      	1.7286375      	1.7480527      	1.899703       	1.8335948      	1.9336374      	1.8282162      	1.7419804      	1.8129878      	1.7421308      	1.8362077      	1.8276674      	1.8164872      	1.7482059      	1.7417829      	1.7017679      	1.787007       	1.7944179      	1.8438044      	1.7860923      	1.7648247      	1.8178535      	1.7292535      	1.7494571      	1.8385698      	1.8219321      	1.766948       	1.727714       	1.6324768      	
0.92072        	0.8767785      	1.0143195      	1.0902544      	1.1511648      	1.2681855      	1.7944068      	1.7645125      	1.8400797      	1.8078779      	1.7599785      	1.9627848      	1.7654415      	1.7662532      	1.7229435      	1.7936636      	1.8137454      	1.7288254      	1.8300053      	1.7916765      	1.7724458      	1.6661716      	1.685731       	1.6803555      	1.7418069      	1.7602348      	1.6485215      	1.6397997      	1.566688       	1.2178322      	1.265083       	1.0937698      	0.95401055     	1.0384831      	0.9888667      	1.0371671      	0.99295974     	0.91527516     	0.9973263      	0.97589535     	0.97928524     	0.91160107     	0.9778069      	0.94700295     	0.96116704     	0.98473155     	0.9367874      	0.9963931      	0.7736202      	0.8862456      	1.0392642      	0.93252283     	0.9753272      	0.96445245     	0.96065384     	0.9146469      	0.8944084      	1.0880135      	0.93928194     	1.0361836      	0.8376919      	1.0266241      	0.9599136      	0.9545254      	0.9649274      	0.9362322      	1.1901711      	1.169638       	1.0903066      	1.2768863      	1.9646337      	1.8528535      	1.8606515      	1.7302071      	1.7174424      	1.7217357      	1.7299529      	1.8460252      	1.7933445      	1.7743477      	1.6987914      	1.7471393      	1.7140155      	1.7401798      	1.7510878      	1.7631105      	1.8428794      	1.6893386      	1.8246838      	1.8234911      	1.8442844      	1.704762       	1.824395       	1.7738599      	1.8421073      	1.7522616      	1.7062823      	1.734053       	1.7290373      	1.670263       	
0.9272891      	0.9195139      	0.8881183      	0.95954686     	1.0193288      	1.181547       	1.8108246      	1.8157586      	1.9529235      	1.7877836      	1.9136219      	1.8949997      	1.825913       	1.7979643      	1.8057395      	1.7584788      	1.7796406      	1.7299687      	1.7102953      	1.8284303      	1.8498437      	1.7784923      	1.7820817      	1.6901721      	1.8095717      	1.701294       	1.7109634      	1.7737379      	1.6037993      	1.4974108      	1.2015907      	1.1617895      	1.0034298      	1.0804862      	0.95641315     	0.9654793      	1.0479013      	0.8913113      	1.0013115      	1.0090684      	1.0126144      	1.0121837      	1.0483642      	0.993869       	0.9082726      	0.9394421      	0.90278107     	0.90022683     	0.9682493      	0.916269       	0.9304838      	0.87101936     	1.0278848      	0.8687639      	0.99583524     	1.0238705      	0.9039046      	1.0091327      	1.007455       	1.0620301      	1.0796298      	1.2304891      	1.2502521      	1.3017461      	1.3599697      	1.4271764      	1.5811384      	1.6699651      	1.8339096      	1.8195814      	1.8867708      	1.8124859      	1.7943205      	1.5921527      	1.8859106      	1.9866439      	1.8762687      	1.8838006      	1.7722318      	1.7785149      	1.7231427      	1.7992412      	1.651755       	1.8793856      	1.7320417      	1.7250898      	1.736286       	1.6332953      	1.8697546      	1.7390088      	1.7073891      	1.709832       	1.7489827      	1.8076535      	1.7208961      	1.7648984      	1.7170901      	1.6398753      	1.7261444      	1.8090403      	
0.98088413     	1.0330676      	1.038691       	0.9498036      	1.0003194      	1.1522722      	1.2088047      	1.9807409      	1.7854456      	1.8133388      	1.8073593      	1.8337111      	1.7247754      	1.7870413      	1.7399933      	1.6319801      	1.8055929      	1.7357368      	1.855259       	1.7946795      	1.7057413      	1.7025007      	1.9499602      	1.9483687      	1.7523489      	1.6437229      	1.6667576      	1.7503432      	1.7377306      	1.7037783      	1.4398206      	1.0521333      	1.1563052      	0.8406664      	0.861544       	0.9200347      	0.87788594     	0.9646601      	1.0694844      	0.8846257      	0.9178552      	0.8504784      	0.9314168      	0.9038024      	1.004166       	0.9580161      	0.89266014     	0.93089205     	1.0430748      	0.98101306     	0.9508466      	0.9858299      	1.0860944      	1.1747417      	1.183468       	1.1455833      	1.2747414      	1.326104       	1.3724682      	1.452835       	1.6173837      	1.6908772      	1.823529       	1.9377507      	1.8587776      	1.7048042      	1.7607838      	1.7671403      	1.7551419      	1.8104125      	1.8527427      	1.8102008      	1.6260884      	1.7097262      	1.7517658      	1.7311075      	1.8035342      	1.6901768      	1.7958351      	1.8166981      	1.7588067      	1.7755759      	1.6096932      	1.8446293      	1.7498027      	1.6900928      	1.6924267      	1.7768677      	1.7673657      	1.7544152      	1.6979661      	1.78472        	1.851594       	1.7417477      	1.8170033      	1.6047294      	1.6897361      	1.7466532      	1.8184334      	1.7794279      	
0.85924643     	0.8828888      	0.8691266      	0.9573958      	1.0680009      	1.0042931      	1.2780659      	1.4558761      	1.8957534      	1.9097646      	1.9057957      	1.864795       	1.7046715      	1.8412113      	1.806644       	1.7239404      	1.7797168      	1.710728       	1.653454       	1.8871572      	1.914205       	1.6944923      	1.7362106      	1.710545       	1.7818861      	1.7449397      	1.6984344      	1.6629677      	1.6428884      	1.6680537      	1.573191       	1.2326667      	1.1685292      	1.1310699      	1.0708268      	0.8039589      	0.9841048      	0.9974473      	0.8100722      	0.88104194     	1.0729384      	1.0291275      	1.0172381      	1.0165383      	1.1195518      	1.1387576      	1.1313958      	1.0702044      	1.3399597      	1.303334       	1.4384834      	1.5604075      	1.6368182      	1.6747578      	1.6009961      	1.7752578      	1.9833368      	1.9265783      	1.9249617      	1.8855226      	1.7878118      	1.7175039      	1.7206059      	1.8467505      	1.8130573      	1.6592492      	1.724159       	1.7435123      	1.7968073      	1.6630887      	1.7824483      	1.7946163      	1.7707881      	1.7210875      	1.8367461      	1.8611207      	1.8009764      	1.7240493      	1.8333881      	1.7148213      	1.7304885      	1.6459017      	1.8620899      	1.696282       	1.6643302      	1.7524921      	1.7724128      	1.7121323      	1.8873001      	1.6888958      	1.8020997      	1.8295391      	1.8123096      	1.8260092      	1.7761413      	1.6964561      	1.7407377      	1.8440878      	1.6331991      	1.7650238      	
0.9234635      	0.9280122      	0.9269152      	0.8466153      	0.9394681      	1.0106633      	1.0951729      	1.1354741      	1.7875495      	1.8301933      	1.6982911      	1.7731793      	1.9570566      	1.9384207      	1.7208617      	1.8627967      	1.7244211      	1.6069639      	1.9067651      	1.7309015      	1.7623252      	1.8154179      	1.7818414      	1.7140336      	1.7074207      	1.7172139      	1.7958915      	1.7598683      	1.6256931      	1.7475991      	1.6680937      	1.2458175      	1.1882246      	1.2377129      	1.2469591      	1.052155       	1.1069347      	1.0865633      	1.1546566      	1.0885047      	1.0791333      	1.2801343      	1.4602782      	1.3760676      	1.6936673      	1.6807271      	1.6244586      	1.8737776      	1.9103522      	1.7738138      	1.7429038      	1.8172423      	1.705157       	1.6966163      	1.8703004      	1.7361143      	1.5988811      	1.7571802      	1.7905239      	1.9074281      	1.5860854      	1.7011664      	1.7973105      	1.6025515      	1.66293        	1.7691562      	1.73288        	1.7707647      	1.7418416      	1.6800351      	1.7296919      	1.7099004      	1.7996007      	1.7014526      	1.7735223      	1.6211809      	1.991025       	1.7904403      	1.7390934      	1.6991016      	1.6958392      	1.6922218      	1.7606971      	1.7178565      	1.7190751      	1.5781828      	1.7035316      	1.8367852      	1.7568728      	1.7279509      	1.7171209      	1.7711686      	1.8317597      	1.7898077      	1.8190618      	1.7075574      	1.6753488      	1.7139198      	1.7638203      	1.7504961      	
0.9529491      	0.96744955     	1.0356182      	0.95923215     	1.002734       	0.9724184      	1.0882738      	1.120406       	1.4426314      	1.9610443      	1.8091079      	1.8444057      	1.7455672      	1.8699526      	1.7913809      	1.8154225      	1.7746372      	1.7852641      	1.7245114      	1.9357284      	1.760492       	1.8547676      	1.7379812      	1.6660469      	1.7522008      	1.7627716      	1.7212399      	1.7681097      	1.7609266      	1.8069236      	1.7901934      	1.7539006      	1.665429       	1.5019163      	1.5221652      	1.4859138      	1.551656       	1.3805102      	1.6297593      	1.6613382      	1.7667248      	2.0264394      	1.7453253      	1.8443437      	1.7373106      	1.6679895      	1.659209       	1.704131       	1.7367955      	1.5494553      	1.7435583      	1.7116013      	1.7139928      	1.6942527      	1.7577341      	1.6358335      	1.8548446      	1.8195628      	1.7265253      	1.7939256      	1.704578       	1.7636977      	1.7254223      	1.7741085      	1.6850877      	1.7618719      	1.7818704      	1.653834       	1.7100201      	1.7814302      	1.7216387      	1.8508233      	1.8147241      	1.7562331      	1.8053157      	1.7923994      	1.7609586      	1.7554126      	1.6726698      	1.8479265      	1.6670873      	1.7756243      	1.6284841      	1.8442968      	1.773778       	1.7758535      	1.8033158      	1.813075       	1.8153125      	1.8078653      	1.6148936      	1.7427323      	1.7890071      	1.7146943      	1.7402693      	1.5967202      	1.6805108      	1.6449274      	1.6260203      	1.7846535      	
0.9529528      	0.98839706     	0.9364261      	0.90852815     	1.0318346      	0.9462465      	1.06871        	1.0480821      	1.1793023      	1.5992494      	2.0248215      	1.8442051      	1.8390511      	1.7681892      	1.754445       	1.9331557      	1.7343472      	1.7169135      	1.8412215      	1.7724239      	1.8471633      	1.6058654      	1.6464067      	1.714553       	1.7417028      	1.720933       	1.6006265      	1.7471789      	1.7145529      	1.6545404      	1.6722178      	1.7683564      	1.5931001      	1.6755472      	1.6228349      	1.6747975      	1.7493163      	1.5165187      	1.7316138      	1.6520177      	1.7454234      	1.7319824      	1.7400234      	1.7979968      	1.6215129      	1.7121477      	1.5901421      	1.6408863      	1.70626        	1.7082845      	1.742371       	1.5596193      	1.7421216      	1.6802636      	1.6381105      	1.7359977      	1.688892       	1.7353808      	1.7152498      	1.7669896      	1.6685518      	1.7958654      	1.66372        	1.7418184      	1.646023       	1.7576138      	1.5618492      	1.6674685      	1.7245251      	1.6256541      	1.7205395      	1.7274332      	1.6594677      	1.6583688      	1.7322806      	1.6049682      	1.7398067      	1.7021465      	1.7056522      	1.7406601      	1.7682526      	1.7294966      	1.7633606      	1.7712203      	1.7675437      	1.785837       	1.7877517      	1.7624215      	1.5844437      	1.745922       	1.6304549      	1.7504487      	1.7219371      	1.7147019      	1.8070835      	1.5387086      	1.7778507      	1.6878062      	1.7701149      	1.5814687      	
0.98729545     	0.81413573     	0.8917694      	0.8261334      	0.89341706     	0.905794       	1.0620444      	1.1608618      	1.0524416      	1.402145       	2.1515615      	1.8361315      	1.8259304      	1.9224714      	1.815205       	1.8163562      	1.8724675      	1.7876654      	1.7587502      	1.6678628      	1.6553534      	1.8027852      	1.8386655      	1.7666044      	1.5804342      	1.7649194      	1.7025188      	1.693527       	1.7453268      	1.6978284      	1.7889292      	1.7450203      	1.7424741      	1.6325175      	1.6630272      	1.8189203      	1.807789       	1.740379       	1.7836293      	1.6776122      	1.6727548      	1.7599596      	1.6939223      	1.8525232      	1.7821318      	1.6394787      	1.6088474      	1.6795133      	1.8890777      	1.7400032      	1.6510079      	1.7947357      	1.6112733      	1.7199234      	1.686414       	1.692876       	1.6437161      	1.7211356      	1.7328069      	1.6983051      	1.6023387      	1.7236904      	1.730698       	1.7592126      	1.7660398      	1.7089602      	1.772701       	1.7323179      	1.7981558      	1.7304435      	1.6200397      	1.7907146      	1.6601055      	1.7122526      	1.8036273      	1.6741294      	1.683507       	1.6648829      	1.6932373      	1.7817663      	1.6691693      	1.7127054      	1.7664421      	1.7840563      	1.6278012      	1.6819817      	1.7127784      	1.6712142      	1.7676989      	1.6534619      	1.7939867      	1.7548817      	1.7512345      	1.7320532      	1.8419932      	1.695207       	1.7631902      	1.7078861      	1.8096155      	1.8013471      	
1.1302217      	1.0306655      	0.98713416     	1.0095131      	1.0373734      	1.0474259      	1.2441968      	1.18073        	1.2981485      	1.2687681      	1.789594       	1.912019       	1.7759513      	1.8003064      	1.8094501      	1.7862778      	1.794298       	1.7147433      	1.8621087      	1.8677465      	1.7810843      	1.7109467      	1.7481266      	1.733566       	1.8097441      	1.7998396      	1.780147       	1.6965303      	1.7567489      	1.724659       	1.7672026      	1.7525339      	1.8343458      	1.8297572      	1.741989       	1.7640489      	1.7298237      	1.7353618      	1.7437953      	1.7923434      	1.8047863      	1.670192       	1.6804262      	1.6249168      	1.7373745      	1.8183708      	1.7180822      	1.7120091      	1.7649648      	1.733361       	1.8010306      	1.7184381      	1.6914878      	1.9304476      	1.8348618      	1.6885593      	1.6672883      	1.8088673      	1.7812583      	1.7237592      	1.7176687      	1.767928       	1.7240785      	1.6971173      	1.8581934      	1.7561678      	1.751071       	1.7737076      	1.6812737      	1.8087877      	1.8151317      	1.8096079      	1.7786754      	1.6659288      	1.7890788      	1.746528       	1.7491932      	1.7859191      	1.9281629      	1.8701124      	1.8374491      	1.8222783      	1.6358002      	1.7619841      	1.8021362      	1.8049278      	1.747835       	1.8824553      	1.7326026      	1.696364       	1.6658903      	1.8445216      	1.7303334      	1.8364015      	1.77916        	1.8195204      	1.712114       	1.8059638      	1.6748446      	1.6618538      	
1.1789175      	1.2466768      	1.3587763      	1.5142546      	1.5186936      	1.6249852      	1.5912644      	1.7028632      	1.9808645      	1.8953608      	1.8570213      	1.7837894      	1.838608       	1.680023       	1.7422985      	1.8512697      	1.6996427      	1.7448194      	1.7043394      	1.8256203      	1.8058814      	1.9070344      	1.768718       	1.6781454      	1.677958       	1.7269317      	1.8169793      	1.7724212      	1.8010242      	1.7390412      	1.8239533      	1.6766009      	1.804242       	1.7146974      	1.7619919      	1.7373234      	1.6847825      	1.9695332      	1.7044054      	1.7635335      	1.7786661      	1.7208064      	1.7488374      	1.7476683      	1.7517575      	1.6334388      	1.8569409      	1.7411101      	1.6688833      	1.7281013      	1.7176757      	1.7876477      	1.773997       	1.7332352      	1.6691769      	1.6659706      	1.7352444      	1.6686044      	1.7090416      	1.7398493      	1.7353536      	1.822732       	1.6574771      	1.7667106      	1.7910235      	1.7265139      	1.7499261      	1.7743764      	1.6230768      	1.8221447      	1.8421074      	1.8375325      	1.7415534      	1.6639463      	1.6624857      	1.7412752      	1.7763094      	1.7588004      	1.8021703      	1.7782091      	1.7279918      	1.6776779      	1.630609       	1.9282159      	1.5943471      	1.7339906      	1.8360295      	1.7735751      	1.7645528      	1.7843993      	1.6374801      	1.72926        	1.8084176      	1.6129847      	1.7962064      	1.8473872      	1.8742995      	1.8073366      	1.8030885      	1.3339118      	
1.7213569      	1.8017273      	1.7799443      	1.7805799      	1.8670993      	1.8408035      	1.6937324      	1.7774205      	1.8368362      	1.7911654      	1.8760204      	1.8788122      	1.7412174      	1.863901       	1.6952556      	1.7670686      	1.9092904      	1.7801769      	1.695534       	1.8639777      	1.7604723      	1.7799361      	1.7228174      	1.7791628      	1.8456181      	1.6722596      	1.8071725      	1.683733       	1.8707104      	1.7812072      	1.800255       	1.6315736      	1.6882412      	1.7904937      	1.6878127      	1.8600771      	1.6904191      	1.8575124      	1.7313517      	1.8485718      	1.812806       	1.7534707      	1.660194       	1.697126       	1.6053425      	1.8226246      	1.8592675      	1.7376677      	1.7843605      	1.7049407      	1.724007       	1.6850649      	1.6356165      	1.8657027      	1.818954       	1.849429       	1.864805       	1.5740316      	1.7783929      	1.689507       	1.8513991      	1.8180399      	1.8473624      	1.6709989      	1.8120377      	1.7776363      	1.8245152      	1.8474654      	1.7437556      	1.699146       	1.8292851      	1.8656712      	1.7975142      	1.7805165      	1.791565       	1.771447       	1.6959064      	1.7478317      	1.774674       	1.7252785      	1.7635704      	1.7976165      	1.7576351      	1.7464081      	1.8780459      	1.8755842      	1.7782267      	1.8028332      	1.6606097      	1.5320259      	1.7778356      	1.8998579      	1.6756067      	1.705031       	1.7657715      	1.6490752      	1.7856181      	1.8058196      	1.758133       	1.5898075      	
1.6142126      	1.6778896      	1.7087733      	1.7176641      	1.8625647      	1.7646021      	1.7227026      	1.6456732      	1.7881361      	1.7876649      	1.7793003      	1.8075155      	1.8150395      	1.896029       	1.9054527      	1.704895       	1.7687753      	1.7993045      	1.7449547      	1.7733058      	1.8347125      	1.8023407      	1.6050228      	1.8282932      	1.7024342      	1.718551       	1.6094718      	1.7616717      	1.7574916      	1.8284489      	1.7921166      	1.7072718      	1.6865815      	1.673061       	1.7708355      	1.7360557      	1.8040036      	1.8225547      	1.7068412      	1.8419106      	1.8198876      	1.7805097      	1.6542788      	1.8712039      	1.6941147      	1.7892041      	1.6964561      	1.7468368      	1.7584522      	1.7700437      	1.7405115      	1.7277309      	1.8516968      	1.7758505      	1.6179245      	1.7241268      	1.8005962      	1.7823642      	1.6914772      	1.6486151      	1.4472314      	1.6636949      	1.7235011      	1.9250139      	1.9428033      	1.9331915      	1.9756006      	1.9148278      	1.7911826      	1.840993       	1.6502763      	1.540069       	1.4067558      	1.8375033      	1.8518615      	1.9470705      	1.8251199      	1.7998666      	1.9055046      	1.7733579      	1.7609571      	1.7713413      	1.7998456      	1.6540931      	1.6756219      	1.7707669      	1.6913749      	1.8001894      	1.7677891      	1.8943096      	1.7382463      	1.8174523      	1.8219986      	1.8850563      	1.8479444      	1.7190667      	1.6894771      	1.8497967      	1.7110428      	1.359127       	
1.7520874      	1.8866428      	1.8450171      	1.6953921      	1.7135444      	1.6586056      	1.7999101      	1.7138993      	1.7172705      	1.7859955      	1.8223102      	1.6781542      	1.6488334      	1.7099075      	1.6978365      	1.8213335      	1.6969575      	1.8255032      	1.8231266      	1.6951221      	1.8507177      	1.8255583      	1.7923806      	1.8301195      	1.8187559      	1.7038958      	1.853859       	1.7279783      	1.7509962      	1.8514149      	1.7719992      	1.7853273      	1.7917426      	1.7444308      	1.6692058      	1.7425165      	1.7946831      	1.7849777      	1.8237473      	1.8488333      	1.8001426      	1.6816887      	1.7770773      	1.7002563      	1.8353194      	1.8073263      	1.7152656      	1.7354403      	1.9311149      	1.7293897      	1.9106865      	1.7260802      	1.8364627      	1.8542224      	1.8078587      	1.787793       	1.6953108      	1.740506       	1.4556308      	1.376105       	1.3916951      	1.3630297      	1.5532033      	1.7017685      	1.7008569      	1.5366079      	1.3582523      	1.45484        	1.5274014      	1.4780022      	1.4554793      	1.1712489      	1.0136961      	1.0805857      	1.1519194      	1.3237303      	1.4641232      	2.0460846      	1.960693       	1.9064173      	1.7606777      	1.7934303      	1.788558       	1.9938414      	1.9358354      	1.8987242      	1.8485029      	1.8401524      	1.6989026      	1.6572139      	1.6649328      	1.9087934      	1.8838801      	1.7415723      	1.860266       	1.8323427      	1.7662604      	1.8062105      	1.6346661      	1.6145368      	
1.7369653      	1.8029276      	1.8540922      	1.8199239      	1.7116983      	1.659833       	1.6396711      	1.8186316      	1.6467088      	1.7638421      	1.7325966      	1.8728266      	1.7461257      	1.704917       	1.7671         	1.7187489      	1.8026772      	1.6527456      	1.6746736      	1.761742       	1.8247429      	1.8030156      	1.8311136      	1.8907624      	1.8528354      	1.661083       	1.7953727      	1.7316751      	1.8352605      	1.8102148      	1.704739       	1.9423053      	1.8018174      	1.8074541      	1.8397288      	1.8917805      	1.8371637      	1.7124264      	1.6306493      	1.8341473      	1.9220643      	1.7787083      	1.6572208      	1.7032838      	1.8517182      	1.8006201      	1.7643667      	1.7752202      	1.7083046      	1.7865266      	1.7225386      	1.7287093      	1.6910292      	1.6044514      	1.7995843      	1.6016723      	1.4721051      	1.3737484      	1.4462316      	1.3913769      	1.605095       	1.3663921      	1.5229135      	1.5084449      	1.3203121      	1.1121045      	0.98980093     	1.0637536      	0.95143104     	1.0128702      	0.81964093     	0.85024977     	0.9105265      	0.9636805      	1.0523039      	0.9981837      	1.1679549      	1.7014841      	1.8931439      	1.7996258      	1.7293377      	1.7205433      	1.804601       	1.9090111      	1.7837172      	1.9096143      	1.6816889      	1.7793721      	1.8217883      	1.8885432      	1.8915836      	1.7661582      	1.8082032      	1.7403548      	1.907934       	1.8405769      	1.785264       	1.7467833      	1.7433687      	1.7546117      	
1.8177106      	1.7171755      	1.7491186      	1.8696537      	1.871567       	1.7241393      	1.7551594      	1.8684174      	1.7001004      	1.7732269      	1.7385308      	1.753903       	1.7945825      	1.7299387      	1.7400227      	1.7816852      	1.6721227      	1.7584381      	1.6959801      	1.7634716      	1.857685       	1.8066493      	1.7832035      	1.5894079      	1.7761667      	1.794754       	1.7581452      	1.7684653      	1.5754657      	1.6643282      	1.7646563      	1.9118612      	1.7160945      	1.650631       	1.722965       	1.7472963      	1.7591218      	1.6720016      	1.698007       	1.85675        	1.7467464      	1.7151914      	1.687335       	1.7325071      	1.70881        	1.6472876      	1.6548026      	1.6919458      	1.7666582      	1.4998132      	1.3914318      	1.3946335      	1.4122387      	1.4908813      	1.4305797      	1.5609039      	1.2545385      	1.0696546      	1.2625328      	1.0235873      	0.9426501      	0.98322546     	0.95659333     	0.98919535     	0.94209284     	0.9353834      	0.88884115     	0.9970785      	1.0176351      	0.9347233      	1.0023699      	0.8716804      	1.1080436      	0.9721731      	0.9674691      	1.0270561      	1.015133       	1.2885964      	1.8662587      	1.9938823      	1.9772856      	1.8349557      	1.9122843      	1.7708299      	1.8417886      	1.8527762      	1.8302168      	1.8243773      	1.787857       	1.8547479      	1.7634048      	1.8600497      	1.7519882      	1.7443272      	1.899546       	1.8060495      	1.8424128      	1.7412322      	1.7200813      	1.7056551      	
1.6321669      	1.7817135      	1.7619734      	1.7905016      	1.7313309      	1.866874       	1.6894577      	1.7512398      	1.7454153      	1.7714467      	1.6916847      	1.6867638      	1.7330033      	1.6789012      	1.7095815      	1.7475233      	1.691589       	1.8488432      	1.6285533      	1.6585157      	1.8963692      	1.82502        	1.8901678      	1.7494401      	1.8133919      	1.7580204      	1.6776158      	1.7302179      	1.6995977      	1.7673461      	1.8736558      	1.6940994      	1.687247       	1.8616755      	1.8254652      	1.6874453      	1.7559856      	1.6125721      	1.7314109      	1.71346        	1.6841786      	1.6684442      	1.6279984      	1.4267135      	1.3463826      	1.3168308      	1.3960539      	1.3618077      	1.5631042      	1.3405987      	1.1712193      	1.1484191      	0.8650699      	1.0014174      	1.0152907      	1.0023823      	0.92164123     	0.9363597      	1.0095543      	1.0285319      	1.0066278      	0.9708146      	0.9438556      	0.934583       	0.91246825     	0.96396816     	1.059516       	0.99596274     	1.0744307      	0.9968522      	0.9758095      	0.96177125     	1.0027258      	0.9973944      	1.0373384      	1.0282912      	1.0776289      	1.1638936      	1.2687693      	1.9782407      	1.8224027      	1.9951649      	1.7537477      	1.7429487      	1.7856002      	1.7635703      	1.8696436      	1.7561511      	1.8144099      	1.9203964      	1.7130313      	1.7644982      	1.8507609      	1.7725198      	1.8029141      	1.8497717      	1.8115853      	1.8199468      	1.7667449      	1.6777904      	
1.7919818      	1.7785741      	1.7231594      	1.8312641      	1.8631607      	1.7129275      	1.6978827      	1.7254603      	1.7955973      	1.8389469      	1.7210376      	1.8448175      	1.7239021      	1.7315761      	1.7272313      	1.76684        	1.7002736      	1.6718407      	1.8082632      	1.7520144      	1.6665796      	1.8476679      	1.7707696      	1.6511155      	1.8652437      	1.7956313      	1.8462895      	1.6701242      	1.7789521      	1.6905057      	1.6892941      	1.718858       	1.7949194      	1.702255       	1.7898971      	1.907959       	1.7791536      	1.7150211      	1.7851937      	1.806493       	1.7503622      	1.3442638      	1.1681652      	0.9835482      	0.9472626      	0.9537496      	0.90085113     	0.9693584      	0.91658485     	1.0081965      	0.9421247      	0.9800179      	0.9133837      	1.0151814      	0.9898756      	0.84992677     	1.0355833      	1.0349514      	1.0041901      	1.0062135      	1.0482411      	1.0519986      	1.0253928      	0.9003787      	0.8390945      	0.90902406     	1.0413958      	0.9885401      	1.011399       	1.063472       	0.9624604      	0.9804643      	0.9870226      	1.0265999      	0.9848189      	0.9834037      	0.90044516     	1.0417116      	1.0851741      	1.7031271      	1.835343       	2.0270386      	1.8983219      	1.9086658      	1.9140466      	1.8505648      	1.8213384      	1.8616018      	1.8362062      	1.678718       	1.8017973      	1.87346        	1.8896339      	1.8157793      	1.7614177      	1.6407613      	1.7609124      	1.7738718      	1.7398002      	1.7660098      	
1.7289524      	1.7782214      	1.7789202      	1.8574742      	1.7480775      	1.8593034      	1.6787448      	1.7269796      	1.8369242      	1.8067532      	1.8597658      	1.7850972      	1.7036222      	1.7636402      	1.6977038      	1.8372612      	1.7866868      	1.7100382      	1.7152022      	1.8432686      	1.6701111      	1.6648204      	1.7346523      	1.7191366      	1.6843611      	1.7754647      	1.6791749      	1.7383116      	1.8270631      	1.8722594      	1.8585373      	1.7691454      	1.8114393      	1.6485513      	1.6696717      	1.8261253      	1.8499056      	1.7826368      	1.86475        	1.4848876      	1.1633465      	0.5984359      	0.6705346      	0.67967194     	0.9697807      	1.0525931      	1.0213515      	0.9151572      	1.003776       	0.9417237      	0.97907114     	0.969384       	1.0031776      	0.94665056     	0.90527934     	1.0041602      	0.97471654     	0.9207449      	0.99081755     	0.9366098      	0.9160582      	1.045721       	1.0002882      	1.0191262      	0.9833413      	1.0146672      	0.98942965     	0.9573536      	0.9939176      	0.96629494     	1.1094756      	0.9079259      	1.0759087      	0.8970395      	1.0109413      	1.0710698      	0.9066972      	0.9260086      	1.1529568      	1.296376       	1.9300982      	1.9383087      	1.8517809      	1.9369124      	1.7780612      	1.7147995      	1.800857       	1.7013526      	1.8398577      	1.9779422      	1.7457999      	1.9891288      	1.8226923      	1.880218       	1.8858798      	1.7979643      	1.8679897      	1.8796593      	1.8310993      	1.8248502      	
1.774576       	1.7146225      	1.7339141      	1.7538755      	1.8353891      	1.8521324      	1.7805984      	1.7295461      	1.6701977      	1.7308782      	1.7891806      	1.7916564      	1.8459207      	1.6241971      	1.7982394      	1.7150836      	1.7228303      	1.7238415      	1.6766973      	1.7465025      	1.7577679      	1.8784124      	1.8138131      	1.7911857      	1.839673       	1.7810296      	1.762495       	1.6672612      	1.7747523      	1.6663644      	1.6835061      	1.6638798      	1.8823912      	1.8324445      	1.8177916      	1.7912985      	1.7372955      	1.6053153      	1.2030333      	0.8940317      	0.7569265      	0.68146086     	0.6054988      	0.6966076      	0.74619025     	0.54526305     	0.7260766      	0.910891       	1.0520383      	1.0628064      	1.0412564      	0.9572632      	1.010093       	0.90319204     	0.86378604     	1.0192627      	1.0311044      	0.992593       	1.130372       	1.042095       	1.057297       	1.0709623      	0.96387386     	0.98302686     	1.0150139      	0.9818091      	1.0263525      	0.9712863      	0.9567377      	1.0267656      	0.91889745     	0.9787764      	0.9841986      	1.0325582      	0.96741056     	0.93773925     	0.94007915     	0.98657334     	1.019225       	1.0872993      	1.359897       	1.9989246      	1.8129495      	1.8750476      	1.8564613      	1.8198249      	1.8123477      	1.6844342      	1.8499876      	1.8926681      	1.8639761      	1.8491518      	1.8293481      	1.7742574      	1.7982798      	1.8663291      	1.769148       	1.914696       	1.9067224      	1.8822299      	
1.7030687      	1.7851342      	1.8281137      	1.890505       	1.8765938      	1.8846576      	1.6368061      	1.8348744      	1.8331274      	1.7518153      	1.7341186      	1.6300367      	1.3993958      	1.5832314      	2.0609949      	1.7397529      	1.9186745      	1.9173738      	1.8367343      	1.8963827      	1.7937995      	1.8406848      	1.9441341      	1.6795199      	1.6869775      	1.7344643      	1.8306491      	1.8548628      	1.8004305      	1.8294488      	1.9106607      	1.8538375      	1.9272876      	1.8562503      	1.909314       	1.7176667      	1.7362013      	0.7713464      	0.62828064     	0.8165909      	0.49406287     	0.6002992      	0.52487415     	0.56414455     	0.6366129      	0.63962466     	0.68001735     	0.7048375      	0.804414       	1.2101259      	0.95568126     	0.98041075     	0.9426637      	0.9171549      	0.9488349      	1.0531753      	0.99065936     	1.0674354      	0.95554596     	1.0397214      	0.96852356     	0.8717123      	0.94265044     	1.0011764      	1.1057303      	1.0489882      	1.0338228      	1.0212065      	0.9970443      	0.8913229      	0.9294855      	0.9251908      	1.0005566      	0.9344587      	1.0105554      	0.9236729      	0.90315986     	1.028571       	0.9708983      	1.0878547      	1.4366113      	1.8466892      	1.849649       	1.9375614      	1.9279717      	1.8486415      	1.8683289      	1.9142748      	1.842531       	1.9238075      	1.8510416      	1.703121       	1.7724342      	1.7161022      	1.8180842      	1.8806158      	1.8938677      	1.8452457      	1.7822921      	1.8135257      	
1.5332351      	1.6190503      	1.5575187      	1.5299071      	1.4215523      	1.4436936      	1.501258       	1.369397       	1.5211686      	1.5062329      	1.3736242      	1.2286375      	1.0045558      	1.1311429      	1.0056522      	1.2251778      	1.3265622      	1.9594098      	1.9077215      	1.9814565      	1.924467       	1.8773433      	1.7548872      	1.8651723      	1.7931615      	1.8533974      	1.8375283      	1.9178327      	1.8215271      	1.6991993      	1.9179425      	1.9346812      	1.6362303      	1.8730106      	1.8227881      	1.9097883      	1.5222167      	0.77809185     	0.45005387     	0.62163025     	0.5418725      	0.6779812      	0.6314503      	0.65890133     	0.5710491      	0.6376846      	0.68302345     	0.6365484      	0.67420745     	0.66980463     	0.99312687     	1.0191125      	0.9792614      	1.0714417      	0.8582818      	0.9297546      	1.0175856      	0.9310101      	1.0515002      	0.9381274      	0.98134243     	1.0169138      	0.9124215      	0.9622844      	0.9501463      	0.95359266     	0.79903716     	0.92294693     	1.0635418      	0.96278256     	0.8394356      	0.9650361      	0.8252598      	0.98374665     	0.98072386     	0.8815805      	0.9421999      	0.9047288      	0.925676       	1.1084508      	1.1183568      	1.3229246      	2.096281       	1.8938468      	1.8570607      	1.8833112      	1.8741349      	1.7814184      	1.877113       	1.8294809      	1.9015434      	1.8181478      	1.8164504      	1.8160737      	1.9401742      	1.8210742      	1.825066       	1.8318719      	1.7934792      	1.8176043      	
1.4104453      	1.4568678      	1.4393783      	1.2439995      	1.1067944      	1.2428706      	1.1085691      	1.0376669      	1.0630486      	0.93524426     	0.96310496     	0.9498506      	0.8856917      	0.9281236      	0.9652906      	0.9268396      	1.0590135      	1.3604482      	2.0145998      	1.8035722      	2.0300224      	1.870121       	1.886856       	1.863864       	1.8470863      	1.9368796      	1.9614524      	1.774186       	1.8539109      	1.9575491      	1.7729596      	1.9575437      	1.8096888      	1.8596134      	1.9207788      	1.5176955      	0.8797084      	0.7231444      	0.5508889      	0.6148279      	0.7524498      	0.7880528      	0.4054413      	0.63742477     	0.70476305     	0.6741693      	0.82113403     	0.71922374     	0.6071228      	0.81032526     	1.1561366      	0.99379236     	1.0491712      	1.0012398      	0.9747125      	0.96733093     	0.83346164     	0.9715339      	0.9199203      	1.1218446      	0.92575544     	0.9092461      	0.96078444     	1.1136574      	0.98669446     	0.93954223     	0.9176773      	0.8528073      	0.947457       	0.9027857      	0.9555531      	0.8471093      	0.9756007      	1.0136437      	0.96757287     	0.91625464     	1.0400578      	0.9694925      	0.7958535      	1.080221       	1.0021267      	1.2879589      	1.5085547      	2.084764       	1.8871351      	2.0138774      	1.7891573      	1.9171457      	1.8594033      	1.7760284      	1.886273       	1.8444465      	1.8301295      	1.813763       	1.9530684      	1.875467       	1.9238096      	1.7873373      	1.9043945      	1.9331766      	
0.8544368      	1.0109371      	0.9865604      	0.905581       	1.0702314      	1.0457773      	0.9878383      	1.0060782      	1.00717        	0.96522504     	0.8805455      	1.0280795      	1.0219287      	0.9793879      	1.0680219      	1.0267576      	1.0259182      	1.1304373      	1.4114245      	1.9847076      	1.8449503      	1.8974562      	1.9425204      	1.8681726      	1.8064268      	1.7730569      	1.8305929      	1.8191745      	1.8682617      	1.8619646      	1.8891237      	1.9058537      	1.8416506      	1.7224681      	1.8671557      	1.4283407      	0.8683113      	0.747          	0.67720133     	0.52694094     	0.5555868      	0.6928496      	0.62645507     	0.6624358      	0.62958986     	0.5753228      	0.7131748      	0.74329156     	0.82335144     	0.96644795     	1.0529686      	0.8231441      	0.89169675     	1.0679805      	0.9693888      	0.91451895     	0.894709       	0.88683224     	0.9248764      	0.97824407     	0.8598857      	0.8970898      	1.0188973      	0.95435655     	0.88567233     	0.90041214     	1.0074584      	0.91231966     	0.9017748      	0.8829227      	0.9191041      	0.8902944      	0.9284012      	1.063133       	0.9357658      	1.0151715      	0.98365825     	0.8776177      	0.7908284      	1.0378418      	0.88644636     	1.1655843      	1.4613607      	1.9461969      	1.9032097      	1.9524188      	1.8893958      	1.9695551      	1.8896139      	1.8221073      	1.7850419      	1.8324305      	1.909763       	1.7835063      	1.9656758      	1.7749215      	1.8318516      	1.8901402      	1.9187834      	1.7482786      	
0.9552062      	1.0152916      	1.0208617      	0.9524587      	0.8886627      	0.95431256     	1.0058311      	1.0475051      	1.1005743      	0.9908881      	0.93119764     	0.96520734     	0.8787443      	0.7761581      	1.065158       	0.8589655      	0.92441225     	1.0375562      	1.2471181      	1.7590767      	2.0186875      	1.9344417      	1.9969212      	1.8670034      	1.755164       	1.8902222      	1.8659085      	1.9021093      	1.8550172      	1.9309143      	1.7558316      	1.8119347      	1.6869413      	1.9153459      	1.8338001      	1.7520254      	1.8267047      	1.4448527      	1.3028147      	1.0532562      	1.0327406      	0.89074063     	0.7411467      	0.747541       	0.7505258      	0.69578505     	0.9011881      	0.9400487      	0.99472606     	1.0664526      	1.1162531      	0.8082593      	0.9788975      	0.88916916     	0.9223514      	0.97891825     	0.717571       	0.86349285     	0.9350784      	0.9417099      	1.0040891      	0.9391799      	0.8955316      	1.0593408      	0.9652663      	0.97444195     	0.90149766     	1.1129061      	0.8996825      	0.8234741      	0.8954713      	1.0174588      	0.9561954      	1.0378458      	1.0243016      	0.93035024     	0.9328369      	1.0819604      	0.96203417     	1.0494212      	1.009832       	1.1433913      	1.1649296      	1.703833       	1.8404653      	1.9653236      	1.9915341      	1.7668576      	1.8082919      	1.8387139      	1.8512241      	1.7036284      	1.7301267      	1.8633568      	1.8818012      	1.8686305      	1.8476629      	1.8778855      	1.7451931      	1.9077742      	
1.0505787      	0.9667026      	1.0256383      	1.0039738      	0.8788022      	0.9393387      	0.94951266     	1.0530243      	0.9973546      	0.9085941      	1.0080441      	1.0119984      	1.060108       	0.9630347      	0.8635432      	0.92018384     	0.9346961      	0.94471395     	1.1872766      	1.3400558      	2.0680044      	1.8661985      	1.8782388      	1.7730657      	1.8417693      	1.8205669      	1.9766917      	1.8614086      	1.8708676      	1.9185286      	1.8830302      	1.7053776      	1.8429397      	1.8867412      	1.8801143      	1.7745075      	1.7960138      	1.8059348      	1.7572768      	1.8109993      	1.603634       	1.6165956      	1.3011702      	1.2770034      	1.200606       	1.0812973      	0.9469169      	0.88976073     	0.95267916     	1.0079103      	0.87013954     	1.0312669      	0.93241686     	0.9438495      	0.88546765     	0.8562014      	0.88972324     	0.905776       	0.9311141      	0.9637128      	1.0321721      	0.9816173      	0.97814584     	0.87004054     	0.91336215     	0.9054549      	0.8528346      	1.0130852      	0.99340737     	0.9526071      	1.1061993      	0.89697796     	0.92860067     	0.84294987     	1.0166428      	0.9976485      	0.95798355     	0.9910544      	0.91482764     	1.0000379      	0.92074054     	0.9769248      	1.075245       	1.2863997      	1.8923402      	1.8652459      	1.8404893      	1.9318303      	1.946292       	1.760486       	1.8616811      	1.9652343      	1.8015355      	1.7800518      	1.7852635      	1.8784844      	1.8754449      	1.874072       	1.8885922      	1.6868936      	
0.969628       	0.95422125     	0.94253373     	0.9078017      	0.9834978      	0.94633406     	0.85946953     	0.82123715     	0.8677694      	1.0289639      	0.92115396     	0.91730946     	1.0351399      	0.98012656     	0.9973726      	0.9443806      	0.88679695     	1.039675       	1.1271803      	1.3151519      	1.8209943      	1.975643       	1.8003839      	1.929226       	1.9175643      	1.8751367      	1.8683062      	1.737223       	1.853342       	1.9374621      	1.8513058      	1.7443284      	1.7349693      	1.7916459      	1.8241699      	1.7644315      	1.8870215      	1.8936845      	1.8082967      	1.8042293      	1.8023558      	1.8009857      	1.5048794      	1.1511537      	1.1506814      	1.0635068      	1.0886419      	0.9293373      	0.9745816      	0.8948926      	0.98391515     	1.0493389      	1.0276076      	0.94146836     	0.927476       	0.9620872      	0.99466133     	0.949472       	0.9746819      	0.9924274      	0.8514509      	0.7877007      	0.994885       	1.000346       	0.9741828      	0.9991266      	0.8662618      	0.90001476     	0.9663705      	1.0286936      	0.9938084      	1.0119632      	0.9267603      	0.9674045      	1.0862176      	0.9098409      	0.88725454     	0.94812685     	0.98665774     	0.95646805     	1.0438566      	0.9654838      	1.0448664      	1.1087013      	1.2129741      	1.8884137      	1.9361205      	1.840307       	1.7772554      	1.7867999      	1.7920438      	1.848647       	1.832627       	1.7448279      	1.856019       	1.9185256      	1.818429       	1.9081961      	1.8844069      	1.7303492      	
1.0030435      	1.0157148      	0.9150195      	0.90065664     	0.86664045     	0.87752485     	0.98504615     	0.8469944      	0.91884786     	0.86211854     	0.9839393      	1.0107996      	0.95270306     	1.028475       	0.94430095     	1.0469836      	0.9533289      	0.9081357      	0.94672495     	1.0933197      	1.3143725      	2.1086872      	2.0350533      	1.8559933      	1.878952       	1.8013691      	1.9184695      	2.0579681      	1.9198191      	1.8925912      	1.8571244      	1.7463522      	1.834121       	1.7490734      	1.9066204      	1.66572        	1.7782758      	1.7203391      	1.826305       	1.7215446      	1.7122554      	1.8034078      	1.6411324      	1.5033255      	1.3110601      	1.096055       	1.0663513      	1.0438592      	0.98690724     	0.9270671      	1.0836239      	0.91658956     	0.9115461      	0.9123724      	0.94655555     	0.90854        	0.8801872      	0.96477187     	0.9534002      	0.9926911      	0.9464537      	0.9077495      	1.0478886      	0.89519423     	1.0231571      	0.8730936      	1.0115441      	0.90200853     	0.9598068      	0.98746264     	0.9892263      	1.0832741      	0.8266266      	0.9586901      	0.9159991      	0.9416359      	0.89068836     	0.83204603     	0.90976447     	0.9174017      	0.9404881      	0.8264811      	1.0749329      	1.037122       	1.3699946      	1.7681501      	2.0119545      	1.8109243      	1.9381346      	1.8834925      	1.7949659      	1.8964354      	1.860126       	1.8228397      	1.7782712      	1.867386       	1.788184       	1.7954705      	1.8021814      	1.7823306      	
0.965514       	0.9147989      	0.871977       	1.0293849      	1.0510057      	0.91402        	0.98323447     	1.0063078      	0.9018579      	0.9983157      	0.98468554     	0.9485538      	0.96595573     	0.90376776     	0.9420042      	0.9721254      	0.92474043     	1.014943       	0.954303       	1.1860908      	1.1319634      	1.6781298      	1.8910917      	1.9573206      	1.8917785      	1.7782052      	1.8449869      	1.8024975      	1.814509       	1.8841137      	1.8618572      	1.7939559      	1.6956838      	1.8794261      	1.7896409      	1.8613151      	1.775811       	1.6651675      	1.8149126      	1.7543012      	1.8620842      	1.843561       	1.747696       	1.657926       	1.5864326      	1.2834917      	1.1775168      	1.1511854      	0.978147       	0.8479315      	1.0699822      	0.97250146     	1.064882       	0.8528083      	0.94506514     	0.8848627      	1.1085564      	0.85675955     	0.91362244     	0.9198401      	0.9179185      	0.92797273     	0.80066216     	0.90005785     	1.0752003      	0.91050977     	0.95749086     	0.9024133      	0.99955463     	0.9598091      	0.9739005      	0.86098665     	1.0163525      	0.9648918      	0.9790486      	0.9793399      	0.94750905     	1.0700191      	1.1222041      	0.94286203     	0.9986968      	0.90591466     	1.002436       	1.063435       	1.1008182      	1.4861332      	2.072383       	1.9846281      	1.9646955      	1.9752793      	2.0129743      	1.8930922      	1.9138843      	1.7842698      	1.8166159      	1.8285029      	1.8652958      	1.8664083      	1.8000737      	1.9278681      	
