# www.neaspec.com
# Scan:	 	AFM
# Project:	 	20251007_PS
# Description:	 	
# Date:	 	10/07/2025 10:43:47
# Scanner Center Position (X, Y):	[µm]	49.99	50.01	 
# Rotation:	[°]	0	 	 
# Scan Area (X, Y, Z):	[µm]	5.000	5.000	0.000
# Pixel Area (X, Y, Z):	[px]	100	50	1
# Averaging:	 	1	 	 
# Integration time:	[ms]	5	 	 
# Laser Source:	 	4.5-15 µm nano-FTIR laser
# Detector:	 	R
# Target Wavelength:	[µm]	7.502	 	 
# Demodulation Mode:	 	Fourier
# Tip Frequency:	[Hz]	241,340.500	 	 
# Tip Amplitude:	[mV]	45.700	 	 
# Tapping Amplitude:	[nm]	79.665	 	 
# Modulation Frequency:	[Hz]	0.000	 	 
# Modulation Amplitude:	[mV]	0.000	 	 
# Modulation Offset:	[mV]	0.000	 	 
# Setpoint:	[%]	79.75	 	 
# Regulator (P, I, D):	 	4.206850	8.625812	1.000000
# Tip Potential:	[mV]	0.000	 	 
# M1A Scaling:	[nm/V]	0.426	 	 
# M1A Cantilever Factor:	 	1,000	 	 
# Q-Factor:	 	487.4	 	 
# Version:	 	2.1.11536.0
1.9848967      	1.9844661      	2.02345        	2.004146       	1.9561656      	1.9765733      	1.9893792      	1.9871906      	1.9741861      	1.9857645      	1.9484487      	1.9717668      	1.9755524      	1.9654721      	1.9946262      	1.9733115      	1.9861723      	1.9671081      	1.9827182      	1.9585787      	1.9791919      	2.03239        	1.9583994      	1.9585009      	1.9816015      	1.9614588      	1.9516146      	1.9536332      	1.971666       	1.990495       	1.997708       	1.9609534      	1.9923774      	1.9826224      	1.960991       	1.9893041      	1.9802258      	1.9519726      	1.956839       	1.9696035      	1.928822       	1.9678872      	1.9625895      	1.9861571      	1.9960735      	1.9749707      	1.9651859      	1.9824839      	1.9641186      	1.9842646      	1.9589869      	1.9813229      	1.9943944      	1.956835       	1.9720727      	1.9837767      	1.9679717      	1.9743431      	1.9796362      	1.9892224      	1.9529703      	1.9962553      	2.0030909      	2.0371256      	1.955843       	1.9196302      	1.9862937      	1.9851178      	1.9502642      	1.9957845      	1.9768825      	1.980242       	1.9589826      	1.970682       	1.981296       	1.9238358      	2.0085812      	2.0019279      	1.9484724      	1.9617734      	1.9605722      	1.9275258      	1.931284       	1.9437971      	1.9757482      	-2.724067      	-2.4910724     	-2.52968       	-2.4538414     	-2.3827946     	-2.4691749     	-2.3924766     	-2.4454422     	2.6209135      	2.5799525      	2.349152       	2.1725602      	2.109045       	2.0497437      	2.00038        	
1.9935365      	1.9797975      	1.9607863      	1.9625366      	1.9878796      	1.951586       	2.000329       	1.9597124      	1.9643688      	1.9858615      	2.0048466      	1.9524075      	1.9598273      	1.9632295      	1.9711393      	1.9268328      	1.9631524      	1.961714       	1.9513144      	2.0031068      	2.0234857      	1.9842926      	1.9511863      	1.9878807      	1.9466296      	1.9675908      	1.9582788      	1.9706444      	1.9473565      	1.9413687      	1.9773879      	1.9759731      	1.9185938      	1.9666299      	1.9587072      	2.021557       	1.9672302      	1.9733948      	1.9548204      	1.9480525      	1.984806       	1.9981153      	1.9698267      	1.9452748      	1.9771898      	2.0266647      	1.9538579      	1.9584023      	1.9409622      	1.9528553      	1.9709625      	1.9541062      	1.9840374      	1.9954677      	1.99465        	1.9883652      	1.9446641      	1.9581969      	2.0019398      	1.9467081      	1.9896021      	1.991496       	1.9613999      	1.9809103      	1.9778943      	1.9554867      	1.9671232      	1.967461       	1.9425842      	1.9470245      	2.0004811      	1.961988       	1.9520998      	1.985238       	1.9985397      	1.993311       	1.9371294      	1.9806707      	1.9558147      	1.9411225      	1.976015       	1.9867704      	1.9775581      	1.884906       	-2.7258735     	-2.5727782     	3.0629432      	2.4816194      	2.5042672      	2.2659442      	2.0884144      	2.0219746      	2.0332565      	1.994452       	1.9465547      	1.9702629      	1.9848325      	1.9616485      	1.9646368      	1.9621304      	
1.9670264      	1.991547       	2.0053306      	1.9564959      	1.9359527      	1.9448465      	1.9770238      	1.993662       	1.947085       	1.9511921      	1.9577047      	1.9613345      	1.9754658      	1.9950435      	1.9834706      	1.9522847      	1.9858121      	1.9535886      	1.9630691      	1.96789        	1.9757602      	1.9704312      	1.9753909      	1.9191301      	1.9627836      	1.9473735      	1.9612498      	1.961457       	1.9903704      	1.9510965      	1.9552048      	1.9951051      	1.9560663      	1.9772004      	1.9363832      	1.9838104      	1.970298       	1.9578289      	1.9465084      	1.962937       	1.9734888      	1.9634354      	1.9865515      	1.9554187      	1.9548368      	1.9288393      	1.9332204      	1.9301872      	1.9869527      	1.990586       	1.9493634      	1.9262142      	1.9462819      	1.9753138      	1.9564528      	1.9757801      	1.9667222      	1.9640285      	1.9428881      	1.9361944      	1.9555334      	1.9856601      	1.9611909      	1.9416171      	1.9418389      	1.9897033      	1.9741467      	1.9514979      	1.9490513      	1.9810412      	1.9421169      	1.9702144      	1.944081       	1.9753418      	1.9816631      	1.9714564      	1.993751       	1.9569275      	1.9535903      	1.9104218      	1.9468426      	2.1964927      	2.4488466      	2.42308        	2.1472788      	2.0663497      	1.966429       	1.9775178      	1.9881458      	2.0042999      	1.965354       	1.9968042      	1.97534        	1.9744601      	1.9946103      	2.0193992      	2.023775       	1.9804647      	1.9577633      	1.9734148      	
1.9875035      	1.9279171      	1.9745984      	1.9530214      	1.9815764      	1.9918957      	1.9394988      	2.003869       	1.9716094      	1.9482052      	1.9530864      	2.0002434      	1.9244193      	2.0035636      	1.9484705      	1.9339495      	1.9715592      	1.9674746      	2.0039282      	1.9508082      	1.9622165      	1.972511       	1.974892       	1.9421687      	1.9470792      	1.9621984      	1.92694        	1.9611262      	1.9399576      	1.9825159      	1.9759455      	1.9689459      	2.023569       	1.9789336      	1.9964509      	1.9626367      	1.94467        	1.9786677      	1.9418995      	2.000774       	1.9767938      	1.9434739      	1.9974649      	1.9502051      	1.9680591      	1.9655483      	1.9461981      	1.9924412      	1.9485006      	1.9508624      	2.0034156      	1.9210123      	1.9774448      	1.9570789      	1.950018       	1.9714617      	1.9078922      	1.9551879      	1.9683173      	1.9629391      	1.9387481      	1.9447114      	1.9830028      	1.9772059      	1.973051       	1.9740846      	1.9778612      	1.9450792      	1.9765474      	1.9555111      	1.969406       	1.9501574      	1.9524423      	1.9947457      	1.9696345      	1.9721305      	1.9675769      	1.9656636      	1.9720699      	1.9240893      	1.8950115      	2.2212732      	2.414031       	2.196087       	2.1418223      	2.1100411      	2.0496144      	1.9968224      	1.9888923      	2.0066004      	1.9608096      	1.9905192      	1.9929836      	2.0073962      	1.9744519      	1.9934906      	2.010567       	2.0206902      	1.993394       	2.0406995      	
1.9762212      	1.9667116      	1.9691917      	2.0147746      	1.9661518      	1.9698119      	1.9240319      	1.9601948      	1.97805        	1.9788345      	1.9516069      	1.9746969      	1.9246874      	1.9760102      	1.9881983      	1.9813142      	1.9861764      	1.9340142      	1.9342734      	1.9738992      	1.9854892      	1.9406235      	1.9226638      	1.9387306      	1.9639282      	1.9548773      	1.9370698      	1.967537       	1.9864563      	1.936104       	1.9520686      	1.9399716      	1.9351553      	1.9729015      	1.959617       	1.9597139      	1.9724671      	1.9158262      	1.9884393      	1.9603707      	1.9417261      	1.9421549      	1.9437516      	1.9862962      	1.9415903      	1.952751       	1.9730068      	1.9442686      	1.927198       	1.946041       	1.9494479      	1.9372708      	-2.1754222     	-2.3103724     	-2.5528986     	2.2402835      	1.924686       	1.9515413      	1.9770616      	1.9913058      	1.9717478      	1.9959692      	1.9708111      	1.951076       	1.9346105      	1.9634459      	1.9812205      	1.9491559      	1.9535547      	1.9622378      	1.9570053      	1.9726466      	1.9352341      	1.9461955      	1.9564885      	1.9772764      	1.9529443      	1.9067268      	1.967892       	1.9574543      	1.8802164      	-2.7042625     	-3.0978103     	2.1239104      	2.1328754      	2.1361008      	2.0586324      	2.0197358      	1.9764327      	1.9906702      	2.0007741      	1.9817113      	1.9614617      	1.9913934      	2.0254302      	1.9727744      	2.0017629      	1.9851176      	1.9771377      	1.984817       	
1.9073548      	1.9645419      	2.0056996      	1.9532288      	1.9477155      	1.9556471      	1.9871848      	1.9251001      	1.9676414      	1.9633515      	1.9438001      	2.0009642      	1.9630992      	1.9879943      	1.9714051      	1.9704291      	1.9320126      	1.9646653      	1.9531976      	1.9400966      	1.9269661      	1.9550127      	1.9317571      	1.9719564      	1.9652196      	1.9412681      	1.9291538      	1.9734651      	1.935452       	1.9690613      	1.950627       	1.9374462      	1.9246916      	1.9365786      	1.9110222      	1.9580296      	1.9646829      	1.9405102      	1.9728839      	1.9608876      	1.9367639      	1.9087788      	1.9600713      	1.92804        	1.9527233      	-2.6045744     	-2.221519      	-2.6704226     	-2.8717299     	-2.5965729     	-2.5333982     	-2.4923153     	-2.3803205     	-2.4086661     	-2.554116      	-2.3826802     	-2.1818323     	-2.5187817     	1.9424809      	1.9904753      	1.9477776      	1.974164       	1.9559555      	1.9475874      	1.9513953      	1.9060501      	1.9233646      	1.9903735      	1.9619398      	1.9473406      	1.9615366      	1.986135       	1.9409568      	1.9699337      	1.9660994      	1.9690628      	1.9247335      	1.9428245      	1.9481527      	1.9537672      	1.9405898      	2.912546       	-2.8698993     	2.947953       	2.1882162      	2.1466112      	2.1073213      	2.0260663      	1.9823627      	2.0621948      	1.9713024      	1.9718075      	1.9770712      	1.9861665      	1.9799572      	2.0289004      	2.030397       	2.0191202      	1.9809422      	1.9828123      	
1.9730775      	1.9762281      	1.9984593      	1.984857       	1.9643015      	1.9701545      	1.974008       	1.9751698      	1.9942366      	1.9902261      	1.9571387      	1.9597676      	1.9364034      	1.9654187      	1.9872144      	1.9605786      	1.9513985      	1.954758       	1.9771572      	1.9501806      	1.9841305      	1.979612       	1.9673924      	1.9568187      	1.9764569      	1.9686464      	1.9856038      	1.9372993      	1.9756613      	1.9834063      	1.9498516      	1.975468       	1.9116832      	1.9643894      	1.9461839      	1.9419802      	1.9380013      	1.9654366      	-2.227293      	-2.1591284     	-2.5741284     	-2.9392345     	-2.5425458     	-2.3894787     	-2.411055      	-2.360452      	-2.2818105     	-2.459898      	-2.8195572     	2.3995087      	2.3641837      	2.1855345      	2.127787       	2.042942       	1.9961873      	1.9414284      	1.9805979      	2.0775228      	-3.0735486     	2.3019729      	1.972425       	1.909421       	1.9594853      	1.950318       	1.9789943      	1.9599134      	1.9462017      	1.9710761      	1.922053       	1.9252164      	1.9687907      	1.9678718      	1.946698       	1.9585382      	1.9675461      	1.9919375      	1.9234451      	1.9014878      	1.9311504      	1.9257113      	1.9801642      	1.8541716      	-2.6741562     	-2.6163673     	2.2655797      	2.1595228      	2.1591077      	2.158756       	1.9655969      	2.010016       	2.0174665      	1.9794334      	1.9915497      	1.9866511      	1.9688467      	1.9605983      	1.966644       	1.9688758      	1.9973963      	2.0130196      	
1.9690926      	1.950078       	1.9626158      	1.9537847      	1.9151791      	1.9521513      	1.9621003      	1.9812382      	1.9497672      	1.9653145      	1.9939823      	1.942602       	1.9801288      	1.9698925      	1.9809995      	1.9831494      	1.9324588      	1.9977119      	1.910721       	1.9435366      	1.9466801      	1.9456843      	1.9456065      	1.9399482      	1.9501816      	1.9756067      	1.9159342      	1.9523185      	1.9951493      	1.9585897      	-2.9617622     	-2.3119903     	-2.5309744     	-2.7911026     	-2.8006291     	-2.4835572     	-2.4892886     	-2.4271007     	-2.47117       	-2.295052      	-2.8569684     	2.530851       	2.6823893      	2.4472098      	2.2347162      	2.1700392      	2.0292134      	1.9878147      	1.9861188      	1.9808295      	1.9486631      	1.9566139      	1.9609091      	1.9755147      	1.9641155      	1.9387984      	1.9434413      	1.9508393      	1.9017001      	2.5051255      	-2.3778715     	1.9709115      	1.9409072      	1.9662845      	1.9430747      	1.9396842      	1.9746867      	1.9458224      	1.9211268      	1.968134       	1.931571       	1.9446166      	1.9592249      	1.9637283      	1.941578       	1.9731537      	1.9602863      	1.9192725      	1.9438595      	1.9720583      	1.9698708      	1.9313979      	2.3807797      	-2.6661832     	2.732677       	2.1375532      	2.1842415      	2.0849204      	2.0050633      	1.9236853      	1.978177       	1.9758669      	1.969265       	2.0231466      	2.0303564      	1.9722137      	1.9811282      	1.9684619      	1.9869579      	1.9934415      	
1.9964641      	1.9897379      	1.9536126      	1.969106       	2.0101156      	1.9714261      	1.9452373      	1.9230647      	1.9744606      	1.9483644      	1.9871176      	1.9322047      	1.9819113      	1.9640388      	1.9251493      	1.9613588      	1.910654       	1.9328876      	1.9430311      	1.9216383      	1.9349445      	1.9541138      	1.9496245      	1.8558707      	1.8797035      	-2.8786955     	-2.6572173     	-2.5400794     	-2.4303372     	-2.438952      	-2.5411687     	-2.345614      	-2.3655987     	-3.0717907     	2.5573668      	2.3772416      	2.3108134      	2.1583924      	2.0389218      	2.0040846      	1.9895781      	1.9725412      	1.9281226      	1.9573176      	1.9590487      	1.9399331      	1.9654542      	1.9526129      	1.9691572      	1.9837016      	1.9425969      	1.9552234      	1.9528357      	1.9610237      	1.9026301      	1.9305633      	1.9444058      	1.9591438      	1.9133683      	2.0291874      	-2.8386068     	2.67761        	1.947244       	1.9269131      	1.9670804      	1.9550973      	1.9772817      	1.9198899      	1.9779048      	1.9372407      	1.9432863      	1.9364576      	1.9639697      	1.9251705      	1.9477161      	1.9497538      	1.9570042      	1.9740223      	1.935998       	1.95523        	1.9830168      	1.9041362      	1.8148628      	-3.0065665     	-2.5579991     	2.231849       	2.106398       	2.074756       	2.0388794      	2.011598       	2.0033627      	1.9270785      	2.015377       	1.9768826      	1.9993063      	1.955994       	1.9968268      	1.9832428      	1.9798404      	1.9908773      	
1.9307544      	1.9725225      	1.9923698      	1.9620049      	1.961154       	1.9656037      	1.9789389      	1.9185745      	1.9148258      	1.9514621      	1.9544469      	1.9330108      	1.9342386      	2.0056005      	1.9362303      	1.916355       	1.9543657      	1.966266       	1.9628236      	1.9662771      	1.9930779      	1.9611037      	1.9389349      	1.9406903      	2.1003127      	-2.8776004     	3.1226203      	2.523591       	2.554418       	2.2692337      	2.1381981      	2.073598       	1.9982315      	1.992743       	1.9750655      	1.9654511      	1.9596571      	1.9622259      	1.953452       	2.014202       	1.9545535      	1.9818803      	1.9686767      	1.9743706      	1.9339087      	1.9825041      	1.9855797      	1.9690555      	2.003679       	1.9973136      	1.962264       	2.0025997      	1.9709548      	1.9786563      	1.937224       	1.9568534      	1.9212304      	1.9148523      	2.0083718      	1.8646559      	2.309733       	-2.2874625     	1.9411008      	1.9607464      	1.9610687      	1.9696419      	1.9683402      	1.9685029      	1.9589486      	1.9614155      	1.9722875      	1.9688653      	1.9658273      	1.9800409      	1.9448614      	1.9422896      	1.986164       	1.9736614      	1.9883016      	1.9549552      	1.9807018      	1.9425081      	1.907994       	2.2372289      	-2.61008       	-2.8753414     	2.151593       	2.1448765      	2.0576568      	2.002393       	1.9847596      	1.9567368      	1.9941485      	1.9738152      	1.9759153      	1.9753008      	1.9613013      	1.9822096      	2.012136       	1.9665099      	
1.9310596      	1.9904342      	1.9695269      	1.9373617      	1.9584076      	1.9786814      	1.9861429      	1.9529065      	1.9164325      	1.9303931      	1.9550058      	1.9912896      	1.9617398      	1.9251437      	1.9040107      	1.9266607      	1.9635948      	1.9639229      	1.9327127      	1.9293923      	1.9591548      	2.074974       	2.7133844      	2.36412        	2.2023363      	2.0421183      	1.9634022      	2.0004787      	1.9981734      	1.9575726      	2.005913       	1.9302233      	1.9633182      	1.9462346      	1.9636768      	1.9813529      	1.9515314      	2.2987552      	2.985331       	3.0605507      	-3.1208181     	1.9533471      	1.9480335      	1.9877859      	1.9637964      	1.9345154      	1.9760027      	1.9589303      	1.9535519      	1.9656825      	1.9771684      	1.9818921      	1.9621621      	1.9515557      	1.999357       	1.9870877      	1.9811355      	1.9699957      	1.9881175      	2.0458086      	1.7980882      	2.9827783      	2.6553674      	1.911592       	1.9196733      	1.9265485      	1.9361573      	1.9259155      	1.9797374      	1.9498209      	1.9505671      	1.9588536      	1.9754223      	1.9331582      	1.9655935      	1.9703468      	1.9285715      	1.924467       	1.952213       	1.9198713      	1.9184356      	1.9235066      	1.885708       	1.8711711      	-2.9589717     	-2.624599      	2.2379115      	2.1324492      	2.1421738      	2.106687       	2.0199137      	2.021327       	1.9831725      	1.9758583      	1.9771662      	2.0030844      	1.9811313      	1.970268       	1.9567193      	1.97873        	
1.9759758      	1.9628446      	1.9311565      	1.9386878      	1.9439098      	1.9543585      	1.9627166      	1.9428604      	1.9640465      	1.9253947      	1.9374946      	1.9599854      	1.9500701      	1.9546746      	1.9664654      	1.953043       	1.9026377      	1.8992776      	1.9515737      	1.9337885      	1.8846623      	2.0507374      	2.3958783      	2.2453277      	2.1310344      	2.1098826      	2.071288       	1.9809693      	1.9831978      	1.9642929      	1.9452193      	1.964647       	1.9467598      	1.9301898      	1.9375486      	1.9254344      	1.8854916      	1.9194888      	2.4526186      	2.450232       	1.8789091      	1.9766362      	1.9946734      	1.9588221      	1.9974005      	2.0263157      	2.0186985      	1.9523759      	1.9657888      	2.0433455      	1.9829973      	1.9811693      	1.9793919      	1.9761026      	2.002917       	1.9704592      	2.0044794      	1.979505       	1.9408017      	1.9438034      	1.9261187      	1.8992566      	-2.3441389     	2.067729       	1.9516809      	1.9838134      	1.9810107      	1.9409021      	1.9680296      	1.9482633      	1.9618984      	1.9542135      	1.9703221      	1.9824817      	1.9309326      	1.9607466      	1.9764379      	1.960425       	1.9537548      	1.9502699      	1.9449916      	1.9881464      	1.9485625      	1.9582045      	2.283227       	-2.6178212     	-2.38071       	2.1436613      	2.175323       	2.1456957      	2.065108       	1.9979633      	1.9372625      	1.9680446      	1.987378       	1.9464859      	1.9581366      	1.9788007      	1.9986407      	2.0079837      	
2.0166283      	1.9465111      	1.9422938      	1.9834439      	1.9830028      	1.9803509      	1.9350129      	1.9364244      	1.9427831      	1.9670969      	1.9161721      	2.016265       	1.9257473      	1.9360939      	1.931659       	1.937873       	1.916762       	1.9343779      	1.944822       	1.9141244      	1.9082743      	2.7393928      	-2.924939      	2.3403182      	2.149342       	2.094173       	2.0769296      	1.9972837      	1.9860783      	1.9903457      	1.9732767      	1.9883299      	2.0252585      	1.968059       	1.9558346      	1.9869385      	1.9756329      	1.9384342      	1.9280435      	1.9861025      	1.9842201      	1.961849       	1.940842       	1.9698367      	1.977924       	2.0367544      	1.9288759      	1.9861794      	1.9530964      	1.991202       	1.945696       	2.0088727      	1.9925692      	1.9609729      	1.9546906      	1.9808933      	1.977093       	1.9942486      	1.9211476      	1.910076       	2.0051327      	1.8305835      	2.7678478      	-2.8075957     	1.8876144      	1.9439406      	1.9654598      	1.954647       	1.96763        	1.957299       	1.9380558      	1.9732336      	1.9651284      	1.9946992      	1.9486189      	1.9538554      	1.9797695      	1.9479983      	1.9263214      	1.9657557      	1.9526273      	1.976056       	1.9336948      	1.9443222      	1.9366835      	2.7281044      	-2.5347881     	2.9014707      	2.1854012      	2.134637       	2.083696       	2.0370626      	1.985784       	1.957611       	1.9586759      	1.9597588      	1.951037       	1.9704012      	1.9861668      	1.9930264      	
1.9766777      	1.9611357      	1.9424592      	1.9546863      	1.975643       	1.9513069      	1.9886935      	1.9623482      	1.990559       	1.959335       	1.9646741      	1.9774426      	1.9657114      	1.9786229      	1.9874313      	1.9200195      	1.9424341      	1.9447683      	1.9454451      	1.9209849      	1.921708       	2.0163226      	3.0303187      	3.0473702      	2.1779387      	2.134674       	2.1364732      	2.0488942      	1.956269       	2.019384       	1.9735794      	1.9796846      	1.9713532      	1.9688561      	1.9517423      	1.980974       	2.0169005      	1.9861323      	1.9780868      	1.9777137      	2.0179675      	1.9866362      	1.9809607      	1.9772102      	2.0061226      	1.996055       	2.0252929      	1.9782976      	1.9776664      	1.9818158      	1.9301065      	1.9761181      	1.9806211      	1.977588       	1.9361433      	1.9680457      	1.959392       	1.9576255      	1.9454232      	1.9107977      	1.9229097      	1.8463941      	2.2081103      	-2.623505      	2.2336407      	1.9200534      	2.00322        	1.9650851      	1.9482262      	1.9351286      	1.9431677      	1.9493622      	1.9542191      	1.9637362      	1.9860108      	1.9475307      	1.9371752      	1.9353961      	1.9548818      	1.9356898      	1.9355371      	1.9629006      	1.9469161      	1.9269046      	1.9583955      	1.8736513      	-3.0418572     	-2.8535333     	2.3955715      	2.1666062      	2.103083       	2.0684369      	2.0159035      	1.9960895      	1.9811411      	1.9985588      	1.9657596      	1.990559       	2.0219307      	2.0007763      	
1.9348279      	1.959216       	1.956794       	1.9516245      	1.953912       	1.9678794      	1.9518896      	1.9685758      	1.9408805      	1.9886527      	1.9357735      	1.9419669      	1.9594842      	1.9541186      	1.9396081      	1.9459306      	1.896665       	1.9651629      	1.9200903      	1.9360098      	1.9467125      	1.8942409      	-2.7329493     	-2.5017533     	2.4097338      	2.0962415      	2.122326       	2.050243       	2.0196505      	1.9919206      	2.0135818      	1.9741336      	1.9556925      	1.957107       	1.9673641      	1.9858202      	1.9624027      	1.9779454      	2.0026462      	1.9742495      	1.9312205      	1.9797105      	2.0089955      	1.9485761      	2.0015373      	1.9632645      	2.0017319      	1.9926847      	1.9632822      	1.9983827      	1.9901246      	2.0119157      	1.9742448      	1.9316677      	1.9845512      	1.968244       	2.0002866      	1.9758904      	1.9594364      	1.9604961      	1.9084978      	1.9371296      	1.8176297      	2.3159513      	-2.8539534     	1.9858513      	1.9323663      	1.9482049      	1.9863364      	1.9675041      	1.9302367      	2.011889       	1.918777       	1.9418235      	1.9518154      	1.8745394      	1.9904212      	1.9590127      	1.9171259      	1.9811893      	1.9554604      	1.9875181      	1.9454696      	1.9276115      	1.9096187      	1.923229       	1.9249591      	-2.909723      	-2.903971      	2.1454499      	2.1606188      	2.087871       	2.0351653      	1.9971836      	1.968786       	1.9637879      	2.0023808      	2.0149693      	1.9979858      	1.9908077      	
-2.884236      	2.207046       	1.9599576      	2.0160236      	1.9848809      	1.912817       	1.9869674      	1.9765804      	1.9369845      	1.933755       	1.9661981      	1.9963322      	1.9191065      	1.967322       	1.933728       	1.992946       	1.9416248      	1.948249       	1.975329       	1.966887       	1.9255358      	1.9046863      	1.9417902      	-2.756237      	2.809189       	2.201921       	2.1257095      	2.0886326      	2.0658271      	1.978529       	1.9833549      	1.9980395      	1.9901048      	1.9493665      	1.9541116      	1.9627281      	2.028998       	1.9766697      	1.9945935      	1.9672258      	2.0131085      	1.9861519      	1.9443609      	1.988325       	1.9686382      	1.980081       	1.9599581      	1.9676695      	2.0026312      	1.9999382      	1.9764677      	1.9914334      	1.959614       	1.9863459      	1.9882368      	1.9870216      	1.9626138      	1.9760821      	1.9714832      	1.9268333      	1.9310628      	2.00031        	1.9817607      	1.8889356      	3.0254092      	2.4830995      	1.9500685      	1.9640088      	1.9901485      	1.9663166      	1.9489315      	1.9328297      	1.9360741      	1.9312235      	1.9713082      	1.9505187      	1.967579       	1.970323       	1.932962       	1.938944       	1.9038876      	1.9520907      	1.9568176      	1.9039724      	1.9305733      	1.9342085      	1.9145728      	2.3183112      	2.7605708      	2.1519625      	2.1570556      	2.1283314      	2.063397       	2.0248404      	2.0066862      	2.0072575      	1.9942231      	1.9850783      	2.0009124      	1.9866219      	
2.2005992      	2.9617062      	1.990751       	1.9747354      	1.9722227      	1.9649912      	1.9477293      	1.9748812      	1.977467       	1.9737859      	1.9423825      	1.9692743      	1.9257256      	1.9369397      	1.956786       	1.9663819      	1.9317235      	1.96866        	1.9351796      	1.9399716      	1.8914955      	1.9502298      	1.8314469      	2.8109663      	-3.0703108     	2.1147833      	2.1173806      	2.1307712      	2.1184182      	2.011518       	1.9960793      	2.003108       	1.9572349      	2.0129647      	1.9942927      	2.0088463      	2.0255         	1.992128       	1.9700752      	1.9872569      	1.965879       	2.005361       	1.9705334      	1.9515821      	1.9853953      	1.9752274      	1.9517812      	1.9910734      	1.9737368      	1.9908096      	1.9643356      	1.9588763      	1.9844817      	1.9732939      	1.980685       	1.9260553      	1.9627584      	1.9764721      	1.933311       	1.976268       	1.9053884      	1.930168       	1.9781985      	1.8136045      	2.2653248      	-2.3186302     	2.0319824      	1.953043       	1.9672439      	1.9180644      	1.9585449      	1.942223       	1.925545       	1.9545354      	1.9235494      	1.9250318      	1.9521648      	1.933326       	1.9763898      	1.9506145      	1.9335986      	1.9619688      	1.9379312      	1.9281298      	1.9205328      	1.9735583      	1.9519957      	2.0991557      	3.1357465      	-3.0026572     	2.1730182      	2.1550899      	2.1120825      	2.0885112      	1.9738088      	1.9612032      	1.974619       	2.01677        	2.0401802      	2.0584593      	
2.145651       	-2.924461      	2.1093225      	1.9804299      	1.9314182      	1.9151652      	1.984487       	1.9388746      	1.9345642      	1.914662       	1.9268137      	1.9803009      	1.9502059      	1.9550058      	1.95916        	1.9380224      	1.9369045      	1.9272134      	1.9422106      	1.925491       	1.8760908      	1.9288281      	1.9003563      	1.9332699      	2.7703514      	-2.9731245     	2.1704078      	2.1610801      	2.1487837      	2.0666363      	2.007226       	2.00871        	1.9679102      	1.9856076      	1.9848547      	1.9611439      	2.0116029      	2.0161102      	1.9944543      	1.9738657      	1.9478287      	2.0333073      	1.9950212      	1.9760877      	1.989814       	1.9668602      	1.9198471      	1.9644443      	1.9713426      	2.0088024      	1.9829196      	1.9700834      	2.0009809      	2.0021715      	2.030509       	1.9852734      	1.9851388      	1.9801711      	1.9766906      	1.9668007      	1.9613088      	1.9164712      	1.9276118      	1.9087238      	1.8394551      	2.460365       	2.6136904      	1.9713057      	1.9363352      	1.9372371      	1.9691151      	1.9534631      	1.9561255      	1.9382745      	1.9330552      	1.966223       	1.9494982      	1.9744829      	1.9292983      	1.9485981      	1.957117       	1.9097518      	1.9421479      	1.941386       	1.9439155      	1.9495692      	1.9166429      	1.9224447      	2.7485995      	-2.8517094     	2.5286374      	2.172516       	2.113486       	2.0828862      	2.1091232      	1.980227       	2.0068283      	1.9705637      	1.9671246      	1.9839743      	
2.057262       	2.3812702      	-2.3274632     	2.0575771      	1.93866        	1.9715555      	1.9483124      	1.955336       	1.9522732      	1.9742874      	1.976054       	1.9764841      	1.9534479      	1.9816449      	1.943118       	1.9793295      	1.9377998      	1.9512097      	1.8840748      	1.959569       	1.9225498      	1.944532       	1.9363228      	1.9230866      	2.3839903      	-2.8700845     	2.9879954      	2.140613       	2.1333218      	2.052023       	2.0324903      	1.9373038      	1.9769047      	1.9604472      	1.9887879      	1.9984665      	1.9135009      	1.9934887      	1.9672853      	1.9639206      	1.9839714      	1.9547552      	1.9459648      	1.9482876      	1.9660196      	1.9503826      	1.956224       	1.9179561      	1.9713713      	1.9804149      	1.9744585      	1.944792       	1.9815593      	1.9535065      	1.9542472      	1.9774895      	1.9680127      	1.9205092      	1.9390434      	1.9545827      	1.9675434      	1.9141427      	1.8871402      	1.8346634      	2.0330086      	2.2771251      	-3.134785      	2.783096       	1.9228197      	1.926662       	1.9352939      	1.9519023      	1.9392034      	1.9257785      	1.9416801      	1.9231032      	1.9573482      	1.8916785      	1.9370557      	1.977749       	1.9581954      	1.9676281      	1.9562861      	1.9609252      	1.9479594      	1.9216743      	1.975839       	1.9360179      	1.8645886      	2.7963724      	-2.5507352     	-2.4269826     	2.5538266      	2.1098275      	2.180526       	2.0867906      	2.0051913      	1.9108963      	2.010899       	1.9671742      	
2.0367074      	1.8302747      	-2.929139      	2.7123547      	1.9562403      	1.9307812      	2.0056024      	1.9853499      	1.9450132      	1.9328666      	1.9960889      	2.0100248      	1.9806215      	1.9727167      	2.0166788      	1.9648474      	1.9419498      	1.9795254      	1.9587566      	1.9650825      	1.9202789      	1.9273788      	1.9254981      	1.9023074      	1.8822283      	-2.9508064     	-2.638888      	2.589548       	2.1635954      	2.1231272      	2.064756       	1.9550663      	1.954408       	1.9925033      	1.9509131      	1.9451238      	2.0158775      	1.9453329      	1.9470994      	1.9843286      	1.9725475      	2.0256498      	1.9471539      	1.9719816      	2.0070376      	1.9644097      	1.9887917      	1.9805721      	2.008988       	1.9733136      	2.0075793      	1.9855065      	1.9934925      	1.9985679      	1.9659582      	2.0147774      	2.0081143      	2.0027056      	1.9993668      	2.0110655      	1.9774367      	1.9769173      	2.0470262      	1.9727994      	2.0177822      	1.9824153      	2.183067       	-2.8975115     	1.9308915      	1.9231938      	1.9448441      	1.9373783      	1.9524113      	1.9683106      	1.9310759      	1.9456369      	1.9460403      	1.9642428      	1.9763411      	1.9443642      	1.9510205      	1.9426678      	1.9040027      	1.9848151      	2.0094755      	1.9304447      	1.9208277      	1.9377404      	1.9095592      	1.9471558      	1.884671       	2.9605944      	2.9653435      	2.030098       	2.11698        	2.462068       	3.1095252      	2.6772442      	2.2046363      	1.9774098      	
2.0000334      	1.8535217      	2.0556922      	-2.259611      	2.0302496      	1.9112369      	1.9675958      	1.9475546      	1.9489834      	1.9550223      	1.9414654      	1.9449847      	1.9386706      	1.9730892      	1.9726627      	1.9384587      	1.9559017      	1.8953068      	1.9202855      	1.9382662      	1.9365575      	1.9280934      	1.9663502      	1.9374834      	1.8909684      	2.064281       	-2.615258      	3.0285664      	2.2520633      	2.1300297      	2.063594       	2.0154686      	1.9518784      	1.9864563      	1.9877988      	2.0159385      	1.9664351      	2.004413       	1.9749887      	1.9954926      	1.9861393      	1.9708196      	2.0157413      	1.9796168      	2.0314915      	1.9928371      	1.988168       	1.9665375      	1.9886752      	2.0034552      	1.9748697      	1.9200021      	2.025426       	1.9500194      	1.9841913      	1.9788281      	1.9506191      	1.957195       	1.9635211      	1.9495523      	1.9634986      	1.962787       	2.0048018      	1.9085044      	1.8861052      	1.8304338      	2.1930742      	-2.7455513     	2.4524608      	1.9317138      	1.9483025      	1.9603099      	1.9271196      	1.926791       	1.9120576      	1.9603963      	1.9605397      	1.955296       	1.9297016      	1.9371196      	1.9799482      	1.923488       	1.9591824      	1.9618878      	1.9424062      	1.9541029      	1.9158865      	1.9806637      	1.9448894      	1.948066       	1.969744       	1.9625939      	1.9527395      	1.9436132      	1.9635471      	1.9601928      	1.9686521      	1.9684318      	1.9804184      	1.962838       	
1.9194998      	2.000166       	1.851229       	2.8457882      	-3.0855384     	1.9160514      	1.9456127      	1.9643397      	1.9409595      	1.9357808      	1.9686366      	1.9329207      	1.9467877      	1.9681213      	1.9590529      	1.9667007      	1.9541892      	1.93036        	1.9681967      	1.9839213      	1.9418312      	1.9792124      	1.933299       	1.8773152      	1.8952003      	1.9091306      	2.7710607      	-2.9200814     	2.3857343      	2.1713767      	2.1239653      	2.085787       	2.008317       	1.9755515      	1.999864       	1.9523183      	2.0280507      	1.980482       	1.969284       	1.9701892      	1.9509746      	1.9798759      	1.9646907      	1.9634923      	1.9979904      	1.9589134      	1.9710209      	1.9812781      	1.9979398      	1.9730185      	1.9840534      	1.9815842      	2.0160499      	2.0271282      	1.971373       	1.9717338      	1.9810764      	1.9624321      	1.986788       	1.9578221      	2.0302982      	1.9897118      	1.9552056      	1.9413021      	2.1097195      	1.9817731      	2.2947226      	2.7688406      	-2.7883778     	1.9291536      	1.9581305      	1.9586997      	1.9292897      	1.9339206      	1.9626228      	1.958741       	1.9663769      	1.9284201      	1.9394219      	1.9305863      	1.913749       	1.926514       	1.9437312      	1.9372463      	1.9550163      	1.9427868      	1.9405469      	1.9252003      	1.9332049      	1.9640965      	1.9284775      	1.9232363      	1.9509034      	1.9848987      	1.9231223      	1.9924414      	1.9633307      	1.9340976      	1.9210433      	1.9383372      	
1.964239       	1.9740496      	1.924113       	2.2769685      	-2.6705022     	2.4291525      	1.927377       	1.9559485      	1.9854207      	1.9671332      	1.9941272      	1.9784088      	1.9493335      	1.9267855      	1.9351588      	1.9364692      	1.9667581      	1.9381223      	1.9241593      	1.9649516      	1.9242495      	1.9426911      	1.8996998      	1.9321162      	1.973879       	1.8619431      	1.9103941      	3.031353       	-2.8075635     	2.196835       	2.1179204      	2.091017       	2.111745       	1.9392083      	1.9965029      	1.9484425      	1.9568244      	2.0110145      	2.0243456      	1.9945432      	1.9891555      	1.9854738      	1.9882237      	1.9696395      	2.0183072      	1.9610966      	1.9732714      	1.9839921      	1.9896693      	2.0002966      	1.9641181      	1.9863353      	1.9987441      	1.9905584      	1.9542791      	2.0481253      	1.9992006      	2.0377893      	2.1420858      	1.7995275      	1.9963032      	2.1254928      	2.2071784      	2.005785       	1.9274218      	2.1640744      	2.1636515      	2.9541976      	-2.444575      	1.9403992      	1.965962       	1.9330738      	1.972302       	1.9722233      	1.9354389      	1.9655125      	1.9765776      	1.9485023      	1.9080863      	1.9570421      	1.963689       	1.9719044      	1.9698025      	1.9852129      	1.9476247      	1.9585038      	1.939586       	1.9866942      	1.9603953      	1.9674848      	1.9536994      	1.9656656      	1.9430702      	1.9466548      	1.9669002      	1.9474312      	1.994888       	1.9665061      	1.9394854      	1.9530773      	
1.9640944      	1.9220335      	2.00926        	2.0464363      	2.9647446      	2.9137836      	1.9346981      	1.9568547      	1.9301487      	1.9486896      	1.9705414      	1.9717335      	1.9320434      	1.9281803      	1.965061       	1.9463179      	1.9541141      	1.9680079      	1.9125136      	1.9418093      	1.966557       	1.9223788      	1.9328445      	1.9510828      	1.9479073      	1.9513692      	1.908233       	2.372325       	-3.0607922     	2.7294667      	2.1657176      	2.1040585      	2.1071239      	2.0785174      	1.9643604      	1.9842563      	1.981096       	2.0378904      	1.9619069      	1.9740553      	2.0069654      	1.9950503      	1.9810028      	1.9617482      	1.9962319      	1.9714383      	2.0026393      	1.9984696      	1.9631565      	2.018436       	2.0522132      	1.8343896      	1.8359158      	1.8377239      	1.9067146      	2.2004955      	2.1704504      	2.4245155      	2.100925       	2.0321326      	2.2516975      	1.9536062      	1.8470447      	1.8143773      	1.7476262      	2.9469378      	2.11579        	1.8209776      	1.9143862      	1.9792295      	1.9487425      	1.9682535      	1.9640583      	1.9365398      	1.9578894      	1.950122       	1.9427942      	1.9431506      	1.9254334      	1.9568499      	1.9497578      	1.9684302      	1.945104       	1.9409904      	1.9405941      	1.9425143      	1.9171215      	1.960538       	1.9685403      	1.965177       	1.9643828      	1.9233875      	1.9418352      	1.9568785      	1.935303       	1.9364221      	2.0055358      	1.9958094      	1.9561328      	1.9782214      	
1.9709618      	1.9460329      	1.9855068      	2.0829928      	1.8998963      	-2.4520562     	2.1430602      	1.9553484      	1.9179453      	1.9325944      	1.9575546      	1.9361446      	1.9478929      	1.9593374      	1.9116235      	1.8895016      	1.8810611      	1.9997374      	2.1484854      	2.1754653      	1.9252311      	1.9111277      	1.9474341      	1.910807       	1.9084711      	1.8994917      	1.8867031      	1.8817298      	2.915956       	3.0778792      	2.1645412      	2.133626       	2.0886512      	2.1107044      	1.989831       	1.9748713      	1.9871718      	1.9540257      	2.0204973      	2.0134308      	2.037456       	2.052648       	2.0614657      	2.078601       	2.060606       	2.025312       	2.072548       	2.05517        	2.0226107      	2.0620208      	1.949881       	1.9389474      	1.8148679      	2.3313186      	1.8716908      	1.8019426      	1.9104437      	2.2139597      	2.2013292      	1.8734926      	1.8693568      	1.9536834      	1.9546665      	1.9678578      	1.9771892      	1.9671749      	1.9374032      	1.935251       	1.9627773      	1.9480478      	1.9353724      	1.9334093      	1.9043992      	1.9555146      	2.0000334      	1.9817958      	1.9589036      	1.9449347      	1.9432997      	1.9708002      	1.9589037      	1.9849391      	1.9924731      	1.9245706      	1.9246022      	1.9596066      	1.9207212      	1.9926411      	1.970949       	1.9858803      	2.0180116      	1.9728582      	1.9618055      	1.9620264      	1.9571418      	1.9476267      	1.9936459      	1.9811211      	1.9601218      	1.9436668      	
1.9540808      	1.9406139      	1.9273888      	1.9864573      	1.8419616      	2.5591831      	-2.4017925     	1.9450519      	1.9793903      	1.9842846      	1.9880756      	1.9720248      	1.9887911      	1.9548457      	1.9299649      	1.980783       	1.9620904      	1.9172747      	1.9452626      	1.9175723      	1.9733657      	1.9463679      	1.9858221      	1.9881964      	1.9224055      	1.8919433      	1.976975       	1.9154546      	2.0274744      	-2.9083307     	2.8061714      	2.2021737      	2.200327       	2.1531665      	2.0686288      	2.047055       	1.9449109      	1.9041356      	1.927076       	2.0639036      	2.118883       	1.9257989      	1.9301394      	1.8166705      	1.803128       	2.1532726      	2.0077608      	2.065619       	2.1259913      	2.0826678      	2.1442008      	2.068365       	1.8959793      	1.8965548      	1.9078289      	1.9565072      	1.9514335      	1.9309129      	1.9696659      	1.962238       	1.9036378      	1.9782827      	1.9405001      	1.9574211      	1.9576672      	1.9605545      	1.9493816      	1.937125       	1.9821223      	1.993781       	1.9654746      	1.9265728      	1.9541085      	1.9442087      	1.9454838      	1.9754992      	1.9483067      	1.9620605      	1.9515346      	1.9309024      	1.9682463      	1.947519       	1.9471658      	1.9654521      	1.9371591      	1.9841238      	1.9486128      	1.965381       	1.9723629      	1.9678911      	1.9546908      	1.944428       	1.9576625      	1.9737853      	1.9302142      	1.9778503      	1.9564502      	1.9738945      	2.0054855      	1.9809412      	
1.9615551      	1.9718575      	1.9237888      	1.9963754      	2.0253386      	1.8041282      	-2.7174013     	2.4496362      	1.983453       	1.9559736      	1.9482123      	1.9939554      	1.960465       	1.9812031      	1.9869491      	1.9123981      	1.9284244      	2.0066686      	1.9140737      	1.9685574      	1.9356651      	1.9151701      	1.9928023      	1.9620723      	1.9231417      	1.9665614      	1.9299912      	1.9329647      	1.9080515      	2.8071918      	-2.8871844     	-2.5434186     	2.8467076      	2.1622672      	2.2251067      	2.0767493      	1.9992949      	2.3526945      	2.0392785      	2.2032304      	2.0008836      	1.9126351      	1.9827604      	1.9654701      	2.0278463      	1.9966104      	1.9382653      	1.9310167      	1.9867733      	1.9988307      	1.9625314      	1.9641548      	1.9343427      	1.9991019      	1.9523349      	1.958099       	1.9590013      	1.937267       	1.9959322      	1.9457167      	1.9662619      	1.9460378      	1.9493107      	2.0016685      	1.994612       	1.9534116      	1.9297377      	1.9779795      	1.9649482      	1.9726151      	1.9622912      	1.9197444      	1.9495406      	1.9869223      	1.9141814      	1.968074       	1.9420393      	1.9542314      	1.9540373      	1.9365244      	1.9571303      	1.9728835      	1.9727621      	1.9610426      	1.9503914      	1.9580421      	1.9041718      	1.9724925      	1.9894378      	1.9455574      	1.9774896      	1.9479275      	1.9308869      	2.001937       	1.9625806      	1.917484       	1.9392592      	2.0076404      	1.9899429      	1.976758       	
1.9733034      	1.9478744      	2.002718       	1.9689527      	1.979786       	2.0527103      	2.2192748      	-2.480509      	1.9453986      	1.9625702      	1.9377894      	1.9762825      	2.0182347      	1.9284254      	1.9573369      	1.9219141      	1.9766297      	1.9469575      	1.924043       	1.9620624      	1.9569558      	1.9016591      	1.9621272      	1.9279914      	1.9690688      	1.9576902      	1.9513983      	1.9195768      	1.9573929      	1.9307569      	1.8414778      	-3.0799792     	2.943913       	2.1370697      	2.2715878      	1.958589       	2.0644364      	1.9429634      	1.8768018      	1.8953776      	1.9731828      	1.9508073      	1.9759008      	1.9672137      	1.95461        	1.9537011      	1.9054507      	1.9700457      	1.982802       	1.9882901      	1.9673072      	1.971196       	1.9528928      	1.9474424      	1.9496809      	1.9848366      	1.9561788      	1.950375       	1.9395331      	1.9487685      	1.9716173      	1.9544553      	1.9735645      	1.968718       	1.9309266      	1.965537       	1.9329966      	1.94836        	1.9209688      	1.9689667      	1.9779391      	1.9520004      	1.9784572      	1.9677933      	1.9666826      	1.9768294      	2.0086603      	1.9452826      	1.8888079      	1.9911717      	2.0033412      	1.935021       	1.9856447      	1.946757       	1.93462        	1.9606239      	1.9087038      	1.96465        	1.969165       	1.9584937      	1.9552393      	1.9756756      	1.9343177      	1.9329097      	1.9559704      	1.9730241      	1.9652737      	1.978213       	1.9815546      	1.961116       	
1.981798       	1.9980596      	1.9742347      	1.9236553      	1.9517764      	2.0524263      	1.8264002      	2.998961       	-2.7123463     	1.9386027      	1.988275       	1.9368953      	1.9885114      	1.9754881      	1.9430755      	1.9733946      	1.958181       	1.9392949      	1.9680575      	1.9403721      	1.9797193      	1.9988722      	1.9299368      	1.9546981      	1.9656397      	1.981941       	2.0038977      	1.9450098      	1.9752477      	1.9597921      	1.9457761      	1.9916834      	1.953767       	1.9595013      	1.9811614      	1.9795004      	1.9794376      	1.9685585      	1.9589242      	1.9723274      	1.9239087      	1.9641851      	1.9504708      	1.970216       	1.9928732      	1.99818        	1.981308       	1.9532334      	1.9902956      	1.9382449      	1.9697134      	2.002533       	1.9712363      	1.9710306      	1.983832       	1.9540904      	1.957346       	1.9755338      	1.9531608      	1.9697034      	1.9436187      	1.9705194      	1.9842452      	1.9816238      	1.9631068      	1.9827014      	1.9736558      	2.006692       	1.9633702      	1.9978205      	1.9657687      	1.968063       	1.9985019      	1.954815       	1.9527262      	1.9445094      	1.9532253      	1.9841694      	1.9132241      	1.9652319      	2.0021882      	1.9406525      	1.9335252      	1.9750136      	1.9668702      	1.9853534      	1.9515011      	1.9756955      	1.9567412      	1.9138985      	1.9925476      	1.9659863      	1.9470812      	1.9768186      	1.925593       	1.9522601      	1.9412377      	1.9785608      	2.0547986      	2.003745       	
1.9875675      	1.952787       	1.9088868      	1.9788359      	2.3369946      	2.0512567      	2.2523613      	2.6558075      	-2.6075811     	1.9343085      	1.9321468      	1.9760101      	1.9701759      	1.9431446      	1.9465011      	1.9713204      	1.9590471      	1.9557736      	1.9738196      	1.9953724      	1.9382173      	1.9533114      	1.9602699      	1.9789753      	1.9536351      	1.9625407      	1.9609802      	1.9948925      	1.9379032      	1.979202       	1.9249841      	1.9282347      	1.9766986      	1.9314777      	1.9450616      	1.9966842      	1.9969548      	1.9498862      	1.9846938      	1.9741474      	1.9599923      	2.0031538      	1.9547666      	2.0228157      	1.9641988      	1.9526565      	1.9540918      	1.9178776      	1.9708279      	1.9508345      	1.9673697      	1.9714597      	1.9675726      	2.0002542      	1.9954464      	1.9181308      	1.9507948      	1.9523662      	1.9966732      	1.9513578      	1.9495034      	2.003117       	1.9670006      	1.9530709      	1.9637837      	1.9594454      	1.9167755      	1.9658333      	1.9766846      	1.9935766      	1.9309459      	1.993552       	1.9832218      	1.986473       	1.9558537      	1.9636766      	1.9739468      	1.9802692      	1.9318076      	1.9759369      	1.9624271      	1.9498336      	1.9729731      	1.9530314      	1.9660265      	1.931682       	1.9816372      	2.032674       	1.9908384      	1.9644957      	1.9454831      	1.9591249      	1.9713596      	1.946788       	1.9467684      	1.9203726      	1.9187615      	1.9143872      	2.412904       	3.0097873      	
1.9788587      	1.9522291      	2.1699643      	2.103997       	2.064091       	2.1802163      	2.3805509      	2.27903        	-2.9502995     	2.6124737      	1.9259387      	1.9904338      	1.97026        	1.9467653      	1.9679865      	1.9623015      	1.963398       	1.9336371      	1.9736742      	1.9529446      	1.9195405      	1.9435517      	2.0169218      	1.9871053      	1.938124       	1.975917       	1.9654586      	1.9914204      	1.958108       	1.9498281      	1.9788983      	1.9613987      	1.9593389      	1.977225       	1.9411608      	2.0003638      	1.9753178      	1.9401723      	1.9486474      	1.980598       	1.9590986      	1.956672       	1.9743826      	1.9871827      	1.9304124      	1.9645003      	1.9852765      	1.9593459      	1.9422766      	1.9422933      	1.9659945      	1.9738725      	1.9266167      	1.9812927      	1.9962978      	1.9507391      	1.9503771      	1.9696733      	1.9842153      	1.9521712      	1.9654862      	1.9665513      	1.9671074      	1.9902042      	1.9922642      	1.952243       	1.9779708      	1.9471076      	2.019881       	2.0055075      	1.918654       	2.0002275      	1.9582916      	1.9525994      	1.9686586      	1.9966031      	1.9731708      	1.9691671      	1.9502019      	1.9709823      	1.9945476      	1.9314176      	1.96098        	2.0024755      	1.9670913      	1.973396       	1.9385184      	1.9576536      	1.9455591      	1.9635713      	1.9866617      	1.9740552      	1.9661831      	1.9576368      	1.983613       	2.012381       	1.9450284      	2.222139       	2.6376956      	2.808538       	
3.0071602      	1.8749589      	1.9709029      	1.9341127      	2.0042472      	2.2065477      	1.860036       	1.8871541      	1.9516573      	1.9954051      	1.959825       	1.9670521      	1.9388999      	1.9525204      	1.9387581      	1.9448712      	1.9304944      	1.9327744      	1.9923164      	1.9783084      	1.9367868      	1.9658362      	1.9670602      	1.9758543      	1.945726       	1.9989281      	1.966298       	1.9643964      	1.9597856      	1.941757       	1.9586388      	1.9856176      	2.002009       	1.9784961      	1.9416629      	1.9933959      	1.9847915      	1.997893       	1.9534044      	1.9634627      	1.9905523      	1.9041032      	1.9248849      	1.9883944      	1.9573954      	1.9732803      	1.9960228      	1.9463539      	2.0055156      	1.9144251      	1.9588506      	1.9778607      	1.9608604      	1.9853779      	1.9431766      	1.9419372      	1.9576302      	1.9386727      	1.947204       	1.9591558      	1.945989       	1.9560623      	1.983006       	1.9465898      	1.9683373      	1.9513217      	1.9475702      	1.9833109      	1.960877       	1.933001       	1.9737911      	1.969256       	1.9339176      	1.9592234      	1.9672798      	1.9847686      	1.9380289      	1.9231228      	1.9756716      	1.8884217      	1.9614215      	1.9430064      	1.9744985      	1.9494587      	1.9295022      	1.9922386      	1.9381244      	1.9599122      	1.9495493      	1.9499643      	1.9836949      	1.9655935      	1.9674693      	1.9439015      	1.9484004      	1.9401592      	2.1236067      	2.6065168      	2.473173       	2.2534807      	
1.9184984      	1.8687214      	1.9417433      	1.9663317      	1.9488885      	1.9701767      	1.9695911      	1.9823903      	1.9050305      	1.9450402      	1.9451462      	1.957039       	1.9509126      	1.9352869      	1.9676751      	1.9729105      	1.9667779      	1.9324592      	1.9903822      	1.9615211      	1.9806736      	1.9595175      	1.9436754      	1.9573443      	1.9532362      	1.9555063      	1.9851846      	1.9806952      	1.935118       	1.9652452      	1.9786408      	1.959829       	1.9762982      	1.9603609      	1.9566125      	1.9524378      	1.9466858      	1.9956161      	1.977687       	1.9666139      	1.9687457      	1.9683424      	1.9625794      	1.9337283      	1.9416186      	1.9526976      	1.9543415      	1.9788505      	1.9401249      	1.9323308      	1.9383745      	1.945369       	1.9690931      	1.9350432      	1.9823543      	1.9675788      	1.9650433      	1.9393533      	1.885254       	1.904641       	1.9517516      	1.9308267      	1.9376774      	1.9929705      	1.9674052      	1.9292345      	1.9619317      	1.9636662      	1.9646752      	1.976115       	1.9616739      	1.9400495      	1.956559       	1.9343268      	1.9940236      	1.9780388      	1.9407552      	1.9611328      	1.9817247      	1.9579211      	1.9874632      	1.934924       	1.993413       	1.960724       	1.9423102      	1.9864072      	1.974277       	1.9696001      	1.9433907      	1.9606266      	1.9790316      	1.977178       	1.9190878      	1.9502456      	1.9094676      	1.9477892      	2.1582432      	2.5529358      	2.517463       	2.348874       	
1.9836601      	1.9425095      	1.9489725      	1.9641427      	1.9238943      	1.911449       	1.9688807      	1.9548322      	1.9225174      	1.9851357      	1.9578137      	1.956931       	1.9347731      	1.9594294      	1.9697187      	1.938297       	1.9422289      	1.9587305      	1.947184       	1.9474918      	1.959485       	1.9574124      	1.9595681      	1.960402       	1.938349       	1.9616998      	1.9653023      	1.9292251      	1.9825394      	1.9926064      	1.9599098      	1.9550442      	1.9225557      	1.971819       	1.9839821      	1.9645628      	1.9394912      	1.973272       	1.927072       	1.949303       	1.9283073      	1.9645222      	1.959833       	1.9377328      	1.9152887      	1.9425004      	1.9215595      	1.9732372      	1.9684362      	1.9346524      	1.9480534      	1.9437327      	1.9332341      	1.960736       	1.9341589      	1.9327267      	1.9236265      	2.3982198      	-2.7551477     	-2.7366815     	-2.775764      	-2.700874      	2.6919026      	1.9567444      	1.9377533      	1.941344       	1.9387529      	2.5149474      	-2.5563498     	-2.5038404     	-2.6378417     	-2.102897      	2.2812204      	1.9716276      	1.9268297      	1.9503658      	1.9668585      	1.9200202      	1.9816606      	1.983693       	1.9716351      	1.9786184      	1.9561969      	1.951841       	1.9837084      	1.9511793      	1.9634892      	1.9361964      	1.9369441      	1.9697642      	1.9578346      	1.9816239      	1.9540586      	1.9341133      	1.9459677      	1.9370505      	2.194914       	-3.0140338     	2.9531248      	2.4820848      	
1.9460658      	1.9424342      	1.9314561      	1.9673249      	1.9374704      	2.0048447      	1.9906687      	1.9737182      	1.9716529      	1.9302508      	1.9913436      	1.9436291      	1.9475914      	1.9450451      	1.9773403      	1.962558       	1.9375292      	1.9597749      	1.9053754      	1.9296415      	1.9760299      	1.9406941      	1.9662095      	1.9280491      	1.9561951      	1.9426743      	1.9363438      	1.9471086      	1.9416028      	1.9647061      	1.9792242      	1.9259295      	1.9186815      	1.9557008      	1.9539485      	1.9454921      	1.9448909      	1.9331247      	1.9703807      	1.9907006      	1.9746675      	1.939099       	1.9196911      	1.9441254      	1.9227083      	1.9804668      	1.9221835      	1.945715       	1.9371344      	1.9260215      	1.9509281      	1.9349924      	1.9596683      	1.9393259      	1.8876954      	2.5686526      	-3.01156       	3.1349077      	3.1050282      	-2.978227      	-2.7148533     	-3.0248241     	-2.6942773     	-2.6082692     	-2.467245      	-2.3572927     	-2.3824956     	-2.328897      	-2.3050256     	2.7398105      	-3.1233122     	-2.6596622     	-2.7508562     	-2.8581464     	-2.3586583     	-2.4540348     	1.9456805      	1.939396       	1.9487973      	1.9540471      	1.9678203      	1.9571807      	1.9644758      	1.9638225      	1.9519287      	1.9371924      	1.9574906      	1.926646       	1.9568149      	1.9634566      	1.9670067      	1.9600964      	1.9241219      	1.9739672      	1.9492267      	1.9075191      	1.9892616      	2.861415       	3.055015       	2.7087722      	
1.9400024      	1.9863303      	1.9843946      	1.926278       	1.9914407      	1.952636       	1.9364983      	1.9287691      	1.9660013      	1.9539798      	1.9283448      	1.9372162      	1.9644184      	1.9727651      	2.0014787      	1.9804335      	1.9923395      	1.9687088      	1.9654604      	2.000516       	1.9547509      	1.9435654      	1.9303644      	1.9962529      	1.9532158      	1.9297484      	1.9870833      	1.9698114      	1.9513919      	1.8995587      	1.9525633      	1.950315       	1.9511522      	1.9736212      	1.9428352      	1.9735464      	1.9729009      	1.9369527      	1.9604539      	1.9701262      	2.002744       	1.9578463      	1.9236497      	1.9557415      	1.9728792      	1.9453131      	1.929209       	1.9716938      	1.9678185      	1.9166741      	1.9757832      	-3.0700336     	-2.1950212     	-2.4741888     	-2.6613145     	-2.5058675     	-2.396102      	-2.4899187     	-2.642638      	-2.8451507     	-2.4377983     	-2.3603191     	-2.5450146     	-2.7114656     	2.3980002      	2.3837245      	2.271355       	2.1105275      	2.0730639      	2.0022469      	1.9745768      	1.9748067      	1.9899318      	2.0647259      	2.5215726      	-2.3639517     	2.463567       	1.9496088      	1.9026674      	1.9692856      	1.906247       	1.9550923      	1.9529284      	1.9272751      	2.0005374      	1.9291987      	1.9674863      	1.9876913      	1.916941       	1.9857593      	1.9671853      	1.9582386      	1.9671764      	1.9161704      	1.9327365      	1.9794046      	1.9585778      	2.4180498      	2.8313332      	2.7978761      	
1.9744586      	1.9301907      	1.9623652      	1.9780966      	1.9484334      	1.9598349      	1.9982283      	1.9620291      	1.968241       	1.9348761      	1.9510348      	1.9551814      	1.935095       	1.974015       	1.9665643      	1.9731885      	1.9561219      	1.9752072      	1.9993945      	1.9730502      	1.9348451      	1.963915       	1.9621896      	1.975947       	1.967454       	1.9250277      	1.9365963      	1.963612       	1.9886419      	1.9707913      	1.9627281      	1.9466451      	1.9603956      	1.9562248      	1.9372797      	1.9692917      	1.9835782      	1.998087       	1.9505372      	1.9526634      	1.9916306      	1.952491       	1.9108225      	2.0454993      	-2.0868816     	-2.2074053     	-2.1816428     	-2.5825799     	-2.4695199     	-2.4272313     	-2.421738      	-2.364709      	-2.3077207     	-2.3223221     	3.0159543      	-2.9048703     	2.8116293      	2.4509747      	2.2419996      	2.1803997      	2.0934775      	2.010845       	2.0373263      	1.9719946      	1.9549569      	1.9923655      	2.0153537      	1.9756186      	1.9931438      	1.9783102      	1.977882       	1.9698914      	1.9500717      	1.9423434      	1.9740605      	1.8593895      	-2.8592646     	2.153035       	1.951747       	1.9739118      	1.9732747      	1.8950322      	1.9381188      	1.9269518      	2.0003679      	1.950986       	1.9770231      	1.9844644      	1.9712126      	1.9546286      	1.9659605      	1.9921435      	1.9342502      	1.9495857      	1.9660956      	1.981341       	1.9735341      	2.249354       	2.9043188      	-2.8941758     	
1.9682301      	1.9729346      	1.9822557      	1.9666519      	1.9986668      	1.9717247      	1.9067506      	1.9427577      	1.9578756      	1.9355887      	1.9251912      	1.9758301      	1.9957211      	1.964591       	1.9784482      	1.9642042      	1.9888893      	1.9686749      	1.9542992      	1.9772924      	1.9300246      	1.9642446      	1.9625882      	1.9651667      	1.9793221      	1.9808577      	1.9688538      	1.9389236      	1.9637066      	1.9414971      	1.9667917      	1.9431782      	1.9193064      	1.9337144      	1.9614466      	1.9277414      	1.9273071      	1.9942783      	1.9512074      	1.9270905      	1.9445671      	-3.087827      	-2.3733644     	-2.4138148     	-2.382513      	-2.3787894     	-2.2968676     	-2.5892675     	-2.4245436     	2.335854       	2.2556298      	2.16297        	2.0676723      	1.9525493      	1.9668858      	1.9930968      	2.0119553      	2.0105124      	1.9587868      	1.9710907      	1.9900678      	1.990669       	1.9956149      	2.0111074      	2.0078049      	1.9746791      	1.9809321      	2.001974       	1.9944291      	2.0184174      	1.9847167      	1.9943786      	1.9683079      	1.9071203      	1.9690117      	1.942255       	1.9249963      	-2.3807309     	2.0753565      	1.9565259      	1.9678591      	1.9327233      	1.9751691      	1.9490185      	1.9784305      	1.9836802      	1.9941355      	1.9737543      	1.9598491      	1.9640962      	1.9207587      	1.9915729      	1.9781529      	1.9732105      	1.9741821      	1.9771742      	1.9677261      	2.0242753      	2.674952       	-3.1057105     	
2.00078        	1.9652548      	1.9736621      	1.9738874      	1.9982347      	1.9125333      	1.9482538      	1.9588996      	1.9594628      	1.950302       	1.9873797      	1.9805566      	1.9736836      	1.9844918      	1.9638375      	2.0044858      	1.9948442      	1.9630133      	1.9668479      	1.9489297      	1.9245068      	1.9957402      	1.9604156      	1.9620583      	1.9810492      	1.9797525      	1.9523162      	1.9469341      	1.9826535      	1.9470954      	1.9430681      	1.959535       	1.967959       	1.9510239      	1.9655241      	1.9388382      	1.9663628      	1.9535394      	2.0188038      	-2.5462017     	-2.9108431     	2.4126184      	2.5213394      	2.205415       	2.117189       	2.0072846      	2.016409       	1.9913102      	2.0125198      	1.9937147      	1.9887226      	2.0195508      	1.9846953      	1.9705685      	1.9917694      	1.971865       	1.9608513      	1.9650599      	1.9612597      	1.9706702      	1.9641725      	1.9594623      	2.0057244      	1.9888046      	1.9800991      	1.985837       	1.987829       	2.0170918      	1.9751034      	1.986477       	2.0004833      	1.9778546      	1.9549195      	1.9197803      	1.9467641      	1.9930798      	1.8181206      	2.9084435      	2.914179       	1.957987       	1.948333       	1.9372162      	1.9567903      	1.9538031      	1.9927883      	1.9282001      	1.9429765      	1.9484019      	1.948731       	1.9204712      	1.9671654      	1.9339966      	1.9559027      	1.9594934      	1.9477502      	1.9365159      	1.956707       	1.9304423      	2.178777       	2.4586868      	
1.966484       	1.9353709      	1.9772037      	1.9902056      	1.9528168      	1.9551543      	1.9566829      	2.0042057      	1.9338644      	1.9437196      	1.957091       	1.9636621      	1.9665956      	1.9790573      	1.9645115      	1.9478408      	2.0036063      	1.9531908      	1.9681995      	1.9757905      	1.9714849      	1.9551402      	2.0068345      	1.9474955      	1.9249529      	1.9726592      	1.9457536      	1.9932028      	1.9398981      	1.9328521      	1.969494       	1.9768751      	1.9886256      	1.9439671      	1.9324297      	1.9706782      	1.8843822      	2.717218       	-2.5623498     	2.76079        	2.978911       	-2.7027507     	-2.323316      	2.3181574      	1.9925572      	1.9793952      	1.9772342      	1.9946495      	1.964481       	1.9885505      	1.9531382      	1.9965822      	1.9709398      	1.9712687      	1.9651405      	1.9667108      	1.966584       	1.9647257      	1.9914606      	1.9637345      	1.9927582      	1.9669605      	1.9850574      	1.97455        	1.9540406      	1.9886583      	2.0094595      	1.9861642      	1.9559295      	1.9790909      	1.9858696      	1.9479135      	1.9919897      	1.949828       	1.9283073      	1.9571862      	1.9183502      	1.8591878      	-2.4412117     	2.1110954      	1.9663781      	1.960065       	1.9322264      	1.9585745      	1.9765067      	1.9895693      	1.9810253      	1.9615914      	1.9474784      	1.9457746      	1.9613767      	1.9733683      	1.9498652      	1.9696329      	1.9659125      	1.9359633      	1.9480538      	1.9075291      	2.247068       	2.818057       	
1.9681813      	1.9666845      	1.9399158      	1.9207469      	1.997573       	1.9451545      	1.9359282      	1.9415544      	1.9188589      	1.9387088      	1.9390217      	1.9217151      	1.9683654      	1.9622914      	1.9492304      	1.9454753      	1.9504111      	1.9616388      	1.9225957      	1.9191424      	1.9671875      	1.9204379      	1.9074072      	1.952298       	1.9773049      	1.9347069      	1.9610865      	1.937277       	1.9223785      	1.9477057      	1.9162645      	1.9089208      	1.9271142      	1.970095       	1.9235334      	1.8982693      	-3.117662      	-2.4148605     	2.7833626      	2.532724       	2.347353       	2.2281046      	2.1171985      	2.391593       	2.3554788      	3.1182492      	2.4826922      	1.967329       	1.9878213      	1.9900748      	1.9692739      	2.006287       	1.9959489      	1.9806956      	1.9740758      	1.9954797      	1.982607       	1.9751992      	1.9989052      	2.0060368      	1.947181       	1.9674827      	1.9880887      	1.960276       	1.9870363      	1.9833318      	1.981313       	1.974401       	1.9467002      	1.9869429      	1.9884368      	1.9821904      	1.9770716      	1.947699       	1.9405562      	1.9533373      	2.0138006      	1.8650967      	2.56117        	-2.2867558     	1.9585317      	1.9377388      	1.9289204      	1.9444757      	1.9648725      	1.9475745      	1.9348177      	1.983673       	1.9732311      	1.9586169      	1.9945983      	1.9336728      	1.9455273      	1.9282742      	1.9752098      	1.9228114      	1.8767861      	1.9185109      	1.9447492      	2.1842523      	
1.9229711      	1.9311181      	1.9601024      	1.9452378      	1.9150509      	1.8643719      	-2.418196      	-2.1741636     	-2.3716595     	-2.4943182     	-2.6051211     	-2.3983045     	-2.5208724     	1.948635       	1.9413749      	1.9529046      	1.9535823      	1.9516554      	1.9577311      	2.0132458      	1.9844749      	1.9364129      	1.9332291      	1.9225727      	1.9644593      	1.9510909      	1.9248916      	1.9637256      	1.9552424      	1.9176085      	1.9776195      	1.9208374      	1.9771348      	1.8999553      	1.8740155      	2.9134018      	-2.9211657     	-2.9845252     	2.2461493      	2.2395084      	2.1832647      	2.1368763      	2.0417573      	2.0401201      	2.0690384      	2.5006776      	-2.99232       	2.5920339      	1.9647818      	1.9639281      	1.9665966      	1.9503136      	1.9417638      	1.989209       	1.9771292      	1.9632727      	1.9344884      	1.9763793      	1.9454134      	1.9588792      	1.9753802      	2.0267434      	1.9326032      	1.9661654      	1.9950398      	1.9909748      	1.9736601      	2.0002613      	2.002813       	1.9579624      	1.9654174      	1.9841756      	1.9622486      	1.9805282      	1.9794079      	1.9781508      	1.9854403      	2.0609856      	1.8718337      	-2.5952055     	2.0896206      	1.9244441      	1.9326631      	1.9717828      	1.9152467      	1.9464533      	1.9521415      	1.955626       	1.9233792      	1.9676567      	1.9508353      	1.9151664      	1.9277939      	1.9541916      	1.9402454      	1.9102539      	1.9551866      	1.9649154      	1.9453942      	1.9744371      	
-2.1509132     	-2.4458032     	-2.7342927     	-2.456924      	-2.3749566     	-2.4113603     	-2.3679714     	-2.3568473     	-2.3703167     	-2.5096474     	-2.8456879     	-2.9055283     	-3.023963      	3.124887       	-2.7915277     	-2.0322735     	2.0639772      	1.9363372      	1.927914       	1.9542497      	1.931972       	1.9273902      	1.9417387      	1.9272338      	1.964244       	1.9739662      	1.9515585      	1.9513154      	1.9634598      	1.9116966      	1.8968544      	1.9640112      	1.8924526      	1.9116743      	1.9055978      	2.769941       	2.6210673      	2.397127       	2.282939       	2.1098218      	2.0204399      	2.0685773      	2.0338092      	2.1359472      	1.9240437      	2.526605       	2.63171        	3.100054       	-3.1240387     	1.972556       	2.0029685      	2.0120888      	1.9725472      	1.9933394      	1.9497408      	1.9378214      	1.9704062      	1.9355122      	2.0136833      	1.9953855      	1.9487582      	1.991205       	2.0231662      	1.969855       	1.9691573      	1.9499015      	1.9825767      	1.9615077      	1.9641824      	1.9356477      	1.9722341      	1.981716       	1.9937108      	1.9466499      	1.9337066      	1.9582232      	1.9391066      	1.9543817      	1.9463208      	2.1511664      	-2.562863      	1.8732537      	1.9692717      	1.9574627      	1.9463779      	1.9805228      	1.9921156      	1.9146384      	1.9691036      	1.9786037      	1.982828       	1.9006814      	1.9128319      	1.9970272      	1.9311272      	1.9365636      	1.9480125      	1.956669       	1.9542478      	1.9225076      	
-2.269176      	-2.8520455     	3.0882194      	2.716329       	2.2621431      	2.210472       	2.1072023      	2.0354538      	2.0135999      	1.9737717      	1.9583889      	1.9699554      	1.952226       	1.9568459      	2.1262693      	-3.0787675     	-2.2620063     	1.9380959      	1.9531838      	1.9672903      	1.978407       	1.9647611      	1.9524908      	1.9356357      	1.9854814      	1.951766       	1.9521329      	1.9324849      	1.9406554      	1.9531661      	1.9506301      	1.9207903      	1.9186053      	1.8168932      	-2.6628165     	-2.5897915     	-3.1023455     	2.3198824      	-2.6313314     	2.8066907      	2.0585396      	2.1056452      	2.086635       	2.010419       	1.9319347      	2.0677922      	2.0059338      	2.6417255      	-3.0511053     	1.9239666      	1.9825838      	1.9700866      	1.9712185      	1.9614602      	1.9535543      	2.014485       	1.9791197      	2.0210457      	1.9864093      	1.9663417      	1.9730974      	1.9677205      	1.9611282      	2.0064554      	2.0254216      	1.9516724      	1.9601306      	1.9697249      	1.976738       	1.9746441      	1.9454525      	1.9524587      	2.0511215      	1.9319223      	1.9733738      	1.9463576      	1.9076097      	1.9369928      	1.8781403      	1.8783423      	-2.9299345     	-2.72906       	1.9605104      	1.9593244      	1.9508291      	1.9961728      	1.9332182      	1.8932981      	1.9851756      	1.9599384      	1.9663746      	1.9330205      	1.9316806      	1.978131       	1.9262255      	1.9183955      	1.9279084      	1.9174509      	1.9378113      	1.9614689      	
2.1224325      	1.9914649      	2.0098817      	1.9900798      	2.0108666      	2.0536757      	1.9515855      	1.9882766      	1.9883381      	1.9696797      	1.935473       	1.9696937      	1.9905529      	1.916852       	2.0341952      	1.8160776      	2.3995237      	-2.6595051     	1.9659129      	1.979553       	1.945275       	1.953766       	1.954626       	1.9564365      	1.9175109      	1.9406588      	1.9321072      	1.9657922      	1.9648783      	1.9383751      	1.951687       	1.9661463      	1.9381595      	1.8551682      	-2.819388      	-2.4128444     	-2.333251      	-2.686694      	-2.7616081     	-2.8444982     	1.9994534      	2.089284       	2.0210683      	1.8895915      	2.4329877      	-2.8713777     	2.6146855      	-2.9184613     	2.3880892      	1.9812672      	1.9893452      	1.9642013      	1.9899006      	1.9783185      	1.956787       	1.9801508      	1.9862857      	1.9589916      	1.965692       	1.9569669      	1.9552222      	1.9969337      	1.9554989      	2.004844       	1.9848112      	1.9967042      	1.9506056      	1.9644368      	1.9755877      	2.0137696      	2.0019255      	1.991272       	1.9724998      	1.9656526      	1.9919837      	1.9740335      	1.9444779      	1.9674028      	2.0002754      	2.08525        	2.3049397      	-2.5747118     	2.0737462      	2.0197277      	1.9233624      	1.924324       	1.9339796      	1.9517502      	1.889862       	1.970698       	2.0425324      	1.9503496      	1.9930387      	1.9641863      	1.989053       	1.9251903      	1.9234952      	1.9191383      	1.9544681      	1.9120283      	
1.9782411      	2.0070045      	1.9696714      	1.9334849      	1.9507357      	2.0058007      	1.9874654      	1.9327146      	2.0035057      	1.968186       	1.9674472      	1.9436054      	1.9339176      	1.9100665      	1.9591696      	1.9016689      	2.0123584      	-2.9175856     	2.6430752      	1.9900861      	1.98024        	1.9675745      	1.9427103      	1.94888        	1.9192454      	1.9408604      	1.9619156      	1.9546146      	1.9457239      	1.9330146      	1.9552703      	1.9797013      	1.9454285      	1.9020116      	1.9195132      	2.4292295      	2.0354598      	2.253701       	2.1064384      	3.0193596      	2.7788754      	2.1739392      	2.1646082      	-2.5813656     	-2.726152      	-3.0277288     	1.9406922      	1.9721602      	2.0147178      	1.9649595      	1.9757729      	1.9798614      	1.9461843      	1.9621297      	1.9782231      	1.9881625      	1.9651117      	1.9749718      	1.984877       	1.9717183      	1.9665382      	2.0027902      	1.9859593      	2.00072        	1.9828057      	1.9637603      	1.9851607      	1.9907979      	1.9734024      	1.9802723      	2.0505965      	2.01892        	1.980245       	1.975522       	2.0096283      	1.9370294      	1.9400808      	1.9390253      	1.9666823      	2.0118322      	1.8333539      	2.7606795      	2.7252932      	1.8946291      	1.9465083      	1.9802288      	1.9377989      	1.9787222      	1.9353086      	1.9628459      	1.9975533      	1.9049941      	1.9725151      	1.893422       	1.9735835      	1.9489417      	1.9320339      	1.9324739      	1.9278885      	1.9128836      	
1.9666134      	1.9760288      	1.99133        	1.977687       	1.9967011      	1.964474       	2.0167384      	1.9698014      	1.9730933      	1.960017       	1.9875095      	1.9489359      	1.965342       	1.9862028      	1.9978267      	2.0772648      	1.9549094      	2.5629354      	-2.3610382     	1.9279197      	1.9514508      	1.9392177      	1.9723098      	1.9330596      	1.9629818      	1.9572314      	1.9761523      	1.8953131      	1.9723613      	1.9363276      	1.965837       	1.9781847      	1.9427098      	1.9283496      	1.9379063      	1.9486088      	1.9290129      	1.9289708      	1.8976129      	1.8809038      	2.7476041      	-2.7749        	2.8965025      	2.2462132      	2.1172423      	2.0596483      	2.0502338      	1.9568436      	1.9876422      	1.9913845      	2.0012946      	1.9937868      	1.9979628      	1.9954281      	1.9884695      	1.978755       	1.9296111      	1.9831916      	1.9979813      	1.9739898      	2.019638       	1.9997666      	1.956735       	1.9788195      	1.9513572      	1.953105       	1.9689132      	1.9504783      	1.9659362      	1.9807909      	2.0032349      	1.961808       	1.9937788      	1.9714137      	1.9888304      	1.9636586      	1.9825534      	1.9537101      	1.9447979      	1.9801627      	1.9645495      	1.8518823      	-2.5922623     	2.172084       	1.9734604      	1.939922       	1.9265921      	1.9893239      	1.9420995      	1.9007479      	1.9427997      	1.9533951      	1.9439228      	1.9241076      	1.9607714      	1.9388967      	1.9318885      	1.9141344      	1.9488633      	1.9304312      	
1.9754015      	1.9752985      	2.0147853      	1.9750855      	1.9727551      	1.9956058      	1.9644591      	1.9792267      	1.9511127      	2.0088792      	1.9685185      	1.960454       	1.9688817      	1.9457045      	1.954658       	1.962555       	2.2249465      	1.8814712      	-2.6142344     	2.250657       	1.9667059      	1.9498578      	1.961982       	1.9667771      	1.989419       	1.938032       	1.9533659      	1.9688737      	1.9317399      	1.9524745      	1.9359057      	1.941339       	1.981037       	1.9225187      	1.9995548      	1.9601032      	1.9366764      	1.9309896      	1.953876       	1.9571717      	1.87581        	-2.6001072     	-2.4358664     	2.494811       	2.21919        	2.140615       	2.0746531      	2.0062         	2.012082       	1.995898       	1.9690617      	1.9923855      	2.0073564      	1.9777423      	1.9890094      	2.007156       	1.9925256      	1.9724488      	2.0028744      	1.9915074      	1.9813817      	2.0070167      	2.024601       	1.9959315      	1.9881341      	1.9697328      	1.9947914      	1.9676051      	1.9643043      	2.0029504      	2.0102603      	2.0030944      	1.980787       	1.9877908      	1.979326       	1.9779642      	1.9635774      	1.9928181      	1.9815183      	1.9355187      	2.0258033      	1.8623613      	2.7250636      	-2.2683372     	1.9546167      	1.9353292      	1.9507889      	1.9630541      	1.9541968      	1.9811603      	1.9954466      	1.9655105      	1.9874192      	1.9658258      	1.9148959      	1.9482579      	1.9766841      	1.9406749      	1.9681611      	1.9525102      	
2.0499516      	2.027834       	2.0139184      	1.997186       	1.9837116      	1.9768708      	1.9852817      	2.000925       	1.9868587      	1.9598469      	2.0283437      	1.9822372      	1.9853579      	1.9693156      	1.9680593      	1.9330868      	1.9532698      	2.008265       	2.4402304      	-2.254519      	1.9595718      	1.9712147      	1.9381611      	1.9663357      	1.9973203      	1.9707115      	2.0040917      	1.9316167      	1.9632083      	1.9450692      	1.962341       	1.9601401      	1.9633198      	1.949348       	1.9660542      	1.9513676      	1.966001       	1.962427       	1.9600985      	1.9417385      	1.9176584      	2.0991807      	-2.6595588     	-2.9559608     	2.1734467      	2.1748877      	2.0608373      	2.0615106      	2.029978       	1.9960034      	2.0094748      	2.01025        	2.0198493      	1.9898452      	1.9920686      	1.9908605      	2.043209       	1.9919752      	1.992158       	1.998875       	1.9254937      	1.9534994      	1.9554172      	1.9293371      	1.990827       	1.9851352      	1.9946743      	1.9711524      	1.9978406      	1.9998184      	2.0005283      	2.0302835      	2.0238268      	2.0198746      	2.0007029      	1.9831349      	1.9331195      	1.9689004      	1.9483588      	1.9270864      	1.9323653      	2.0433683      	1.8487203      	-2.8053164     	2.222349       	1.9458406      	1.9136842      	1.9451079      	1.971211       	1.9416174      	1.9618472      	1.9529715      	1.9161624      	1.9719778      	1.9420792      	1.932634       	1.9286712      	1.9576696      	1.9362136      	1.9560567      	
2.0098324      	1.9913092      	1.9602177      	2.042612       	2.0036626      	2.0169063      	1.9882339      	1.9520285      	1.9541873      	1.9552519      	1.9592484      	2.0267332      	1.9500983      	1.9577018      	1.9623362      	1.9719352      	1.9511867      	2.0018053      	1.8118947      	-3.0122461     	2.5650325      	1.9490843      	1.9473127      	1.9522102      	1.9604282      	1.9500788      	1.9664786      	1.9584087      	1.9475716      	1.9997205      	1.9841462      	1.9326216      	1.9635932      	1.9515772      	1.9636393      	1.9389805      	1.936718       	1.9351581      	1.9333211      	1.9462137      	1.9437         	1.911884       	2.818155       	-2.8479908     	2.356049       	2.1379006      	2.2229881      	2.0748549      	1.9971026      	2.0079951      	1.9831429      	2.0233366      	1.9646789      	1.9785115      	2.0059347      	2.0140598      	1.9779059      	1.9837263      	2.0374618      	1.9953641      	1.9932493      	2.0317907      	2.0235028      	1.9491712      	1.9976798      	1.9590174      	1.9959103      	1.9707186      	1.973048       	2.0000696      	1.9613458      	1.9893789      	1.9723672      	1.9751003      	1.9656026      	1.9876963      	1.9599224      	1.9524258      	1.9095486      	1.9363164      	1.9005076      	1.9723742      	1.924821       	2.312736       	-2.4294553     	1.917089       	1.9501156      	1.9903079      	1.9799432      	1.9892823      	1.9777641      	1.957537       	1.9472874      	1.9771854      	1.9501485      	1.9466498      	1.9614135      	1.9554781      	1.9782602      	1.9551357      	
