# www.neaspec.com
# Scan:	 	AFM
# Project:	 	20251007_PS
# Description:	 	
# Date:	 	10/07/2025 10:43:47
# Scanner Center Position (X, Y):	[µm]	49.99	50.01	 
# Rotation:	[°]	0	 	 
# Scan Area (X, Y, Z):	[µm]	5.000	5.000	0.000
# Pixel Area (X, Y, Z):	[px]	100	50	1
# Averaging:	 	1	 	 
# Integration time:	[ms]	5	 	 
# Laser Source:	 	4.5-15 µm nano-FTIR laser
# Detector:	 	R
# Target Wavelength:	[µm]	7.502	 	 
# Demodulation Mode:	 	Fourier
# Tip Frequency:	[Hz]	241,340.500	 	 
# Tip Amplitude:	[mV]	45.700	 	 
# Tapping Amplitude:	[nm]	79.665	 	 
# Modulation Frequency:	[Hz]	0.000	 	 
# Modulation Amplitude:	[mV]	0.000	 	 
# Modulation Offset:	[mV]	0.000	 	 
# Setpoint:	[%]	79.75	 	 
# Regulator (P, I, D):	 	4.206850	8.625812	1.000000
# Tip Potential:	[mV]	0.000	 	 
# M1A Scaling:	[nm/V]	0.426	 	 
# M1A Cantilever Factor:	 	1,000	 	 
# Q-Factor:	 	487.4	 	 
# Version:	 	2.1.11536.0
0.002093146    	0.002521958    	0.00049455714  	0.001337578    	0.0029853508   	0.0019366342   	0.00042296475  	0.00064143754  	0.0009911456   	0.0013700097   	0.00032177387  	0.0007258523   	0.000704445    	0.0011670045   	0.0009562123   	0.0016080927   	0.00044882024  	0.002067902    	0.00051389536  	0.0006636431   	0.0021218737   	0.0005913859   	0.00073552446  	0.0008588848   	0.0008811203   	0.0014424393   	0.0038792866   	0.0015258974   	0.0014188843   	0.0007399831   	0.0010190313   	0.00041845348  	0.00094499666  	0.0009776981   	0.0005001523   	0.00059596193  	0.0030339889   	0.0011304711   	0.0006014859   	0.00063930557  	0.0013502361   	0.0009998587   	0.0010109199   	0.0010575964   	0.001047507    	0.0025458822   	0.00088667043  	0.0010060638   	0.0005755806   	0.0006574924   	0.00033786256  	0.00080144155  	0.003201473    	0.00030608376  	0.00087452156  	0.00076758774  	0.000355142    	0.0020246664   	0.0020278483   	0.0004444494   	0.0008274796   	0.00045082596  	0.0009395461   	0.0019067127   	0.0012735126   	0.0023358325   	0.003143995    	0.0010267817   	0.0010326533   	0.0014140636   	0.0024388605   	0.002399159    	0.0013110893   	0.0014710709   	0.0015968349   	0.0024126696   	0.002931601    	0.000706329    	0.0010758764   	0.00033033543  	0.0014624883   	0.0019211766   	0.0014948382   	0.001095118    	0.0016733471   	0.002535439    	0.0013979279   	0.0026015674   	0.0032501752   	0.0042955205   	0.0010423118   	0.0021174469   	0.0021929597   	0.0010972032   	0.00092061766  	0.0006093579   	0.0028585026   	0.00076044525  	0.0017748396   	0.0030908976   	
0.000569725    	0.00086776697  	0.00090314535  	0.0042133755   	0.00012770577  	0.00084334955  	0.0011872257   	0.0016282734   	0.0022717793   	0.002611819    	0.0020555886   	0.0017079771   	0.0015274067   	0.0004971177   	0.00023973804  	0.0013059      	0.0014745953   	0.0024826485   	0.0009976592   	0.00064708514  	0.0023114437   	0.002781699    	0.0013698265   	0.0026267872   	0.0020100127   	0.00023072318  	0.001463135    	0.00035371303  	0.0010976915   	0.001146691    	0.0015804548   	0.0022503207   	0.000825756    	0.0018036867   	0.002698285    	0.0009488943   	0.0006515678   	0.0009825234   	0.0016792453   	0.0012812129   	0.0005123124   	0.0007757711   	0.0025546749   	0.0005874753   	0.00075515435  	0.0004766288   	0.0017298934   	0.0020468656   	0.0017694627   	0.00056884723  	0.00136148     	0.00055602065  	0.0002934326   	0.0012660623   	0.0019326427   	0.00071555795  	0.0009979516   	0.00069967046  	0.0014750776   	0.0022623425   	0.00091402885  	0.0026535715   	0.00088510464  	0.00023175328  	0.001144248    	0.0009857231   	0.0011850328   	0.00034887198  	0.0003688811   	0.00046733033  	0.0028660698   	0.0009442374   	0.0012381335   	0.0018576186   	0.00081645435  	0.000783222    	0.0021632202   	0.0004371855   	0.0013469424   	0.0010308103   	0.0015924247   	0.0011523893   	0.00024862838  	0.00049956096  	0.00080914167  	0.0012854551   	0.0015812723   	0.00045346344  	0.0014240817   	0.0009771484   	0.0011784278   	0.0017208026   	0.00059704814  	0.001348584    	0.00051691587  	0.00063402485  	0.0008492803   	0.0017230543   	0.0004544759   	0.0017413964   	
0.004222752    	0.0009098316   	0.0025344226   	0.0013198484   	0.0025638705   	0.0021197551   	0.00112116     	0.0011301556   	0.0013125831   	0.0009379203   	0.0017220376   	0.0018083886   	0.0025135276   	0.0012633471   	0.0018993545   	0.0010883973   	0.00094483286  	0.0029660854   	0.00068870076  	0.00015431966  	0.0013900431   	0.0024528964   	0.00050542253  	0.00057663175  	0.0021685178   	0.00079545163  	0.00039648925  	0.0016786038   	0.0028632565   	0.0009866402   	0.00076705875  	0.0004298244   	0.0008086307   	0.0013779916   	0.00041618175  	0.0008985437   	0.0024759616   	0.0017539352   	0.0007952377   	0.001070936    	0.00057195226  	0.0015152287   	0.0018955517   	0.0015485861   	0.0013603914   	0.0031841698   	0.0008925674   	0.0010801902   	0.00074431254  	0.0014412978   	0.00075135     	0.000577027    	0.0017231009   	0.0024616139   	0.00069141283  	0.00028034768  	0.0010289631   	0.0014070335   	0.0015906616   	0.0022937432   	0.00050702476  	0.0007014741   	0.0016759257   	0.00016768488  	0.0011350116   	0.0011559632   	0.0017948585   	0.0011163728   	0.0005396301   	0.0010617775   	0.00021814983  	0.0017534172   	0.0013622345   	0.0014592301   	0.0011724366   	0.0011870515   	0.0013864452   	0.00049065275  	0.00048729774  	0.0009939909   	0.0011306666   	0.00107994     	0.0009632171   	0.0023374865   	0.00056762894  	0.0018306761   	0.00045987923  	0.0020275533   	0.00046843613  	0.00047269615  	0.0011334647   	0.0018171562   	0.0022958117   	0.00024381427  	0.0002196058   	0.00048673226  	0.0014596542   	0.0013633698   	0.0008853392   	0.00010584985  	
0.0006428584   	0.002013714    	0.0013220154   	0.0007316557   	0.0014889275   	0.001468476    	0.001921656    	0.0010187133   	0.002058192    	0.0016924192   	0.002093243    	0.0016566643   	0.0010816146   	0.0005252306   	0.00034561078  	0.000982542    	0.0011936164   	0.002007269    	0.001158422    	0.0014032938   	0.0012961095   	0.0002363775   	0.0011823444   	0.00022379601  	0.00028595567  	0.00077286694  	0.0006283274   	0.0006979832   	0.0007146723   	0.00039206093  	0.0011734735   	0.002020347    	0.0025930991   	0.0012392856   	0.00071161496  	0.0009586605   	0.00095638866  	0.0006425291   	0.0020025868   	0.00013603535  	0.0010899417   	0.001063642    	0.002179398    	0.0011975372   	0.0015171401   	0.0016061618   	0.00093052816  	0.00047852434  	0.0012317948   	0.00069843186  	0.0010819144   	0.0017320665   	0.00064437743  	0.0007941725   	0.0006769344   	0.0013422824   	0.0022480162   	0.00027706305  	0.0027069678   	0.002313102    	0.00050513784  	0.0004781172   	0.0032632346   	0.00025838893  	0.0006459074   	0.0010738875   	0.00096403476  	0.00085221656  	0.00027530818  	0.0009330785   	0.0025998626   	0.0009483147   	0.00025573492  	0.0013241351   	0.0020591111   	0.0018006811   	0.0011400845   	0.0014737517   	0.0014686382   	0.00038622244  	0.0004509733   	0.0016031709   	0.001868865    	0.0014522737   	0.000564013    	0.00027138955  	0.0031312606   	0.0029844574   	0.0012948769   	0.0014407093   	0.00061795936  	0.0012978135   	0.00072000525  	0.0019315457   	0.001083248    	0.0033477119   	0.00069960096  	0.001654245    	0.0018019371   	0.0014229553   	
0.0002897199   	0.0012062516   	0.0016434591   	0.0013734841   	0.0013870575   	0.0010556305   	0.0011850016   	0.002003526    	0.0014567975   	0.002529912    	0.0011360296   	0.0014007543   	0.0010070823   	0.0006181879   	0.0008873859   	0.0028114878   	0.0006729413   	0.0020057536   	0.00095324754  	0.00063534547  	0.0021009066   	0.0016259644   	0.00095872604  	0.0032099653   	0.00173586     	0.0011694281   	0.0016982037   	0.001858519    	0.0005827513   	0.0010800584   	0.00090469344  	0.001107808    	0.0012679393   	0.00067609054  	0.0014378479   	0.0015808338   	0.0031786384   	0.0008617569   	0.00106083     	0.0009255741   	0.0012686888   	0.0009959817   	0.0011673672   	0.0020529258   	0.00082915294  	0.0011494178   	0.00599244     	0.001660907    	0.0011157626   	0.0015449497   	0.00058354245  	0.0024932039   	0.001142557    	0.00044401106  	0.0016819043   	0.0032443986   	0.0012510844   	0.0016360903   	0.0030487739   	0.00077444856  	0.0033132744   	0.0009290075   	0.00096938835  	0.0020206275   	0.0013961265   	0.0019968615   	0.00045416155  	0.0006064365   	0.0012942275   	0.00093364995  	0.0011377579   	0.002771565    	0.0015057778   	0.0005830556   	0.0013609704   	0.0012907594   	0.0024613084   	0.0019967393   	0.00053305295  	0.0018527926   	0.002560604    	0.00064956915  	0.0009213159   	0.0011768391   	0.0007363941   	0.0015701723   	0.0012829643   	0.00068381923  	0.0012602751   	0.0023966385   	0.0010713191   	0.002445881    	0.00071209116  	0.00094462413  	0.0021621757   	0.0016551783   	0.002720172    	0.00066256826  	0.00015754423  	0.0022381488   	
0.0009125535   	0.00075229147  	0.0018973205   	0.00041999226  	0.001318476    	0.001058817    	0.0021106151   	0.0025878216   	0.0012993669   	0.0004310251   	0.00057640637  	0.0037562503   	0.0023135182   	0.0006713058   	0.0023814703   	0.0028381506   	0.0016753452   	0.000838603    	0.0024475753   	0.0010700778   	0.0009679747   	0.0009789943   	0.00062197854  	0.0020515681   	0.0028903852   	0.0019286533   	0.0020131143   	0.00047635756  	0.0010255334   	0.0011778136   	0.00076829945  	0.0014465705   	0.0012062405   	0.00063933985  	0.0013655309   	0.0011953306   	0.0007363755   	0.00039190106  	0.0020299307   	0.0015402484   	0.001513091    	0.0010986585   	0.00087053323  	0.001089546    	0.0012743194   	0.0011052217   	0.00050747267  	0.0006328796   	0.0017718821   	0.0013817027   	0.00084072107  	0.00054592313  	0.0013917324   	0.00094143226  	0.0007533924   	0.001230589    	0.0007898497   	0.0019907036   	0.0007612493   	0.0015755318   	0.0015554071   	0.001294974    	0.0004960541   	0.0002983115   	0.0008541324   	0.00045183333  	0.00055595493  	0.00089811714  	0.00079615036  	0.002130396    	0.0017154843   	0.0026370871   	0.0023267802   	0.0018912659   	0.0022067337   	0.0017794569   	0.0016818875   	0.0016068744   	0.00043773637  	0.0016087453   	0.0018980104   	0.0015911518   	0.0016067418   	0.0013247416   	0.0007261125   	0.0011846054   	0.0013286327   	0.0013328391   	0.0005899725   	0.0025682296   	0.0006342589   	0.0013747537   	0.0005013681   	0.0009384988   	0.0004414966   	0.00025578655  	0.0017495563   	0.0017966337   	0.00036212266  	0.0017752757   	
0.00047426828  	0.00080532796  	0.0005054415   	0.0021465444   	0.00023514176  	0.00028153838  	0.0014672062   	0.0004293643   	0.0017120282   	0.001657778    	0.00012629888  	0.00042489328  	0.00038558818  	0.00020858448  	0.000848133    	0.0022348424   	0.0028924642   	0.0011245661   	0.00089949183  	0.00064263097  	0.000999764    	0.0015474226   	0.0025602428   	0.0016853561   	0.0023971065   	0.0019537548   	0.0003073778   	0.0017811715   	0.0013789316   	0.0014288886   	0.0027274734   	0.000641057    	0.00014951084  	0.00061097514  	0.00073086645  	0.0012132602   	0.0013776753   	0.00087099744  	0.0040633627   	0.0034315703   	0.00047383347  	0.0025514401   	0.0002213567   	0.00067993574  	0.0019800772   	0.00059425284  	7.090002E-05   	0.00062590383  	0.0001641538   	0.0017717612   	0.0032385692   	0.0006105819   	0.00055159384  	0.0005554632   	0.001154136    	0.0018358848   	0.0006828846   	0.0014524802   	0.002667991    	0.0013979896   	0.0006073439   	0.0016332391   	0.0012213502   	0.0023575819   	0.0013025005   	0.00034652717  	0.00082965934  	5.3063493E-05  	0.0016259645   	0.0022837978   	0.00081709813  	0.0007740162   	0.0021978554   	0.0010865539   	0.0020620825   	0.00037922955  	0.0016033128   	0.0028066437   	0.0013866846   	0.0012719948   	0.0016046866   	0.0011522743   	0.0005046202   	0.0013975347   	0.0013083926   	0.0024490748   	0.0015004358   	0.0009893337   	0.0020011163   	0.002100103    	0.001637095    	0.0009587865   	0.000716999    	0.0022421887   	0.0023414998   	0.00077373965  	0.0015103891   	0.00031147085  	0.0031222997   	0.0016881434   	
0.00017309208  	0.0016112458   	0.00075684336  	0.0012934791   	0.00034998442  	0.00087705324  	0.001854205    	0.000861977    	0.0022735344   	0.00040275397  	0.0021171481   	0.0010639745   	0.0018711938   	0.0011964092   	0.0016700749   	0.0026518027   	0.0011516125   	0.00056144537  	0.0008660743   	0.0014383018   	0.0034966136   	0.00088574394  	0.0012604374   	0.0018557401   	0.0014098183   	0.0012963469   	0.00062115764  	0.0022288803   	0.00054306135  	0.00096592616  	0.0008822425   	0.0012943406   	0.000526983    	0.0022387812   	0.0017243697   	0.0016532546   	0.00079785316  	0.001033699    	0.0019848777   	0.0016814014   	0.001283415    	0.0014577042   	0.0014768863   	0.0016887417   	0.0017381017   	0.0015915746   	0.0012733444   	0.0018905831   	0.0015874215   	0.00086286524  	0.0026227375   	0.0033079088   	0.0006108074   	0.0008693191   	0.0013446591   	0.0017691759   	0.0019277596   	0.0013437594   	0.0007982149   	0.00033903867  	0.0004621838   	0.0019028216   	0.0017683909   	0.001075514    	0.00056657504  	0.00068989553  	0.0003683624   	0.0003651665   	0.0033979705   	0.001673702    	0.0008895136   	0.0008431609   	0.00057767116  	0.00077232765  	0.0013960724   	0.0006908852   	0.00058418594  	0.0019391238   	0.002316032    	0.0004256003   	0.0026839774   	0.0016800574   	0.0034987458   	0.001255004    	0.0012728967   	0.0012915981   	0.0013748545   	0.0018760826   	0.0009853586   	0.00042511694  	0.00031099815  	0.0019914662   	0.000889648    	0.000811716    	0.00053130754  	0.0006686267   	0.00087761803  	0.00071287854  	0.0019147971   	0.0017514408   	
0.0014851263   	0.0011225148   	0.0006237701   	0.0012575344   	0.0011172954   	0.00047276597  	0.0015553663   	0.0019784612   	0.0013462411   	0.00060534076  	0.0026015828   	0.000477124    	0.0008918842   	0.0005110781   	0.00053694966  	0.0031646474   	0.0012469554   	0.0010867516   	0.0022036592   	0.0010023483   	0.0007105109   	0.0012623912   	0.0011773139   	0.0011061493   	0.0018735597   	0.0017356419   	0.0029131703   	0.0021586104   	0.001190768    	0.00075058296  	0.0007880805   	0.0018421259   	0.0007035266   	0.00025653385  	0.0013757892   	0.0029499044   	0.0017590103   	0.00042889587  	0.0015842548   	0.00014941361  	0.0028531996   	0.0021187637   	0.0007083778   	0.0036659692   	0.0012297307   	0.0029867175   	0.0023792426   	0.0011482915   	0.0023355247   	0.00074922     	0.00033145872  	0.0007691175   	0.0013721661   	0.001902639    	0.0021701057   	0.0004144378   	0.0015060077   	0.0007914755   	0.0017998345   	0.00018586346  	0.00030790523  	0.0023012592   	0.0023032336   	0.0014996239   	0.000643534    	0.0028349669   	0.001233819    	0.002321905    	0.0004912633   	4.6589957E-05  	0.0024606194   	0.0018966603   	0.0005800457   	0.0003670627   	0.0017573853   	0.0012300413   	0.0009703215   	0.0007887024   	0.0002672056   	0.00037631104  	0.0012868777   	0.0017808824   	0.0017424679   	0.0017734552   	0.00058543804  	0.0014167831   	0.0019084776   	0.0022432453   	0.0012608495   	0.0018827432   	0.0020770358   	0.0010761966   	0.0007413461   	0.0015091774   	0.0014969789   	0.0024701608   	0.0017493662   	0.0002298837   	0.0008448557   	0.000850231    	
0.0022448427   	0.00050775474  	0.00039569533  	0.0016602618   	0.00096738536  	0.00253567     	0.0013346554   	0.0012344386   	0.0004576739   	0.001824288    	0.0012113262   	0.0029904686   	0.0012118527   	0.0017721045   	0.00096855225  	0.00031589408  	0.0010078426   	0.00058173435  	0.0022892633   	0.0027825877   	0.0021843412   	0.0033182597   	0.0012528901   	0.0002523906   	0.00064428005  	0.001018968    	0.0030212996   	0.0013119525   	0.002120209    	0.0010565578   	0.0022820116   	0.0011694655   	0.00014932039  	0.00021665971  	0.0017422547   	0.00064137543  	0.00041023747  	0.0025039278   	0.0007009522   	0.0015862874   	0.0017259453   	0.0012923895   	0.00039763364  	0.0005163119   	0.0007311041   	0.0010533007   	0.0009653511   	0.0023422008   	0.0014511552   	0.001715927    	0.00055393885  	0.0030101638   	0.0015879618   	0.0013762884   	0.0010766834   	0.0019977647   	0.00096428377  	0.0015013551   	0.0021502147   	0.0005817749   	0.0009843268   	0.0014977425   	0.0023321381   	0.0023815543   	0.00083373813  	0.001988108    	0.0027716015   	0.0026730746   	0.0010460166   	0.0016388596   	0.000943851    	0.0010244501   	0.0020338998   	0.0006505124   	0.0016996396   	0.0030307733   	0.000546019    	0.00031677724  	0.0009179138   	0.0010081783   	0.0010965813   	0.0007798109   	0.0013785069   	0.0024601233   	0.0010287105   	0.002556827    	0.0006468236   	0.0021883775   	0.004010717    	0.002104106    	0.00087005016  	0.001300302    	0.0009721287   	0.0013201408   	0.00088655145  	0.00049653754  	0.0019734162   	0.0012448329   	0.0013197686   	0.00039232025  	
0.00087886245  	0.0018125555   	0.00029314353  	0.0007786019   	0.00078553206  	0.00076560676  	0.00095556775  	0.0018689506   	0.00046005633  	0.0003523982   	0.0010836332   	0.0007852374   	0.0027933598   	0.002014349    	0.0012856626   	0.0021725206   	0.0021916952   	0.0011075381   	0.0019162289   	0.00069385016  	0.002176119    	0.00024976247  	0.0019950527   	0.0027116952   	0.00060303457  	0.0007754675   	0.0024500291   	0.0006133996   	0.00042244705  	0.0018773609   	0.0011923619   	0.001549357    	0.00051496294  	0.0018746385   	0.00081482966  	0.0012702104   	0.001651591    	0.00041896183  	0.0021290681   	0.002889493    	0.0018071604   	0.003336747    	0.0016140711   	0.0014132147   	0.00087227585  	0.00059974554  	0.0027355286   	0.002251678    	0.0018470029   	0.00037496543  	0.00044960805  	0.0007576951   	0.0018267662   	0.00072426733  	0.00081779534  	0.0007427963   	0.0012957761   	0.0027909726   	0.0016058679   	0.0013037446   	0.0016035684   	0.0015780465   	0.0026323195   	0.0003630761   	0.001963766    	0.001320336    	0.0009844548   	0.0021985562   	0.0011989232   	0.0007489966   	0.0009676791   	0.0022018547   	0.0018067042   	0.0022344936   	0.0011708301   	0.0015330974   	0.001109967    	0.00064676045  	0.0008585409   	0.0010405128   	0.0013722439   	0.0023384034   	0.0032055108   	0.001491304    	0.0018563599   	0.0044405856   	0.0021966116   	0.003052941    	0.0003596076   	0.0011005444   	0.00167532     	0.0008298097   	0.00069287256  	0.0016921267   	0.0028143264   	0.00061863166  	0.0016792233   	0.0019541439   	0.001233869    	0.001690322    	
0.0017729175   	0.0012342094   	0.0013592804   	0.00069525366  	0.0011915031   	0.0023493927   	0.0004372167   	0.0011608581   	0.0007185847   	0.0006914875   	0.00050582126  	0.0014813803   	0.0012384541   	0.00044796025  	0.0008428292   	0.00040606764  	0.00088707986  	0.00079491193  	0.00076606264  	0.002437005    	0.0008853719   	0.0011568373   	0.00086292566  	0.0029114233   	0.0013716322   	0.0007125789   	0.0010278549   	0.0010342393   	0.0008407923   	0.0013364088   	0.0021434883   	0.0023178477   	0.0032722335   	0.0010773966   	0.0015322292   	0.0018613819   	0.0014420509   	0.00029351737  	0.0027608338   	0.000702086    	0.0010320122   	0.002197949    	0.0014974998   	0.0009245107   	0.00028571463  	0.0020387473   	0.00080216065  	0.00088547217  	0.0010333057   	0.0010711106   	0.0013652813   	0.00086319447  	0.0007297026   	0.0014219504   	0.0031814398   	0.0014635335   	0.0015295997   	0.0009718241   	0.0011513203   	0.00038726974  	0.0006657443   	0.0016549074   	0.0010803645   	0.004724897    	0.0024869642   	0.00127053     	0.0012286351   	0.0016612277   	0.00080413336  	0.00094064255  	0.0009156357   	0.0008694089   	0.0014210226   	0.0015313182   	0.0012110614   	0.0009981225   	0.0011601041   	0.0017363778   	0.00070066826  	0.0013090455   	0.0011571299   	0.00059874094  	0.0007017253   	0.0023942841   	0.00075161265  	0.00022785038  	0.0018121082   	0.0010111134   	0.0015522732   	0.0007692501   	0.0008175563   	0.0012067357   	0.0011495285   	0.0013336785   	0.00035939433  	0.00068669603  	0.0006309954   	0.00264717     	0.0010237047   	0.00045467808  	
0.0010344391   	0.00071986235  	0.00080656813  	0.0011821302   	0.0012001422   	0.00051477825  	0.0008406118   	6.228289E-05   	0.0028197058   	0.0024351259   	0.00048303563  	0.0011368311   	0.0010830278   	0.00091424666  	0.0009471986   	0.0027384418   	0.0019403709   	0.0008602283   	0.0011422647   	0.0016221202   	0.0014333704   	0.00094923953  	0.00049611885  	0.0015042487   	0.0018765775   	0.0012038978   	0.0006881825   	0.0010258259   	0.0011415149   	0.00015767734  	0.00038302448  	0.0011945593   	0.0011341763   	0.0010781266   	0.0014698069   	0.00017954766  	0.001604006    	0.00062090467  	0.0008172679   	0.0009875788   	0.0008243844   	0.001716973    	0.001049602    	0.00080089713  	0.0013107257   	0.00066957984  	0.0005002273   	0.002410462    	0.0020144545   	0.001478826    	0.0004477994   	0.0012160741   	0.0010603067   	0.0016290342   	0.001771041    	0.0019541702   	0.0013700948   	0.001207416    	0.0013859458   	0.00047280043  	0.00081190706  	0.0025442867   	0.0007459376   	0.0010423713   	0.0015634979   	0.0019154515   	0.0008493296   	0.00212965     	0.0014135214   	7.4349606E-05  	0.0016919106   	0.0016423926   	0.0011690399   	0.0016692737   	0.0017934134   	0.00042184765  	0.0010137643   	0.0016808438   	0.0021294935   	0.0030893525   	0.0020620055   	0.00090888346  	0.0025937003   	0.0018630408   	0.0022832013   	0.001503434    	0.0023738993   	0.0012324168   	0.0022888125   	0.00067841914  	0.00040609913  	0.0009173886   	0.00059285533  	0.00026053627  	0.0014132727   	0.0019858077   	0.0017035288   	0.0021391837   	0.0013640753   	0.00094979565  	
0.0011421562   	0.0014658469   	0.0025049162   	0.00036342538  	0.0030923204   	0.0007239868   	0.0014803158   	0.00021297338  	0.0015392143   	0.004516074    	0.0027978076   	0.0010312953   	0.0012906321   	0.0012108102   	0.0020953033   	0.0016970532   	0.00055840117  	0.00032933135  	0.0009403409   	0.0017895894   	0.0016557137   	0.00093962054  	0.00095898943  	0.002369237    	0.0020657857   	0.0025451148   	0.0009349646   	0.0016543497   	0.0006086392   	0.0026914952   	4.8592938E-05  	0.0023091384   	0.0037001648   	0.0006307621   	0.0011468753   	0.0021672356   	0.0026170125   	0.0005317229   	0.00196418     	0.0014452653   	0.0023953281   	0.0052147848   	0.0010443002   	0.002245756    	0.0007233576   	0.000842675    	0.0008880643   	0.0014098634   	0.0010809108   	0.0019727773   	0.0018928883   	0.0007962313   	0.0015456935   	0.0019071914   	0.00047301623  	0.0017532532   	0.0015106619   	0.0020085804   	0.0026054464   	0.000618965    	0.002503585    	0.000821175    	0.0012201455   	0.0020879696   	0.0012048084   	0.0007585625   	0.00023231762  	0.0012171267   	0.001421938    	0.0016711745   	0.0018656797   	0.00190176     	0.0010928414   	0.0013604645   	0.0018591483   	0.0016067785   	0.0020052984   	0.00031234452  	0.0016166273   	0.00073906186  	0.0018157965   	0.00037376082  	0.0019462154   	0.0015139      	0.0015039619   	0.00049662945  	0.0007860174   	0.0021784042   	0.00035295816  	0.0019127454   	0.001345516    	0.0013342991   	0.00089857134  	0.00013508208  	0.0021097255   	0.0024507092   	0.0013809322   	0.0010312021   	0.0016728336   	0.0015343963   	
0.0013926652   	0.0011291408   	0.0015225695   	0.0022284437   	0.0008018346   	0.0022108625   	0.000912283    	0.0003678716   	0.0015167082   	0.0011644819   	0.00013176483  	0.0017729455   	0.0022331178   	0.001503147    	0.0019634678   	0.00019532227  	0.001449292    	0.0010216337   	0.0003031184   	0.0017196931   	0.0019752926   	0.0014539928   	0.0018740228   	0.0013323156   	0.0010944423   	0.0019833886   	0.0019557364   	0.00037675063  	0.0014366584   	0.002066068    	0.0013760439   	0.0020969734   	0.0012944253   	0.000592648    	0.0005482221   	0.0004579224   	0.0013889698   	0.0009147653   	0.001174344    	0.0011665393   	0.0030101447   	0.0028892388   	0.0014075347   	0.00282705     	0.0034261094   	0.0018334652   	0.0013799007   	0.00045697263  	0.00079804746  	0.0017065081   	0.0013408454   	0.00033960523  	0.0005734872   	0.0007995647   	0.0003755809   	0.0010664401   	0.0011064872   	0.0017706351   	0.001108369    	0.00083648786  	0.00041400996  	0.00043210923  	0.0038990187   	0.00044657197  	0.0018049226   	0.0030049651   	0.0017129737   	0.001172127    	0.0015861788   	0.0007873871   	0.0021082088   	0.0013529132   	0.0019702232   	0.00051953294  	0.00083753513  	0.0012459094   	0.0015569641   	0.0018375559   	0.0011287634   	0.0007922709   	0.0012579939   	0.0006900962   	0.00061489     	0.0018793097   	0.0009883443   	0.0006386367   	0.00089762796  	0.0011839455   	0.00033534697  	0.0012731625   	0.0015429029   	0.0015076358   	0.0026905087   	0.0013444336   	0.003974524    	0.002064549    	0.0017358458   	0.0012449006   	0.00021362992  	0.0006716675   	
0.0018265347   	0.0008790445   	0.00088431285  	0.0011100684   	0.0010333961   	0.003048829    	0.0012841484   	0.0017742999   	0.0030647805   	0.0010559795   	0.0018206615   	0.00024084425  	0.00076373556  	0.0007544701   	0.001342705    	0.0013487613   	0.0023462551   	0.0011241906   	0.00051676464  	0.00089769624  	0.000129176    	0.00097655074  	0.0030323805   	0.0013100117   	0.0023047482   	0.0037800951   	0.0019257335   	0.0021603669   	0.0019586834   	0.0002844328   	0.0011183008   	0.00077884115  	0.0018573165   	0.00079175504  	0.0014958265   	0.00073231384  	0.0004991176   	0.0006763326   	0.002190192    	0.001439972    	0.0021099006   	0.001211764    	0.0016748537   	0.0015239773   	0.0008164378   	0.0017628913   	0.0018630783   	0.0011127953   	0.0013378389   	0.0008669949   	0.0008281927   	0.0015827713   	0.0009915213   	0.0016270449   	0.0018499221   	0.0034721787   	0.0014141188   	0.00056701194  	0.0012271948   	0.0009944462   	0.0012134814   	0.0019903597   	0.0016068686   	0.0024927733   	0.0024728684   	0.0018101136   	0.002211646    	0.0032488373   	0.0015291201   	0.0015827918   	0.0007986155   	0.0007062662   	0.0012984113   	0.00047791415  	0.0020421736   	0.00046666779  	0.0009992634   	0.0004524754   	0.002309172    	0.0012358688   	0.0013448616   	0.0013284947   	0.0014052497   	0.0010897851   	0.0010488505   	0.0026290491   	0.0008143597   	0.00044313452  	0.00108188     	0.0012048719   	0.0030092094   	0.001089661    	0.0004972622   	0.00036511192  	0.0035799507   	0.0005145546   	0.0026230777   	0.0009832717   	0.0013957568   	0.000451602    	
0.001867003    	0.0014125865   	0.0009369334   	0.0015776951   	0.0019188357   	0.0025725134   	0.0007138543   	0.0018253075   	0.0014501669   	0.0008430025   	0.0019961053   	0.00074233033  	0.0013247748   	0.0008138653   	0.0015062204   	0.003364585    	0.0008192602   	0.002020587    	0.0011287226   	0.0017942082   	0.0008877971   	0.0008086697   	0.0022892905   	0.00094052765  	0.00065241446  	0.0013010951   	0.0013743374   	0.002407495    	0.0004698035   	0.0004286828   	0.0025357935   	0.0026778246   	0.0005780751   	0.0025076359   	0.0006551126   	0.0007182175   	0.0013783635   	0.0009989291   	0.0017044642   	0.0011500575   	0.00040929837  	0.0011752247   	0.0013922732   	0.0013540582   	0.0019554761   	0.0011545687   	0.0019271981   	0.0009874111   	0.0008738963   	0.0011224957   	0.0006940558   	0.0028472133   	0.0026047016   	0.0006267395   	0.00079573336  	0.0014499008   	0.0009025377   	0.001420052    	0.0016681117   	0.00037628383  	0.0001544186   	0.00017508624  	0.0005296902   	0.0014075133   	0.0006956788   	0.0011941165   	0.0023131943   	0.0025561154   	0.0008067463   	0.0006521453   	0.0007977977   	0.0017411842   	0.0008912308   	0.0005837435   	0.0012000682   	0.0007712708   	0.001073754    	0.0006091109   	0.002574575    	0.00075513986  	0.0021001103   	0.0009072271   	0.00061987416  	0.0015909532   	0.00038409876  	0.0025319792   	0.0015582033   	0.0014549937   	0.000536544    	0.0015841175   	0.0010515339   	0.00221136     	0.002164904    	0.00088744063  	0.00077263475  	0.00038586205  	0.0022745728   	0.001656127    	0.0007053059   	0.0010255015   	
0.0012517114   	0.0012757301   	0.002824576    	0.0014510873   	0.0016381978   	0.0026862044   	0.00158765     	0.0009872663   	0.002112298    	0.00029177993  	0.002154115    	0.0013569418   	0.000631222    	0.0014731738   	0.0005645471   	0.0009814533   	0.0010739784   	0.0012010153   	0.0017503202   	0.001214242    	0.0012486442   	0.0012985332   	0.0006728924   	0.0019647328   	0.0017511615   	0.0029262525   	0.00080465956  	0.0027424407   	0.0017690234   	0.0027250145   	0.00033812146  	0.0010418562   	0.00094116083  	0.0010126202   	0.0023385822   	0.0007559433   	0.0015033475   	0.00047403513  	0.00085314293  	0.0007307574   	0.0018071232   	0.00096976245  	0.00077080325  	0.0023314934   	0.0015750063   	0.00094571704  	0.0018679074   	0.0020052574   	0.00024264501  	0.001731263    	0.00029990225  	0.0016518015   	0.0021179488   	0.00155327     	0.0017306403   	0.0019403454   	0.0012685942   	0.001620323    	0.0014606057   	0.0006846829   	0.0021103215   	0.0007720534   	0.0005436398   	0.0017251923   	0.00022430981  	0.0010629152   	0.0020725676   	0.0016248724   	0.0010073163   	0.0023963058   	0.0012806995   	0.0007850619   	0.0011206307   	0.0006174512   	0.002543116    	0.0030180123   	0.001549       	0.0010981887   	0.0027007791   	0.0015269793   	0.00025494667  	0.0016493244   	0.0020271756   	0.001282826    	0.0003274055   	0.0005554204   	0.00081072125  	0.0023005274   	0.0016621363   	0.00073109026  	0.0017899405   	6.6134424E-05  	0.0019980755   	0.0011413546   	0.002843342    	0.0008782673   	0.0026173845   	0.0009387875   	0.0005707076   	0.001006138    	
0.00058965845  	0.0013155232   	0.00069054286  	0.00088519277  	0.0012978051   	0.0031103934   	0.0019323872   	0.0016476653   	0.0015712213   	0.00038918958  	0.00078771845  	0.0010105632   	0.0011570001   	0.0010937994   	0.0016907562   	0.0013852676   	0.0007706103   	0.00060451654  	0.00096299895  	0.0014518104   	0.0005808294   	0.0013581112   	0.0015117883   	0.0029158064   	0.002097337    	0.00024381938  	0.00320886     	0.0015613905   	0.0022181803   	0.0027099794   	0.0017513821   	0.0015834467   	0.001527882    	0.0018089889   	0.0011744623   	0.0010998339   	0.0029035246   	0.0010571617   	0.0033774439   	0.0016703794   	0.0020615922   	0.003137642    	0.0013427129   	0.0007882075   	0.00046555605  	0.0013021043   	0.00043827976  	0.0029342044   	0.0012387054   	0.0013131817   	0.001063551    	0.002742932    	0.0011773476   	0.0009359195   	0.0017477102   	0.0024328523   	0.0029309269   	0.0020603803   	0.0013811251   	0.00048407546  	0.00039843342  	0.0007390194   	0.0028213195   	0.0013984712   	0.0006304852   	0.0007533077   	0.0005963813   	0.0011039302   	0.0011956133   	0.0016528798   	0.0011370776   	0.002876486    	0.0005747986   	0.0021589214   	0.0017667303   	0.00094141316  	0.00055222266  	0.000115983246 	8.306101E-05   	0.0008539558   	0.0024701515   	0.00082049344  	0.0014751917   	0.0008296398   	0.0009306675   	0.0011632243   	0.0015773857   	0.0026586386   	0.0011482202   	0.0020464319   	0.0022330915   	0.0009765697   	0.0016052353   	0.001037237    	0.00138372     	0.003121837    	0.0023636573   	0.0021836152   	0.00028356983  	0.00087187684  	
0.001400998    	0.001458565    	0.0011477371   	0.0024603477   	0.0019056709   	0.0012142322   	0.00023911672  	0.001222639    	0.0013187313   	0.00087794557  	0.0008566219   	0.0009474362   	0.0025914186   	0.0021415465   	0.0007292186   	0.0022210665   	0.0021537582   	0.0010225557   	0.0017910999   	0.00086218386  	9.964053E-05   	0.00061534054  	0.00069334114  	0.0001316963   	0.0017218655   	0.0020318914   	0.0010796016   	0.0014882354   	0.0012279573   	0.0009861364   	0.0026071784   	0.0017383653   	0.0012176544   	0.0017873794   	0.0016834091   	0.001150102    	0.0024405017   	0.00144489     	0.0030278834   	0.0017362733   	0.00070811313  	0.0005945652   	0.0009512207   	0.0008345697   	0.003001458    	0.0011183002   	0.001448442    	0.0026905092   	0.0015023273   	0.00024903382  	0.00041375976  	0.00061081006  	0.0015483776   	0.0014342797   	0.0022252214   	0.0031834769   	0.0018879022   	0.0011922232   	0.0012290643   	0.00076077663  	0.00019351023  	0.0021184904   	0.0010014481   	0.0014778349   	0.0008175573   	0.0012761041   	0.0007684615   	0.0009739697   	0.00096755376  	0.0027731548   	0.00185739     	0.00076548633  	0.0017570305   	0.0024047238   	0.0001633355   	0.00023811744  	0.0014707383   	0.0014674136   	0.0020986234   	0.0015315223   	0.0018692282   	0.0010103635   	0.0008163401   	0.000739704    	0.001045612    	0.0025899874   	0.00020169138  	0.0014748051   	0.0030229706   	0.0013467685   	0.00021521747  	0.0007262915   	0.0015549085   	0.0011772084   	0.0010566047   	0.0018566671   	0.00032817325  	0.00036433316  	0.0015158687   	0.0006088351   	
0.0021044246   	0.003342008    	0.0010026393   	0.0018805958   	0.0031348104   	0.0020295961   	0.0032509991   	0.00053443166  	0.0013560748   	0.0019732357   	0.0014124536   	0.0010995563   	0.0023266857   	0.0030403081   	0.0011408295   	0.0029360864   	0.0024998256   	0.0012713382   	0.0019961065   	0.0006902764   	0.0015169041   	0.001193502    	0.0001985003   	0.0007508235   	0.00079229136  	0.001645419    	0.00035617498  	0.0019154095   	0.0014300239   	0.0017412322   	0.0039637135   	0.0015598265   	0.00054687803  	0.0014817499   	0.0012556172   	0.0006503569   	0.0017518322   	0.00021682084  	0.0009795802   	0.0012431676   	0.0001259002   	0.00077827624  	0.00034988433  	0.00048289818  	0.00059185235  	0.0018564834   	0.0016529992   	0.0013855892   	0.00050267344  	0.00069804204  	0.0018601489   	0.00082882855  	0.0014716751   	0.0007444167   	0.00017827237  	0.0013147772   	0.0023352515   	0.0013938617   	0.00060470606  	0.0012925583   	0.003301222    	0.00048596424  	0.00015104222  	0.0015539433   	0.00088008214  	0.0008631407   	0.00088030496  	0.0031239172   	0.0010173803   	0.0021006332   	0.0021925834   	0.00029135682  	0.0011717032   	0.0013114172   	0.0019514611   	0.0009213105   	0.00030540978  	0.0019381264   	0.0018593504   	0.0024097809   	0.00100727     	0.0014260578   	0.0009924099   	0.0016568059   	0.00014960012  	0.0012852965   	0.002083524    	0.0009353943   	0.00038357542  	0.0007868968   	0.0023252296   	0.0012342719   	0.002290969    	0.0010702951   	0.0009249252   	0.002502225    	0.0033610095   	0.00093784416  	0.0012402767   	0.0006537132   	
0.0006174862   	0.0014591108   	0.000848015    	0.00058140093  	0.0022563648   	0.0014911387   	0.00023432606  	0.0013220599   	0.0013798662   	0.0008165255   	0.00086195755  	0.00055844145  	0.0008696551   	0.0012744894   	0.0015286654   	0.0017336586   	0.0004050579   	0.0022388755   	0.0005230882   	0.0020932981   	6.5190754E-05  	0.0011217977   	0.0005245933   	0.0006901087   	0.0006141942   	0.00058365497  	0.0035239249   	0.0018726457   	0.0014403334   	0.00026431953  	0.0018820212   	0.0004627562   	0.0009897841   	0.0003454933   	0.00046761023  	0.0012216455   	0.0021013108   	0.00096144417  	0.0012496167   	0.0007354025   	0.0014173712   	0.00064988463  	0.0010300643   	0.0011663933   	0.0009946348   	0.00089174084  	0.0007233348   	0.0021153188   	0.0018616002   	0.0016651956   	0.0009819465   	0.0017858153   	0.0024134284   	0.00086593087  	0.0003666629   	0.001780964    	0.00172881     	0.0014151435   	0.00035968452  	0.0017289709   	0.0025333255   	0.0014420033   	0.00086388836  	0.0017954044   	0.0017305764   	0.0005580909   	0.0014058519   	0.0027559232   	0.0024570862   	5.0298822E-05  	0.0010857782   	0.002304531    	0.0008928641   	0.0009797155   	0.00086180144  	0.0018396339   	0.0018051745   	0.0009171701   	0.00047535493  	0.00068670505  	0.001006024    	0.001276184    	0.002784059    	0.00025350836  	0.0018354123   	0.0018033551   	0.001339577    	0.001627485    	0.00034666693  	0.0017586238   	0.0015720822   	0.0010694944   	0.00048291747  	0.0011260379   	0.0011521489   	0.0033502246   	0.001490313    	0.0005756528   	0.0010080787   	0.0007099848   	
0.0009902191   	0.0003920181   	0.0016504823   	0.0008925277   	0.00086097344  	0.0022856698   	0.0045075538   	0.0010993759   	0.000383504    	0.0010517573   	0.00076268276  	0.0027746558   	0.00038622896  	0.0014776918   	0.0017523693   	0.0016000136   	0.00076557003  	0.00052442343  	0.002193482    	0.0006603865   	0.00050014775  	0.0016741845   	0.0006956569   	0.00040238677  	0.0019540282   	0.0017869169   	0.0026450139   	0.0035853737   	0.0006071641   	0.0008443537   	0.001218721    	0.00050907914  	0.002305285    	0.0020642679   	0.0003388206   	0.0010470985   	0.0013751269   	0.0011260043   	0.0014508102   	0.0014842624   	0.00023068281  	0.00021531928  	0.0038137522   	0.0024474596   	0.0023138677   	0.0006022533   	0.0018013206   	0.0003253014   	0.0007220075   	0.001485194    	0.00076184614  	0.0014326939   	0.00040569523  	0.00060555997  	0.0010069754   	0.00049114454  	0.001480782    	0.0013019056   	0.0021699588   	0.00032937073  	0.0013020134   	0.0010524517   	0.00038249922  	0.0014875891   	0.00060080906  	0.0018771968   	0.0008529391   	0.0017327738   	0.00048568548  	0.0023012995   	0.0013261324   	0.0013079584   	0.0018585441   	0.0022849252   	0.0013889937   	0.00064263056  	0.0020217435   	0.0011534413   	0.0010908603   	0.00093594205  	0.0008877475   	0.00040256887  	0.0014376959   	0.0013742856   	0.00060737267  	0.0014446082   	0.0017216002   	0.0013777215   	0.00068593683  	0.00027698633  	0.0016003171   	0.0027092835   	0.0004888984   	0.0027066194   	0.001268781    	0.0012198394   	0.001763385    	0.002032787    	0.001454896    	0.00017161483  	
0.0012589977   	0.00081816077  	0.0031604501   	0.0006303261   	0.002992723    	0.0027928331   	0.0035984106   	0.0005367318   	0.0008856916   	0.0017938148   	0.0023213564   	0.0023487604   	0.0017848258   	0.0008670449   	0.00025269404  	0.00048023192  	0.0008018596   	0.0009001517   	0.0009846173   	0.00039271245  	0.00095098815  	0.0031982665   	0.0016072381   	0.00058899337  	0.0008557671   	0.0012743204   	0.00052406295  	0.0011043969   	0.0022071484   	0.0013609508   	0.0016203709   	0.0013611069   	0.0014748173   	0.0010797925   	0.0011763312   	0.001935208    	0.001732881    	0.00039645168  	0.0008862282   	0.0014510222   	0.00074683933  	0.00057365804  	0.0017314255   	0.00031571754  	0.00082048343  	0.0011995856   	0.0024796552   	0.0019460964   	0.00026067288  	0.0009578263   	0.0005038847   	0.00022452879  	0.0015384471   	0.00072744733  	0.0017402722   	0.0020636003   	0.0010807116   	0.0019059073   	0.0017046909   	0.0006193481   	0.001197805    	0.00024135249  	0.00022922625  	0.0018918163   	0.00016780164  	0.00072366704  	0.0012624289   	0.0019369274   	0.0017008623   	0.0012111423   	0.002041377    	0.00066124275  	0.0010947492   	0.0004443361   	0.00038004504  	0.00069328886  	0.00050791336  	0.0009776055   	0.0018067751   	0.0004795371   	0.0014883108   	6.0689927E-05  	0.0012604714   	0.0009193966   	0.0006991371   	0.0010095418   	0.0017167724   	0.001260158    	0.0017904477   	0.0014828001   	0.00062577     	0.001565341    	0.0011071521   	0.00076102075  	0.0012202288   	0.00013804689  	0.000836809    	0.0012128964   	0.0012151076   	0.0012047035   	
0.0005823192   	0.0015767463   	0.0014257296   	0.0012734066   	0.0008582495   	0.0009759627   	0.0019235949   	0.0019034465   	0.001204136    	0.001177018    	0.0012602896   	0.00073752063  	0.0021096691   	0.0014449102   	0.0013415096   	0.0014983775   	0.00037229832  	0.0013188352   	0.00067289686  	0.0016304195   	0.0009471496   	0.0018057888   	0.0008934921   	0.0012515553   	0.0014304862   	0.000865933    	0.00063317793  	0.00028762847  	0.00075945834  	0.00028532077  	0.00066628173  	0.0008741594   	0.0012757521   	0.0008536414   	0.0010938481   	0.00054677937  	0.00023286595  	0.0011700036   	0.0018083041   	0.00071720866  	0.0016433449   	0.00091004575  	0.0011651897   	0.00018593867  	0.00063189684  	0.0008254716   	0.00086486     	0.001088689    	0.0011182183   	0.0009440666   	0.0008341501   	0.0015467483   	0.00056605606  	0.0012437982   	0.0012816947   	0.000310881    	0.0020230862   	0.0020025296   	0.0011420317   	0.0011530487   	0.0018681413   	0.0020054085   	0.0016208582   	0.0014581333   	0.00010046022  	0.0014781571   	0.0008284421   	0.0011206288   	0.0017013804   	0.0008160657   	0.0016969019   	0.0019997568   	0.0007848056   	0.0019360018   	0.0021436037   	0.0011511315   	0.0021411418   	0.0013520756   	0.0002811955   	0.0007968775   	0.0017438509   	0.0011399203   	0.0003019263   	0.0014383286   	0.0019490249   	0.00082366314  	0.000925199    	0.0024468855   	0.00054685323  	0.00033633542  	0.0015851673   	0.0020241926   	0.0012863944   	0.0009835702   	0.00085878914  	0.00082122     	0.0034625826   	0.0015907878   	0.0016168026   	0.0013809203   	
0.0013664564   	0.000678244    	0.0026999302   	0.000107547006 	0.0015953088   	0.0018182994   	0.003037411    	0.0010254114   	0.00020913388  	0.00043064237  	0.0009715614   	0.0012050935   	0.0007089411   	0.0022064622   	0.0008801868   	0.0024574338   	0.0035813183   	0.0004996058   	0.0004782933   	0.0005787904   	0.0010769061   	0.0012025273   	0.002554407    	0.00096303056  	0.00042324176  	0.0018599431   	0.0021749616   	0.0008883242   	0.00043406463  	0.001002091    	0.002527708    	0.0016771951   	0.0024788945   	0.00095338334  	0.0017963954   	0.00095134944  	0.0014818757   	0.0019626992   	0.0018212915   	0.0033207198   	0.0019065657   	0.0015903356   	0.00038204354  	0.0012076366   	0.0006630997   	0.0010295439   	0.00044757585  	0.0008897009   	0.0016472741   	0.0016114265   	0.003063317    	0.001477048    	0.002155757    	0.0004984807   	0.00045728625  	0.0013109628   	0.0012393978   	0.0007774663   	0.0002441592   	0.00086403714  	0.00040344015  	0.0010270636   	0.0016895321   	0.00091062865  	0.002983246    	0.0010346553   	0.000804313    	0.00046720292  	0.0021203002   	0.0015068059   	0.0024791963   	0.000696786    	0.0021101928   	0.0021569051   	0.0021051194   	0.0009096153   	0.001401037    	0.0009802928   	0.001491569    	0.0003758806   	0.0006786628   	0.00045602486  	0.0012073958   	0.0005438786   	0.0007230931   	0.0011212359   	0.0011995845   	0.00087853987  	0.0014131394   	0.0014288609   	0.0013705809   	0.0013759586   	0.0011094896   	0.00017718828  	0.0020773548   	0.0038916355   	0.00090344     	0.00077189057  	0.00015492752  	0.0028434529   	
0.0008045968   	0.00080527656  	0.0018638793   	0.00097450323  	0.0046819374   	0.00039471796  	0.0012628078   	0.003238493    	0.0014412355   	0.00060794683  	0.00076400564  	0.00050169136  	0.0016564869   	0.0006185092   	0.0017886567   	0.0017018361   	0.000433575    	0.0015817963   	0.0019086443   	0.0011218566   	0.0018912242   	0.00054692366  	0.00047356266  	0.0012927081   	0.0010442141   	0.0010062153   	0.0010631396   	0.00013350388  	0.0031434183   	0.0029929143   	0.0019517086   	0.0006455866   	0.0013255787   	0.0010832486   	0.00075387757  	0.0012737167   	0.0016656175   	0.00047965275  	0.0009979535   	0.0008553253   	0.0009696885   	0.0008175056   	0.0006947817   	0.001170615    	0.0014976306   	0.0012716326   	3.1153806E-05  	0.0010779601   	0.0021352107   	0.00020411603  	0.0008809621   	0.0012480628   	0.0016228165   	0.00076517026  	0.00027969206  	0.0028747078   	0.003732791    	0.0011123844   	0.0020281237   	0.0026047868   	0.00039203503  	0.00075283117  	0.0011037964   	0.001662691    	0.0029444238   	0.0019752008   	0.00087833375  	0.0016346697   	0.0006331267   	0.00032266817  	0.002045931    	0.00087004394  	0.0013683164   	0.0046657147   	0.0020764282   	0.0009469394   	0.0012771564   	0.0007532678   	0.0009557092   	0.00030917014  	0.0010490936   	0.0007640392   	0.0015440033   	0.0014209028   	0.0027826782   	0.0012867036   	0.00066616596  	0.0013124094   	0.0022920503   	0.00022702663  	0.00051533856  	0.002274241    	0.00076094293  	0.0008319978   	0.0009589393   	0.0011798575   	0.002213722    	0.0013925808   	0.0015623348   	0.0013808231   	
0.0010561423   	0.0008401963   	0.0015244747   	0.0013195999   	0.001714282    	0.0020220599   	0.0008754972   	0.00044242316  	0.0010083617   	0.0010867921   	0.0010400299   	0.0006606898   	0.0008852513   	0.0020191565   	0.0023690332   	0.0004394464   	0.0013348566   	0.00046313144  	0.000912139    	0.001537653    	0.0007702677   	0.00031554746  	0.0009047248   	0.0019099424   	0.0010447948   	0.001568479    	0.0013947481   	0.0009021468   	0.00081393885  	0.0005466103   	0.00021021781  	0.0009050157   	0.0023979389   	0.0008543691   	0.0014111125   	0.0006041233   	0.00039317054  	0.0015818236   	0.0009000448   	0.003598935    	0.0010182913   	0.0022458644   	0.0011919303   	0.001450872    	0.0011369169   	0.0006258015   	0.0008930921   	0.0010740445   	0.00039863808  	0.0017391187   	0.001999866    	0.0011618254   	0.0002592112   	0.00166864     	0.0016778143   	0.0014018716   	0.0009593473   	0.0012311897   	0.00013112517  	0.0016618683   	0.0010803998   	0.0012557773   	0.0007055014   	0.0016321233   	0.0014211475   	0.00088973826  	0.0010672272   	0.0014168402   	0.0022800614   	0.001925374    	0.00071809074  	0.00060973933  	0.00016599729  	0.0015387146   	0.0008231397   	0.0011895931   	9.4931944E-05  	0.0015270389   	0.0010678531   	0.001142161    	0.0015118293   	0.00014972714  	0.0008073689   	0.00091208064  	0.0006644928   	0.0020246396   	0.0009817786   	0.0008958031   	0.0011575934   	0.0011178455   	0.0002192237   	0.00080081366  	0.00205025     	0.003940924    	0.0030244705   	0.00059891585  	0.0020341265   	0.0017678832   	0.0012271234   	0.0014500462   	
0.00079700176  	0.0024935112   	0.0022371544   	0.001152685    	0.00076223974  	0.0020559714   	0.0009447331   	0.0014204497   	0.0017908271   	0.00093012885  	0.0009979539   	0.0010741549   	0.00051784917  	0.0019504756   	0.0012380712   	0.00022542995  	0.0009073935   	0.0014623365   	0.00053309073  	0.0011317389   	0.0023309712   	0.0009450508   	0.0014486338   	0.000109574794 	0.0020965459   	0.0014257801   	0.000101638696 	0.0008899028   	0.0015174282   	0.0009003042   	0.00068085775  	0.0011880908   	0.00091454457  	0.0019195573   	0.00053521583  	0.0008439756   	0.00023321269  	0.00047908045  	0.0016090863   	0.0018644966   	0.0022293227   	0.0005995998   	0.0012138332   	0.00081496616  	0.0026881823   	0.0015433908   	0.0007563926   	0.0005792964   	0.001209149    	0.0012902762   	0.00081825984  	0.0005085687   	0.0012951539   	0.0026182265   	0.001154768    	0.0013955978   	0.00062664837  	0.00096737     	0.0017088501   	0.0006053147   	0.0031889114   	0.0017474118   	0.00054795365  	0.00046563262  	0.00051366736  	0.0011158168   	0.000777998    	0.0011152547   	0.0006113692   	0.0011602491   	0.0013853293   	0.0009273517   	0.0012400767   	0.0022456758   	0.0010962295   	0.0012908677   	0.00019580121  	0.0009650168   	0.00031450804  	0.0010956686   	0.0013652778   	0.00076627906  	0.00061725726  	0.002316865    	0.001206659    	0.0010435759   	0.0016674799   	0.0011639022   	0.00083029456  	0.0006632001   	0.000502575    	0.0028509719   	0.00034045937  	0.0016573137   	0.0013965775   	0.0015294128   	0.0031708877   	0.00018779682  	0.001084371    	0.0012698225   	
0.0006782607   	0.00067245803  	0.0010747421   	0.0020714293   	0.001851056    	0.0022211864   	0.001388294    	0.0014459952   	0.0019029339   	0.0016318376   	0.0020203728   	0.0016059545   	0.0012463629   	0.0010481906   	0.00029953168  	0.0013204277   	0.0020538801   	0.0008358217   	0.0004091642   	0.0009770328   	0.0007396397   	0.0011728376   	0.0014255402   	0.00033675076  	0.0013789539   	0.0005693503   	0.0016283101   	0.0027837432   	0.00039304738  	0.0015095468   	0.00085568463  	0.0008815789   	0.001335827    	0.00092407904  	0.0015036693   	0.0006048387   	0.0025631227   	0.0011380076   	0.0011135647   	0.003829658    	0.0037061465   	0.0009128166   	0.0016677896   	0.0019095062   	0.0012843476   	0.0016290093   	0.0010057808   	0.0019574512   	0.00080777734  	0.002403972    	0.0018424893   	0.00044535767  	0.0006082051   	0.0009446867   	0.0009047108   	0.0024939484   	0.0015152507   	0.0017752381   	0.0017353393   	6.793107E-05   	0.0006005691   	0.00039584844  	0.00078268885  	0.0015946733   	0.00038407868  	0.0030196737   	0.0014554919   	0.00054204144  	0.000494363    	0.00166487     	0.00072644517  	0.002090781    	0.0005951469   	0.0019486903   	0.00091091613  	0.001381185    	0.0014010589   	0.0005703007   	0.0019640492   	0.0008654259   	0.00046792696  	0.00070504256  	0.0010171992   	0.0034926517   	0.0005844161   	0.0010866588   	0.0015379378   	0.001591233    	0.0024449106   	0.0007031915   	0.001912165    	0.0014522487   	0.00059715554  	0.0009893435   	0.0016916678   	0.0017224002   	0.00051904016  	0.0013371692   	0.0018974114   	0.00097255997  	
0.001801628    	0.0018524413   	0.0009289111   	0.0019189593   	0.00062118314  	0.0015574241   	0.0018906606   	0.0018814546   	0.0017322883   	0.0014567459   	0.0009541989   	0.0004968068   	0.00069114816  	0.0004919279   	0.00061417016  	0.0014867298   	0.00046613996  	0.0019701736   	0.0024889372   	6.712597E-05   	0.0028264686   	0.0009974167   	0.001041444    	0.0021414603   	0.0010658844   	0.0006629649   	0.0018101685   	0.0028365953   	0.0012061077   	0.0006634273   	0.0004062741   	0.002799139    	0.0018387988   	0.00054421823  	0.00073978544  	0.000607698    	0.0010483928   	0.00047142667  	0.0015609491   	0.0008949395   	0.0011805025   	0.0005664311   	0.0004836246   	0.00083429995  	0.0007422217   	0.0011041214   	0.00079059333  	0.0002017702   	0.0014874361   	0.0017972706   	0.0013883086   	0.00050788873  	0.0009933662   	0.00067394093  	0.001500174    	0.002542278    	0.00024636064  	0.0012327852   	0.0014392183   	0.00048235562  	0.0020170468   	0.0013066907   	0.0005102889   	0.0006447738   	0.0012016908   	0.0010124047   	0.0012906059   	0.0004173676   	0.0025075844   	0.0024220452   	0.0015132736   	0.0017780403   	0.00078825676  	0.0011244859   	0.0008658417   	0.0013736085   	0.0008227875   	0.0016754782   	0.0013262396   	0.0005685014   	0.0012699185   	0.00055406836  	0.0027045729   	0.0014847812   	0.0012651937   	0.00075231     	0.0029940577   	0.0020448628   	0.0011906661   	0.0008168367   	0.0014804027   	0.0028864755   	0.0002451447   	0.0024401303   	0.00060382404  	0.0005177      	0.00088931527  	0.0015616636   	0.0017448056   	0.0018308238   	
0.00051405653  	0.0022315441   	0.00035748223  	0.0008573073   	0.0030467932   	0.0013118411   	0.0029528583   	0.002449968    	0.00097003015  	0.0009467335   	0.0008579823   	0.00064052263  	0.0037305746   	0.0029760737   	0.0016244116   	0.0013121271   	0.0035666367   	0.0012610609   	0.0009937047   	0.00079555315  	0.0010790497   	0.0012267281   	0.0029511817   	0.0029145284   	0.0011245897   	0.0011304375   	0.0004316145   	0.0014049098   	0.0005784585   	0.0016034658   	0.002519759    	0.00019287808  	0.0004890215   	0.0017408453   	0.00084389996  	0.0011884316   	8.489036E-05   	0.0016234624   	0.0012504965   	0.0011541698   	0.00045066583  	0.0010444629   	0.0005831572   	0.0006774567   	0.0007289754   	0.0006323702   	0.00050365826  	0.0005663744   	0.0003744724   	0.00078252115  	0.001578942    	0.0012231842   	0.0021674046   	0.0007650356   	0.0013537323   	0.001809964    	0.0012438311   	0.0010762577   	0.0008653159   	0.0012212041   	0.0010571516   	0.0007789073   	0.0014849099   	0.00035949532  	0.0006781698   	0.00075590506  	0.0017665231   	0.0015259287   	0.0014033717   	0.0017874809   	0.002656343    	0.00058987906  	0.0014011633   	0.0017614684   	0.0012817561   	0.0008452433   	0.0008800657   	0.0016296185   	0.0015949501   	0.0025313413   	0.00083836034  	0.0006089983   	0.0015859      	0.0017271532   	0.001003806    	0.0006125954   	0.0011485586   	0.0029419567   	0.0020098393   	0.001200085    	0.0013504341   	0.0013152515   	0.00037805465  	0.0013848214   	0.0019438084   	0.0008085737   	0.0014237975   	0.00059300935  	9.755772E-05   	0.003795838    	
0.0009683556   	0.0015441845   	0.002092676    	0.0018684997   	0.00013112855  	0.0012108299   	0.0013414529   	0.00072221743  	0.00093133183  	0.001886034    	0.0019066831   	0.00095183245  	0.0017394639   	0.00244616     	0.001029779    	0.0008291241   	0.001158153    	0.0015139919   	0.0030334124   	0.0024650767   	0.0006689437   	0.0004489861   	0.0008339592   	0.00081644504  	8.2209925E-05  	0.00013511023  	0.0018732703   	0.0003336265   	0.0015455139   	0.0017813217   	0.00079858815  	0.0015663229   	0.00044199315  	0.0008017939   	0.0012551881   	0.0009814665   	0.00056191743  	0.0007786307   	0.00055331615  	0.0022982494   	0.0012553182   	0.0008229808   	0.000529978    	0.0010002332   	0.0005299793   	0.0016824912   	0.0008807146   	0.0007573828   	0.0019119527   	0.0010548563   	0.0005587304   	0.0008623075   	0.0017739586   	0.0013167128   	0.002148317    	0.00045899642  	0.0005145335   	0.0009014336   	0.00089125225  	0.0024221782   	0.000217545    	0.0027083636   	0.0029979795   	0.0006370608   	0.0016756991   	0.0034266035   	0.0011815883   	0.0016613295   	0.0030350587   	0.00082676066  	0.001587695    	0.0011382401   	0.000581248    	0.0020418374   	0.0016550145   	0.0012008965   	0.0015552264   	0.0018902192   	0.0012414517   	0.0006797242   	0.0013600742   	0.00058476743  	0.00034244018  	0.0009822596   	0.0018495554   	0.0018512296   	0.0016999871   	0.00076430733  	0.0018800396   	0.00088009523  	0.0017127728   	0.0007530533   	5.0407532E-05  	0.0010266958   	0.00070791284  	0.00171293     	0.0008504961   	0.0007846602   	0.00066482247  	0.0005342274   	
0.0019190332   	0.00092967827  	0.0010416264   	0.0019513934   	0.0015358647   	0.0020007796   	0.0016590372   	0.0015546137   	0.002255668    	0.00060977763  	0.00095042743  	0.0024335727   	0.0009822841   	0.0030498218   	0.0020440617   	0.002893753    	0.0026360746   	0.0013288549   	0.0013612228   	0.00047021997  	0.00057165045  	0.0022049088   	0.0009936403   	0.0002654172   	0.0007953128   	0.0010264345   	0.0004485829   	0.0017216527   	0.0018836673   	0.0016092475   	0.002229282    	0.0011119667   	0.00070587086  	0.0006616016   	0.0008732261   	0.0017558349   	0.0012385703   	9.718199E-05   	0.0005864201   	0.0016425851   	0.0021229123   	0.0027820475   	0.0019907567   	0.00063673925  	0.0021152883   	0.0012256098   	0.0010368349   	0.0015889648   	0.00083237264  	0.0015005377   	0.0025928528   	0.0013440499   	0.0007699784   	0.0017260422   	0.0007435756   	0.0030293502   	0.001473209    	0.0010276486   	0.0036329422   	0.0018295266   	0.0011804989   	0.0038062148   	0.0035889535   	0.00041429087  	0.00093568687  	0.0024305684   	0.0013114392   	0.0012808418   	0.0008311335   	0.0018939747   	0.0007619743   	0.002014795    	0.0023929265   	0.0013541925   	0.0021371788   	0.00027630455  	0.0009815957   	0.0010014118   	0.0002824289   	0.0025462268   	0.0022998375   	0.0011673064   	0.0027929456   	0.0009401966   	0.0020802433   	0.001756362    	0.0008417182   	0.0005955508   	0.0013798547   	0.002721155    	0.00020990614  	0.0024200038   	0.00058367103  	0.00028402655  	0.00085963093  	0.002603692    	0.0025322204   	0.0029754734   	0.0026561979   	0.00090858125  	
0.001224756    	0.0019490336   	0.00022388576  	0.0027729874   	0.001966925    	9.147305E-05   	0.000108202556 	0.00057310297  	0.0014020081   	0.0004614347   	0.002486481    	0.00025361252  	0.00085260085  	0.0004890849   	0.0010039106   	0.0020324308   	0.0010563505   	0.0008996297   	0.0011036628   	0.00041149234  	0.0016010696   	0.0009094662   	0.0012080907   	0.0007362079   	0.002978712    	0.001148382    	0.00080051733  	0.0011838407   	0.0011740694   	0.00074396137  	0.0014202562   	0.0027346073   	0.00085862604  	0.0005111348   	0.0006054926   	0.0023919167   	0.0016450724   	0.002363168    	0.0012029904   	0.0011707116   	0.0020819418   	0.00034074503  	0.0007182319   	0.00017985987  	0.00035768203  	0.0008269786   	7.035429E-05   	0.0010351541   	0.0018351205   	0.0019461616   	0.0008843177   	0.0013641355   	0.0010907078   	0.00090463663  	0.0028620427   	0.0019909234   	0.0011329404   	0.0019623786   	0.0011355446   	0.000982343    	0.0010250167   	0.0024296483   	0.0006533118   	0.0024558678   	0.0007056019   	0.0012968264   	0.0009749709   	0.00071626116  	0.0015023999   	0.0020537595   	0.00047308818  	0.002790893    	0.0018658595   	0.00083114294  	0.0012951993   	0.0007859836   	0.0008662884   	0.0036210408   	0.00058776484  	0.0010785272   	0.0018547587   	0.0012574826   	0.001075048    	0.00096323085  	0.0007149683   	0.0010421373   	0.00046913855  	0.0032308686   	0.003480575    	0.0017371547   	0.0010618394   	0.0019854559   	0.00070795306  	0.0034518656   	0.0010508959   	0.0015008484   	0.0012092775   	0.0006085505   	0.00027012415  	0.0011802522   	
0.00043194008  	0.0022272377   	0.0015441052   	0.0006638051   	0.0006916554   	0.0009200159   	0.0012447553   	0.0029217876   	0.00048925733  	0.0017432072   	0.00038669954  	0.0012263672   	0.0016524583   	0.0006266224   	0.0031107375   	0.001168519    	0.0018227751   	0.0016896139   	0.0015340993   	0.0001690858   	0.00088254607  	0.0010946055   	0.0002960854   	0.00058459525  	0.0014431251   	0.0011186943   	0.0008550019   	0.00056146143  	0.0012551642   	0.00083533896  	0.0007744598   	0.0005873686   	0.0015883737   	0.0013319122   	0.0028925154   	0.0023374797   	0.0025041627   	0.0004413038   	0.0017669061   	0.0017771787   	0.00038535876  	0.0001954648   	0.0012453655   	0.00037915815  	0.0013242128   	0.0013117614   	0.0011234834   	0.0008847505   	0.0012907836   	0.0019734895   	0.0010839156   	0.0009182756   	0.0012544285   	0.0015597538   	0.00196416     	0.001088805    	0.001528717    	0.00213308     	0.0005127501   	0.0013516039   	0.0006303689   	0.0006459078   	0.0005824525   	0.00081864465  	0.00067255105  	0.0015937631   	0.00094339217  	0.0020874136   	0.00052508985  	0.00050330453  	0.0002602097   	0.00074822654  	0.00037046065  	0.001524858    	0.0018755461   	0.001766405    	0.0020609486   	0.00359971     	0.0013154281   	0.0024679739   	0.0007721484   	0.0011320331   	0.0003158488   	0.0025172743   	0.0008842987   	0.00046058334  	0.0011795389   	0.0025164278   	0.0016502192   	0.0017980983   	0.0003468655   	0.0019261743   	0.0027239076   	0.0016423212   	0.0015790131   	0.0006752459   	0.0013474913   	0.0013432833   	0.0005366021   	0.0021640463   	
0.00096335757  	0.00053303305  	0.0009158543   	0.00080968323  	0.0010740334   	0.0005364333   	0.00080324366  	0.00045150507  	0.0008776776   	0.00052309415  	0.0013466573   	0.0011205017   	0.0017303519   	0.00042717447  	0.00018780267  	0.0013427811   	0.0024963878   	0.0022146774   	0.0011768383   	0.0004225316   	0.0011111542   	0.0009800781   	0.00063173845  	0.0002889322   	0.0012166234   	0.00087395654  	0.0004580274   	0.0011653681   	0.0013985356   	0.0013917721   	0.00070060906  	0.00015552461  	0.0015330275   	0.0016658909   	0.001362951    	0.0007687323   	0.0016589419   	0.0006459257   	0.0024069091   	0.0033576766   	0.0006885947   	0.0013932921   	0.0006142864   	0.0017496265   	0.00059729296  	0.0010230729   	0.0009055966   	0.0022911492   	0.0015496119   	0.0017134168   	0.0014403998   	0.00039142458  	0.0005536923   	0.0009935619   	0.0006142268   	0.0022893664   	0.0010759094   	0.0015423438   	0.00078137266  	0.00080347544  	0.001013397    	0.00074093335  	0.00013184304  	0.0004844283   	0.00087792194  	0.0021333985   	0.0014937681   	0.0015545404   	0.0007299412   	0.0012200088   	0.0009815735   	0.0007516243   	0.00053929526  	0.00030836396  	0.0013989569   	0.0013792377   	0.0010492435   	0.00057856145  	0.0018377237   	0.0013653397   	0.0015409262   	0.0015178996   	0.0007465568   	0.0018089826   	0.0012382031   	0.00076625874  	0.00043855293  	0.0004028448   	0.0003301439   	0.0014314217   	0.00064698805  	0.00038852158  	0.00038870034  	0.0021405779   	0.0010727865   	0.0012400367   	0.00023149345  	0.0013105974   	0.0011518075   	0.0016031587   	
0.0016052158   	0.0012626975   	0.0019259942   	0.00063352496  	0.0029401507   	0.001104014    	0.001729894    	0.0012667426   	0.0010458163   	0.00054298906  	0.0023598098   	0.0015880733   	0.0032440284   	0.00067152537  	0.00086576934  	0.0010288465   	0.0008036126   	0.0006617214   	0.0014511596   	0.000558066    	0.0009768672   	0.0011522193   	0.0014720864   	0.0013583929   	0.00037549582  	0.0017261012   	0.0026423468   	0.0026256063   	0.00037773323  	0.0011170071   	0.00036375152  	0.0012962691   	0.0017154011   	0.00208662     	0.0005466011   	0.0022757342   	0.00040699163  	0.0006163125   	0.0008936494   	0.0023589418   	0.0016110531   	0.0012816215   	0.0016478483   	0.001866931    	0.00077783386  	0.0028076838   	0.0021223035   	0.00022715445  	0.00055995845  	0.0015629937   	0.0020267998   	0.00048529645  	0.0008520727   	0.0007171413   	0.0010606744   	0.0015243279   	0.00082385     	0.00091971917  	0.00011801303  	0.0019784635   	0.0017132263   	0.0018063493   	0.001473148    	0.000840164    	0.001649087    	0.0011152325   	0.00051779795  	0.000619372    	0.00024042114  	0.0012294194   	0.0013165324   	0.0013688753   	0.0011616021   	0.0008997753   	0.0016716052   	0.0013522105   	0.0012362076   	0.00034610566  	0.001812016    	0.00055258     	0.0008899778   	0.0013276429   	0.0006277467   	0.00038539476  	0.0018167045   	0.0009997523   	0.003125806    	0.001755808    	0.0017939014   	0.001208038    	0.0017471664   	0.0005114723   	0.00093139923  	0.0013949075   	0.00015006524  	0.00020070265  	0.0008337826   	0.0004271144   	0.0004069328   	0.0005231292   	
0.0017869434   	0.0005449574   	0.0003223383   	0.002787808    	0.0013497384   	0.0009873832   	0.0005019602   	0.0007473915   	0.0030631856   	0.0012438089   	0.0011229692   	0.0014388093   	0.0032052596   	0.0008061905   	0.002221415    	0.0008135975   	0.00066393666  	0.0005268002   	0.00027479915  	0.00052719866  	0.0033124993   	0.0018166146   	0.00059579196  	0.0013605853   	0.0012390278   	0.0008225904   	0.0016274342   	0.0009893257   	0.0021545787   	0.00042705133  	0.00065727055  	0.0019165806   	0.00082938693  	0.0030610345   	0.0023333512   	0.0009666027   	0.0012791958   	0.0017722435   	0.0012327429   	0.00050910155  	0.0013932284   	0.0019415986   	0.00087959913  	0.002253121    	0.0018277866   	0.0019255906   	0.0018168561   	0.0007381378   	0.0021093527   	0.0027320373   	0.002151742    	0.00164064     	0.0016512623   	0.0016834325   	0.0027943135   	0.00053155166  	0.0036108773   	0.0027244776   	0.0029983828   	0.0016615398   	0.0015018824   	0.0017059477   	0.0005510777   	0.0013477143   	0.0028104344   	0.0011082803   	0.0030385854   	0.0029463982   	0.0015149156   	0.0018875075   	0.0008672413   	0.0015086157   	0.0038722598   	0.0015737406   	0.0003881561   	0.0010505324   	0.0011080354   	0.0016487757   	0.0010089438   	0.0017084153   	0.00349103     	0.001352559    	0.002170799    	0.0020718162   	0.0024908476   	0.0010360066   	0.00034117352  	0.001362784    	0.0013598809   	0.0012673667   	0.0009520234   	0.0010662959   	0.003687408    	0.0021474776   	0.0024479635   	0.00088477385  	0.0014633073   	0.0015136931   	0.0016826834   	0.000928625    	
0.001622186    	0.0018873637   	0.00026195103  	0.0014963697   	0.00070637104  	0.0002532195   	0.0037697589   	0.0021988484   	0.00048753145  	0.001009358    	0.0014525737   	0.0008985356   	0.0017838965   	0.0015071613   	0.0028187467   	0.0043869033   	0.0013266632   	0.0033150716   	0.0031746496   	0.0029028424   	0.0010487785   	0.003078627    	0.0020826987   	0.0021226981   	0.0027303079   	0.0017843406   	0.0015328405   	0.0006234156   	0.0017522556   	0.0019324265   	0.00086179114  	0.0028002667   	0.0020858801   	0.00066870655  	0.0023859667   	0.00083285704  	0.0009793018   	0.0012964263   	0.0005629647   	0.0023957645   	0.0007669154   	0.0023522319   	0.0023295672   	0.0003134586   	0.0020736344   	0.0006761529   	0.00048799493  	0.0011728448   	0.00043435232  	0.0011060988   	0.0014375565   	0.0017168528   	0.0015187471   	0.0014350257   	0.0011548355   	0.0013832762   	0.001206945    	0.00082549715  	0.001364398    	0.0008338558   	0.0010441775   	0.000843896    	0.00077500014  	0.0046612886   	0.002010537    	0.0009455344   	0.0014470824   	0.0010575185   	0.0018688345   	0.0006090747   	0.0027982264   	0.0017884871   	0.0009383921   	0.002018115    	0.001252559    	0.0017268592   	0.0010763528   	0.0011788738   	0.0011087107   	0.0010367822   	0.00085763296  	0.0028207889   	0.0018405607   	0.0010246324   	0.00054517575  	0.00037084258  	0.00014269918  	0.00058085617  	0.00090093224  	0.001385117    	0.0003313909   	0.0014137999   	0.001785191    	0.0011889319   	0.0012074012   	0.0009031668   	0.0005311719   	0.0013360396   	0.0010651442   	0.0010482753   	
0.0025636929   	0.0008984593   	0.00032963464  	0.0008500896   	0.0019303312   	0.0016757059   	0.00052820065  	0.0019103657   	0.00049190066  	0.0010081265   	0.00051083806  	0.0016806782   	0.00024894506  	0.0028239354   	0.0016283435   	0.00046779163  	0.0021921129   	0.00058628916  	0.0031276888   	0.0020413562   	0.0019147804   	0.0013262647   	0.0006420165   	0.0007968166   	0.0016070443   	0.0038646862   	0.0018017284   	0.0006788561   	0.00016156814  	0.0007253014   	0.00064506894  	0.0011741578   	0.0005931023   	0.0004922022   	0.00017266822  	0.0029710738   	0.00081628154  	0.0019468796   	0.001422748    	0.0011307847   	0.0026060306   	0.0015850707   	0.0015872589   	0.00024721722  	0.0016549454   	0.0012832342   	0.00014637028  	0.00092317275  	0.0014754236   	0.0013650112   	0.0013641879   	0.00088896125  	0.0023198677   	0.0009596093   	0.0014112451   	0.0015711231   	0.0021028542   	0.0020345254   	0.0017840127   	0.0007137508   	0.00019613464  	0.00081817026  	0.00053512334  	0.0006112679   	0.0016220132   	0.001096768    	0.00030200902  	0.0015968916   	0.0006821093   	0.0017543669   	0.00064006395  	0.0010141835   	0.0012354777   	0.0018133655   	0.0016285488   	5.7968668E-05  	0.0014067075   	9.11803E-05    	0.0011354628   	0.00040222908  	0.0014621404   	0.0010670521   	0.0007925379   	0.0018850674   	0.00070681615  	0.001907576    	0.0012400346   	0.0018182566   	0.001505649    	0.00070171605  	0.0006979805   	0.0022500667   	0.00010164734  	8.9734E-05     	0.0011756774   	0.00035794717  	0.0021944698   	0.0007838426   	0.00017321945  	0.0013405307   	
0.0011923137   	0.0010462108   	0.0010441463   	0.0023808125   	0.00094758737  	0.0017335231   	0.0014194737   	0.0015623376   	0.0017888902   	0.00026391164  	0.00065670424  	0.00088869774  	0.0007352095   	0.0010025827   	0.000782257    	0.0018210527   	0.0005242111   	0.0019120963   	0.0016958958   	0.0014988361   	0.0009460639   	0.0008482693   	0.0006163273   	0.00082185224  	0.00096878293  	0.000482016    	0.0017452915   	0.002026964    	0.00079194776  	0.0014174536   	0.0020330022   	0.0026353681   	0.001242919    	0.0004374689   	0.0013562148   	0.002411261    	0.0006107827   	0.0021904684   	0.0011964635   	0.0016064588   	0.00021962902  	0.0017550788   	0.002096691    	0.0026033816   	0.0008927595   	0.0013707149   	0.00129397     	0.0019933651   	0.0011985856   	0.0011219961   	0.0027389408   	0.0007379504   	0.0006861222   	0.00083352876  	0.0014482823   	0.00030099563  	0.001521278    	0.0020329652   	0.002132629    	0.0007906016   	0.00020437216  	0.0013856874   	0.0021566597   	0.0010336841   	0.0002495056   	0.00113144     	0.0011704891   	0.0012008682   	0.00023019015  	0.0010054639   	0.00025972948  	0.0009271481   	0.002084936    	0.0006060778   	0.0013755315   	0.00078308384  	0.0007548089   	0.0009077726   	0.0019361738   	0.0036772874   	0.0008950966   	0.0031200603   	0.002245261    	0.00097147474  	0.0045656688   	0.00034839654  	0.00087945024  	0.0007992141   	0.0007700427   	0.0018813501   	0.00039256015  	0.00062843796  	0.00074284815  	0.00037181555  	0.0018416491   	0.0007634131   	0.0017339013   	0.002620139    	0.00082024484  	0.002822051    	
0.0036636463   	0.001594862    	0.0016931656   	0.0005612424   	0.0003217475   	0.0005619      	0.0028421504   	0.000980392    	0.00046699     	0.00078109663  	0.001838647    	0.00039684967  	0.0013871569   	0.0014472274   	0.0012203655   	0.0020118349   	0.0021429677   	0.0019762677   	0.002125532    	0.00088105374  	0.0006062906   	0.0016145668   	0.0015779717   	0.00066320813  	0.0014736418   	0.0009782814   	0.0009908462   	0.0007275845   	0.0009854523   	0.0006136776   	0.00030673866  	0.0002590116   	0.0005138592   	0.0007717585   	0.002125822    	0.00068478554  	0.0036943264   	0.002629317    	0.00089119107  	0.0015658584   	0.0018062732   	0.0006963953   	0.00079728285  	0.00018363052  	0.0019217926   	0.00043989753  	0.00046266586  	0.00078095496  	0.0013432121   	0.00220562     	0.00083209557  	0.0020413632   	0.001744058    	0.0008978361   	0.0019518675   	0.0018491662   	0.0009703451   	0.00041544883  	0.0015852395   	0.001835031    	0.00059481146  	0.002911545    	0.0017639853   	0.0015499701   	0.0012366775   	0.0005647739   	0.00039286795  	0.0006246134   	0.0012933159   	0.0006555359   	0.0008489782   	0.00054750725  	0.00084240915  	0.0020568133   	0.0030037195   	0.002708983    	0.0013275117   	0.0016883481   	0.0011635515   	0.0010207148   	0.001855886    	0.0008913335   	0.0027283775   	0.0013563221   	0.0017566206   	0.0023936802   	0.0018665971   	0.0007061387   	0.0016738448   	0.00088376645  	0.0009930349   	0.0005638695   	0.00060077163  	0.0015226327   	0.0009319545   	0.0010829798   	0.0039163902   	0.0023105517   	0.0014423422   	0.0027026164   	
0.0002971501   	0.0020076404   	0.0019029236   	0.00054301246  	0.0015046432   	0.00052173797  	0.0010653343   	0.00056617043  	0.0015690987   	0.0012244991   	0.0018903407   	0.00026252022  	0.0016247609   	0.0010999364   	0.0019947712   	0.0020801006   	0.0018583483   	0.0015392528   	0.00043281753  	0.0013659346   	0.0011816283   	0.0023052657   	0.002860161    	0.0014326725   	0.00063572556  	0.0015110871   	0.0009971447   	0.0028331664   	0.000804528    	0.0018748124   	0.002075723    	0.0014981938   	0.0015935003   	0.0032137795   	0.0018955208   	0.0012150102   	0.002415227    	0.00043443247  	0.0010769974   	0.0019496686   	0.0016728016   	0.0012640918   	0.0009003117   	0.001371698    	0.0012535803   	0.0010902876   	0.0020139366   	0.0005551793   	0.0011773838   	0.002343888    	0.0014670114   	0.00071497104  	0.0011518919   	0.0036290225   	0.0019520152   	0.0017220677   	0.0024005699   	0.0008046002   	0.0024293992   	0.00077710324  	0.00037150827  	0.0028879321   	0.000792349    	0.0018596734   	0.002207413    	0.0020587423   	0.00025334427  	0.0015315122   	0.0009711571   	0.0013946001   	0.0030354075   	0.0016431949   	0.0016412955   	0.002770766    	0.0013732298   	0.0025229445   	0.0015690126   	0.0016526113   	0.0016911381   	0.00029378175  	0.0026520018   	0.0010603411   	0.0020821493   	0.0024844215   	0.0017517586   	0.00063783955  	0.0017979007   	0.000973357    	0.0009781427   	0.0013625644   	0.0010265752   	0.0003232743   	0.00059566664  	0.001083043    	0.0010260763   	0.0025747733   	0.0012052488   	0.0010420184   	0.001046244    	0.0015099162   	
0.0018936599   	0.00042056802  	0.00069335295  	0.00048402365  	0.00067151     	0.002382177    	0.0016531177   	0.0024479618   	0.0015799897   	0.0007888764   	0.002125031    	0.0020331473   	0.0028993795   	0.0009522542   	0.0007274612   	0.00012589162  	0.002215474    	0.0029503312   	0.0012168674   	0.00077733176  	0.00013511229  	0.0005505914   	0.003357805    	0.0019538498   	0.001957154    	0.002097039    	0.00084608037  	0.0013826169   	0.0031331168   	0.0013758001   	0.0011497881   	0.0013603548   	0.0004000613   	0.0010067744   	0.0018771347   	0.0020750288   	0.0019921504   	0.0022650196   	0.0002780046   	0.0020742516   	0.0014298926   	0.002601227    	0.0018977602   	0.0020279805   	0.00085627433  	0.00316586     	0.0009189259   	0.003154973    	0.0030344038   	0.00070735917  	0.0010930239   	0.00080672355  	0.0012551368   	0.00074077194  	0.0010957561   	0.0012440457   	0.00065672497  	0.0018469654   	0.002756001    	0.0013305132   	0.0016213135   	0.0038469026   	0.00088240823  	0.0015283494   	0.0016431169   	0.0017161459   	0.0013921924   	0.0015582388   	0.0004962853   	0.0012687809   	0.0018693756   	0.0005439137   	0.0011716133   	0.0013145789   	0.0006291768   	0.0010704421   	0.00080758054  	0.00034049494  	0.0019933032   	0.0025991788   	0.00051778427  	0.0021572197   	0.0018473406   	0.00035447662  	0.001441707    	0.0003924322   	0.001418194    	0.0014457912   	0.00047836956  	0.00034872905  	0.0008465982   	0.0028667375   	0.0014166851   	0.0018528486   	0.0011277829   	0.000874668    	0.00054109615  	0.0019874296   	0.0010463096   	0.0008926577   	
0.0012002313   	9.752609E-05   	0.00037018614  	0.0013975576   	0.0007826629   	0.0018282136   	0.0011923442   	0.0010834967   	0.0026236444   	0.000680507    	0.0022688848   	0.0013482001   	0.00095600716  	0.0020514147   	0.0010601272   	0.0009126955   	0.0010751217   	0.0015658237   	0.0005544693   	0.00093322026  	0.0018377756   	0.0007521595   	0.0006710359   	0.0021965296   	0.002086196    	0.0004905437   	0.0002953489   	0.0018645655   	0.00079522986  	0.0011002546   	0.0018402843   	0.0011542846   	0.00096871133  	0.001280041    	0.0013999847   	0.0017121987   	0.00073091604  	0.0008461098   	0.0010288259   	0.0016756033   	0.0028168315   	0.0014661304   	0.0015529515   	0.0010380199   	0.0016585265   	0.001603992    	0.00031992016  	0.0024702689   	0.0037017139   	0.0016875739   	0.0014259566   	0.0019524895   	0.0011574872   	0.0020078872   	0.0021864884   	0.00076862687  	0.0001722078   	0.002094385    	0.0019216923   	0.0005176147   	0.003337275    	0.00047241827  	0.00068272866  	0.001737612    	0.0032467407   	0.0009945057   	0.0023241732   	0.002025922    	0.0013023909   	0.0014654335   	0.0020649966   	0.0012417726   	0.001682311    	0.003121967    	0.0012066577   	0.0012037733   	0.0012043945   	0.0004436852   	0.0013712004   	0.001125336    	0.0007692768   	0.0016625709   	0.0012449803   	0.0015772525   	0.0005967395   	0.00044112254  	0.00073599897  	0.0006606399   	0.0038350683   	0.0020195777   	0.0025435442   	0.0018801494   	0.00080459274  	0.0010693885   	0.002331289    	0.00091915013  	0.0013449698   	0.0014350205   	0.000591995    	0.001837351    	
0.0006159586   	0.0009067805   	0.002523923    	0.002148229    	0.00078711624  	0.0009395875   	0.0011170444   	0.00039479198  	0.0025180236   	0.0007860949   	0.000969252    	0.00027226337  	0.0015182894   	0.0013712776   	0.0018059694   	0.0025006065   	0.0003142944   	0.000944699    	0.0015311443   	0.00074376975  	0.003210533    	0.0039456096   	0.00021926453  	0.0013511535   	0.00073237345  	0.00052813144  	0.0021607152   	0.0012931239   	0.0035412868   	0.002982249    	0.0002009674   	0.00187574     	0.0009576653   	0.0012915898   	0.00093250547  	0.00046498643  	0.0007138493   	0.0027557055   	0.0017064242   	0.0021506087   	0.0025192997   	0.0032441684   	0.0018957579   	0.0022252235   	0.0013063344   	0.0020000075   	0.0015076529   	0.0007444984   	0.0016043287   	0.0030655074   	0.0018167952   	0.0012279191   	0.0015088032   	0.0026411456   	0.00061296433  	0.001228692    	0.0018535123   	0.0012483657   	0.00059474603  	0.0003431206   	0.001487282    	0.0018094003   	0.0014471638   	0.00087207824  	0.0012746698   	0.0015881823   	0.0020975736   	0.0013410394   	0.0025199542   	0.0015687224   	0.00092248607  	0.0016277963   	0.0006399589   	0.0018561758   	0.0022695016   	0.0017562513   	0.0012921605   	0.0013225246   	0.0031278844   	0.0009351812   	0.004276876    	0.0024554145   	0.0007466028   	0.0024208075   	0.002058649    	0.00047347695  	0.0018311436   	0.0004639216   	0.001543801    	0.0020481271   	0.0013373      	0.0010896985   	0.0032814785   	0.0012809118   	0.0012807352   	0.0011345951   	0.0014631688   	0.00013932672  	0.0014744453   	0.0008732161   	
0.0011765017   	0.00031481573  	0.0014588381   	0.00062129315  	0.0011756041   	0.0012110197   	0.00014938615  	0.0019409572   	0.0003355148   	0.0002649194   	0.0016727773   	0.0005812873   	0.0005051581   	0.0017660941   	0.0012796122   	0.0012859148   	0.00069035846  	0.0013643876   	0.0012646075   	0.002174028    	0.00079235045  	0.0011681657   	0.0013355105   	0.0009979937   	0.00073664525  	0.0010013635   	0.0016653846   	0.001087056    	0.0005530052   	0.00056017854  	0.00090241764  	0.00089000835  	0.0004121577   	0.0027731042   	0.0017396603   	0.00040972795  	0.00045591904  	0.001593373    	0.00048632282  	0.0017332153   	0.0006827615   	0.0013832286   	0.001311726    	0.0013506822   	0.0027819013   	0.0020419713   	0.0013823643   	0.0022266966   	0.0014683119   	0.0013679197   	0.0011689876   	0.002154883    	0.002553923    	0.001811052    	0.0014832921   	0.0010677773   	0.00011551644  	0.0014032515   	0.00057606696  	0.0011699295   	0.0006228559   	0.0009193659   	0.0028040905   	0.000766695    	0.0010371864   	0.00044637464  	0.00081706286  	0.0010172328   	0.0005669611   	0.00024252736  	0.00018145757  	0.0010359026   	0.0008895856   	0.0006314698   	0.0007223089   	0.0007941245   	0.0006884375   	0.0008733277   	0.0009960531   	0.00083396403  	0.0014625927   	0.0022908973   	0.0001986606   	0.00023185581  	0.00077576836  	0.0010133598   	0.0007306457   	0.0011910414   	0.0009947184   	0.0018519964   	0.0006238637   	0.0011851285   	0.001145566    	0.0007083967   	0.0005048452   	0.0023673468   	0.0012549737   	0.00031339616  	0.0015349681   	0.0020909235   	
0.00039630543  	0.0012499251   	0.00057554943  	0.001826512    	0.00054169033  	0.00054026564  	0.0016488194   	0.0012303669   	0.0017253765   	0.002310718    	0.00053446717  	0.0019667053   	8.4859435E-05  	0.0018863562   	0.00061591197  	0.0003602226   	0.002823342    	0.003113748    	0.0025021643   	0.0011221549   	0.0014862954   	0.004058982    	0.00035625335  	0.0009674433   	0.0019253413   	0.00057353853  	0.0027821716   	0.0019268475   	0.0011355607   	0.0026806304   	0.0011817216   	0.0012286763   	0.000869239    	0.0007120303   	0.0010489349   	0.0006700365   	0.00048328625  	0.00068067934  	0.0006435189   	0.0015532222   	0.00054450496  	0.0010959054   	0.0007195816   	0.0030017763   	0.0024434088   	0.0014600414   	0.0011265177   	0.0011795214   	0.0012280131   	0.0004565935   	0.00051293575  	0.001462551    	0.00074195815  	0.0010955527   	0.0008022033   	0.0020012571   	0.0021139192   	0.0022508155   	0.0020944003   	0.0022394853   	0.0039276965   	0.00043762967  	0.0010030222   	0.002253885    	0.0011139011   	0.0017047327   	0.0019409333   	0.0015545692   	0.0011091571   	0.0025443144   	0.00075488776  	0.0009031242   	0.0011044329   	0.0017620418   	0.002439372    	0.001177705    	0.0011052736   	0.00070425763  	0.0019487792   	0.00052380445  	0.00012392568  	0.0005960704   	0.0015869674   	0.0013151851   	0.0029633332   	0.002015692    	0.0025201198   	0.00056401856  	0.00058387534  	0.0012279723   	0.00078249257  	0.0028457907   	0.0012298954   	0.0015342368   	0.0007267841   	0.0010217392   	0.0013155377   	0.0003457004   	0.0013502862   	0.0008668108   	
0.0014950195   	0.0023389389   	0.0023697864   	0.0015390969   	0.0012818206   	0.00067643716  	0.0019791834   	0.0020719464   	0.0011969646   	0.0014157421   	0.00076689804  	0.0011397573   	0.0013448574   	0.00051991397  	0.0018043083   	0.00063497346  	0.0008879209   	0.0008459571   	0.0010927537   	0.00036232173  	0.0014439112   	0.0011720051   	0.0006472165   	0.0008844269   	0.0018935554   	0.0013865901   	0.0011689462   	0.0031296976   	0.0017393179   	0.00036915398  	0.00032660068  	0.0019247126   	0.002830945    	0.0005337012   	0.0013303852   	0.00040800194  	0.0013269512   	0.0010911783   	0.00015023195  	0.00092205504  	0.0017979345   	0.00035800252  	0.0017718778   	0.00080617436  	0.0025415719   	0.002070318    	0.0011431753   	0.0012336134   	0.0010004645   	0.0023229632   	0.0007124283   	0.0021375692   	0.00077228085  	0.0017772865   	0.0005973513   	0.0005325658   	0.0017959855   	0.00042575714  	0.0013705728   	0.0010561693   	0.0023270065   	0.00032435224  	0.0011251358   	0.00041664118  	0.002032803    	0.001366632    	0.001674608    	0.001070103    	0.0006700159   	0.0011838973   	0.0030252482   	0.0024156878   	0.0012467639   	0.00019427134  	0.0020749723   	0.0013942281   	0.0028929894   	0.0016012734   	0.00059995276  	0.0014548029   	0.0007364519   	0.00076515984  	0.0018945883   	0.0018304732   	0.0011379565   	0.0009614266   	0.0010412162   	0.0009138593   	0.0016167583   	0.0013281183   	0.0007521172   	0.0022197587   	0.00023274163  	0.00076502934  	0.0007847033   	0.0025916535   	0.0016004394   	0.0008138998   	0.00070762145  	0.00044116276  	
