# www.neaspec.com
# Scan:	 	AFM
# Project:	 	20251007_PS
# Description:	 	
# Date:	 	10/07/2025 10:43:47
# Scanner Center Position (X, Y):	[µm]	49.99	50.01	 
# Rotation:	[°]	0	 	 
# Scan Area (X, Y, Z):	[µm]	5.000	5.000	0.000
# Pixel Area (X, Y, Z):	[px]	100	50	1
# Averaging:	 	1	 	 
# Integration time:	[ms]	5	 	 
# Laser Source:	 	4.5-15 µm nano-FTIR laser
# Detector:	 	R
# Target Wavelength:	[µm]	7.502	 	 
# Demodulation Mode:	 	Fourier
# Tip Frequency:	[Hz]	241,340.500	 	 
# Tip Amplitude:	[mV]	45.700	 	 
# Tapping Amplitude:	[nm]	79.665	 	 
# Modulation Frequency:	[Hz]	0.000	 	 
# Modulation Amplitude:	[mV]	0.000	 	 
# Modulation Offset:	[mV]	0.000	 	 
# Setpoint:	[%]	79.75	 	 
# Regulator (P, I, D):	 	4.206850	8.625812	1.000000
# Tip Potential:	[mV]	0.000	 	 
# M1A Scaling:	[nm/V]	0.426	 	 
# M1A Cantilever Factor:	 	1,000	 	 
# Q-Factor:	 	487.4	 	 
# Version:	 	2.1.11536.0
-1.1704074     	-1.2957231     	-1.3992327     	-1.0545089     	-1.0528569     	-1.1903793     	-1.256969      	-0.93986195    	-1.0073919     	-1.234007      	-0.9588245     	-0.9014187     	-1.0187054     	-0.855324      	-1.008134      	-1.1238085     	-1.0907077     	-1.1952353     	-0.751992      	-1.1323011     	-0.80774516    	-1.1330812     	-1.1824219     	-1.1263895     	-0.8322372     	-1.1493905     	-1.047231      	-1.2488781     	-1.0717647     	-1.0158083     	-0.9482301     	-1.3645205     	-0.930954      	-1.024534      	-1.091663      	-0.9373772     	-1.0175637     	-1.0317034     	-1.048933      	-1.0154707     	-0.9670124     	-1.016356      	-1.0570835     	-1.0202472     	-1.2564075     	-0.9603628     	-1.0079648     	-1.11663       	-1.2669784     	-1.129203      	-1.1507249     	-0.7109454     	-1.1019737     	-0.9203192     	-0.79155105    	-0.8940621     	-0.78493154    	-0.91267943    	-1.0526497     	-1.2096457     	-1.0670114     	-0.9476984     	-1.0826799     	-1.0444373     	-1.0211512     	-0.7870503     	-0.8483383     	-1.1814675     	-1.1316682     	-0.74812764    	-1.0486107     	-0.9238428     	-1.0224726     	-1.0443594     	-1.2848924     	-0.9347502     	-0.9616358     	-1.022907      	-1.063743      	-1.0108384     	-0.95003235    	-0.7452086     	-1.0132087     	-0.93721133    	-1.1336409     	-1.062805      	-1.0995151     	-1.0902616     	-1.1521991     	-1.0318289     	-1.0437498     	-0.96575975    	-1.0674177     	-1.2844343     	-1.1313951     	-0.86632067    	-0.88418734    	-1.1591723     	-1.0112433     	-1.0879909     	
-1.196044      	-1.1400927     	-1.2156637     	-0.82344455    	-0.96983993    	-1.0766145     	-1.0438269     	-1.2478075     	-0.9741048     	-1.0976689     	-1.0303812     	-1.1690608     	-1.1779429     	-1.140644      	-1.2965165     	-1.0315048     	-1.0068772     	-1.1813704     	-0.9607722     	-1.260349      	-0.98324335    	-0.94511926    	-1.2586534     	-0.8527388     	-1.2590567     	-1.0722235     	-1.1623574     	-1.1398467     	-1.1188884     	-1.092925      	-1.2784694     	-1.0461936     	-0.9566067     	-1.0109153     	-1.0853132     	-1.2071948     	-1.1496067     	-1.2241135     	-1.3838543     	-1.1265696     	-1.3797265     	-1.0567396     	-1.134263      	-0.8271441     	-1.1423805     	-1.2530093     	-0.74343437    	-1.2323902     	-1.2164785     	-1.2328525     	-0.9010774     	-1.2148224     	-0.95822805    	-0.95326155    	-0.9565131     	-0.97643346    	-1.0061799     	-1.0437843     	-1.103373      	-1.093036      	-1.2561219     	-1.2590649     	-1.311978      	-1.1509793     	-1.039157      	-1.2475703     	-1.4605609     	-1.4200919     	-1.1235266     	-1.101005      	-0.92173314    	-1.037199      	-1.2017319     	-1.3302678     	-0.97159237    	-1.057282      	-1.200811      	-1.0821635     	-1.0267664     	-1.1137508     	-1.01026       	-1.1037686     	-1.1249123     	-0.93540853    	-1.1326969     	-1.1620386     	-0.93455344    	-1.2128135     	-0.75920945    	-1.3363693     	-1.3119562     	-1.1343033     	-0.72471166    	-1.3825845     	-0.79622895    	-0.9908449     	-1.2169752     	-1.1434115     	-1.500175      	-1.7269775     	
-1.160395      	-1.1792709     	-0.9462507     	-1.0137036     	-1.1253203     	-1.0114784     	-1.0676233     	-1.2427561     	-1.254825      	-1.3739134     	-1.3723766     	-1.2513498     	-1.2219174     	-1.0979791     	-1.0830517     	-1.1483291     	-0.9857254     	-1.2073281     	-0.9016875     	-0.9675398     	-1.0698748     	-1.0492238     	-1.1350144     	-1.2790909     	-1.0725977     	-1.180843      	-0.9425641     	-1.0307691     	-1.1087257     	-1.1234907     	-0.7857956     	-1.3457644     	-0.99826336    	-1.0660869     	-1.2107025     	-1.1464739     	-1.0138234     	-1.0399932     	-1.0658964     	-0.847518      	-0.9897871     	-0.9343232     	-1.1627587     	-1.1972919     	-1.1999941     	-0.99043554    	-0.84704524    	-1.0599266     	-0.8197838     	-0.9703421     	-1.2853053     	-0.76739883    	-1.2186358     	-1.0841986     	-0.90570515    	-0.8707106     	-1.1642188     	-0.8709936     	-1.0604224     	-1.5409055     	-1.1822306     	-0.9435179     	-1.1921476     	-1.2903103     	-1.3033878     	-0.9166008     	-1.0062387     	-1.0272603     	-1.069916      	-1.050488      	-0.96881986    	-0.92331326    	-1.2139362     	-0.87745994    	-1.1164819     	-1.0497476     	-0.74161375    	-0.96791846    	-0.78632736    	-1.2791219     	-1.1857302     	-0.9981327     	-1.1809489     	-0.94979656    	-1.0481135     	-1.5364505     	-0.8368438     	-1.0257366     	-1.6018425     	-1.0591986     	-1.7281803     	-1.8050804     	-0.87963057    	-0.14202979    	-1.201517      	-1.4811974     	-1.394         	-1.1347009     	-1.0602438     	-1.4552703     	
-0.8428866     	-0.74892557    	-1.440412      	-1.0653164     	-1.0831391     	-1.1859527     	-1.2901864     	-1.1236012     	-1.2232502     	-1.3653013     	-1.4080641     	-1.1338168     	-0.9821376     	-1.1292316     	-1.0893941     	-1.055695      	-1.0907425     	-1.1162546     	-1.0858153     	-1.3035395     	-1.0473397     	-0.99238944    	-1.1065776     	-0.8427344     	-0.91278505    	-1.1774654     	-1.039979      	-1.200926      	-1.0558783     	-0.9817094     	-1.1149038     	-0.88444054    	-1.0402231     	-1.079849      	-1.1007583     	-1.2784767     	-1.2582755     	-0.8308276     	-1.1294694     	-1.1736377     	-1.342754      	-1.0455867     	-1.2258036     	-1.3547566     	-1.1402754     	-0.98036575    	-1.1955968     	-1.2356937     	-1.1162224     	-0.996562      	-1.0701774     	-1.1950505     	-1.1621815     	-1.181526      	-1.1785616     	-1.2134295     	-1.0320106     	-0.7712979     	-0.9756206     	-1.1730262     	-1.0849013     	-0.915016      	-1.2471172     	-1.1109209     	-1.3160598     	-1.0921568     	-0.86381745    	-0.9719973     	-0.9121211     	-1.4103748     	-1.0893703     	-1.2677383     	-1.0143493     	-1.1892077     	-1.0253274     	-1.1815488     	-0.83240324    	-1.0294018     	-1.1543709     	-1.2104197     	-1.1134524     	-1.228493      	-0.9355556     	-1.3579922     	-1.1629689     	-1.0651811     	-1.6381752     	-1.2881161     	-1.3053315     	-1.203953      	-0.7872384     	-0.7811901     	-1.5915374     	-0.8125904     	-1.2226651     	-0.6548378     	-0.7309528     	-0.71206546    	-0.8377849     	-1.2221568     	
-1.2949147     	-1.169247      	-1.1494517     	-1.1069076     	-1.0231944     	-1.3391757     	-1.21995       	-1.197311      	-1.2120165     	-1.221281      	-1.0825034     	-1.0830127     	-1.0151345     	-1.1061463     	-1.0036452     	-1.1592678     	-1.2155274     	-1.1189393     	-1.2589931     	-1.149102      	-0.9652616     	-0.90362036    	-1.0848222     	-0.842142      	-1.1738704     	-0.9685451     	-1.010936      	-1.2413576     	-1.0590189     	-1.18041       	-1.0260764     	-0.8544235     	-1.0078056     	-1.1860114     	-1.0279979     	-1.1257721     	-0.9954029     	-1.050792      	-1.1163079     	-1.3230923     	-1.0609288     	-1.1028231     	-0.99176276    	-0.9866798     	-1.0955867     	-1.0174665     	-0.7990104     	-0.9520923     	-0.986463      	-1.1164436     	-1.0701255     	-1.2223257     	-1.1827075     	-0.9699239     	-1.1765252     	-0.8884105     	-0.98834103    	-0.78398174    	-1.1870263     	-1.1219094     	-1.1561856     	-1.0061616     	-1.2031819     	-0.9242589     	-0.85783744    	-0.8682319     	-0.99052936    	-0.7892179     	-0.8948431     	-1.0130106     	-0.83014584    	-0.9387436     	-0.99288994    	-1.2439528     	-1.010714      	-0.9275856     	-0.94327897    	-1.2928377     	-1.0022137     	-1.185679      	-0.9962222     	-1.1133071     	-1.1914673     	-0.888078      	-1.0570129     	-1.4068061     	-1.0103424     	-1.2181597     	-1.7377129     	-1.851816      	-1.4938974     	0.022267863    	-1.3102978     	-1.2588605     	-1.2724321     	-0.77115476    	0.41626894     	-0.010341985   	-0.48565912    	-0.9678223     	
-0.8904461     	-1.1574236     	-0.96982765    	-1.2247238     	-1.1324055     	-1.2316377     	-0.9326295     	-1.0517932     	-0.7870357     	-1.0542051     	-0.9808752     	-1.0332843     	-1.0645543     	-1.2000777     	-0.9843089     	-1.1030766     	-1.1047492     	-0.9927859     	-1.2706032     	-0.9872128     	-1.0638415     	-1.048549      	-1.1691135     	-0.99558425    	-1.1637995     	-1.0483835     	-1.1815662     	-1.2150034     	-0.95737225    	-1.029129      	-1.0833801     	-1.0777583     	-0.8631108     	-1.1551305     	-1.2660277     	-0.8622288     	-1.1119434     	-1.1028107     	-1.2088815     	-1.1678293     	-1.099746      	-0.79094505    	-1.1961023     	-1.1543459     	-1.3619915     	-1.0621953     	-1.1454037     	-1.3818529     	-1.0456151     	-1.1136189     	-0.8772169     	-0.90220237    	-0.9846726     	-1.082475      	-1.1289479     	-1.186327      	-0.5621579     	-1.0797448     	-1.1336864     	-1.1847503     	-1.0487313     	-1.0488954     	-1.2632389     	-0.970803      	-0.937044      	-1.077468      	-1.1364617     	-1.104676      	-0.93647665    	-0.96706605    	-1.0911282     	-1.0839756     	-1.1336621     	-1.094556      	-1.289863      	-1.0927296     	-0.9981881     	-1.082204      	-1.0064415     	-1.1800625     	-1.0262133     	-1.1202748     	-0.81657773    	-0.8425478     	-1.0198479     	-1.347323      	-1.2382404     	-1.04634       	-1.4173689     	-1.0986224     	-1.2697297     	-0.55983585    	-0.6362463     	-1.1656691     	-1.5932169     	-1.8946441     	-1.2501785     	-0.8645274     	-0.6052137     	-1.1863518     	
-1.2939502     	-1.0604693     	-0.9402102     	-1.0736858     	-1.177143      	-0.88138026    	-1.4197432     	-1.2903283     	-1.0113837     	-0.78492993    	-1.1551152     	-1.2451367     	-1.1986539     	-0.91737044    	-1.1653669     	-1.1764524     	-1.1020056     	-0.95392394    	-1.0692592     	-1.2171439     	-0.8628432     	-0.9147817     	-1.0989597     	-1.1027586     	-0.9825941     	-1.1493922     	-1.1381156     	-1.1970172     	-1.2734287     	-1.3130667     	-1.1254383     	-1.097349      	-1.1045834     	-1.0680474     	-1.0750207     	-0.78566533    	-1.0497307     	-0.9501724     	-1.20273       	-1.2504296     	-1.1154207     	-0.9624116     	-0.89260125    	-0.96334285    	-0.8048246     	-1.3211391     	-1.2195152     	-0.52859163    	-0.7345727     	-0.8782583     	-1.4324988     	-1.2929318     	-0.90172166    	-1.3235489     	-0.9824212     	-0.9421177     	-0.92523426    	-1.7494559     	-1.1244011     	-1.2486715     	-1.1032717     	-1.0016375     	-0.8048906     	-0.8723575     	-1.1898825     	-1.1828946     	-1.2803981     	-1.003948      	-1.1534687     	-1.2300982     	-0.9284463     	-1.1799785     	-1.0498394     	-1.1779665     	-1.2561711     	-1.2140399     	-1.009426      	-1.0256953     	-0.9171983     	-1.2031457     	-1.1575485     	-1.0528862     	-1.121438      	-1.1709905     	-1.2305979     	-1.1445739     	-1.1447589     	-0.77339804    	-1.037094      	-1.210215      	-1.1595354     	-0.9921207     	-1.1016661     	-1.6249988     	-1.5388372     	-1.4533628     	-1.1748585     	-1.3709078     	-1.0813249     	-1.3607353     	
-0.99979866    	-1.1627082     	-1.0110798     	-1.0707964     	-0.9099407     	-0.9561925     	-1.0594888     	-1.1852205     	-1.0166728     	-0.8368236     	-1.0332104     	-1.2062378     	-1.1004403     	-1.2813349     	-1.2302238     	-1.089925      	-0.993138      	-1.0072789     	-0.96015817    	-1.1073425     	-1.1229731     	-0.9232913     	-1.240464      	-1.2009417     	-0.9078059     	-1.1464949     	-1.1952589     	-0.9244507     	-1.050301      	-1.0982025     	-1.266099      	-0.9993351     	-1.1275755     	-1.114835      	-1.178301      	-1.212481      	-1.0995693     	-1.3373318     	-1.0242018     	-1.1989235     	-1.5144793     	-1.078084      	-1.1736977     	-0.49201217    	-1.0843635     	-1.2730769     	-1.9419712     	-1.4730798     	-1.0270188     	-0.7673852     	-1.1559379     	-1.1132927     	-1.0562314     	-1.3396008     	-0.5541733     	-1.83169       	-0.619687      	-1.5074631     	-1.1535401     	-1.4730572     	-1.0814036     	-0.9617068     	-1.1491603     	-1.0731112     	-1.3120356     	-1.1881721     	-0.8748631     	-1.0246624     	-1.0846069     	-1.0592002     	-1.2707205     	-1.1070509     	-0.8317993     	-1.2453723     	-1.0332758     	-1.2448515     	-1.0922306     	-1.0060307     	-1.0715492     	-0.9750203     	-0.93018407    	-1.0728971     	-0.8988704     	-0.9398118     	-1.3312091     	-1.0166385     	-1.6597409     	-0.8877518     	-0.90904737    	-0.98210305    	-0.5304899     	-0.816705      	-1.4839857     	-0.48605463    	-1.192304      	-1.6983413     	-1.1669273     	-1.489714      	-0.87905186    	-0.78900456    	
-0.9536633     	-1.2251549     	-1.0331488     	-0.9062363     	-0.96797556    	-0.7483526     	-1.2183273     	-1.0693591     	-1.2074558     	-1.000362      	-1.1112828     	-0.9289329     	-1.0351145     	-1.2605994     	-1.0528877     	-1.0387732     	-1.0768899     	-1.108661      	-0.9956459     	-1.0980426     	-1.1988661     	-1.2559997     	-1.0728413     	-1.2497059     	-1.3100893     	-1.1925042     	-1.3412575     	-1.0884863     	-0.97355443    	-0.6806263     	-1.2065558     	-1.0061731     	-0.8338419     	-0.84482723    	-1.1628478     	-1.1357076     	-1.6080812     	-0.4893162     	-0.5954077     	-0.77606493    	-1.0852069     	-1.3874037     	-0.7576498     	-0.8325973     	-1.1980805     	-1.330041      	-0.92465836    	-0.5858339     	-0.9604303     	-1.8781439     	-1.29128       	-1.0210739     	-0.86856514    	-0.76475614    	-0.8020185     	-1.6331522     	-1.117117      	-1.0573028     	-1.0865924     	-0.73719907    	-1.1566507     	-1.0599542     	-1.1032588     	-1.0817819     	-0.9959889     	-0.9988027     	-1.1467069     	-1.0422304     	-0.94639784    	-1.23772       	-1.0978608     	-1.1673418     	-1.2480533     	-0.98809725    	-1.0133556     	-1.0221851     	-1.2901466     	-1.1730392     	-1.1028255     	-1.1976433     	-1.1706715     	-1.3423179     	-1.0711724     	-0.87354577    	-1.0449833     	-1.3055148     	-1.113555      	-0.9554968     	-1.0421865     	-1.2757852     	-0.4548446     	-0.7198546     	-1.019573      	-1.1596459     	-1.4383963     	-1.4046952     	-1.8532933     	-1.4216223     	-0.69604725    	-0.69433326    	
-1.0955504     	-0.8691097     	-1.1041231     	-0.99270976    	-0.9978164     	-1.1856017     	-1.147471      	-0.9384809     	-1.0394258     	-0.9309413     	-0.753783      	-1.0943682     	-1.016451      	-1.0886699     	-0.8713392     	-1.121106      	-1.1210783     	-1.0629886     	-1.153798      	-1.1074106     	-0.98222774    	-0.8260508     	-1.5676955     	-0.80877006    	-1.0073487     	-0.8544768     	-1.1293437     	-0.9696235     	-1.2889016     	-0.9843142     	-0.9449164     	-1.8910583     	-1.102969      	-1.1834967     	-0.9813051     	-0.6661395     	-0.9657099     	-0.83988535    	-0.7873865     	-0.8848946     	-0.47450793    	-0.6210302     	-1.1778086     	-0.99968636    	-0.71369153    	-1.1303191     	-1.1750455     	-0.9471868     	-1.4211085     	-1.156647      	-1.07512       	-1.1701854     	-1.3842807     	-2.0270433     	-0.80739254    	-1.1939126     	-0.73308814    	-1.0245564     	-1.7180564     	-1.2563204     	-1.5508285     	-0.6671295     	-1.1661053     	-1.0721164     	-0.88487655    	-1.0421984     	-0.96124995    	-1.1178359     	-1.0513093     	-1.0432786     	-1.0662732     	-1.2607988     	-1.0501922     	-1.2768848     	-0.9067596     	-1.2874995     	-1.0384804     	-0.9781614     	-1.2512317     	-1.0461367     	-1.125105      	-1.135798      	-1.26453       	-1.1182265     	-0.9769112     	-0.9649693     	-1.126637      	-0.37919778    	-1.1872876     	-0.9635208     	-1.4175855     	-0.58180064    	-0.8057912     	-1.2206056     	-1.121469      	-1.4927635     	-0.9066206     	-0.61659074    	-0.76937014    	-0.5298002     	
-1.1651094     	-1.0106158     	-0.9669346     	-1.096585      	-1.1493115     	-1.1651124     	-1.064985      	-1.2561059     	-1.2012178     	-1.0014961     	-1.2233267     	-1.111977      	-1.0821841     	-1.3159428     	-1.0594711     	-1.0924447     	-1.0035954     	-1.1818285     	-0.98009956    	-0.9479392     	-1.108804      	-1.1001415     	-1.2225677     	-1.2723867     	-1.2151983     	-1.2431493     	-0.5609296     	-1.5554395     	-1.5550079     	-0.8628093     	-1.565042      	-1.4065802     	-1.4165828     	-0.7327246     	-0.5345146     	-1.1614667     	-1.0748092     	-1.1275032     	-0.5304984     	-1.3942667     	-0.65925896    	-0.6376989     	-0.64923227    	-0.80548316    	-1.0682607     	-0.80001724    	-1.385839      	-1.5704515     	-1.1148825     	-1.5080689     	-1.1180038     	-0.57229483    	-0.9422665     	-1.2727737     	-1.039549      	-1.4063306     	-1.1881162     	-1.2297635     	-1.1886866     	-1.5114536     	-1.046488      	-1.2411236     	-1.2889317     	-1.0647919     	-0.943512      	-1.1368644     	-1.064244      	-1.147674      	-0.9472495     	-1.0256748     	-1.1069474     	-1.2628628     	-1.0954471     	-1.0850855     	-1.4491342     	-1.236966      	-1.2507455     	-0.9777603     	-1.2886158     	-1.0948684     	-1.1504006     	-1.2055306     	-1.1929678     	-1.3364596     	-1.0360999     	-1.1921403     	-1.111824      	-1.5195884     	-1.4526641     	-0.89466375    	-1.1292588     	-0.7216966     	-1.1407005     	-1.9828367     	-1.2953207     	-0.7305554     	-0.7531714     	-0.8505835     	-1.2211431     	-1.504379      	
-1.0226665     	-1.1936797     	-1.2119138     	-1.3388937     	-1.0707778     	-1.2488756     	-1.0554408     	-1.1978391     	-1.1113603     	-1.0428073     	-1.2103734     	-1.1808164     	-1.2178843     	-1.1693956     	-1.292644      	-1.1636466     	-0.83927417    	-1.0093144     	-0.91674334    	-1.1419415     	-1.0238063     	-0.9956151     	-0.96939945    	-1.2116436     	-1.3662024     	-0.84890115    	-1.2594967     	-1.3689976     	-0.84116346    	-0.98430926    	-1.3972377     	-0.3902553     	-0.82026386    	-0.7992127     	-0.8112806     	-0.2214672     	-0.9926645     	-1.1199267     	-1.018769      	-1.006896      	-1.0153737     	-1.0671797     	-1.32777       	-0.9559481     	-0.9771096     	-1.1169969     	-0.46343482    	-0.8484437     	-0.69490504    	-1.6452595     	-1.1972464     	-1.3285232     	-0.8564763     	-1.2046852     	-1.3423703     	-1.2383077     	-1.1433088     	-1.4310997     	-1.0372369     	-1.4413513     	-1.287415      	-1.4396598     	-1.5838236     	-1.3682188     	-0.9738808     	-1.0384243     	-1.1537102     	-1.1987278     	-0.9949102     	-1.0660405     	-1.0553795     	-1.152047      	-1.102427      	-1.2784901     	-1.2580875     	-1.2251762     	-1.0540818     	-1.1896166     	-0.7158891     	-0.9508072     	-1.0446788     	-1.1883504     	-1.4032927     	-0.8150608     	-1.2644641     	-0.81035775    	-1.1025277     	-0.8854654     	-1.5333906     	-1.4789596     	-1.1951151     	-0.68774056    	-1.137452      	-1.8125298     	-1.0442811     	-1.2674387     	-1.2277216     	-0.9183925     	-0.9834059     	-1.3768823     	
-1.0319136     	-0.9046771     	-1.1780514     	-1.0443851     	-1.0062108     	-1.0112644     	-1.1122383     	-1.0365136     	-0.9507054     	-1.2692876     	-0.94278574    	-1.2506654     	-1.2252754     	-0.9039944     	-1.1291511     	-1.037687      	-1.3124359     	-0.9987674     	-1.0685046     	-1.1636258     	-1.0259176     	-1.1626496     	-1.2729572     	-1.5127        	-1.0760491     	-1.6231096     	-1.177769      	-1.4521801     	-0.9669911     	-1.5706878     	-1.2091662     	-1.2630607     	-1.3270354     	-1.501405      	-1.2234012     	-0.7211421     	-0.93910116    	-1.2542835     	-1.1153078     	-1.331525      	-1.0161067     	-0.7461727     	-0.6359354     	-0.7407824     	-2.8224204     	-1.453504      	-0.767062      	-1.2337224     	-0.70252925    	-1.4445674     	-0.9297037     	-1.4494075     	-1.4088602     	-1.5961794     	-1.0030056     	-1.0051184     	-1.5065273     	-0.54053366    	-0.50281477    	-1.1551201     	-0.9461327     	-1.1619601     	-0.6846743     	-1.1073349     	-1.0523643     	-1.275036      	-1.1151636     	-1.0213258     	-1.1828265     	-1.1494241     	-1.167881      	-1.255084      	-1.0540868     	-0.9881376     	-1.2711452     	-1.0165102     	-1.1478474     	-1.1872244     	-1.1092026     	-1.1469895     	-1.0358498     	-0.73297083    	-1.2121297     	-1.0107598     	-0.9121984     	-0.9948996     	-1.0137608     	-0.9052104     	-0.902793      	-1.1102319     	-1.1639869     	-1.0573764     	-0.7944827     	-0.40231478    	-1.2018266     	-1.1611284     	-1.1301092     	-0.85453886    	-0.69715387    	-1.0493723     	
-1.1634939     	-1.127445      	-0.9646633     	-0.9815486     	-1.2910647     	-1.195048      	-1.013042      	-1.0710522     	-0.9817609     	-1.2005906     	-1.1381772     	-1.063424      	-0.9046153     	-1.0674047     	-1.1414828     	-0.9638047     	-0.9472491     	-1.0552118     	-1.2228996     	-1.209259      	-1.0971584     	-1.0692661     	-1.1492381     	-1.1910403     	-1.0990893     	-1.2639902     	-0.75879323    	-0.71186364    	-0.7761744     	-2.280834      	-1.4208534     	-0.9652492     	-1.046842      	-1.2012076     	-0.24708106    	-0.2313879     	-0.9751994     	-1.153727      	-0.8386391     	-0.64071167    	-1.0457653     	-1.0460584     	-1.7818108     	-1.0832044     	-0.8459814     	-0.7042666     	-1.4359075     	-1.1514542     	-1.0772574     	-0.89598525    	-0.91334367    	-1.0620093     	-1.1875074     	-1.7774618     	-1.190994      	-0.8616934     	-0.8542933     	-1.2413125     	-0.779383      	-0.6898125     	-1.1856751     	-1.4883878     	-1.176482      	-1.3123598     	-1.2323568     	-0.93212974    	-0.9998239     	-1.2243063     	-1.1182935     	-1.1977686     	-1.0810348     	-1.1484189     	-1.2055767     	-1.0968657     	-1.187288      	-1.203777      	-1.0165452     	-0.9892776     	-0.8440837     	-1.0613354     	-1.0859687     	-1.2839084     	-1.1284547     	-1.2362257     	-1.1252496     	-1.0587546     	-1.0741351     	-1.0023313     	-1.2031496     	-0.66397226    	-1.0537345     	-0.9442426     	-1.3862056     	-1.7451192     	-1.2892061     	-1.4813417     	-0.56861943    	-0.043526385   	-0.77643526    	-0.9616307     	
-0.97063154    	-1.0072275     	-1.3580551     	-1.0674797     	-1.2468936     	-1.2161416     	-0.94250196    	-0.92287755    	-1.1602967     	-1.1413931     	-1.1274545     	-1.0466611     	-1.1518115     	-1.2005465     	-1.0639936     	-1.2360764     	-0.995559      	-1.0598482     	-1.0547935     	-1.2638335     	-1.0097626     	-1.2324607     	-1.1725347     	-1.5118694     	-1.017232      	-1.4583676     	-1.4243724     	-0.7417005     	-0.54237586    	-1.1900449     	-1.3261207     	-1.2352343     	-1.1127621     	-0.5888798     	-0.8102426     	-0.25565484    	-0.8277006     	-1.5013492     	-0.9343405     	-1.4006032     	-1.8620203     	-0.56784403    	-1.1164471     	-0.81400955    	-0.85637087    	-1.3611342     	-1.064683      	-0.961316      	-1.0496938     	-1.0226245     	-0.9304569     	-0.97950786    	-1.2143645     	-0.8288976     	-0.9234682     	-0.7932316     	-0.62665975    	-1.0197039     	-1.5733335     	-0.84416175    	-0.92899776    	-0.9304739     	-1.5058054     	-0.54612297    	-0.69002795    	-1.063656      	-1.3512577     	-1.0758947     	-1.15611       	-1.1750034     	-0.80077255    	-1.0159049     	-1.2235916     	-0.8368116     	-1.3486133     	-1.1967069     	-1.080834      	-1.2931955     	-0.992681      	-0.9770982     	-1.1080971     	-0.89527184    	-0.9651069     	-1.1514316     	-1.0589893     	-1.1422294     	-1.1230711     	-1.4263248     	-1.4698852     	-1.0205398     	-0.38112307    	-1.1182164     	-0.75253916    	-2.1548169     	-1.113777      	-1.1096225     	-1.307777      	-1.6467524     	-0.9450029     	-0.764927      	
-0.80071187    	-1.0713744     	-1.2049181     	-1.1208197     	-1.0308522     	-1.0585983     	-0.9974264     	-1.0729278     	-1.092411      	-0.94624764    	-1.0878373     	-1.3388858     	-0.95994574    	-1.0666316     	-1.0791116     	-0.8820247     	-0.83177674    	-0.986486      	-0.6834905     	-0.9982909     	-1.0515089     	-1.3461105     	-1.1755583     	-1.0826085     	-1.2141886     	-1.1474041     	-1.1346017     	-1.0246696     	-1.3048854     	-1.0117697     	-1.5171261     	-1.9131356     	-1.1800959     	-0.7517268     	-0.8072854     	-0.5925931     	-1.1543341     	-0.9897213     	-1.0668169     	-2.5390792     	-0.9101002     	-0.91520643    	-1.3705329     	-1.2715421     	-1.874986      	-0.7131644     	-1.0615807     	-1.1444277     	-1.6716057     	-1.5411804     	-1.5945407     	-0.6246408     	-1.0727049     	-0.92154324    	-1.3087085     	-1.2730622     	-0.8377566     	-1.339519      	-0.68173003    	-1.3495879     	-1.0248544     	-0.92162466    	-1.2347965     	-1.3452857     	-1.2625533     	-1.1691633     	-1.0764803     	-1.2028054     	-1.0994161     	-1.1215158     	-1.1892179     	-1.2269866     	-1.0624274     	-0.98429483    	-0.9901493     	-1.3485494     	-0.97771084    	-1.2953093     	-1.1037502     	-1.0695307     	-1.1119173     	-1.2379129     	-1.0080111     	-1.0855948     	-1.0600806     	-1.0648645     	-0.9309749     	-1.2506299     	-1.5971181     	-1.2161686     	-0.9051995     	-0.9942179     	-1.2960799     	-1.1729754     	-0.7253898     	-1.8256792     	-1.9485625     	-0.9583724     	-0.87262344    	-0.87713516    	
-1.3862832     	-0.92836964    	-1.417904      	-1.1018393     	-1.1403874     	-1.1312094     	-0.79528576    	-1.135479      	-1.0905145     	-1.1651082     	-1.1090788     	-1.0154848     	-1.3147907     	-0.9622044     	-1.0836661     	-0.88878185    	-0.84246856    	-1.22311       	-0.9403242     	-0.9272348     	-1.0238813     	-1.0269688     	-1.1005821     	-1.256405      	-1.1024438     	-1.1887838     	-1.4076576     	-0.9234435     	-1.1887354     	-1.0508326     	-1.2841152     	-1.7583227     	-1.1113343     	-0.97924846    	-0.9525333     	-0.95809996    	-1.0255527     	-1.4620155     	-1.3345994     	-1.2608821     	-1.0284342     	-1.8731438     	-0.29287368    	-1.2882193     	-1.2335576     	-0.94825685    	-1.8080392     	-1.3611712     	-0.77328       	-0.87408       	-0.32015386    	-1.2163148     	-0.9524736     	-1.591019      	-1.5356588     	-0.6974937     	-0.6560711     	-1.6637591     	-0.9016962     	-0.92536485    	-1.8604213     	-1.0327528     	-0.99250513    	-0.65458214    	-1.0407279     	-0.8162068     	-1.0855851     	-1.0519665     	-1.1300824     	-1.0222261     	-0.8838746     	-1.1309011     	-1.231077      	-1.1770755     	-0.98537153    	-1.03928       	-1.1460973     	-1.1386099     	-1.097047      	-1.0966325     	-1.0881243     	-0.9577569     	-1.3073325     	-1.1034428     	-0.81480235    	-1.166761      	-1.0759724     	-0.98639774    	-1.1684164     	-1.2765701     	-1.1303185     	-1.1917939     	-1.2543187     	-0.81884617    	-0.803286      	-0.4872786     	-0.7576902     	-1.1158309     	-1.2453438     	-1.0807282     	
-1.0024676     	-1.4085181     	-0.91972804    	-1.1632472     	-1.213696      	-1.142348      	-1.067378      	-0.9245858     	-0.814886      	-0.96580356    	-1.001045      	-0.7917709     	-1.0454146     	-1.2459466     	-1.3048135     	-1.3283397     	-1.0542712     	-1.3336197     	-1.1136003     	-1.2129654     	-1.2493889     	-1.3546247     	-1.2117217     	-1.1501439     	-1.1044036     	-1.0609223     	-0.583311      	-0.833439      	-0.9210296     	-0.18166403    	-0.97142273    	-1.1545184     	-1.2876817     	-0.77001214    	-0.72715485    	-1.5630103     	-0.92153835    	-0.8554609     	-0.9908152     	-1.2490563     	-0.7266296     	-1.3706913     	-0.84771097    	-1.1037133     	-0.76915526    	-0.742365      	-1.3868506     	-1.2480538     	-1.2461766     	-0.8169907     	-1.0279953     	-1.0644338     	-0.2045088     	-0.7443677     	-1.0566741     	-0.7791558     	-1.1679142     	-0.9342793     	-1.7454627     	-1.0559602     	-1.161875      	-1.499537      	-1.4967406     	-1.5371412     	-1.242111      	-1.1383332     	-0.8707137     	-1.0593827     	-0.91497755    	-1.0569959     	-1.1733141     	-0.9618577     	-1.0477271     	-1.0303038     	-1.0858266     	-1.2638347     	-1.2494733     	-1.0941663     	-0.8718683     	-1.0495071     	-1.3417237     	-1.0290118     	-1.3086431     	-0.88874495    	-0.93963015    	-1.1898456     	-1.0700037     	-0.8999819     	-1.1829555     	-1.0992342     	-0.9011756     	-0.9249303     	-0.78764695    	-1.1170115     	-1.4349167     	-1.1352793     	-0.8344075     	-1.1717211     	-1.2951711     	-1.3406066     	
-0.97428876    	-0.4758604     	-0.94326437    	-1.0122666     	-1.0072474     	-0.93965816    	-0.9305108     	-1.2255232     	-1.3188065     	-1.2860574     	-1.0794597     	-0.97851914    	-1.0310214     	-1.0912844     	-1.3348668     	-1.172526      	-1.119781      	-0.9985068     	-1.0143427     	-1.0645475     	-1.0453639     	-1.1819937     	-1.179351      	-1.1621777     	-1.1803261     	-1.0191454     	-1.1486886     	-0.7958194     	-1.5719484     	-1.270859      	-0.10015657    	-1.3242426     	-0.81326807    	-0.7835996     	-1.3746698     	-1.3788095     	-1.1935291     	-0.9362745     	-1.6753992     	-0.8598302     	-1.3926225     	-2.1030664     	-1.0288601     	-1.2221568     	-0.9742726     	-1.1672287     	-0.65102893    	-0.779939      	-1.0222164     	-0.7443204     	-0.97407854    	-0.31204456    	-0.11728077    	-1.4611193     	-0.79977417    	-1.2431175     	-1.2410129     	-0.7307324     	-2.0115736     	-1.6343752     	-1.2412099     	-0.7870935     	-0.87487525    	-1.0404919     	-0.59214747    	-1.1530551     	-1.2098483     	-0.8045159     	-1.0252947     	-1.0628343     	-1.10638       	-1.0060595     	-1.2445189     	-1.0487182     	-0.9431021     	-1.0902942     	-0.78772897    	-0.8855191     	-1.1446257     	-1.0405651     	-0.783529      	-1.041084      	-1.1306701     	-1.0888445     	-1.0872457     	-1.1040075     	-1.1212306     	-1.2173114     	-1.1698831     	-0.9365681     	-1.0840111     	-1.0564922     	-1.0643733     	-0.98925847    	-2.415535      	-0.3875933     	-0.71113753    	-1.1195923     	-1.2943332     	-1.1227274     	
-0.91387427    	-1.2364573     	-0.6548505     	-0.9669042     	-1.1039275     	-0.95493007    	-1.0664392     	-1.1370721     	-0.947449      	-1.1873561     	-1.1859426     	-0.9098113     	-1.2061248     	-1.1452892     	-1.0094192     	-1.1426356     	-1.1363832     	-1.1106119     	-1.0087402     	-1.2390759     	-0.91141945    	-1.0035807     	-1.1620849     	-1.0555873     	-0.9664844     	-0.98109925    	-0.7786486     	-1.0495266     	-1.0747979     	-1.0771748     	-1.0300406     	-0.9069073     	-0.3933625     	-0.8214593     	-0.98201096    	-1.2392927     	-1.57734       	-0.76799715    	-1.3018825     	-0.6197517     	-1.7643076     	-1.1503983     	-1.6791809     	-0.40820372    	-1.0500735     	-1.6163652     	-1.5391333     	-1.2250397     	-0.92833513    	-1.0845076     	-1.1826261     	-1.3383263     	-1.0210001     	-1.7363852     	-1.5127082     	-0.8741157     	-1.5616223     	-1.3830127     	-0.6228468     	-0.8920481     	-0.9541932     	-1.0344247     	-1.1447638     	-0.86718255    	-1.0174602     	-1.1349927     	-0.55407965    	-1.2469862     	-0.84863806    	-1.375432      	-0.8151157     	-1.0297079     	-1.2789682     	-1.3273402     	-1.1335143     	-0.99483186    	-1.0382426     	-1.1445382     	-1.1752846     	-1.0183678     	-1.226522      	-1.0474979     	-1.286997      	-0.93219686    	-1.025697      	-1.0485764     	-1.2585723     	-1.2239817     	-1.1293151     	-0.97247523    	-1.1285967     	-0.9695989     	-0.8999512     	-1.2419447     	-1.0552499     	-1.063009      	-1.2617985     	-1.2413054     	-1.0004233     	-0.932998      	
-0.34177643    	-1.1656575     	-0.9176536     	-1.025338      	-1.1824461     	-0.9767483     	-1.2272937     	-0.96946144    	-0.8494414     	-1.0307983     	-0.91048485    	-0.87441415    	-1.1962322     	-0.8787299     	-1.0544928     	-1.1747316     	-1.2326301     	-0.8780558     	-1.0846004     	-1.0439045     	-1.215767      	-0.980701      	-1.0953056     	-0.9638939     	-0.984764      	-1.0358155     	-1.0814253     	-1.2789643     	-1.0784659     	-0.99777377    	-1.0460616     	-1.2101614     	-0.68993485    	-0.92017555    	-0.3785269     	-1.3118943     	-0.860393      	-1.2409658     	-1.2763083     	-0.70757926    	-0.7899826     	-1.1074487     	-1.0654647     	-1.0098753     	-0.9139919     	-1.2715377     	-1.1968961     	-1.3608273     	-1.2721667     	-1.2271242     	-0.9827835     	-1.4064658     	-0.8654088     	-1.9371748     	-1.7065877     	-1.0012916     	-1.107789      	-1.122565      	-0.9852426     	-0.6528924     	-0.78406465    	-1.5042764     	-1.0616618     	-1.2806695     	-1.1122499     	-1.2615858     	-1.3157734     	-1.2541122     	-1.2770851     	-1.0353694     	-0.9737728     	-1.2714611     	-1.1919477     	-1.2376406     	-1.3454559     	-1.0431706     	-0.7695319     	-1.1313543     	-1.1749685     	-1.1696882     	-0.9512595     	-1.1234074     	-1.132096      	-1.2906352     	-1.2756557     	-1.1472602     	-1.2076128     	-1.0203876     	-1.0516044     	-0.8802564     	-0.9175987     	-1.0404251     	-1.0583416     	-1.1176742     	-1.1575135     	-1.0435296     	-0.94111264    	-1.2039664     	-1.2784462     	-1.2317238     	
-1.4458654     	-1.9215587     	-0.6452713     	-1.0750834     	-1.1169021     	-0.9942284     	-1.0931593     	-1.4502778     	-1.2822603     	-0.9724509     	-1.125152      	-1.2858952     	-1.1421089     	-1.25037       	-0.80197453    	-1.0674914     	-0.8488662     	-1.119953      	-0.8745643     	-1.3090645     	-0.94036794    	-1.0791272     	-0.987821      	-0.9796886     	-1.043952      	-0.9988464     	-1.1597455     	-0.86659396    	-1.1727195     	-1.090374      	-1.0248574     	-1.0306638     	-0.21379875    	-1.3871126     	-0.8289735     	-1.3502332     	-1.2333782     	-0.0748798     	-0.7243865     	-1.0574136     	-1.0530119     	-0.2000371     	-1.4517874     	-1.3488414     	-1.5630469     	-1.0010475     	-1.0918851     	-1.5732838     	-1.0383219     	-1.678903      	-1.4112433     	-1.1669133     	-1.1701218     	-1.8655511     	-1.4336059     	-0.8307132     	-0.27065083    	-1.4408695     	-0.3755924     	-0.88548493    	-0.9196504     	-0.5144181     	-1.0281335     	-1.8589051     	-1.52611       	-1.0359175     	-0.2820394     	-0.9575698     	-1.3449211     	-0.86013746    	-0.8071483     	-1.2177        	-1.123916      	-0.9417124     	-0.99114686    	-1.1443009     	-0.9401941     	-0.89853734    	-1.1192685     	-1.0767192     	-1.2134113     	-1.1314198     	-1.0536342     	-0.96282214    	-0.90251726    	-1.1650215     	-1.0457128     	-1.2755277     	-0.9686813     	-1.2637882     	-1.1600722     	-1.1225445     	-1.1174216     	-1.0041244     	-1.2243081     	-1.1971246     	-1.0752579     	-0.83211124    	-1.0520806     	-1.043474      	
-0.92699575    	-0.41344246    	-1.2323927     	-0.80144936    	-0.9097646     	-1.0927908     	-1.0848322     	-1.1182314     	-1.0898107     	-1.0836837     	-0.8605212     	-1.0629936     	-1.1419979     	-1.0039924     	-1.0190239     	-0.8961857     	-1.0646031     	-0.89279175    	-0.955417      	-1.1892891     	-0.9761895     	-1.0060575     	-0.9973997     	-1.1073664     	-1.0139781     	-1.2723992     	-1.219658      	-0.86766976    	-1.040316      	-0.9826637     	-0.8866625     	-0.8717658     	-1.4302787     	-0.377249      	-1.560242      	-1.4982573     	-1.0687575     	-1.0969878     	-1.1069905     	-1.2289526     	-1.3870151     	-0.6979539     	-1.8811098     	-0.7968301     	-1.3568043     	-1.157309      	-1.117394      	-1.2205932     	-0.6913724     	-1.1006484     	-0.9513344     	-1.2983484     	-1.8877877     	-1.0333152     	-1.1071612     	-0.9990273     	-1.0578986     	-1.9462996     	-1.1154237     	-0.57703984    	-1.1888676     	-1.3174274     	-1.0510348     	-1.0643188     	-1.197627      	-0.9552331     	-1.3318404     	-1.247777      	-0.796052      	-0.7859327     	-0.87356806    	-1.2620916     	-1.0729508     	-1.2116635     	-0.97044176    	-1.148329      	-1.2086115     	-0.9306732     	-1.1405874     	-0.9148074     	-1.163568      	-1.2014498     	-1.4100139     	-1.2425189     	-1.1365876     	-1.0226179     	-1.1605347     	-0.9942154     	-1.112634      	-1.0121311     	-0.9081704     	-1.0677783     	-1.2575576     	-1.0386791     	-1.0876267     	-1.0302774     	-1.1594502     	-0.96876514    	-1.1370565     	-1.1459157     	
-1.4344193     	-1.160657      	-0.18156122    	-1.1368929     	-1.1692407     	-0.9974597     	-1.0520493     	-0.99461424    	-1.2811993     	-0.7661317     	-1.0844581     	-1.0694357     	-1.0051993     	-1.0063009     	-0.85552263    	-1.2197146     	-1.2618566     	-1.1544499     	-1.0702428     	-0.9240712     	-1.0292859     	-1.1200413     	-1.0423472     	-1.0641601     	-0.9320359     	-0.997121      	-1.2724117     	-1.0807421     	-1.2358781     	-1.0517049     	-1.0512395     	-0.7232787     	-1.2806969     	-1.3116652     	-1.3434631     	0.21650106     	-0.52901524    	-1.158497      	-1.0680348     	-0.7566565     	-0.9173042     	-1.0369754     	-0.694965      	-0.84629804    	-1.717666      	-1.0712862     	-0.5753134     	-1.2852296     	-0.927276      	-0.8885928     	-0.7181054     	-1.4666477     	-1.1063569     	-1.1207829     	-1.1636236     	-1.1683149     	-1.3344929     	-0.8960798     	-1.3325887     	-0.8958424     	-1.3294115     	-1.2989706     	-1.1076795     	-0.829735      	-0.9846853     	-0.88062966    	-1.0621488     	-1.0648229     	-1.444392      	-1.2648307     	-1.041763      	-1.0065995     	-1.3452747     	-0.9535638     	-1.3155538     	-0.98248047    	-1.087356      	-1.0397791     	-1.1736507     	-1.1898979     	-1.1329381     	-1.0662464     	-1.1405499     	-1.2551739     	-0.97495335    	-0.7134528     	-1.263638      	-1.166482      	-1.256312      	-1.028922      	-1.010144      	-1.2000957     	-1.1127809     	-1.0632591     	-0.87673587    	-1.1565341     	-0.9427365     	-0.759282      	-0.95003134    	-0.8807894     	
-0.91432256    	-1.7381305     	-0.76153606    	-1.4627545     	-0.84541327    	-1.2788126     	-1.372497      	-1.0076097     	-0.95170134    	-1.1603954     	-1.1560882     	-1.0574505     	-0.9093099     	-1.1626036     	-1.063541      	-1.0508199     	-0.937164      	-1.0157087     	-1.0356345     	-1.1560993     	-1.2632694     	-1.1068796     	-0.97245294    	-0.882491      	-0.92087805    	-1.1013716     	-1.1484953     	-0.9851396     	-0.89927506    	-0.56634825    	-1.0911051     	-0.9472619     	-1.2187169     	-0.62229306    	-0.69568527    	-1.2934542     	-1.2196778     	-0.4279692     	-1.441067      	-0.98346496    	-0.9305549     	-1.0195107     	-0.73454344    	-1.4191458     	-0.65317154    	-0.84366006    	-1.611004      	-1.1768816     	-0.886157      	-0.32203645    	-1.3802212     	-1.3515986     	-0.7339471     	-1.1491073     	-0.72453487    	-1.2209778     	-1.1299419     	-1.2439513     	-0.97581816    	-1.1326991     	-1.0782398     	-1.1151528     	-0.98182       	-0.95800483    	-1.1770214     	-1.150985      	-1.067026      	-0.9816861     	-1.1280173     	-1.0157976     	-1.108235      	-1.1636815     	-1.1318009     	-1.0819904     	-0.9848283     	-1.1276054     	-1.1916195     	-1.1288303     	-1.0941364     	-1.0209522     	-0.8836812     	-1.0388961     	-1.0149974     	-0.765063      	-0.8832254     	-1.2839642     	-1.0105822     	-1.1497247     	-1.1803321     	-1.2009168     	-0.94155556    	-0.9797323     	-1.2256893     	-1.0687864     	-0.88674366    	-1.041099      	-1.1824827     	-1.2292471     	-1.1824799     	-1.0336198     	
-0.9981487     	-0.9531879     	-1.1608527     	-1.325108      	-1.141582      	-1.2463994     	-1.0748338     	-1.1211733     	-1.1001717     	-1.0545267     	-1.0483422     	-1.1160486     	-0.94230014    	-1.0705513     	-1.0462081     	-1.2525598     	-0.84100604    	-1.1811194     	-1.132023      	-0.8477779     	-1.0030637     	-1.079039      	-0.97521985    	-0.78718853    	-1.0541279     	-1.2170048     	-0.93084115    	-1.1602871     	-1.1416165     	-1.3761753     	-0.70739484    	-0.7964242     	-0.8371674     	-1.1790959     	-1.2294143     	-0.8745522     	-1.4219724     	-1.6672189     	-0.22607577    	-0.7162585     	-1.0684582     	-0.9442607     	-0.83212346    	-0.6697694     	-1.3422763     	-1.1007102     	-0.9796126     	-1.0496142     	-1.1905437     	-1.2563686     	-1.0313699     	-1.0499974     	-1.2545533     	-1.2136372     	-1.0072442     	-1.0551054     	-0.882025      	-0.9689158     	-0.9491326     	-1.2798755     	-1.1831112     	-1.2663982     	-1.0260574     	-1.2336587     	-0.93482715    	-1.1345532     	-1.0490991     	-1.0670216     	-1.0774928     	-0.94751245    	-1.429495      	-1.008254      	-1.2230855     	-1.0615547     	-1.0263492     	-0.80833465    	-1.2143191     	-1.1680689     	-1.4382464     	-1.0632918     	-1.1369932     	-0.8498088     	-1.054184      	-1.053098      	-1.1081197     	-1.0024015     	-1.0530478     	-1.0985494     	-1.0822135     	-1.0905609     	-1.0454993     	-0.8773615     	-1.134348      	-1.1755441     	-1.0752251     	-1.0055885     	-0.9966402     	-1.0918338     	-1.1432836     	-1.0525546     	
-1.4561996     	-1.560044      	-1.196471      	-0.7098643     	-1.134885      	-1.0179152     	-0.38515902    	-1.094863      	-1.1464888     	-1.3202802     	-1.2861695     	-1.1453876     	-1.3444484     	-0.95248073    	-1.1000731     	-0.9620104     	-1.1262352     	-1.0938561     	-0.9724649     	-1.1629369     	-1.1750445     	-1.0332677     	-0.9978636     	-1.0132955     	-1.1274889     	-1.1210209     	-1.0759962     	-1.0637888     	-1.1132404     	-0.7750232     	-1.1482167     	-1.015361      	-1.3268739     	-1.2274498     	-1.1931368     	-0.8197673     	-1.2252033     	-1.1946995     	-1.1478508     	-1.0287241     	-1.0137252     	-1.4108663     	-0.9389134     	-1.1566949     	-1.1624564     	-1.4467491     	-1.180525      	-1.1169013     	-1.1124032     	-1.1084951     	-1.1750252     	-0.8864921     	-1.1017617     	-1.061059      	-1.1651516     	-1.1694744     	-0.85115737    	-0.9448324     	-1.1308068     	-1.0266485     	-0.88014764    	-1.0255612     	-1.1465682     	-1.1777338     	-1.190871      	-1.3385899     	-1.0643556     	-1.2981329     	-1.1162063     	-0.9001697     	-1.0789891     	-0.97418696    	-1.0732747     	-1.1896762     	-1.103977      	-1.237555      	-0.9106866     	-1.3207724     	-0.9913907     	-1.0139383     	-1.1441078     	-1.1459048     	-1.1561625     	-0.9535805     	-1.1018543     	-1.1012216     	-1.0734558     	-0.9347378     	-1.1358945     	-1.0513837     	-1.1311717     	-1.1988033     	-0.87584615    	-0.91906905    	-1.1259563     	-1.1499829     	-1.1152186     	-0.9291629     	-0.9709101     	-1.0382801     	
-1.1746453     	-1.410149      	-1.5023893     	-1.3297676     	-0.9549206     	-1.8570069     	-1.0958308     	-0.9438588     	-1.2796823     	-0.96093196    	-0.77057844    	-0.97934675    	-0.97000486    	-0.91984785    	-1.2348152     	-1.1418378     	-1.2142371     	-1.3202033     	-1.1287998     	-1.1867044     	-1.2518        	-0.959855      	-1.0972749     	-1.0725559     	-0.97948456    	-1.0150508     	-1.0308019     	-1.1522338     	-1.2220004     	-1.1359903     	-1.311608      	-1.1209981     	-1.0445936     	-1.2261268     	-1.2371674     	-1.2276734     	-1.1672451     	-1.1210024     	-1.1482482     	-0.9089645     	-1.2872546     	-1.15361       	-1.2432064     	-1.1720796     	-1.0010386     	-1.3463548     	-1.2368172     	-1.1725495     	-1.0293757     	-1.1955771     	-1.1705503     	-1.0176748     	-1.3272285     	-1.4358456     	-1.2012651     	-0.96150213    	-0.99790156    	-1.0934485     	-0.96307963    	-1.1552719     	-0.9352984     	-1.1500831     	-1.2993588     	-0.9659957     	-1.3051562     	-0.96591103    	-1.2589657     	-1.2966888     	-0.97219765    	-1.0805027     	-0.8824569     	-1.1156473     	-1.0253979     	-0.91220695    	-1.1931545     	-1.4042974     	-1.1045325     	-0.88458383    	-0.89683986    	-0.9633281     	-0.96669877    	-1.2037339     	-1.0848235     	-1.053381      	-1.0823174     	-1.2020514     	-1.0439682     	-0.89602196    	-0.905694      	-1.1038398     	-1.0627722     	-1.1310644     	-1.1307619     	-0.9555139     	-1.1203574     	-1.1847328     	-1.0200243     	-1.0663661     	-1.1403422     	-1.1459322     	
-0.5646446     	-0.78499603    	-1.4748045     	-1.1603503     	-0.7504361     	-0.96888834    	-1.6510886     	-0.89842486    	-0.7695478     	-1.1807911     	-1.0704689     	-0.89972275    	-0.97294575    	-0.9928199     	-0.96564454    	-1.1724842     	-1.2675343     	-1.2210236     	-1.1390265     	-1.0207617     	-0.7049511     	-0.8964209     	-1.1869391     	-1.0549608     	-0.95085686    	-1.3464774     	-1.1578742     	-1.0768375     	-0.7279618     	-0.9880238     	-1.1240524     	-0.81184524    	-1.1930559     	-1.1894958     	-1.1688699     	-1.2096701     	-1.0672584     	-1.1191981     	-1.2071328     	-1.1251558     	-1.0682898     	-1.1650169     	-1.0434189     	-0.94887316    	-1.0106516     	-1.1880271     	-0.95450604    	-1.1799524     	-1.2371628     	-1.1881266     	-1.121261      	-0.88378394    	-1.1490949     	-1.176655      	-0.8296119     	-0.9281453     	-1.1810452     	-0.995203      	-0.98701847    	-1.2332022     	-1.3857014     	-0.8749977     	-1.100658      	-1.1899681     	-1.41644       	-1.1133333     	-1.0717857     	-1.3611982     	-1.0373012     	-1.1550444     	-0.99640363    	-1.154722      	-1.1695337     	-1.0677558     	-1.2481999     	-1.1712916     	-1.137871      	-1.0531876     	-1.1118011     	-0.98540425    	-1.3254164     	-0.8789495     	-1.2018231     	-1.083735      	-1.1479672     	-1.2602054     	-1.044504      	-0.8456242     	-1.0074793     	-1.3951708     	-1.1052696     	-1.2737699     	-0.87399006    	-0.9826719     	-1.2254677     	-1.1273117     	-0.9738307     	-0.9713116     	-0.99795693    	-1.2387177     	
-1.3331001     	-1.4724464     	-1.1401322     	-1.3387834     	-1.3327359     	-0.6599631     	-1.1422395     	-0.59614414    	-0.8129763     	-0.9637282     	-1.0596466     	-1.1419829     	-1.1476748     	-1.0436395     	-1.1002198     	-1.2683231     	-1.056562      	-1.042606      	-1.0417203     	-1.0857124     	-0.9221938     	-1.2332768     	-0.9449879     	-0.93963444    	-1.2036551     	-1.2647967     	-1.2471782     	-1.1906517     	-0.78942776    	-1.0698861     	-1.1368802     	-1.0575821     	-1.1931179     	-0.99304295    	-0.80725306    	-1.0651335     	-1.0899854     	-1.1781657     	-0.96821785    	-0.79508084    	-1.0564431     	-0.9446949     	-0.958355      	-0.9174335     	-0.9815543     	-1.0404654     	-1.1161802     	-1.1214249     	-1.1647375     	-1.1253678     	-1.0811801     	-1.007819      	-1.2225688     	-1.1201005     	-1.1202368     	-1.4067734     	-1.1281723     	-1.2617604     	-1.1031842     	-1.1882203     	-1.2081517     	-1.0925087     	-1.237816      	-1.1292177     	-1.1799027     	-0.95961547    	-0.99044955    	-1.1797879     	-1.092646      	-0.9935885     	-1.1462119     	-1.1635597     	-1.1272843     	-1.0185403     	-1.09999       	-1.0986949     	-1.0567566     	-1.2256467     	-1.1529105     	-1.2060834     	-1.1442078     	-1.0528221     	-1.2251954     	-1.1096846     	-0.8535003     	-1.1812657     	-1.0151248     	-1.0882465     	-0.9919471     	-1.1369473     	-1.3205137     	-1.0253419     	-1.2553942     	-0.9239158     	-1.1046565     	-1.1992699     	-1.1852856     	-0.92405766    	-0.8054141     	-0.8569355     	
-1.1477002     	-0.7309586     	-0.95257825    	-1.0596428     	-1.067301      	-0.86892724    	-1.1467754     	-1.0822952     	-0.8595452     	-1.1410625     	-1.0358057     	-1.0659473     	-1.081891      	-1.1133065     	-1.017212      	-1.0814391     	-0.94281876    	-1.1579139     	-1.3062873     	-1.0168244     	-1.1229429     	-1.0800557     	-1.2398288     	-1.0080032     	-0.98456424    	-1.338114      	-0.9805845     	-1.0871809     	-0.88897485    	-1.2481377     	-1.314509      	-0.9141321     	-1.0900915     	-0.9566972     	-1.0293585     	-1.2666012     	-1.0968361     	-1.1091664     	-1.0206774     	-0.98962194    	-1.222501      	-0.95941615    	-1.1357334     	-1.0341306     	-1.1976227     	-1.0914793     	-1.1329212     	-1.1150601     	-1.0265669     	-1.2202835     	-1.1992457     	-1.09601       	-0.95631784    	-0.95312375    	-1.0521163     	-1.2236737     	-1.0927204     	-0.90799373    	-1.044611      	-1.1139866     	-1.1537628     	-0.92072874    	-1.1316663     	-0.8128752     	-1.0935097     	-0.9117426     	-1.2755424     	-1.3097064     	-1.0350256     	-1.2132155     	-1.2667745     	-1.0749447     	-1.2497818     	-1.0330054     	-0.87570965    	-0.9782187     	-0.93465143    	-1.1887119     	-0.9869886     	-1.2003274     	-1.0409042     	-1.1646836     	-0.86587775    	-0.9581422     	-1.003662      	-0.8977195     	-0.9889566     	-1.2922305     	-0.9984399     	-1.1192274     	-1.0658714     	-1.3598101     	-1.0367913     	-1.0889567     	-1.0757552     	-1.0392607     	-1.1489877     	-1.2081803     	-1.0065725     	-0.80554736    	
-1.5721065     	-1.0912255     	-1.3721006     	-1.2828002     	-1.1262764     	-0.95776105    	-1.0452752     	-0.90577143    	-1.0823708     	-1.141929      	-1.1230692     	-1.0384929     	-1.1487236     	-1.0053357     	-0.9750943     	-0.89354926    	-1.2917095     	-1.2485918     	-1.1501529     	-1.0184686     	-0.9768566     	-1.1845636     	-1.040243      	-1.2865729     	-1.1950102     	-1.165085      	-1.1529598     	-0.8501139     	-0.96812624    	-1.1759306     	-1.2301936     	-1.1198499     	-1.263526      	-1.1190388     	-1.2194082     	-0.93536675    	-0.7885587     	-0.95178616    	-1.0232544     	-1.2377795     	-0.9462043     	-1.0420196     	-0.89822394    	-1.2050911     	-0.9732968     	-1.1669227     	-1.0524719     	-1.0950884     	-1.0204633     	-1.1549363     	-1.2159457     	-0.98799706    	-1.0963515     	-1.0496248     	-1.040794      	-0.88260853    	-0.90856296    	-0.99187946    	-0.86678874    	-1.3256845     	-1.0594101     	-1.2363936     	-1.0234928     	-1.1532665     	-1.2132373     	-0.9350222     	-1.0787321     	-1.0633098     	-1.0425725     	-1.198233      	-1.3097192     	-1.1894003     	-1.0155928     	-1.1139284     	-1.1240916     	-0.98073685    	-1.2542219     	-1.0303425     	-1.196186      	-1.1445273     	-0.9486166     	-1.2518505     	-1.0526419     	-1.0118657     	-1.1761192     	-1.1042666     	-1.3457016     	-0.98734826    	-1.1735233     	-0.9852111     	-1.0327133     	-1.0490062     	-1.1513304     	-1.070787      	-1.1965187     	-1.1716825     	-1.0855503     	-0.96911645    	-0.82270324    	-0.9521582     	
-1.2927607     	-1.1365447     	-1.1344485     	-1.1091328     	-1.1057364     	-0.8984706     	-0.956299      	-1.0060093     	-0.97483706    	-1.087852      	-0.94723874    	-1.0920029     	-1.0316293     	-0.9544633     	-1.0659854     	-1.147475      	-1.1877072     	-1.201297      	-0.94808567    	-0.9735524     	-1.0344936     	-0.97284174    	-1.0813318     	-1.0700145     	-1.175871      	-1.2225379     	-1.0683182     	-1.2006348     	-0.8667948     	-1.0809158     	-1.0789093     	-0.9919091     	-1.139622      	-1.1350836     	-1.0342963     	-1.3375483     	-1.0651048     	-1.0583322     	-1.0222942     	-1.0758756     	-0.8825057     	-1.0317231     	-0.8957385     	-1.1044263     	-0.9418942     	-1.0499893     	-1.1611512     	-0.8498988     	-1.1290178     	-0.82735986    	-1.1132275     	-0.9954241     	-0.89699984    	-1.2641912     	-1.2101414     	-1.0945433     	-1.0296172     	-1.2039979     	-1.218338      	-1.1592612     	-1.2802501     	-1.141192      	-1.1648158     	-1.0993925     	-1.1280413     	-0.9856437     	-1.1630287     	-0.9271741     	-1.0481303     	-1.1901028     	-0.7912786     	-1.074286      	-1.0906575     	-1.1232777     	-1.0577496     	-1.0339645     	-0.8853466     	-1.0288155     	-1.1735843     	-1.2293483     	-1.038845      	-1.2601552     	-1.5682464     	-1.2908479     	-1.3355856     	-1.0655004     	-1.1975244     	-1.1893048     	-0.99770683    	-0.97701484    	-1.0522168     	-0.85908777    	-1.0851431     	-0.96489155    	-1.0350583     	-1.1753354     	-1.1486281     	-1.1774634     	-1.3173124     	-1.1312252     	
-1.080967      	-1.3206534     	-1.3385892     	-0.9374538     	-1.1364037     	-1.2958161     	-0.8542785     	-1.297956      	-1.117686      	-1.2807074     	-0.9972302     	-1.0877595     	-1.2255566     	-0.88463324    	-1.1155457     	-1.2408735     	-1.1403733     	-1.0704308     	-1.1111832     	-0.9054823     	-1.0197151     	-1.1671361     	-1.1492068     	-1.0379428     	-1.1320043     	-0.77982825    	-1.0456198     	-1.3658322     	-1.0389528     	-1.0794182     	-0.9228439     	-0.92766285    	-0.922528      	-1.1185709     	-1.260586      	-1.1259453     	-1.0617423     	-1.1422769     	-1.2743282     	-1.1989493     	-1.0400282     	-0.9308162     	-0.9760789     	-1.0841033     	-0.88055885    	-0.9987109     	-1.0655049     	-1.3458617     	-1.187938      	-0.7464797     	-0.7834187     	-1.0148989     	-1.2312169     	-1.1493629     	-1.0321249     	-1.2605313     	-0.98956716    	-1.1222857     	-1.0992514     	-0.96576685    	-0.9085664     	-1.3033959     	-1.0159482     	-1.1688548     	-0.9283327     	-1.1356366     	-1.1833175     	-1.190437      	-1.111074      	-1.2243285     	-1.0511479     	-0.9703769     	-1.1066648     	-1.1135254     	-0.97098035    	-1.0362911     	-1.1267395     	-1.0530901     	-1.0846101     	-0.98979366    	-1.1341933     	-1.1947625     	-1.2012883     	-0.8742299     	-1.0994576     	-1.1657786     	-1.1803037     	-1.1331172     	-1.0122147     	-1.0983689     	-1.2012854     	-1.2124636     	-1.068813      	-1.042538      	-1.1034365     	-1.0866098     	-1.0716344     	-1.2302653     	-1.2562015     	-1.2865005     	
-0.99515843    	-1.0173486     	-1.0043235     	-0.98164105    	-1.1377668     	-0.96159315    	-1.2488573     	-0.82747513    	-1.0196011     	-1.1633552     	-0.94765574    	-1.2467358     	-1.1432626     	-1.2450845     	-0.8960343     	-1.1246021     	-1.0125699     	-1.1547182     	-0.9425293     	-0.9594146     	-1.0998598     	-1.2884158     	-1.1168468     	-0.7936104     	-0.9160516     	-1.11679       	-1.0041379     	-1.1196929     	-0.97302634    	-1.1942381     	-0.991613      	-1.1899496     	-1.285316      	-0.9184171     	-1.0635743     	-0.91149646    	-1.0739772     	-0.8075208     	-1.0651041     	-0.989701      	-0.7971555     	-1.1121666     	-0.9858211     	-0.96406114    	-0.9308935     	-1.0086445     	-1.0957658     	-1.1202866     	-1.148362      	-0.77997476    	-1.4018528     	-1.0704356     	-0.80322444    	-1.1709558     	-1.2959809     	-1.1725663     	-1.0344039     	-1.0829878     	-1.2515225     	-0.9749474     	-1.3734084     	-0.8781503     	-1.0663434     	-1.1268848     	-0.9564739     	-1.0660554     	-1.4802878     	-1.3429575     	-0.83923787    	-1.0653946     	-0.9346422     	-1.5014384     	-1.2497616     	-0.8640781     	-1.0827427     	-1.0530134     	-1.0454473     	-0.9878673     	-1.1221008     	-1.0764743     	-0.9250119     	-1.2471004     	-0.9935437     	-1.0910453     	-1.1404856     	-1.2105325     	-1.1187296     	-1.0594234     	-1.0400776     	-1.2464142     	-0.9548965     	-1.1080636     	-1.1306368     	-1.3497463     	-1.0316553     	-1.3161976     	-1.0907371     	-0.8743246     	-0.9696041     	-1.0965514     	
-1.1179714     	-1.0257597     	-1.0663626     	-1.1515203     	-1.1289551     	-1.0028287     	-1.1800532     	-0.87327874    	-1.2171078     	-0.86467874    	-1.2448232     	-1.0050412     	-1.0192071     	-1.3528361     	-1.1235236     	-1.1974015     	-1.1464968     	-0.8802583     	-1.1400738     	-1.0579753     	-1.1245544     	-1.1791072     	-1.0392714     	-1.1840708     	-1.0232233     	-1.1956265     	-1.2112792     	-0.9333113     	-0.80663794    	-1.0638399     	-1.0336069     	-0.9887332     	-1.1928704     	-1.2511785     	-0.98031825    	-0.96881145    	-1.1062286     	-1.2652373     	-1.1219727     	-1.0119324     	-1.2409832     	-1.1921866     	-1.076615      	-1.1782048     	-1.0504944     	-0.8032336     	-1.0083328     	-1.10415       	-1.0564861     	-1.1496361     	-0.89492214    	-1.1609983     	-0.88579464    	-1.0463377     	-1.1375469     	-1.1045609     	-0.87196255    	-1.1627176     	-0.92836404    	-1.0130943     	-0.8994452     	-1.3177998     	-1.1281382     	-0.8097432     	-1.1545336     	-0.78046906    	-1.0040708     	-2.0210924     	-1.2207892     	-1.3606678     	-1.3765613     	-0.9979166     	-1.6333301     	-1.1439533     	-0.59934276    	-0.88052225    	-1.2275707     	-1.1944996     	-0.9426366     	-0.9654627     	-0.92272395    	-1.3263373     	-1.1045759     	-1.0783713     	-1.0351357     	-0.9822482     	-1.2956166     	-1.3057716     	-1.2165889     	-1.0668005     	-1.1363679     	-1.0898023     	-1.0725168     	-0.7812124     	-0.89081585    	-0.9146718     	-0.9797078     	-1.0210161     	-0.9206951     	-0.8163207     	
-1.1409216     	-1.2251575     	-1.0049515     	-1.1380047     	-0.94817483    	-1.0593373     	-1.1253542     	-1.1397176     	-1.2340696     	-0.8452033     	-1.0608016     	-1.3630118     	-0.897709      	-1.0296637     	-0.9644232     	-0.89816153    	-0.9295402     	-0.9600504     	-1.1279378     	-1.1817923     	-1.2033966     	-1.0777309     	-1.0051001     	-1.2302371     	-0.95537126    	-1.0210993     	-1.0340784     	-0.9180243     	-1.0640838     	-0.9577916     	-1.0721841     	-1.0504264     	-0.9694418     	-1.1527866     	-0.87807053    	-1.173529      	-1.2489371     	-0.94338644    	-1.1925426     	-1.0702738     	-0.96620136    	-0.9900297     	-1.0530181     	-1.0840704     	-0.9333666     	-1.1465197     	-0.98526406    	-1.232638      	-1.032395      	-0.86544764    	-0.88684165    	-1.2859206     	-0.93354553    	-1.0124928     	-1.2112341     	-1.2369344     	-0.67266536    	-1.2085453     	-1.1233642     	-0.61383176    	0.7918493      	-0.66550386    	-1.016735      	-0.8871588     	-0.86636376    	-1.2188067     	-1.259161      	-1.1383084     	-0.772545      	-1.1948783     	-0.762433      	-0.95907867    	-0.5444758     	-1.3701593     	-0.9073138     	-1.2551391     	-0.4893837     	-1.152025      	-1.1691797     	-1.1912884     	-1.2102408     	-1.1070871     	-1.1530945     	-1.2156699     	-1.058485      	-1.0620819     	-1.0324789     	-1.0248215     	-1.087917      	-1.0928594     	-1.1899332     	-1.1341712     	-0.8662003     	-1.1855431     	-0.85358924    	-1.1826944     	-1.1964469     	-1.2900455     	-1.1785579     	-1.0516411     	
-1.0663499     	-0.90387785    	-1.2194182     	-0.91324914    	-0.995666      	-0.8278722     	-0.9907252     	-1.1001276     	-1.1859577     	-0.89867544    	-1.224738      	-1.0119793     	-1.157743      	-1.2107892     	-1.0952191     	-1.196788      	-1.0301269     	-1.1235414     	-1.4457498     	-0.91096395    	-1.14871       	-1.0552559     	-0.8210867     	-1.1595294     	-1.0804005     	-1.2061045     	-1.1364061     	-1.1473205     	-1.2067057     	-0.8927143     	-1.2713307     	-0.9351098     	-1.327469      	-1.1312933     	-1.2536877     	-1.1139395     	-1.1322489     	-1.0005666     	-0.8977269     	-1.0943499     	-1.2326179     	-1.0749464     	-1.0195289     	-1.0228288     	-1.035294      	-1.2126473     	-1.0271014     	-0.9981057     	-0.79847336    	-0.91089714    	-1.2430091     	-0.9211058     	-1.5037423     	-0.9245712     	-1.148274      	-1.5174764     	-1.2801343     	-0.6044823     	-1.2015427     	-0.7890089     	-1.2460186     	-0.84898895    	-1.0059742     	-1.4331715     	-1.3435029     	-0.7895042     	-1.8507503     	-1.6653038     	-0.98732215    	-1.5599028     	-1.664128      	-0.7997639     	-1.3019912     	-0.40161967    	-1.2084529     	-1.4645106     	-0.8756088     	-1.0503856     	-1.3945016     	-0.90372753    	-1.0644753     	-1.0494633     	-1.2292004     	-1.2011852     	-1.017007      	-1.2067851     	-1.2421292     	-0.9842726     	-1.0533271     	-0.9778975     	-1.056469      	-1.0758706     	-1.3083016     	-1.1780651     	-0.96977603    	-1.1969223     	-1.1779063     	-0.9782869     	-0.8526352     	-0.76212955    	
-1.0857048     	-0.89294416    	-1.2003229     	-1.2966384     	-1.1675847     	-0.9950741     	-1.2565013     	-0.8989459     	-1.1302875     	-1.0132399     	-1.1522486     	-1.1005358     	-1.085568      	-0.82917184    	-1.0876002     	-1.1414475     	-1.0330626     	-0.9933228     	-0.9946389     	-1.1582502     	-1.113765      	-1.1065861     	-1.1650991     	-0.7415784     	-1.065679      	-1.0364745     	-1.054914      	-1.0822967     	-1.1660564     	-1.1183608     	-1.2761294     	-1.0406451     	-1.3366985     	-1.0628054     	-1.0488538     	-1.0034993     	-0.9001718     	-1.1968706     	-1.0451862     	-1.1062253     	-1.433708      	-1.4535997     	-1.2019198     	-1.3005003     	-1.4694973     	-1.2318566     	-0.96881455    	-1.4466835     	-0.7062516     	-1.0253645     	-1.5209712     	-1.5060673     	-1.3551385     	-1.2851363     	-1.2418731     	-1.4230428     	-0.8853016     	-0.81255406    	-0.9876551     	-0.6907967     	-1.381592      	-1.0630473     	-1.6522802     	-0.7704263     	-0.7777387     	-1.4040687     	-0.3758037     	-1.3291886     	-1.3165315     	-0.8614661     	-0.95395285    	-0.24766752    	-1.0456773     	-0.87408143    	-1.137143      	-1.3136675     	-1.3089701     	-0.6949458     	-1.0327377     	-1.0379599     	-1.0969534     	-1.0415528     	-0.9807243     	-1.0950373     	-1.1678206     	-1.1109467     	-1.1725261     	-1.0115073     	-0.97474295    	-1.0844798     	-0.9695121     	-1.0572516     	-1.0154734     	-1.0055448     	-1.1417375     	-1.2185135     	-1.1610177     	-1.1122398     	-1.0901862     	-1.004725      	
-1.0813051     	-1.0054628     	-0.8217444     	-1.1281751     	-1.1737269     	-1.2376277     	-1.1272018     	-1.2539111     	-1.2602197     	-1.2178767     	-0.9750922     	-1.2552475     	-1.070598      	-1.1077231     	-0.9373708     	-1.0231242     	-1.1962472     	-1.1554718     	-0.8949814     	-1.3038259     	-1.0580404     	-1.2254181     	-0.98840976    	-1.2181473     	-1.1491599     	-1.2569563     	-1.1328052     	-1.1898265     	-1.0415375     	-1.0465792     	-0.9924639     	-0.920747      	-1.1394845     	-1.1148733     	-1.1686285     	-1.0008885     	-1.0751642     	-1.1984622     	-1.188786      	-0.84047       	-1.03638       	-0.7910653     	-1.3105887     	-1.1926636     	-0.9378651     	-0.669262      	-1.0804999     	-1.5745825     	-1.1089057     	-1.1837637     	-1.1582239     	-1.3273376     	-0.6423807     	-1.040078      	-1.5236324     	-0.978578      	-1.0462642     	-0.7762298     	-1.2511723     	-1.2040176     	-1.4348804     	-1.2792095     	-0.7647779     	-1.1986741     	-1.8788289     	-0.8963797     	-0.70066357    	-1.3328032     	-1.4234635     	-1.0229776     	-1.1627374     	-0.59895605    	-1.1130712     	-0.61214924    	-1.0885545     	-1.5952168     	-0.40364474    	-1.5563719     	-0.91899586    	-0.76016843    	-1.1241511     	-0.999547      	-1.1838408     	-0.8737358     	-1.2108626     	-1.0812514     	-1.2549335     	-0.996848      	-1.2357309     	-1.189278      	-1.2080075     	-1.0562966     	-1.1262853     	-1.0043188     	-1.0083736     	-1.1376066     	-1.1446347     	-1.1567962     	-1.1088153     	-1.0924517     	
-0.99939686    	-1.1222185     	-1.1176933     	-1.1653454     	-1.1719049     	-0.978032      	-0.91499466    	-1.0643106     	-1.113625      	-1.1978278     	-1.3543416     	-1.2426214     	-1.0573839     	-1.3021572     	-1.0846885     	-0.95718324    	-1.0111197     	-1.0795985     	-1.2147853     	-1.2382324     	-1.2098024     	-1.0138313     	-1.2409108     	-1.1299958     	-1.1421123     	-1.3348566     	-1.0797147     	-0.92690253    	-0.8881374     	-1.0856621     	-0.69864494    	-1.3289608     	-0.9255571     	-1.004119      	-1.244724      	-1.2599444     	-1.2310373     	-1.148472      	-1.1929432     	-1.2114706     	-0.98884374    	-0.96655047    	-0.35499       	-1.412665      	-0.5587094     	-1.5691893     	-0.5507466     	-1.3046381     	-1.2608789     	-0.78065556    	-0.90861607    	-1.4435369     	-1.1387876     	-1.2679603     	-1.6204878     	-1.5725868     	-1.2005144     	-0.27023172    	-0.9252955     	-1.072502      	-1.0177362     	-1.0928197     	-1.9044046     	-1.8582661     	-0.92614055    	-0.27378538    	-0.7266173     	-0.99928397    	-1.1372612     	-0.77309716    	-0.74266815    	-0.8556907     	-1.2658408     	-1.7306018     	-1.1539012     	-0.6514104     	-1.4246427     	-1.0402594     	-1.4908772     	-1.151195      	-1.1247649     	-1.0979837     	-0.9851831     	-1.0379286     	-1.1272994     	-1.2773356     	-1.0215101     	-1.0131418     	-1.1224763     	-1.031645      	-0.9037329     	-0.98509157    	-0.9382193     	-1.052068      	-1.0922766     	-0.9918493     	-1.0733193     	-0.9752896     	-1.125372      	-1.1056708     	
-1.1635414     	-1.0856119     	-1.0291092     	-1.004451      	-0.9065258     	-1.0280145     	-0.9805171     	-1.0895737     	-1.0419413     	-1.0709556     	-1.105009      	-0.9647049     	-0.85447603    	-0.9773299     	-0.83291054    	-1.2193497     	-1.049543      	-1.1245089     	-1.1251795     	-1.0240022     	-0.8298576     	-1.1517011     	-0.92292124    	-0.8365348     	-1.0348436     	-0.98525614    	-1.1596518     	-1.1155106     	-1.036813      	-1.0499263     	-0.9720223     	-1.1884665     	-1.1020144     	-1.1032233     	-1.1074373     	-1.1172011     	-0.9705163     	-0.8420731     	-0.8819748     	-1.0059346     	-2.8463323     	-0.0023345998  	-1.3046639     	-0.080380976   	-0.75423527    	-0.92120254    	-1.0678465     	-1.0151182     	-1.0651419     	-1.0986667     	-0.2931895     	-1.1988107     	-1.5173476     	-0.78521705    	-0.6008131     	-0.5925871     	-1.1378616     	-0.97954136    	-1.4656372     	-0.37222233    	-0.8903758     	-0.89601517    	-1.409853      	-1.4900091     	-0.5709854     	-0.81842864    	-0.8878164     	-1.322284      	-2.171054      	-1.4918108     	-0.8239888     	-0.9649781     	-0.96651596    	-1.4465464     	-0.8305888     	-1.059375      	-1.1465498     	-1.0419174     	-1.3759421     	-0.84307754    	-0.8215416     	-1.0551691     	-1.1515702     	-1.022571      	-1.0170671     	-1.0414181     	-1.1687515     	-0.9149046     	-0.8767075     	-1.2268782     	-1.0676684     	-0.74802417    	-1.4567078     	-1.1577575     	-1.0101373     	-1.025727      	-0.90716505    	-1.0574833     	-1.1825378     	-1.0490264     	
-1.2244327     	-1.3956734     	-0.9797694     	-1.0562104     	-1.4990864     	-0.81424356    	-0.96637446    	-0.9088865     	-1.2031385     	-1.2537127     	-0.9968803     	-1.4500757     	-1.0006224     	-0.63240767    	-0.56661355    	-0.9505141     	-0.98601735    	-1.1181512     	-1.0939741     	-1.0640336     	-1.1565353     	-1.0270909     	-1.1382134     	-1.3160925     	-1.0487223     	-0.9904826     	-1.1006231     	-0.9107353     	-0.97661       	-1.2008904     	-1.0256768     	-0.9577623     	-1.0387955     	-0.9782037     	-0.9979634     	-1.173661      	-1.2765809     	-0.53808045    	-0.7855642     	-2.0586963     	-1.3167391     	-1.0449843     	-1.9280471     	-1.157291      	-0.85072815    	-1.3029913     	-0.5595024     	-0.43063653    	-0.51973665    	-0.7534514     	-0.79998124    	-1.1290047     	-1.1860715     	-0.08479378    	-0.8805169     	-1.3493881     	-0.9639764     	-1.0035403     	-0.75854063    	-1.0853258     	-0.990206      	-1.2059321     	-1.6150135     	-0.9335686     	-1.259709      	-1.9174993     	-1.7879684     	-1.4731178     	-1.8656772     	-0.9720506     	-1.3939563     	-0.8970469     	-1.1280533     	-1.7139999     	-0.75776166    	-1.374535      	-0.9448045     	-0.71566963    	-1.1237676     	-1.1144991     	-0.9425606     	-0.9713503     	-0.96798915    	-0.90349925    	-1.1853755     	-1.1626819     	-1.2144142     	-1.0529344     	-0.9727072     	-1.0439653     	-1.2259672     	-1.2542245     	-0.81075656    	-1.0667862     	-1.1941068     	-1.049712      	-1.1541855     	-1.2680945     	-1.203902      	-1.2427113     	
-0.92233855    	-0.9900147     	-1.3091444     	-0.66106904    	-1.4826182     	-1.0498955     	-0.71024406    	-0.8532356     	-0.8603237     	-1.1645534     	-1.1173975     	-1.151429      	-1.0246572     	-1.622604      	-1.6937889     	-1.2761064     	-0.9568603     	-0.9913358     	-1.3241264     	-0.9320359     	-1.2792145     	-1.0665865     	-1.157703      	-1.2283175     	-1.3541602     	-1.1095749     	-1.2619288     	-1.1963273     	-0.93323696    	-1.1249243     	-1.0253261     	-1.0550917     	-1.1611364     	-1.2269338     	-0.66734767    	-1.3310442     	-1.6258823     	-1.8073267     	-0.8859136     	-0.5350848     	-0.81750417    	-1.0877043     	-1.352289      	-1.2898973     	-0.98273563    	-0.60275006    	-1.7162353     	-2.0044584     	-1.0175383     	-0.39324215    	-0.9527677     	-0.8131923     	-1.4400718     	-1.2833552     	-1.2316856     	-1.0176896     	-2.0088573     	-0.734244      	-1.2030255     	-0.8470832     	-1.0583689     	-0.6970167     	-1.3603196     	-1.8455042     	-1.5041862     	-1.5408428     	-1.1909783     	-1.1917642     	-0.8581433     	-1.4457405     	-1.4907403     	-0.86316127    	-1.2173603     	-1.7650751     	-0.6651654     	-1.1511192     	-1.1001823     	-0.54244286    	-0.71340567    	-1.0777335     	-0.94024587    	-1.3371215     	-1.0889628     	-0.9580125     	-1.2496972     	-1.0504885     	-1.2553192     	-0.9834295     	-0.86978436    	-0.9781028     	-1.2172594     	-1.1139909     	-1.318459      	-1.2407333     	-1.2259848     	-0.87886953    	-0.9587426     	-1.1743987     	-1.2235739     	-1.3746514     	
-0.68428373    	-1.5611112     	-1.6729183     	-1.4087164     	-0.94539815    	-0.20763038    	-1.0422219     	-1.0363591     	-1.0950186     	-1.0635574     	-1.1604043     	-1.0647575     	-1.2042011     	-0.7339353     	-0.49991155    	-0.8425487     	-0.9879763     	-1.2451007     	-1.0629549     	-1.186979      	-1.1851789     	-1.12075       	-0.8109491     	-1.041453      	-1.1263403     	-1.2185425     	-1.1066074     	-0.9701058     	-1.1743311     	-1.0727978     	-1.0644855     	-1.2486272     	-1.1320875     	-1.0516778     	-1.0348988     	-1.0148546     	-0.91728204    	-0.73428535    	-0.1131668     	-2.949427      	-1.9725744     	-1.4748306     	-1.1277412     	-1.016907      	-1.0730656     	0.28726518     	-1.3707618     	-1.0093966     	-1.2576269     	-0.4550779     	-1.2880305     	-1.2897356     	-0.5905794     	-0.88657373    	-1.4996363     	-0.7590427     	-0.9957674     	-0.7939874     	-1.0046864     	-1.0646994     	-1.1344362     	-1.0943611     	-0.8178454     	-1.6790043     	-1.6659616     	-1.2610887     	-1.1194689     	-0.77649903    	-0.7293208     	-0.7975057     	-0.7657319     	-1.0729147     	-1.1962607     	-1.3744915     	-1.193944      	-1.0864708     	-1.2873943     	-0.6811893     	-1.0103023     	-0.81669855    	-1.4337244     	-0.97551614    	-1.2905444     	-1.070423      	-0.9265188     	-1.2337754     	-1.0689172     	-0.895918      	-0.7897938     	-1.3416215     	-1.0919311     	-0.9216019     	-1.076764      	-1.045183      	-1.0515177     	-0.9199591     	-0.9390628     	-1.0714976     	-1.0417823     	-1.0120938     	
-1.1042308     	-1.6905082     	-0.72464687    	-1.6539097     	-0.92205006    	-0.6203828     	-0.9316532     	-0.71197903    	-1.5754186     	-0.9395627     	-1.0919269     	-1.7199512     	-1.1093838     	-0.63179785    	-1.2932336     	-0.9339103     	-0.87970614    	-1.0641396     	-1.269521      	-1.1310189     	-0.9998162     	-1.1441584     	-0.83145887    	-1.1029795     	-0.99094814    	-0.99290806    	-1.1060042     	-1.2086794     	-1.3906939     	-1.052507      	-1.0767117     	-1.3837932     	-1.0084938     	-0.9139457     	-0.8436449     	-1.0420293     	-1.2375426     	-0.9375951     	-1.0589827     	-1.5142213     	-1.2979677     	-0.7328909     	-1.5539323     	-1.2371048     	-1.1161265     	-0.6227794     	-1.4209076     	-1.2405918     	-1.0900651     	-1.7039034     	-1.2573318     	-1.2082608     	0.18136032     	-0.8928905     	-0.683685      	-0.6416786     	-0.6763438     	-1.2974646     	-2.0385845     	-1.261313      	-1.5311844     	-1.4785482     	-1.5301745     	-1.2009814     	-1.1092826     	-0.35643157    	-0.9680588     	-0.5153318     	-0.79048014    	-0.8605484     	-1.5189462     	-0.834722      	-1.4928254     	-1.3083489     	-1.2021191     	-1.290996      	-1.0628332     	-1.0867796     	-1.1139114     	-1.006405      	-0.84625334    	-1.0548477     	-0.954678      	-0.94931084    	-1.0135589     	-1.0890715     	-1.1316369     	-1.0886532     	-1.2329562     	-1.0842373     	-0.77044594    	-0.96113414    	-0.99330914    	-1.182068      	-1.3165323     	-1.2676053     	-1.3916928     	-1.1437248     	-0.9665252     	-0.97244227    	
-0.907603      	-0.6773859     	-1.0853844     	-0.3751118     	-0.9133496     	-1.0375813     	-1.0345851     	-0.77893543    	-0.7158618     	-1.0114993     	-0.6941359     	-1.37265       	-1.2887186     	-1.0050032     	-1.1293666     	-1.0078688     	-0.6943059     	-1.2720325     	-1.0622772     	-1.0119979     	-0.9915797     	-1.1406391     	-1.2763066     	-1.1450014     	-1.132696      	-1.1235329     	-1.1241162     	-1.1253927     	-1.1235614     	-1.1322817     	-0.91756237    	-1.0310186     	-1.0055704     	-1.2780355     	-1.1653899     	-1.1430389     	-1.1849045     	-0.9904812     	-0.9807527     	-0.83421546    	-1.2237365     	-0.7205334     	-1.1384254     	-1.8285576     	-1.7583026     	-1.5349007     	-0.5630125     	-0.6027573     	-1.2375844     	-0.7694127     	-0.91620576    	-1.0655499     	-0.7639391     	-0.7301341     	-1.4627957     	0.2903075      	-0.71987647    	-1.8117362     	-0.51857567    	-1.5464563     	-1.4669584     	-1.2468756     	-0.97585       	-0.1112223     	-0.8076658     	-0.70913875    	-0.3579834     	-0.2694817     	-1.330898      	-0.77272916    	-0.6497338     	0.9295622      	-1.5654671     	-0.662198      	-1.152899      	-1.6092658     	-0.5734402     	-0.9197264     	-1.6160893     	-1.0516008     	-1.4958242     	-1.0179664     	-1.2203805     	-1.2223476     	-0.97793233    	-1.2351478     	-1.2111832     	-1.0533112     	-0.92382336    	-0.9927738     	-1.0185574     	-1.0452193     	-1.0107741     	-1.358993      	-0.88943756    	-0.96739435    	-0.9273772     	-1.0562774     	-1.0866277     	-1.0942141     	
-0.7639044     	-1.4747205     	-0.92492783    	-0.6304461     	-0.81597173    	-1.5857161     	-1.1054435     	-0.879475      	-0.31957132    	0.5819167      	-0.90062326    	-0.72493815    	-1.6420451     	-1.0016707     	-0.39190394    	-0.5990288     	-1.2005788     	-1.1729885     	-1.2715589     	-1.1554602     	-0.95527714    	-1.2567111     	-1.0869278     	-0.87034035    	-0.9625622     	-1.1055074     	-1.0792006     	-1.1136911     	-1.003901      	-1.1265026     	-1.0645822     	-1.2179003     	-1.0594994     	-1.0856645     	-1.0519677     	-1.1148378     	-1.0412033     	-1.0198331     	-0.9839168     	-1.0453724     	-1.2583877     	-0.9651641     	-1.0633724     	-0.9302029     	-0.78998494    	-1.099717      	-0.45032617    	-0.6922739     	-1.432362      	-1.3972645     	-1.2131189     	-0.91409683    	-0.75906724    	-0.54813564    	-0.9939146     	-1.3983895     	-0.9119321     	-1.614703      	-1.2474943     	-0.9608559     	-1.3142835     	-0.47349334    	-1.5288551     	-1.4276327     	-0.73133796    	-1.2466843     	-0.89957696    	-0.8221624     	-1.045341      	-1.6035371     	-0.90286195    	-1.1233996     	-0.9020055     	-0.92449933    	-0.8617017     	-0.90180594    	-1.9432504     	-1.4530934     	-1.4091551     	-1.1518464     	-0.9264703     	-1.017947      	-1.087418      	-0.9219933     	-1.117089      	-1.0877029     	-0.94315517    	-0.92121184    	-0.9052779     	-0.9134311     	-0.98927       	-1.1469855     	-1.0645432     	-1.028186      	-1.1334352     	-1.0868375     	-0.8106736     	-0.91309315    	-0.939998      	-0.90644526    	
-1.1356663     	-1.1230558     	-0.60455894    	-1.1738836     	-1.0386806     	-1.009564      	-0.19595626    	-1.224399      	-0.29813078    	-0.55694914    	-0.8156811     	-0.6620846     	-1.316052      	-1.4290166     	-1.2771292     	-1.0860591     	-1.1282071     	-1.1617118     	-1.6708137     	-1.4534465     	-1.1290474     	-1.1439407     	-1.0464507     	-1.074919      	-0.9573475     	-1.1183965     	-1.1422759     	-1.1294782     	-1.1212631     	-1.0795015     	-1.126197      	-1.1043258     	-0.9848686     	-1.185136      	-0.9623321     	-1.2094628     	-1.0090715     	-1.2899837     	-1.1175455     	-1.1829898     	-1.1477407     	-1.166416      	-1.0846117     	-1.0469906     	-1.3877368     	-0.9996707     	-0.8054873     	-0.95374984    	-1.3949615     	-0.95125663    	-1.0197855     	-0.50354904    	-1.1591424     	-2.2570229     	-0.9718147     	-0.5239045     	-1.1539555     	-0.8956476     	-1.526796      	-0.8397207     	-1.3499639     	-0.749692      	-1.4752305     	-1.0026854     	-1.8946835     	-0.33721146    	-0.9691995     	-1.1883779     	-1.0368568     	-1.1509928     	-1.2170166     	-1.2593515     	-1.1699318     	-1.2908921     	-1.2494721     	-0.87925917    	-1.7764137     	-0.978411      	-0.88790184    	-1.4641476     	-1.3806064     	-1.5825336     	-0.99830264    	-1.151851      	-1.0993031     	-1.1933511     	-1.0179024     	-1.0963165     	-1.0385222     	-1.0371219     	-1.2135239     	-1.3779274     	-1.0611941     	-0.9319149     	-1.2492796     	-1.2265666     	-0.92400885    	-0.9942008     	-1.0896926     	-1.1314402     	
-0.68589175    	-1.5725628     	-1.2885456     	-0.9065852     	-0.5432827     	-1.0571141     	-1.2747378     	-0.671317      	-0.7478505     	-1.819272      	-1.6742927     	-1.0286927     	-1.586598      	-1.2945517     	-0.99190396    	-0.5560174     	-1.3111724     	-1.5693609     	-1.1961198     	-0.5085924     	-0.6713221     	-1.2007489     	-1.0714749     	-0.9611622     	-0.94908226    	-1.0139428     	-1.3564378     	-0.7867253     	-1.2604914     	-1.0973715     	-1.1654311     	-1.080333      	-1.255288      	-1.0703533     	-1.113198      	-1.2144021     	-0.8885834     	-1.2826922     	-1.0231082     	-1.0327334     	-1.0367268     	-1.0959873     	-0.9800586     	-1.070737      	-1.10996       	-1.0407456     	-1.0553678     	-1.0630823     	-0.9844129     	-0.57696927    	-0.65804684    	-1.1534433     	-0.6619275     	-1.3100864     	-0.8744939     	-0.80887794    	-1.0282015     	-2.3943224     	-1.5894372     	-0.99595374    	-1.2501016     	-1.256251      	-1.1927801     	-1.3523769     	-1.3580148     	-1.2781372     	-1.3023884     	-1.3484284     	-0.67521834    	-0.9923779     	-0.6168966     	-0.69903433    	-1.6766483     	-1.2033143     	-1.2703986     	-1.3070145     	-0.9891524     	-0.9975532     	-1.1541225     	-2.1713324     	-1.4158934     	-1.4567115     	-1.5634873     	-0.7499917     	-1.0886897     	-0.955703      	-1.1286159     	-1.2084787     	-0.98949313    	-1.1599685     	-1.1415896     	-0.81383055    	-0.91438735    	-1.1808511     	-1.106709      	-1.0431545     	-0.94569397    	-1.0751634     	-1.0830042     	-1.0425191     	
