# www.neaspec.com
# Scan:	 	AFM
# Project:	 	20251007_PS
# Description:	 	
# Date:	 	10/07/2025 10:43:47
# Scanner Center Position (X, Y):	[µm]	49.99	50.01	 
# Rotation:	[°]	0	 	 
# Scan Area (X, Y, Z):	[µm]	5.000	5.000	0.000
# Pixel Area (X, Y, Z):	[px]	100	50	1
# Averaging:	 	1	 	 
# Integration time:	[ms]	5	 	 
# Laser Source:	 	4.5-15 µm nano-FTIR laser
# Detector:	 	R
# Target Wavelength:	[µm]	7.502	 	 
# Demodulation Mode:	 	Fourier
# Tip Frequency:	[Hz]	241,340.500	 	 
# Tip Amplitude:	[mV]	45.700	 	 
# Tapping Amplitude:	[nm]	79.665	 	 
# Modulation Frequency:	[Hz]	0.000	 	 
# Modulation Amplitude:	[mV]	0.000	 	 
# Modulation Offset:	[mV]	0.000	 	 
# Setpoint:	[%]	79.75	 	 
# Regulator (P, I, D):	 	4.206850	8.625812	1.000000
# Tip Potential:	[mV]	0.000	 	 
# M1A Scaling:	[nm/V]	0.426	 	 
# M1A Cantilever Factor:	 	1,000	 	 
# Q-Factor:	 	487.4	 	 
# Version:	 	2.1.11536.0
8.180558E-07   	8.18029E-07    	8.179825E-07   	8.181822E-07   	8.1817313E-07  	8.1814915E-07  	8.182113E-07   	8.1823646E-07  	8.181674E-07   	8.177692E-07   	8.177761E-07   	8.1801517E-07  	8.1789534E-07  	8.178299E-07   	8.1789443E-07  	8.179852E-07   	8.17948E-07    	8.1782895E-07  	8.1793075E-07  	8.1800414E-07  	8.182009E-07   	8.1884224E-07  	8.188623E-07   	8.186341E-07   	8.1883155E-07  	8.189688E-07   	8.1859974E-07  	8.18418E-07    	8.181698E-07   	8.182088E-07   	8.1815637E-07  	8.182305E-07   	8.1798754E-07  	8.179083E-07   	8.1785953E-07  	8.1805103E-07  	8.1800414E-07  	8.177173E-07   	8.178184E-07   	8.178494E-07   	8.17793E-07    	8.1783963E-07  	8.1795497E-07  	8.177584E-07   	8.182035E-07   	8.1854415E-07  	8.1852556E-07  	8.18502E-07    	8.181469E-07   	8.1802125E-07  	8.18273E-07    	8.183966E-07   	8.1823345E-07  	8.1771947E-07  	8.1722305E-07  	8.1723977E-07  	8.1730815E-07  	8.172648E-07   	8.174358E-07   	8.1756144E-07  	8.172813E-07   	8.1718076E-07  	8.17441E-07    	8.181699E-07   	8.179054E-07   	8.1713773E-07  	8.1722766E-07  	8.170527E-07   	8.1684834E-07  	8.1695964E-07  	8.1683453E-07  	8.1683345E-07  	8.170113E-07   	8.169134E-07   	8.168572E-07   	8.167829E-07   	8.1670436E-07  	8.16749E-07    	8.167712E-07   	8.165334E-07   	8.166268E-07   	8.1649296E-07  	8.161402E-07   	8.1566844E-07  	8.1483773E-07  	8.206104E-07   	8.213014E-07   	8.212822E-07   	8.217071E-07   	8.214486E-07   	8.213594E-07   	8.214267E-07   	8.2167935E-07  	8.2535337E-07  	8.29992E-07    	8.329406E-07   	8.348667E-07   	8.3558643E-07  	8.3572945E-07  	8.355514E-07   	
8.185203E-07   	8.184522E-07   	8.182932E-07   	8.1828375E-07  	8.182795E-07   	8.1844314E-07  	8.18564E-07    	8.185665E-07   	8.1846036E-07  	8.184973E-07   	8.1853824E-07  	8.185096E-07   	8.1855427E-07  	8.185032E-07   	8.186466E-07   	8.1842813E-07  	8.1826164E-07  	8.1831894E-07  	8.1809713E-07  	8.183556E-07   	8.188115E-07   	8.1889283E-07  	8.190948E-07   	8.1913424E-07  	8.188734E-07   	8.189828E-07   	8.191138E-07   	8.190599E-07   	8.189907E-07   	8.1852147E-07  	8.1848435E-07  	8.1826465E-07  	8.1818325E-07  	8.183526E-07   	8.1846673E-07  	8.187992E-07   	8.1871093E-07  	8.18461E-07    	8.1826647E-07  	8.181987E-07   	8.182543E-07   	8.1818547E-07  	8.1824965E-07  	8.1808463E-07  	8.1818064E-07  	8.18905E-07    	8.189544E-07   	8.187898E-07   	8.187944E-07   	8.188914E-07   	8.1889175E-07  	8.1868035E-07  	8.185682E-07   	8.179369E-07   	8.1790586E-07  	8.1802955E-07  	8.1804245E-07  	8.174796E-07   	8.1772225E-07  	8.178012E-07   	8.1749346E-07  	8.175708E-07   	8.174326E-07   	8.172322E-07   	8.17206E-07    	8.1724704E-07  	8.1727205E-07  	8.170035E-07   	8.1696317E-07  	8.1681253E-07  	8.169858E-07   	8.170984E-07   	8.169212E-07   	8.1714137E-07  	8.17037E-07    	8.168287E-07   	8.166288E-07   	8.166708E-07   	8.1653695E-07  	8.164704E-07   	8.164882E-07   	8.163442E-07   	8.157986E-07   	8.1444466E-07  	8.184736E-07   	8.2539776E-07  	8.267089E-07   	8.29354E-07    	8.327093E-07   	8.345723E-07   	8.357859E-07   	8.362511E-07   	8.364271E-07   	8.3629493E-07  	8.3631096E-07  	8.363994E-07   	8.364579E-07   	8.3664924E-07  	8.3676207E-07  	8.3684733E-07  	
8.184822E-07   	8.1840415E-07  	8.187928E-07   	8.185146E-07   	8.1840443E-07  	8.1855296E-07  	8.187161E-07   	8.188141E-07   	8.186295E-07   	8.184078E-07   	8.1850027E-07  	8.1852147E-07  	8.1855416E-07  	8.1860856E-07  	8.186073E-07   	8.1832763E-07  	8.185249E-07   	8.185961E-07   	8.1839477E-07  	8.1838317E-07  	8.1913134E-07  	8.1919063E-07  	8.1933115E-07  	8.1895655E-07  	8.185836E-07   	8.187171E-07   	8.1875424E-07  	8.1856734E-07  	8.1896223E-07  	8.188242E-07   	8.189274E-07   	8.19009E-07    	8.187499E-07   	8.186818E-07   	8.188312E-07   	8.188374E-07   	8.191109E-07   	8.187991E-07   	8.182974E-07   	8.1830905E-07  	8.1841466E-07  	8.1835657E-07  	8.1809776E-07  	8.183241E-07   	8.182116E-07   	8.1825704E-07  	8.184862E-07   	8.184858E-07   	8.1843865E-07  	8.186563E-07   	8.185833E-07   	8.1844087E-07  	8.186539E-07   	8.183014E-07   	8.1784293E-07  	8.176437E-07   	8.177778E-07   	8.1765296E-07  	8.1744463E-07  	8.1756906E-07  	8.173764E-07   	8.174981E-07   	8.17515E-07    	8.1750306E-07  	8.171667E-07   	8.172558E-07   	8.172095E-07   	8.1721015E-07  	8.170861E-07   	8.172725E-07   	8.171731E-07   	8.1713074E-07  	8.170621E-07   	8.169617E-07   	8.170097E-07   	8.1671146E-07  	8.1665894E-07  	8.166263E-07   	8.1634175E-07  	8.160276E-07   	8.153666E-07   	8.161151E-07   	8.235313E-07   	8.293206E-07   	8.334553E-07   	8.357357E-07   	8.3660905E-07  	8.366007E-07   	8.365774E-07   	8.365604E-07   	8.366091E-07   	8.365598E-07   	8.36597E-07    	8.365152E-07   	8.363188E-07   	8.3641106E-07  	8.3660024E-07  	8.367415E-07   	8.369366E-07   	8.3712854E-07  	
8.1872264E-07  	8.187313E-07   	8.189389E-07   	8.189423E-07   	8.190158E-07   	8.1896826E-07  	8.1881075E-07  	8.189028E-07   	8.188447E-07   	8.1867023E-07  	8.1867285E-07  	8.1879347E-07  	8.1874015E-07  	8.187722E-07   	8.187992E-07   	8.1873804E-07  	8.1854097E-07  	8.185582E-07   	8.1889664E-07  	8.1880694E-07  	8.1875E-07     	8.1952913E-07  	8.1970796E-07  	8.1924884E-07  	8.1873975E-07  	8.1880177E-07  	8.188407E-07   	8.186314E-07   	8.188575E-07   	8.1919296E-07  	8.1937696E-07  	8.191445E-07   	8.194747E-07   	8.1955505E-07  	8.191399E-07   	8.192419E-07   	8.1938265E-07  	8.189875E-07   	8.1831587E-07  	8.185929E-07   	8.1860014E-07  	8.1848304E-07  	8.186041E-07   	8.185663E-07   	8.1821673E-07  	8.1828165E-07  	8.1848884E-07  	8.186047E-07   	8.1817996E-07  	8.1814864E-07  	8.183415E-07   	8.182454E-07   	8.1821105E-07  	8.18218E-07    	8.1810606E-07  	8.181042E-07   	8.178997E-07   	8.178696E-07   	8.1785765E-07  	8.1780115E-07  	8.1763545E-07  	8.175457E-07   	8.176543E-07   	8.176631E-07   	8.175979E-07   	8.175432E-07   	8.173528E-07   	8.174895E-07   	8.1752773E-07  	8.1760504E-07  	8.1786493E-07  	8.1788437E-07  	8.174453E-07   	8.173993E-07   	8.1749806E-07  	8.173145E-07   	8.174009E-07   	8.170908E-07   	8.1683106E-07  	8.163039E-07   	8.153246E-07   	8.1677433E-07  	8.2466596E-07  	8.2923685E-07  	8.328606E-07   	8.354978E-07   	8.367147E-07   	8.3656033E-07  	8.3664776E-07  	8.3673865E-07  	8.368097E-07   	8.3681226E-07  	8.3683113E-07  	8.367891E-07   	8.3677736E-07  	8.369163E-07   	8.3688036E-07  	8.369969E-07   	8.369582E-07   	8.371879E-07   	
8.18944E-07    	8.189246E-07   	8.1869524E-07  	8.1889516E-07  	8.1864414E-07  	8.184804E-07   	8.185542E-07   	8.185626E-07   	8.187008E-07   	8.185714E-07   	8.1854637E-07  	8.1861094E-07  	8.184846E-07   	8.183034E-07   	8.1836583E-07  	8.185751E-07   	8.1859054E-07  	8.1834986E-07  	8.183926E-07   	8.1862845E-07  	8.185727E-07   	8.189482E-07   	8.192951E-07   	8.191267E-07   	8.1904716E-07  	8.18597E-07    	8.1843837E-07  	8.184754E-07   	8.1852113E-07  	8.184116E-07   	8.184236E-07   	8.1870917E-07  	8.1889567E-07  	8.191934E-07   	8.188468E-07   	8.1899435E-07  	8.190447E-07   	8.1827017E-07  	8.182764E-07   	8.1821463E-07  	8.181761E-07   	8.181359E-07   	8.180474E-07   	8.1807343E-07  	8.1793456E-07  	8.1763943E-07  	8.1771407E-07  	8.1771816E-07  	8.172437E-07   	8.170706E-07   	8.168977E-07   	8.1557425E-07  	8.176862E-07   	8.180375E-07   	8.204555E-07   	8.1842904E-07  	8.182125E-07   	8.181441E-07   	8.181526E-07   	8.178399E-07   	8.178647E-07   	8.1789096E-07  	8.179985E-07   	8.178483E-07   	8.179502E-07   	8.1818496E-07  	8.183993E-07   	8.1845275E-07  	8.1837396E-07  	8.183542E-07   	8.1825874E-07  	8.1809566E-07  	8.1780684E-07  	8.1764483E-07  	8.176508E-07   	8.1780644E-07  	8.178404E-07   	8.1743826E-07  	8.171038E-07   	8.1667054E-07  	8.156455E-07   	8.1920894E-07  	8.2489623E-07  	8.2791973E-07  	8.304873E-07   	8.335515E-07   	8.3593284E-07  	8.3655243E-07  	8.3652895E-07  	8.3671165E-07  	8.3677025E-07  	8.367097E-07   	8.365163E-07   	8.3649326E-07  	8.367218E-07   	8.3664173E-07  	8.3663537E-07  	8.3665145E-07  	8.368806E-07   	8.3714997E-07  	
8.1913936E-07  	8.1883286E-07  	8.187488E-07   	8.188411E-07   	8.186658E-07   	8.1858155E-07  	8.189552E-07   	8.1879057E-07  	8.186097E-07   	8.187481E-07   	8.18649E-07    	8.188537E-07   	8.189325E-07   	8.1891346E-07  	8.1898617E-07  	8.1893705E-07  	8.18993E-07    	8.1898867E-07  	8.18831E-07    	8.187385E-07   	8.188817E-07   	8.192574E-07   	8.194677E-07   	8.19548E-07    	8.19618E-07    	8.191268E-07   	8.188049E-07   	8.1880984E-07  	8.187491E-07   	8.186119E-07   	8.1862106E-07  	8.185712E-07   	8.1866006E-07  	8.187629E-07   	8.1849345E-07  	8.185555E-07   	8.1852613E-07  	8.182718E-07   	8.1828904E-07  	8.182219E-07   	8.180732E-07   	8.17865E-07    	8.176305E-07   	8.1723755E-07  	8.162953E-07   	8.1662535E-07  	8.1870144E-07  	8.2076264E-07  	8.2201814E-07  	8.227214E-07   	8.232233E-07   	8.2317297E-07  	8.2305735E-07  	8.2309936E-07  	8.2312306E-07  	8.2443495E-07  	8.249407E-07   	8.2122097E-07  	8.186071E-07   	8.1888004E-07  	8.189658E-07   	8.1874776E-07  	8.1836095E-07  	8.184637E-07   	8.185217E-07   	8.182387E-07   	8.1829296E-07  	8.1815494E-07  	8.182034E-07   	8.1822554E-07  	8.1819286E-07  	8.1834446E-07  	8.182102E-07   	8.178686E-07   	8.18282E-07    	8.179293E-07   	8.175573E-07   	8.1746026E-07  	8.172773E-07   	8.16808E-07    	8.1570846E-07  	8.164092E-07   	8.234712E-07   	8.2637615E-07  	8.2942233E-07  	8.3214513E-07  	8.351182E-07   	8.3640947E-07  	8.3655175E-07  	8.368334E-07   	8.368552E-07   	8.3679697E-07  	8.368561E-07   	8.3688025E-07  	8.367703E-07   	8.370405E-07   	8.3708414E-07  	8.370576E-07   	8.37198E-07    	8.372538E-07   	
8.1924617E-07  	8.1902823E-07  	8.1898145E-07  	8.189441E-07   	8.188987E-07   	8.188493E-07   	8.18781E-07    	8.185562E-07   	8.187527E-07   	8.1889215E-07  	8.1857604E-07  	8.187929E-07   	8.1906967E-07  	8.1872724E-07  	8.187837E-07   	8.188902E-07   	8.1889686E-07  	8.18809E-07    	8.189422E-07   	8.187828E-07   	8.187266E-07   	8.187778E-07   	8.189077E-07   	8.192009E-07   	8.1881655E-07  	8.1874373E-07  	8.185955E-07   	8.184766E-07   	8.182633E-07   	8.182635E-07   	8.1829165E-07  	8.1826084E-07  	8.181847E-07   	8.178617E-07   	8.177579E-07   	8.175248E-07   	8.1689103E-07  	8.154988E-07   	8.185127E-07   	8.189022E-07   	8.201723E-07   	8.2141435E-07  	8.2287727E-07  	8.231321E-07   	8.228179E-07   	8.2287085E-07  	8.226989E-07   	8.229197E-07   	8.2602946E-07  	8.2940056E-07  	8.327569E-07   	8.34968E-07    	8.365075E-07   	8.37022E-07    	8.375772E-07   	8.3773307E-07  	8.364242E-07   	8.334356E-07   	8.294367E-07   	8.199115E-07   	8.188733E-07   	8.187323E-07   	8.1856666E-07  	8.1872724E-07  	8.1860645E-07  	8.1855626E-07  	8.1856626E-07  	8.1851425E-07  	8.1851226E-07  	8.1820855E-07  	8.1818416E-07  	8.1846525E-07  	8.182343E-07   	8.1835014E-07  	8.18035E-07    	8.1798476E-07  	8.1760885E-07  	8.1772737E-07  	8.1755906E-07  	8.1718684E-07  	8.1698E-07     	8.1547245E-07  	8.193097E-07   	8.2453624E-07  	8.277787E-07   	8.3143266E-07  	8.346095E-07   	8.367211E-07   	8.370568E-07   	8.3711234E-07  	8.3736956E-07  	8.370049E-07   	8.369064E-07   	8.3702434E-07  	8.3696494E-07  	8.3696693E-07  	8.3709614E-07  	8.3709335E-07  	8.3738047E-07  	8.375898E-07   	
8.18799E-07    	8.1865994E-07  	8.1886327E-07  	8.1889675E-07  	8.18701E-07    	8.1865846E-07  	8.1890533E-07  	8.1881143E-07  	8.1844377E-07  	8.1840585E-07  	8.184812E-07   	8.184885E-07   	8.1847656E-07  	8.182536E-07   	8.184003E-07   	8.1867734E-07  	8.1844365E-07  	8.18567E-07    	8.182369E-07   	8.180633E-07   	8.180948E-07   	8.180514E-07   	8.180706E-07   	8.180954E-07   	8.1847867E-07  	8.1858303E-07  	8.182784E-07   	8.1782133E-07  	8.175438E-07   	8.163124E-07   	8.1677626E-07  	8.1943125E-07  	8.203242E-07   	8.210334E-07   	8.221895E-07   	8.230557E-07   	8.230431E-07   	8.226308E-07   	8.2281286E-07  	8.2224864E-07  	8.2250324E-07  	8.265911E-07   	8.316875E-07   	8.3461595E-07  	8.3510525E-07  	8.360825E-07   	8.367446E-07   	8.3715724E-07  	8.371538E-07   	8.371463E-07   	8.373123E-07   	8.371621E-07   	8.372515E-07   	8.372193E-07   	8.3726843E-07  	8.3763115E-07  	8.3701696E-07  	8.346032E-07   	8.326746E-07   	8.294801E-07   	8.2278166E-07  	8.1882126E-07  	8.1862675E-07  	8.1863044E-07  	8.1868325E-07  	8.186525E-07   	8.184878E-07   	8.183076E-07   	8.183112E-07   	8.18527E-07    	8.1824487E-07  	8.184543E-07   	8.1812175E-07  	8.182528E-07   	8.182132E-07   	8.180993E-07   	8.1801824E-07  	8.177874E-07   	8.174536E-07   	8.174629E-07   	8.169404E-07   	8.1634795E-07  	8.1578474E-07  	8.217489E-07   	8.263443E-07   	8.292955E-07   	8.3216133E-07  	8.35151E-07    	8.3685876E-07  	8.370644E-07   	8.3691845E-07  	8.3693567E-07  	8.369378E-07   	8.369046E-07   	8.371975E-07   	8.3711916E-07  	8.3710086E-07  	8.371186E-07   	8.372498E-07   	8.3742106E-07  	
8.1890477E-07  	8.1902544E-07  	8.190647E-07   	8.188085E-07   	8.1869024E-07  	8.1867717E-07  	8.1859827E-07  	8.1858866E-07  	8.1863E-07     	8.186454E-07   	8.1881836E-07  	8.185544E-07   	8.186657E-07   	8.187035E-07   	8.185798E-07   	8.1866494E-07  	8.184066E-07   	8.180755E-07   	8.181934E-07   	8.1792916E-07  	8.179183E-07   	8.176781E-07   	8.1737335E-07  	8.168837E-07   	8.159922E-07   	8.2004846E-07  	8.225881E-07   	8.230734E-07   	8.2376E-07     	8.229788E-07   	8.228624E-07   	8.2259334E-07  	8.222956E-07   	8.2329933E-07  	8.2847566E-07  	8.3264047E-07  	8.3493154E-07  	8.3527E-07     	8.3635524E-07  	8.3668004E-07  	8.368404E-07   	8.3683244E-07  	8.36888E-07    	8.371143E-07   	8.371745E-07   	8.3702554E-07  	8.371218E-07   	8.370923E-07   	8.370898E-07   	8.3715884E-07  	8.369991E-07   	8.369132E-07   	8.3726184E-07  	8.375509E-07   	8.371334E-07   	8.3712195E-07  	8.371762E-07   	8.355425E-07   	8.329348E-07   	8.312662E-07   	8.2786E-07     	8.1994204E-07  	8.189996E-07   	8.1905324E-07  	8.190253E-07   	8.187885E-07   	8.186741E-07   	8.185911E-07   	8.186731E-07   	8.1864346E-07  	8.18648E-07    	8.1871104E-07  	8.1863203E-07  	8.1843234E-07  	8.183839E-07   	8.1815006E-07  	8.1792155E-07  	8.181017E-07   	8.1791774E-07  	8.1782116E-07  	8.1763886E-07  	8.172597E-07   	8.157091E-07   	8.200609E-07   	8.256723E-07   	8.279792E-07   	8.3103885E-07  	8.338191E-07   	8.359368E-07   	8.36898E-07    	8.3704265E-07  	8.368403E-07   	8.369947E-07   	8.370431E-07   	8.374357E-07   	8.3735426E-07  	8.3726405E-07  	8.373031E-07   	8.375425E-07   	8.377463E-07   	
8.191237E-07   	8.190384E-07   	8.1900697E-07  	8.1897946E-07  	8.190082E-07   	8.1881143E-07  	8.190201E-07   	8.1895314E-07  	8.1892915E-07  	8.188221E-07   	8.1867324E-07  	8.186793E-07   	8.1893415E-07  	8.189791E-07   	8.1878267E-07  	8.186322E-07   	8.186458E-07   	8.1831956E-07  	8.181863E-07   	8.180775E-07   	8.1819826E-07  	8.1808736E-07  	8.176026E-07   	8.1703337E-07  	8.1577537E-07  	8.2191275E-07  	8.274746E-07   	8.3038293E-07  	8.3265303E-07  	8.344247E-07   	8.3618886E-07  	8.3702827E-07  	8.372704E-07   	8.3715514E-07  	8.3729765E-07  	8.3693664E-07  	8.369321E-07   	8.371433E-07   	8.3712143E-07  	8.371991E-07   	8.370514E-07   	8.370248E-07   	8.370473E-07   	8.3710023E-07  	8.371562E-07   	8.371094E-07   	8.3701275E-07  	8.3693834E-07  	8.37004E-07    	8.371637E-07   	8.3715094E-07  	8.372018E-07   	8.3736876E-07  	8.372954E-07   	8.373374E-07   	8.3748034E-07  	8.372917E-07   	8.363064E-07   	8.340076E-07   	8.323605E-07   	8.3010536E-07  	8.2449327E-07  	8.1929204E-07  	8.1893825E-07  	8.188618E-07   	8.1904756E-07  	8.19141E-07    	8.189022E-07   	8.188465E-07   	8.1881535E-07  	8.187977E-07   	8.187138E-07   	8.186416E-07   	8.1867915E-07  	8.18557E-07    	8.1847884E-07  	8.184496E-07   	8.182355E-07   	8.181722E-07   	8.179134E-07   	8.1772623E-07  	8.173395E-07   	8.16618E-07    	8.1618685E-07  	8.222833E-07   	8.2617896E-07  	8.297321E-07   	8.326564E-07   	8.354267E-07   	8.369562E-07   	8.372753E-07   	8.372786E-07   	8.373461E-07   	8.3749626E-07  	8.3728884E-07  	8.3733136E-07  	8.3731845E-07  	8.374812E-07   	8.377928E-07   	8.378583E-07   	
8.1878153E-07  	8.188044E-07   	8.189453E-07   	8.1872804E-07  	8.184856E-07   	8.184991E-07   	8.1835606E-07  	8.1852716E-07  	8.183586E-07   	8.181672E-07   	8.1830154E-07  	8.184818E-07   	8.181316E-07   	8.1835213E-07  	8.1824805E-07  	8.1813545E-07  	8.180635E-07   	8.180819E-07   	8.1791654E-07  	8.1757173E-07  	8.1683135E-07  	8.1594163E-07  	8.2171863E-07  	8.2809834E-07  	8.3355536E-07  	8.3637855E-07  	8.371815E-07   	8.367787E-07   	8.370084E-07   	8.369271E-07   	8.3691526E-07  	8.3706374E-07  	8.3694647E-07  	8.367869E-07   	8.369043E-07   	8.368165E-07   	8.351019E-07   	8.3661473E-07  	8.387135E-07   	8.388957E-07   	8.3792196E-07  	8.3743686E-07  	8.3702827E-07  	8.370799E-07   	8.371417E-07   	8.3690855E-07  	8.3706124E-07  	8.372305E-07   	8.3694664E-07  	8.368727E-07   	8.3693936E-07  	8.373241E-07   	8.375017E-07   	8.3735995E-07  	8.3763666E-07  	8.373049E-07   	8.3737615E-07  	8.3742606E-07  	8.362185E-07   	8.337434E-07   	8.321121E-07   	8.2780934E-07  	8.1997416E-07  	8.1874583E-07  	8.186384E-07   	8.187785E-07   	8.1858053E-07  	8.1842717E-07  	8.184967E-07   	8.1828733E-07  	8.182902E-07   	8.184236E-07   	8.1847463E-07  	8.183384E-07   	8.181967E-07   	8.1827045E-07  	8.181476E-07   	8.180355E-07   	8.178988E-07   	8.178719E-07   	8.175227E-07   	8.1725517E-07  	8.166672E-07   	8.1534506E-07  	8.1825783E-07  	8.2431876E-07  	8.2761505E-07  	8.304978E-07   	8.3319696E-07  	8.357925E-07   	8.36988E-07    	8.370993E-07   	8.371076E-07   	8.3725774E-07  	8.37218E-07    	8.37177E-07    	8.372812E-07   	8.3733613E-07  	8.375844E-07   	8.3779935E-07  	
8.191055E-07   	8.187884E-07   	8.1883894E-07  	8.188438E-07   	8.186946E-07   	8.18639E-07    	8.18445E-07    	8.18702E-07    	8.187583E-07   	8.1853216E-07  	8.18502E-07    	8.1848725E-07  	8.1846576E-07  	8.18714E-07    	8.186526E-07   	8.1890647E-07  	8.1838175E-07  	8.181415E-07   	8.179965E-07   	8.1743264E-07  	8.1643117E-07  	8.162978E-07   	8.240619E-07   	8.2927033E-07  	8.317443E-07   	8.346438E-07   	8.364285E-07   	8.3658534E-07  	8.3671415E-07  	8.365304E-07   	8.364217E-07   	8.3648973E-07  	8.364778E-07   	8.360575E-07   	8.3588463E-07  	8.351732E-07   	8.348063E-07   	8.3449726E-07  	8.3573974E-07  	8.375682E-07   	8.3745897E-07  	8.3715287E-07  	8.370708E-07   	8.370096E-07   	8.3703037E-07  	8.371833E-07   	8.374482E-07   	8.3735813E-07  	8.3707164E-07  	8.376266E-07   	8.3740343E-07  	8.3726206E-07  	8.3745437E-07  	8.3736313E-07  	8.3757647E-07  	8.376037E-07   	8.373867E-07   	8.371642E-07   	8.3680015E-07  	8.3504307E-07  	8.327437E-07   	8.3134387E-07  	8.25651E-07    	8.195671E-07   	8.1939487E-07  	8.190914E-07   	8.188115E-07   	8.1879284E-07  	8.1906705E-07  	8.190296E-07   	8.1891534E-07  	8.1877715E-07  	8.189418E-07   	8.189589E-07   	8.187673E-07   	8.187349E-07   	8.1855507E-07  	8.184563E-07   	8.1859196E-07  	8.1833434E-07  	8.1831337E-07  	8.179385E-07   	8.176869E-07   	8.171671E-07   	8.165706E-07   	8.225883E-07   	8.254755E-07   	8.2796277E-07  	8.3074474E-07  	8.337624E-07   	8.36258E-07    	8.371266E-07   	8.372799E-07   	8.3730936E-07  	8.3750024E-07  	8.375707E-07   	8.3739315E-07  	8.3740883E-07  	8.376114E-07   	8.3785864E-07  	
8.1922286E-07  	8.191305E-07   	8.1892375E-07  	8.1874623E-07  	8.1897076E-07  	8.1896917E-07  	8.190212E-07   	8.1909536E-07  	8.1900004E-07  	8.1892904E-07  	8.1881655E-07  	8.1890846E-07  	8.1909553E-07  	8.1876857E-07  	8.186011E-07   	8.185125E-07   	8.184771E-07   	8.181073E-07   	8.180789E-07   	8.174533E-07   	8.165654E-07   	8.1744975E-07  	8.238877E-07   	8.282564E-07   	8.3154754E-07  	8.345812E-07   	8.366615E-07   	8.3730447E-07  	8.370939E-07   	8.3694005E-07  	8.369206E-07   	8.3718857E-07  	8.3737507E-07  	8.3707283E-07  	8.3677315E-07  	8.3697086E-07  	8.372459E-07   	8.374215E-07   	8.3719823E-07  	8.368826E-07   	8.3701167E-07  	8.3733954E-07  	8.37123E-07    	8.370115E-07   	8.3760847E-07  	8.3779264E-07  	8.373748E-07   	8.372191E-07   	8.3715076E-07  	8.374248E-07   	8.3733266E-07  	8.373457E-07   	8.372043E-07   	8.371923E-07   	8.372261E-07   	8.372413E-07   	8.37143E-07    	8.3732493E-07  	8.373905E-07   	8.364207E-07   	8.337402E-07   	8.3195965E-07  	8.291279E-07   	8.231833E-07   	8.191501E-07   	8.1907444E-07  	8.189235E-07   	8.18991E-07    	8.1901914E-07  	8.189581E-07   	8.1886736E-07  	8.1885656E-07  	8.189937E-07   	8.189045E-07   	8.1899486E-07  	8.190777E-07   	8.1878335E-07  	8.186154E-07   	8.1843893E-07  	8.1823805E-07  	8.182303E-07   	8.180673E-07   	8.177939E-07   	8.1731014E-07  	8.1644544E-07  	8.1727813E-07  	8.2370656E-07  	8.2623706E-07  	8.2990556E-07  	8.3253343E-07  	8.3506507E-07  	8.3698677E-07  	8.374529E-07   	8.37482E-07    	8.3738024E-07  	8.37453E-07    	8.376764E-07   	8.3768464E-07  	8.3774586E-07  	8.379634E-07   	
8.196059E-07   	8.1973667E-07  	8.198303E-07   	8.1965715E-07  	8.1991567E-07  	8.1977186E-07  	8.194644E-07   	8.1962656E-07  	8.1947456E-07  	8.1920115E-07  	8.1909906E-07  	8.1926424E-07  	8.191462E-07   	8.191358E-07   	8.192882E-07   	8.1892745E-07  	8.185592E-07   	8.1852477E-07  	8.182171E-07   	8.1781263E-07  	8.1746225E-07  	8.162149E-07   	8.2067766E-07  	8.2650183E-07  	8.2968893E-07  	8.32236E-07    	8.350093E-07   	8.367815E-07   	8.3750024E-07  	8.374581E-07   	8.373816E-07   	8.374225E-07   	8.3735995E-07  	8.373715E-07   	8.3727105E-07  	8.3706044E-07  	8.372657E-07   	8.3736535E-07  	8.375831E-07   	8.373092E-07   	8.3721665E-07  	8.3727133E-07  	8.371603E-07   	8.3711967E-07  	8.37246E-07    	8.3700047E-07  	8.371402E-07   	8.371668E-07   	8.371729E-07   	8.3736893E-07  	8.372234E-07   	8.3713536E-07  	8.376275E-07   	8.3750786E-07  	8.374723E-07   	8.3751314E-07  	8.375201E-07   	8.373331E-07   	8.372714E-07   	8.368992E-07   	8.346135E-07   	8.326766E-07   	8.3114475E-07  	8.263914E-07   	8.193871E-07   	8.1886327E-07  	8.1894444E-07  	8.1906296E-07  	8.1904864E-07  	8.190254E-07   	8.189639E-07   	8.1888857E-07  	8.1887805E-07  	8.1882484E-07  	8.188256E-07   	8.188046E-07   	8.1878795E-07  	8.1880415E-07  	8.188093E-07   	8.1854535E-07  	8.184187E-07   	8.184777E-07   	8.1830984E-07  	8.1802034E-07  	8.179261E-07   	8.164084E-07   	8.18306E-07    	8.245559E-07   	8.274825E-07   	8.3068426E-07  	8.330792E-07   	8.356843E-07   	8.372875E-07   	8.3732607E-07  	8.371826E-07   	8.3731425E-07  	8.3738036E-07  	8.3762933E-07  	8.3798636E-07  	8.380757E-07   	
8.199339E-07   	8.199776E-07   	8.2003544E-07  	8.1983876E-07  	8.19527E-07    	8.1950134E-07  	8.1955744E-07  	8.194831E-07   	8.1935605E-07  	8.1938094E-07  	8.1937696E-07  	8.192023E-07   	8.1912697E-07  	8.1908127E-07  	8.1893535E-07  	8.1886805E-07  	8.1851596E-07  	8.184275E-07   	8.181077E-07   	8.1767115E-07  	8.1737994E-07  	8.162623E-07   	8.19396E-07    	8.251967E-07   	8.2737984E-07  	8.308528E-07   	8.3371555E-07  	8.363056E-07   	8.3731476E-07  	8.3723114E-07  	8.373932E-07   	8.3735983E-07  	8.372861E-07   	8.3722836E-07  	8.3734335E-07  	8.3752343E-07  	8.3735233E-07  	8.374082E-07   	8.3739616E-07  	8.374829E-07   	8.372715E-07   	8.372154E-07   	8.374724E-07   	8.37356E-07    	8.3749126E-07  	8.372966E-07   	8.374107E-07   	8.3746323E-07  	8.3735335E-07  	8.373632E-07   	8.374952E-07   	8.3747267E-07  	8.374941E-07   	8.3771516E-07  	8.375658E-07   	8.375266E-07   	8.375269E-07   	8.3754327E-07  	8.3773705E-07  	8.3778195E-07  	8.369186E-07   	8.345717E-07   	8.3277524E-07  	8.2992005E-07  	8.219415E-07   	8.18969E-07    	8.1917784E-07  	8.190082E-07   	8.19116E-07    	8.190821E-07   	8.1927305E-07  	8.194065E-07   	8.1912117E-07  	8.186224E-07   	8.188677E-07   	8.186137E-07   	8.1863396E-07  	8.1869E-07     	8.1867006E-07  	8.1870047E-07  	8.1846537E-07  	8.182447E-07   	8.181945E-07   	8.181605E-07   	8.1781235E-07  	8.1736954E-07  	8.162616E-07   	8.214927E-07   	8.2607477E-07  	8.28932E-07    	8.3196346E-07  	8.3528386E-07  	8.370776E-07   	8.3754276E-07  	8.3756936E-07  	8.376166E-07   	8.3765275E-07  	8.377986E-07   	8.378558E-07   	8.380305E-07   	
8.295241E-07   	8.1994745E-07  	8.1973104E-07  	8.195936E-07   	8.195662E-07   	8.194592E-07   	8.196141E-07   	8.1977043E-07  	8.194476E-07   	8.19274E-07    	8.1928283E-07  	8.195099E-07   	8.190719E-07   	8.1918944E-07  	8.189978E-07   	8.1930386E-07  	8.188518E-07   	8.188721E-07   	8.187485E-07   	8.182356E-07   	8.179991E-07   	8.175294E-07   	8.1611637E-07  	8.2064986E-07  	8.263047E-07   	8.299353E-07   	8.327201E-07   	8.3531665E-07  	8.3719254E-07  	8.3744E-07     	8.375425E-07   	8.3756936E-07  	8.373145E-07   	8.3764513E-07  	8.3733227E-07  	8.372034E-07   	8.376806E-07   	8.3748716E-07  	8.376056E-07   	8.3761466E-07  	8.374539E-07   	8.3743686E-07  	8.375883E-07   	8.3757266E-07  	8.374912E-07   	8.3742617E-07  	8.3746903E-07  	8.374365E-07   	8.3740747E-07  	8.3739354E-07  	8.374472E-07   	8.37433E-07    	8.375881E-07   	8.376567E-07   	8.3755134E-07  	8.37491E-07    	8.3757E-07     	8.376811E-07   	8.377225E-07   	8.374172E-07   	8.374681E-07   	8.3602976E-07  	8.3368764E-07  	8.323021E-07   	8.282426E-07   	8.202757E-07   	8.189712E-07   	8.1901663E-07  	8.190934E-07   	8.1894217E-07  	8.190164E-07   	8.190925E-07   	8.18938E-07    	8.189484E-07   	8.1894683E-07  	8.188853E-07   	8.1890914E-07  	8.187965E-07   	8.1902493E-07  	8.188266E-07   	8.186561E-07   	8.185042E-07   	8.1840204E-07  	8.1821236E-07  	8.1811913E-07  	8.1789415E-07  	8.171562E-07   	8.1686034E-07  	8.232566E-07   	8.2821407E-07  	8.311345E-07   	8.3351654E-07  	8.3601407E-07  	8.37443E-07    	8.375992E-07   	8.3759016E-07  	8.375671E-07   	8.3739997E-07  	8.377095E-07   	8.3779736E-07  	
8.313035E-07   	8.21414E-07    	8.1950617E-07  	8.195099E-07   	8.1957603E-07  	8.194626E-07   	8.1953954E-07  	8.1940874E-07  	8.193428E-07   	8.193432E-07   	8.193047E-07   	8.190748E-07   	8.189767E-07   	8.1902624E-07  	8.190374E-07   	8.190468E-07   	8.1872184E-07  	8.185655E-07   	8.184938E-07   	8.1827716E-07  	8.1781025E-07  	8.171867E-07   	8.1591753E-07  	8.1821287E-07  	8.2477976E-07  	8.284377E-07   	8.3088196E-07  	8.334663E-07   	8.3608177E-07  	8.372512E-07   	8.376802E-07   	8.3756805E-07  	8.374566E-07   	8.3741287E-07  	8.37418E-07    	8.376152E-07   	8.3791457E-07  	8.3768435E-07  	8.3740775E-07  	8.3732505E-07  	8.375709E-07   	8.375949E-07   	8.3779616E-07  	8.3741526E-07  	8.3749455E-07  	8.374039E-07   	8.373982E-07   	8.37275E-07    	8.3726815E-07  	8.373878E-07   	8.373518E-07   	8.372988E-07   	8.375907E-07   	8.377356E-07   	8.376461E-07   	8.3778144E-07  	8.376955E-07   	8.3762035E-07  	8.3762274E-07  	8.3750496E-07  	8.376428E-07   	8.3718305E-07  	8.343836E-07   	8.326454E-07   	8.306923E-07   	8.250567E-07   	8.1897423E-07  	8.1899753E-07  	8.1884343E-07  	8.188891E-07   	8.1895803E-07  	8.189932E-07   	8.184474E-07   	8.18712E-07    	8.186507E-07   	8.185022E-07   	8.185644E-07   	8.186461E-07   	8.187582E-07   	8.187017E-07   	8.184574E-07   	8.184003E-07   	8.183129E-07   	8.181741E-07   	8.180811E-07   	8.1770503E-07  	8.1715353E-07  	8.161148E-07   	8.2039946E-07  	8.2592123E-07  	8.2893985E-07  	8.3198785E-07  	8.3528255E-07  	8.371249E-07   	8.37455E-07    	8.37586E-07    	8.375501E-07   	8.375077E-07   	8.376452E-07   	8.375348E-07   	
8.3374226E-07  	8.266852E-07   	8.198959E-07   	8.199129E-07   	8.198171E-07   	8.195461E-07   	8.1947087E-07  	8.194138E-07   	8.194323E-07   	8.193262E-07   	8.1936673E-07  	8.1939464E-07  	8.1916147E-07  	8.191477E-07   	8.192371E-07   	8.190245E-07   	8.1892114E-07  	8.187695E-07   	8.1845855E-07  	8.1828193E-07  	8.1807826E-07  	8.1790233E-07  	8.170473E-07   	8.1612524E-07  	8.214888E-07   	8.260941E-07   	8.290542E-07   	8.314055E-07   	8.3455586E-07  	8.367962E-07   	8.376075E-07   	8.378349E-07   	8.3771533E-07  	8.3767384E-07  	8.3791343E-07  	8.377402E-07   	8.37676E-07    	8.37826E-07    	8.379144E-07   	8.378978E-07   	8.376434E-07   	8.376361E-07   	8.3774074E-07  	8.378888E-07   	8.376524E-07   	8.379865E-07   	8.378125E-07   	8.3756686E-07  	8.3757106E-07  	8.3761904E-07  	8.3759085E-07  	8.375203E-07   	8.375654E-07   	8.376731E-07   	8.376165E-07   	8.375632E-07   	8.3754446E-07  	8.378804E-07   	8.377294E-07   	8.378731E-07   	8.3808254E-07  	8.3798994E-07  	8.372131E-07   	8.350353E-07   	8.331629E-07   	8.288795E-07   	8.2073035E-07  	8.194291E-07   	8.1905546E-07  	8.191348E-07   	8.1904665E-07  	8.1906995E-07  	8.1900697E-07  	8.1902743E-07  	8.189699E-07   	8.1884235E-07  	8.185149E-07   	8.188665E-07   	8.1871326E-07  	8.185808E-07   	8.188238E-07   	8.185509E-07   	8.184685E-07   	8.185307E-07   	8.1800306E-07  	8.1790097E-07  	8.175207E-07   	8.1679667E-07  	8.173281E-07   	8.235413E-07   	8.2790973E-07  	8.3076327E-07  	8.3250836E-07  	8.3496474E-07  	8.3668556E-07  	8.3594443E-07  	8.355198E-07   	8.346925E-07   	8.340244E-07   	8.332602E-07   	
8.3404296E-07  	8.3129703E-07  	8.272099E-07   	8.199641E-07   	8.19915E-07    	8.1999326E-07  	8.1999093E-07  	8.1962725E-07  	8.1996274E-07  	8.1985047E-07  	8.1976543E-07  	8.195212E-07   	8.193775E-07   	8.195E-07      	8.196828E-07   	8.1944313E-07  	8.194208E-07   	8.191732E-07   	8.190017E-07   	8.188027E-07   	8.1863834E-07  	8.184764E-07   	8.181902E-07   	8.174897E-07   	8.169915E-07   	8.2363357E-07  	8.268867E-07   	8.303491E-07   	8.3309453E-07  	8.3545694E-07  	8.372708E-07   	8.3778076E-07  	8.3789627E-07  	8.3780424E-07  	8.3782373E-07  	8.3783414E-07  	8.3772585E-07  	8.3781174E-07  	8.378991E-07   	8.376032E-07   	8.377418E-07   	8.3772545E-07  	8.3748904E-07  	8.376837E-07   	8.377448E-07   	8.376213E-07   	8.378596E-07   	8.376202E-07   	8.3737115E-07  	8.3753184E-07  	8.377815E-07   	8.3757465E-07  	8.375963E-07   	8.376556E-07   	8.3764826E-07  	8.3769555E-07  	8.379385E-07   	8.3785835E-07  	8.3782544E-07  	8.37881E-07    	8.3783436E-07  	8.377532E-07   	8.3686774E-07  	8.346769E-07   	8.328433E-07   	8.318427E-07   	8.275301E-07   	8.203109E-07   	8.197235E-07   	8.1917017E-07  	8.1907814E-07  	8.191666E-07   	8.1920456E-07  	8.189932E-07   	8.1908803E-07  	8.191532E-07   	8.1925504E-07  	8.189307E-07   	8.187085E-07   	8.1895445E-07  	8.189131E-07   	8.1896417E-07  	8.188839E-07   	8.187839E-07   	8.1842694E-07  	8.182889E-07   	8.181349E-07   	8.1767223E-07  	8.163256E-07   	8.2134267E-07  	8.267848E-07   	8.268222E-07   	8.2775074E-07  	8.302942E-07   	8.3197136E-07  	8.3067215E-07  	8.2968216E-07  	8.2766405E-07  	8.2588593E-07  	8.245901E-07   	
8.36089E-07    	8.3323994E-07  	8.2844554E-07  	8.2082676E-07  	8.201157E-07   	8.201587E-07   	8.2043516E-07  	8.2044573E-07  	8.201586E-07   	8.199746E-07   	8.2008796E-07  	8.199801E-07   	8.197021E-07   	8.195255E-07   	8.198317E-07   	8.197177E-07   	8.196109E-07   	8.1937475E-07  	8.193758E-07   	8.192042E-07   	8.1884116E-07  	8.1865056E-07  	8.185555E-07   	8.1815523E-07  	8.170321E-07   	8.1905233E-07  	8.251641E-07   	8.277952E-07   	8.308359E-07   	8.339781E-07   	8.3652765E-07  	8.376378E-07   	8.376736E-07   	8.37534E-07    	8.379064E-07   	8.377511E-07   	8.376885E-07   	8.375337E-07   	8.3744175E-07  	8.3765383E-07  	8.376758E-07   	8.378031E-07   	8.3777167E-07  	8.3769925E-07  	8.376553E-07   	8.3755265E-07  	8.37482E-07    	8.3753315E-07  	8.3750155E-07  	8.3765497E-07  	8.3756225E-07  	8.3754946E-07  	8.3740974E-07  	8.375932E-07   	8.3767276E-07  	8.3763496E-07  	8.377772E-07   	8.375821E-07   	8.3770675E-07  	8.3776604E-07  	8.379138E-07   	8.3779724E-07  	8.381797E-07   	8.373924E-07   	8.351934E-07   	8.334442E-07   	8.301894E-07   	8.2243264E-07  	8.196416E-07   	8.197649E-07   	8.195909E-07   	8.1952516E-07  	8.1947104E-07  	8.1963833E-07  	8.195416E-07   	8.1949065E-07  	8.192833E-07   	8.193615E-07   	8.195661E-07   	8.194035E-07   	8.1936975E-07  	8.1930335E-07  	8.189314E-07   	8.190705E-07   	8.189128E-07   	8.1865556E-07  	8.1860634E-07  	8.183467E-07   	8.182735E-07   	8.180221E-07   	8.1695185E-07  	8.184423E-07   	8.2040003E-07  	8.209053E-07   	8.2106817E-07  	8.197103E-07   	8.1912714E-07  	8.19145E-07    	8.18833E-07    	8.185542E-07   	
8.373629E-07   	8.3383964E-07  	8.318933E-07   	8.264186E-07   	8.2017976E-07  	8.198908E-07   	8.2026156E-07  	8.2009075E-07  	8.201044E-07   	8.2012315E-07  	8.199549E-07   	8.200239E-07   	8.197618E-07   	8.196498E-07   	8.1977305E-07  	8.197405E-07   	8.1963054E-07  	8.1955164E-07  	8.192422E-07   	8.191865E-07   	8.1902937E-07  	8.188929E-07   	8.188167E-07   	8.184694E-07   	8.1783656E-07  	8.1680594E-07  	8.2126184E-07  	8.2630345E-07  	8.3007336E-07  	8.330358E-07   	8.356835E-07   	8.3764354E-07  	8.378373E-07   	8.376942E-07   	8.377812E-07   	8.3758493E-07  	8.379829E-07   	8.376453E-07   	8.3739354E-07  	8.375293E-07   	8.374762E-07   	8.3758107E-07  	8.3754946E-07  	8.3762427E-07  	8.376661E-07   	8.3763416E-07  	8.375741E-07   	8.377198E-07   	8.3767884E-07  	8.3747716E-07  	8.3758107E-07  	8.37487E-07    	8.376005E-07   	8.375876E-07   	8.376865E-07   	8.378799E-07   	8.3776456E-07  	8.377936E-07   	8.3779855E-07  	8.3779395E-07  	8.378663E-07   	8.3783317E-07  	8.376805E-07   	8.3732766E-07  	8.355373E-07   	8.332216E-07   	8.320541E-07   	8.28597E-07    	8.2034074E-07  	8.198845E-07   	8.198788E-07   	8.1975315E-07  	8.1962145E-07  	8.192893E-07   	8.19355E-07    	8.1937424E-07  	8.192408E-07   	8.192882E-07   	8.192901E-07   	8.190362E-07   	8.190809E-07   	8.1894973E-07  	8.1917335E-07  	8.191969E-07   	8.1889056E-07  	8.190122E-07   	8.1915005E-07  	8.193347E-07   	8.192589E-07   	8.1925975E-07  	8.1931194E-07  	8.19328E-07    	8.193909E-07   	8.192773E-07   	8.194591E-07   	8.1951714E-07  	8.197934E-07   	8.19937E-07    	8.1978857E-07  	8.199569E-07   	
8.379282E-07   	8.347449E-07   	8.332844E-07   	8.3001606E-07  	8.2203E-07     	8.2017294E-07  	8.199975E-07   	8.201266E-07   	8.200765E-07   	8.1984876E-07  	8.1997086E-07  	8.1991266E-07  	8.199288E-07   	8.1991334E-07  	8.197443E-07   	8.1959905E-07  	8.1968744E-07  	8.196355E-07   	8.194156E-07   	8.1925157E-07  	8.1904267E-07  	8.189669E-07   	8.189072E-07   	8.183535E-07   	8.1770963E-07  	8.168167E-07   	8.176324E-07   	8.2407695E-07  	8.2844923E-07  	8.314166E-07   	8.3404075E-07  	8.3638866E-07  	8.3747454E-07  	8.376307E-07   	8.3779054E-07  	8.3765093E-07  	8.3785454E-07  	8.378637E-07   	8.3766975E-07  	8.3774574E-07  	8.3773426E-07  	8.377637E-07   	8.3770294E-07  	8.3760375E-07  	8.3762535E-07  	8.378444E-07   	8.37798E-07    	8.3776E-07     	8.378056E-07   	8.377955E-07   	8.375729E-07   	8.376254E-07   	8.378812E-07   	8.379109E-07   	8.379961E-07   	8.380705E-07   	8.3784926E-07  	8.379362E-07   	8.38104E-07    	8.3786074E-07  	8.377201E-07   	8.3795146E-07  	8.3803286E-07  	8.3760983E-07  	8.34992E-07    	8.3285096E-07  	8.322213E-07   	8.3034655E-07  	8.2341097E-07  	8.191764E-07   	8.192264E-07   	8.19351E-07    	8.19213E-07    	8.19002E-07    	8.1907694E-07  	8.189627E-07   	8.1907865E-07  	8.190452E-07   	8.1906165E-07  	8.1929954E-07  	8.1892244E-07  	8.1880245E-07  	8.1896917E-07  	8.187487E-07   	8.187816E-07   	8.188044E-07   	8.189129E-07   	8.1891545E-07  	8.190911E-07   	8.1919967E-07  	8.1911236E-07  	8.191628E-07   	8.193399E-07   	8.191006E-07   	8.192211E-07   	8.197019E-07   	8.1998365E-07  	8.197885E-07   	8.1964015E-07  	8.1970234E-07  	
8.382996E-07   	8.3582506E-07  	8.338778E-07   	8.3176815E-07  	8.2797857E-07  	8.21281E-07    	8.2048933E-07  	8.2030937E-07  	8.2031823E-07  	8.2022285E-07  	8.200563E-07   	8.201647E-07   	8.201987E-07   	8.199438E-07   	8.198061E-07   	8.196048E-07   	8.195996E-07   	8.195052E-07   	8.1951816E-07  	8.194701E-07   	8.1928044E-07  	8.192075E-07   	8.1886066E-07  	8.185438E-07   	8.185605E-07   	8.175924E-07   	8.165636E-07   	8.2216314E-07  	8.264291E-07   	8.297039E-07   	8.321665E-07   	8.352427E-07   	8.3733454E-07  	8.380849E-07   	8.384077E-07   	8.3820765E-07  	8.380186E-07   	8.3829065E-07  	8.3838586E-07  	8.381675E-07   	8.380399E-07   	8.3803377E-07  	8.381307E-07   	8.381156E-07   	8.383008E-07   	8.382206E-07   	8.380505E-07   	8.3814115E-07  	8.38138E-07    	8.38161E-07    	8.3794765E-07  	8.3777996E-07  	8.3836414E-07  	8.3874E-07     	8.3788757E-07  	8.382834E-07   	8.377056E-07   	8.363835E-07   	8.350208E-07   	8.3406695E-07  	8.326909E-07   	8.3253457E-07  	8.3213405E-07  	8.322833E-07   	8.309194E-07   	8.3005284E-07  	8.291995E-07   	8.2738194E-07  	8.2237904E-07  	8.1921206E-07  	8.192972E-07   	8.190968E-07   	8.1897423E-07  	8.190355E-07   	8.191495E-07   	8.192566E-07   	8.1931125E-07  	8.1935787E-07  	8.18986E-07    	8.189969E-07   	8.1913106E-07  	8.1916977E-07  	8.193073E-07   	8.192384E-07   	8.191313E-07   	8.189293E-07   	8.188523E-07   	8.192314E-07   	8.1937026E-07  	8.1933945E-07  	8.192622E-07   	8.1928215E-07  	8.1901055E-07  	8.190955E-07   	8.193367E-07   	8.19212E-07    	8.197193E-07   	8.1984683E-07  	8.198192E-07   	8.1990214E-07  	
8.389555E-07   	8.3830827E-07  	8.3557507E-07  	8.334419E-07   	8.300254E-07   	8.222552E-07   	8.205443E-07   	8.2063406E-07  	8.2045597E-07  	8.2045057E-07  	8.204488E-07   	8.2032807E-07  	8.205058E-07   	8.2024786E-07  	8.201984E-07   	8.2022484E-07  	8.1992954E-07  	8.199331E-07   	8.2006943E-07  	8.1983393E-07  	8.197217E-07   	8.196623E-07   	8.1951436E-07  	8.1921377E-07  	8.1904113E-07  	8.1877545E-07  	8.1777955E-07  	8.176571E-07   	8.2408576E-07  	8.2762216E-07  	8.315385E-07   	8.3416444E-07  	8.367398E-07   	8.3823454E-07  	8.384172E-07   	8.384847E-07   	8.382631E-07   	8.383566E-07   	8.383028E-07   	8.3823625E-07  	8.38328E-07    	8.38254E-07    	8.382673E-07   	8.3842974E-07  	8.3848244E-07  	8.383633E-07   	8.37896E-07    	8.381119E-07   	8.3732823E-07  	8.3659864E-07  	8.3527266E-07  	8.343204E-07   	8.3393456E-07  	8.344463E-07   	8.3382633E-07  	8.327157E-07   	8.322704E-07   	8.31745E-07    	8.3069443E-07  	8.2933616E-07  	8.2773306E-07  	8.265906E-07   	8.2601633E-07  	8.246559E-07   	8.218019E-07   	8.194838E-07   	8.19863E-07    	8.197469E-07   	8.192471E-07   	8.193651E-07   	8.1919774E-07  	8.192058E-07   	8.1926913E-07  	8.191414E-07   	8.192018E-07   	8.1927533E-07  	8.19476E-07    	8.1937685E-07  	8.191001E-07   	8.189372E-07   	8.1917847E-07  	8.1925634E-07  	8.1929903E-07  	8.190956E-07   	8.190172E-07   	8.19044E-07    	8.192104E-07   	8.190209E-07   	8.1931023E-07  	8.192567E-07   	8.1925896E-07  	8.1939356E-07  	8.192515E-07   	8.192657E-07   	8.1939095E-07  	8.1954283E-07  	8.2007614E-07  	8.2027196E-07  	8.2015424E-07  	8.202478E-07   	
8.383928E-07   	8.3871436E-07  	8.3695437E-07  	8.346642E-07   	8.3299415E-07  	8.2772243E-07  	8.20887E-07    	8.2063457E-07  	8.2029516E-07  	8.2008523E-07  	8.2030743E-07  	8.2008313E-07  	8.198772E-07   	8.198129E-07   	8.194544E-07   	8.1885247E-07  	8.1810896E-07  	8.201475E-07   	8.208351E-07   	8.2025826E-07  	8.203831E-07   	8.201341E-07   	8.202013E-07   	8.196768E-07   	8.194391E-07   	8.190722E-07   	8.185781E-07   	8.1728865E-07  	8.189015E-07   	8.261351E-07   	8.298512E-07   	8.329105E-07   	8.356997E-07   	8.3789575E-07  	8.3857054E-07  	8.3853865E-07  	8.386775E-07   	8.387451E-07   	8.386673E-07   	8.383023E-07   	8.381585E-07   	8.383039E-07   	8.3726354E-07  	8.372347E-07   	8.360091E-07   	8.354983E-07   	8.3441574E-07  	8.3423066E-07  	8.327837E-07   	8.3191503E-07  	8.3106704E-07  	8.2991454E-07  	8.289676E-07   	8.274583E-07   	8.269981E-07   	8.25709E-07    	8.242781E-07   	8.2231196E-07  	8.2100513E-07  	8.2108045E-07  	8.208404E-07   	8.204225E-07   	8.204105E-07   	8.204745E-07   	8.203494E-07   	8.202056E-07   	8.1976606E-07  	8.194961E-07   	8.196263E-07   	8.1961963E-07  	8.1957046E-07  	8.195505E-07   	8.195524E-07   	8.1951083E-07  	8.195035E-07   	8.196672E-07   	8.1965084E-07  	8.1951987E-07  	8.193522E-07   	8.196034E-07   	8.194501E-07   	8.192971E-07   	8.1965067E-07  	8.196181E-07   	8.195835E-07   	8.196864E-07   	8.1939856E-07  	8.195812E-07   	8.1967715E-07  	8.1947235E-07  	8.196654E-07   	8.198833E-07   	8.197557E-07   	8.1989816E-07  	8.198809E-07   	8.197838E-07   	8.20028E-07    	8.206986E-07   	8.2113087E-07  	8.21057E-07    	
8.3912397E-07  	8.393796E-07   	8.3853394E-07  	8.359515E-07   	8.3425266E-07  	8.3136E-07     	8.2491573E-07  	8.211009E-07   	8.212042E-07   	8.2105095E-07  	8.2096403E-07  	8.207102E-07   	8.2083045E-07  	8.207981E-07   	8.2089474E-07  	8.210044E-07   	8.210612E-07   	8.2057164E-07  	8.2054896E-07  	8.203817E-07   	8.20155E-07    	8.203938E-07   	8.202655E-07   	8.201968E-07   	8.200491E-07   	8.196543E-07   	8.1938947E-07  	8.186044E-07   	8.1756593E-07  	8.2378455E-07  	8.286312E-07   	8.3200587E-07  	8.3368445E-07  	8.361622E-07   	8.3762666E-07  	8.3761586E-07  	8.358351E-07   	8.3403467E-07  	8.3355405E-07  	8.3275063E-07  	8.3264706E-07  	8.3279195E-07  	8.3175E-07     	8.3105164E-07  	8.2986753E-07  	8.2835976E-07  	8.2666077E-07  	8.26151E-07    	8.2421985E-07  	8.224266E-07   	8.204563E-07   	8.209109E-07   	8.208929E-07   	8.2059694E-07  	8.2067646E-07  	8.206764E-07   	8.207469E-07   	8.2056664E-07  	8.204144E-07   	8.20335E-07    	8.1991885E-07  	8.2001435E-07  	8.199487E-07   	8.1982785E-07  	8.2014384E-07  	8.201687E-07   	8.2024457E-07  	8.1980346E-07  	8.196634E-07   	8.1999565E-07  	8.2003527E-07  	8.1968216E-07  	8.194806E-07   	8.1945336E-07  	8.196248E-07   	8.1983757E-07  	8.195654E-07   	8.1979255E-07  	8.198178E-07   	8.1960724E-07  	8.196285E-07   	8.1980824E-07  	8.1987736E-07  	8.1978607E-07  	8.195716E-07   	8.197579E-07   	8.1974497E-07  	8.1975486E-07  	8.2001327E-07  	8.199797E-07   	8.199171E-07   	8.199877E-07   	8.199382E-07   	8.20123E-07    	8.2004755E-07  	8.199892E-07   	8.2017874E-07  	8.204366E-07   	8.2082755E-07  	8.213803E-07   	
8.393429E-07   	8.3939483E-07  	8.3916865E-07  	8.376235E-07   	8.3532194E-07  	8.341684E-07   	8.2882997E-07  	8.215803E-07   	8.213205E-07   	8.21414E-07    	8.2122085E-07  	8.2131965E-07  	8.2122114E-07  	8.211974E-07   	8.2141645E-07  	8.21132E-07    	8.213031E-07   	8.2125143E-07  	8.2092157E-07  	8.208328E-07   	8.2053594E-07  	8.207425E-07   	8.2083545E-07  	8.2049365E-07  	8.2027015E-07  	8.202548E-07   	8.1991E-07     	8.190716E-07   	8.179544E-07   	8.2059404E-07  	8.274981E-07   	8.281104E-07   	8.287753E-07   	8.310752E-07   	8.332189E-07   	8.329223E-07   	8.3042573E-07  	8.2843275E-07  	8.275707E-07   	8.264463E-07   	8.2553044E-07  	8.243073E-07   	8.224614E-07   	8.20898E-07    	8.206241E-07   	8.210428E-07   	8.2087934E-07  	8.206656E-07   	8.2041765E-07  	8.2040526E-07  	8.2057284E-07  	8.205613E-07   	8.202869E-07   	8.202117E-07   	8.203506E-07   	8.20287E-07    	8.201872E-07   	8.2016965E-07  	8.2021495E-07  	8.2006153E-07  	8.203752E-07   	8.20295E-07    	8.199609E-07   	8.201301E-07   	8.200987E-07   	8.201606E-07   	8.2024786E-07  	8.200245E-07   	8.2001253E-07  	8.2010723E-07  	8.20038E-07    	8.1987406E-07  	8.197045E-07   	8.198562E-07   	8.1981904E-07  	8.197865E-07   	8.19784E-07    	8.2008177E-07  	8.2005187E-07  	8.198163E-07   	8.1974906E-07  	8.1971785E-07  	8.1978243E-07  	8.2012497E-07  	8.199753E-07   	8.20002E-07    	8.198167E-07   	8.1992937E-07  	8.20086E-07    	8.198984E-07   	8.199087E-07   	8.201178E-07   	8.200154E-07   	8.201023E-07   	8.200669E-07   	8.1985104E-07  	8.1999326E-07  	8.2072E-07     	8.2127957E-07  	8.216364E-07   	
8.3961123E-07  	8.3963306E-07  	8.396157E-07   	8.3943837E-07  	8.376354E-07   	8.352755E-07   	8.3266895E-07  	8.263609E-07   	8.216277E-07   	8.215336E-07   	8.215385E-07   	8.214213E-07   	8.216572E-07   	8.2138047E-07  	8.212782E-07   	8.214658E-07   	8.215654E-07   	8.212581E-07   	8.213896E-07   	8.2125155E-07  	8.212398E-07   	8.2076303E-07  	8.2058256E-07  	8.2052094E-07  	8.203428E-07   	8.201569E-07   	8.199565E-07   	8.1984166E-07  	8.194182E-07   	8.188557E-07   	8.177347E-07   	8.195151E-07   	8.216842E-07   	8.222446E-07   	8.22531E-07    	8.2160574E-07  	8.2120977E-07  	8.214875E-07   	8.21366E-07    	8.204198E-07   	8.2071904E-07  	8.2125155E-07  	8.2157123E-07  	8.2157914E-07  	8.211923E-07   	8.2092754E-07  	8.2090116E-07  	8.2084233E-07  	8.208881E-07   	8.207885E-07   	8.2058904E-07  	8.20524E-07    	8.2051616E-07  	8.2042476E-07  	8.2051184E-07  	8.205659E-07   	8.205966E-07   	8.2062564E-07  	8.202359E-07   	8.202568E-07   	8.2056715E-07  	8.205415E-07   	8.2049473E-07  	8.20494E-07    	8.203132E-07   	8.205504E-07   	8.2062525E-07  	8.2059995E-07  	8.2031875E-07  	8.2013565E-07  	8.200681E-07   	8.200158E-07   	8.200619E-07   	8.2025514E-07  	8.2033574E-07  	8.2010183E-07  	8.2015936E-07  	8.201426E-07   	8.200156E-07   	8.20336E-07    	8.2031437E-07  	8.20132E-07    	8.201594E-07   	8.1997985E-07  	8.200967E-07   	8.202659E-07   	8.200579E-07   	8.200809E-07   	8.2056414E-07  	8.2031414E-07  	8.2017317E-07  	8.20451E-07    	8.2039895E-07  	8.2030954E-07  	8.2045796E-07  	8.20405E-07    	8.2042874E-07  	8.207442E-07   	8.211654E-07   	8.2141145E-07  	
8.396517E-07   	8.397172E-07   	8.398027E-07   	8.3982286E-07  	8.38433E-07    	8.3586525E-07  	8.3461515E-07  	8.3165963E-07  	8.247558E-07   	8.2194316E-07  	8.2184596E-07  	8.213554E-07   	8.2143765E-07  	8.215065E-07   	8.2130293E-07  	8.2141923E-07  	8.2156686E-07  	8.2110756E-07  	8.210027E-07   	8.210994E-07   	8.212776E-07   	8.2115275E-07  	8.20989E-07    	8.210899E-07   	8.211248E-07   	8.209107E-07   	8.2108477E-07  	8.212438E-07   	8.210299E-07   	8.209489E-07   	8.208577E-07   	8.210908E-07   	8.212099E-07   	8.2111677E-07  	8.2125587E-07  	8.2134886E-07  	8.212339E-07   	8.2135676E-07  	8.213464E-07   	8.215159E-07   	8.2138604E-07  	8.21176E-07    	8.216774E-07   	8.219484E-07   	8.217673E-07   	8.2181805E-07  	8.213603E-07   	8.2083506E-07  	8.209248E-07   	8.20712E-07    	8.2066833E-07  	8.209378E-07   	8.208392E-07   	8.209327E-07   	8.208039E-07   	8.2078867E-07  	8.207699E-07   	8.20745E-07    	8.206057E-07   	8.20517E-07    	8.2045955E-07  	8.2074587E-07  	8.2072444E-07  	8.2065975E-07  	8.208335E-07   	8.2069477E-07  	8.206166E-07   	8.210613E-07   	8.208192E-07   	8.208003E-07   	8.2052844E-07  	8.206727E-07   	8.204355E-07   	8.203051E-07   	8.203218E-07   	8.20438E-07    	8.202659E-07   	8.202581E-07   	8.2030346E-07  	8.2025514E-07  	8.202453E-07   	8.2021165E-07  	8.203702E-07   	8.2024735E-07  	8.203252E-07   	8.20481E-07    	8.203949E-07   	8.20507E-07    	8.2064884E-07  	8.2031204E-07  	8.2041964E-07  	8.2067834E-07  	8.205431E-07   	8.2054936E-07  	8.2041635E-07  	8.20527E-07    	8.2065253E-07  	8.208997E-07   	8.213044E-07   	8.215032E-07   	
8.4013976E-07  	8.400255E-07   	8.3945207E-07  	8.3908594E-07  	8.375961E-07   	8.3544097E-07  	8.33905E-07    	8.3286204E-07  	8.266796E-07   	8.214318E-07   	8.21384E-07    	8.2137007E-07  	8.21373E-07    	8.2128514E-07  	8.214686E-07   	8.214089E-07   	8.213475E-07   	8.212056E-07   	8.2112837E-07  	8.2110796E-07  	8.2095664E-07  	8.208821E-07   	8.209016E-07   	8.207956E-07   	8.2072535E-07  	8.206077E-07   	8.205765E-07   	8.2077696E-07  	8.206236E-07   	8.206819E-07   	8.20788E-07    	8.205728E-07   	8.208324E-07   	8.206397E-07   	8.206264E-07   	8.211739E-07   	8.21222E-07    	8.210728E-07   	8.212317E-07   	8.209818E-07   	8.2089394E-07  	8.2100524E-07  	8.2078475E-07  	8.212046E-07   	8.215754E-07   	8.213831E-07   	8.212369E-07   	8.209664E-07   	8.209786E-07   	8.211158E-07   	8.2099814E-07  	8.2083545E-07  	8.2074183E-07  	8.2109517E-07  	8.2103776E-07  	8.209262E-07   	8.207634E-07   	8.206876E-07   	8.208241E-07   	8.208577E-07   	8.2075246E-07  	8.209021E-07   	8.209337E-07   	8.2092566E-07  	8.2093766E-07  	8.210995E-07   	8.209174E-07   	8.207576E-07   	8.2088474E-07  	8.207296E-07   	8.2048257E-07  	8.2051906E-07  	8.2048405E-07  	8.204981E-07   	8.205392E-07   	8.204866E-07   	8.2044517E-07  	8.2076184E-07  	8.204137E-07   	8.205594E-07   	8.206199E-07   	8.2051366E-07  	8.204872E-07   	8.203501E-07   	8.202949E-07   	8.2022984E-07  	8.2036655E-07  	8.2062684E-07  	8.20512E-07    	8.20525E-07    	8.2032494E-07  	8.202476E-07   	8.203562E-07   	8.2023155E-07  	8.200388E-07   	8.1994517E-07  	8.198152E-07   	8.195448E-07   	8.207657E-07   	8.2284436E-07  	
8.3471235E-07  	8.3485907E-07  	8.34166E-07    	8.3394116E-07  	8.338028E-07   	8.325939E-07   	8.302579E-07   	8.283999E-07   	8.2668447E-07  	8.217318E-07   	8.211073E-07   	8.2107096E-07  	8.210492E-07   	8.21023E-07    	8.211097E-07   	8.211648E-07   	8.2087917E-07  	8.208773E-07   	8.209087E-07   	8.2101815E-07  	8.2088474E-07  	8.20788E-07    	8.2094436E-07  	8.2099564E-07  	8.206372E-07   	8.2084205E-07  	8.207615E-07   	8.2080317E-07  	8.208684E-07   	8.207873E-07   	8.2097773E-07  	8.2067817E-07  	8.20723E-07    	8.209433E-07   	8.2078395E-07  	8.208233E-07   	8.2089645E-07  	8.2100433E-07  	8.2065696E-07  	8.207985E-07   	8.2139854E-07  	8.2110256E-07  	8.209652E-07   	8.208973E-07   	8.210219E-07   	8.209458E-07   	8.20807E-07    	8.209665E-07   	8.210327E-07   	8.2091236E-07  	8.210488E-07   	8.2139377E-07  	8.214018E-07   	8.2142054E-07  	8.2156794E-07  	8.2129867E-07  	8.206344E-07   	8.205539E-07   	8.208097E-07   	8.207453E-07   	8.2055715E-07  	8.205727E-07   	8.206102E-07   	8.2078276E-07  	8.208801E-07   	8.208974E-07   	8.208393E-07   	8.20668E-07    	8.2098705E-07  	8.211147E-07   	8.2060546E-07  	8.205885E-07   	8.205361E-07   	8.2044943E-07  	8.203519E-07   	8.2040776E-07  	8.205826E-07   	8.2044335E-07  	8.2042527E-07  	8.205074E-07   	8.2048143E-07  	8.2025247E-07  	8.2014714E-07  	8.2030584E-07  	8.2015333E-07  	8.20246E-07    	8.2038827E-07  	8.201679E-07   	8.2030215E-07  	8.2031175E-07  	8.2022393E-07  	8.203815E-07   	8.2052844E-07  	8.2029504E-07  	8.20141E-07    	8.197888E-07   	8.191856E-07   	8.1960525E-07  	8.2362163E-07  	8.295915E-07   	
8.304425E-07   	8.284793E-07   	8.269768E-07   	8.250299E-07   	8.2396514E-07  	8.23169E-07    	8.224974E-07   	8.217377E-07   	8.215815E-07   	8.217628E-07   	8.2140895E-07  	8.215318E-07   	8.212899E-07   	8.21311E-07    	8.2156623E-07  	8.2142697E-07  	8.2127434E-07  	8.209959E-07   	8.210062E-07   	8.210597E-07   	8.2099103E-07  	8.209729E-07   	8.2087655E-07  	8.210876E-07   	8.2092134E-07  	8.2090895E-07  	8.208163E-07   	8.209464E-07   	8.209592E-07   	8.2109483E-07  	8.210648E-07   	8.2139553E-07  	8.214958E-07   	8.214374E-07   	8.2118754E-07  	8.209844E-07   	8.210835E-07   	8.2138473E-07  	8.214096E-07   	8.2147415E-07  	8.2140656E-07  	8.212385E-07   	8.2118856E-07  	8.211816E-07   	8.2122375E-07  	8.211727E-07   	8.2111893E-07  	8.2103554E-07  	8.213199E-07   	8.210997E-07   	8.2089014E-07  	8.2130157E-07  	8.2160904E-07  	8.217705E-07   	8.216079E-07   	8.2123717E-07  	8.2073063E-07  	8.2077946E-07  	8.20714E-07    	8.2075695E-07  	8.2082863E-07  	8.206657E-07   	8.206092E-07   	8.2070994E-07  	8.2113496E-07  	8.213998E-07   	8.215302E-07   	8.2142884E-07  	8.2130026E-07  	8.210674E-07   	8.2082977E-07  	8.2039975E-07  	8.203325E-07   	8.200537E-07   	8.200665E-07   	8.2013025E-07  	8.2004107E-07  	8.2011235E-07  	8.2018556E-07  	8.200035E-07   	8.200212E-07   	8.201927E-07   	8.20464E-07    	8.2027844E-07  	8.197947E-07   	8.202621E-07   	8.2024485E-07  	8.2030977E-07  	8.2028504E-07  	8.202351E-07   	8.2037025E-07  	8.204764E-07   	8.204884E-07   	8.2043766E-07  	8.202202E-07   	8.194814E-07   	8.1955693E-07  	8.27155E-07    	8.3433554E-07  	8.372399E-07   	
8.2282867E-07  	8.2200575E-07  	8.2208146E-07  	8.224667E-07   	8.2243565E-07  	8.2242855E-07  	8.2216854E-07  	8.216952E-07   	8.216406E-07   	8.2156816E-07  	8.2158516E-07  	8.216271E-07   	8.215713E-07   	8.211777E-07   	8.2105447E-07  	8.212325E-07   	8.211868E-07   	8.2104907E-07  	8.2118316E-07  	8.2092714E-07  	8.2106686E-07  	8.211788E-07   	8.2116395E-07  	8.2152184E-07  	8.2136876E-07  	8.210967E-07   	8.211101E-07   	8.210928E-07   	8.2101354E-07  	8.2106817E-07  	8.212643E-07   	8.2082187E-07  	8.208018E-07   	8.21064E-07    	8.2107425E-07  	8.2093374E-07  	8.208919E-07   	8.213326E-07   	8.216626E-07   	8.218708E-07   	8.218919E-07   	8.221488E-07   	8.2197835E-07  	8.2136177E-07  	8.211096E-07   	8.212756E-07   	8.2121505E-07  	8.211348E-07   	8.210702E-07   	8.212118E-07   	8.210752E-07   	8.2104475E-07  	8.21056E-07    	8.2089355E-07  	8.209704E-07   	8.2076707E-07  	8.205677E-07   	8.2057124E-07  	8.20847E-07    	8.208526E-07   	8.2094914E-07  	8.208109E-07   	8.2072535E-07  	8.207402E-07   	8.2083255E-07  	8.210037E-07   	8.2142685E-07  	8.21378E-07    	8.21066E-07    	8.2121915E-07  	8.2124325E-07  	8.206749E-07   	8.206222E-07   	8.20298E-07    	8.20328E-07    	8.2062286E-07  	8.2063104E-07  	8.206671E-07   	8.207065E-07   	8.204616E-07   	8.207361E-07   	8.208092E-07   	8.207319E-07   	8.2097677E-07  	8.209053E-07   	8.20778E-07    	8.208888E-07   	8.212609E-07   	8.2122546E-07  	8.2110665E-07  	8.2117106E-07  	8.2106226E-07  	8.2070295E-07  	8.2073063E-07  	8.2048956E-07  	8.201345E-07   	8.1972763E-07  	8.2568243E-07  	8.3291246E-07  	8.3627583E-07  	
8.2193E-07     	8.218203E-07   	8.2187955E-07  	8.2209385E-07  	8.22125E-07    	8.21818E-07    	8.2197795E-07  	8.217805E-07   	8.2139417E-07  	8.2145624E-07  	8.215684E-07   	8.214682E-07   	8.2129435E-07  	8.213522E-07   	8.212705E-07   	8.2128E-07     	8.2110944E-07  	8.2112894E-07  	8.210723E-07   	8.211222E-07   	8.21287E-07    	8.2109324E-07  	8.212031E-07   	8.2121113E-07  	8.2104793E-07  	8.210876E-07   	8.206976E-07   	8.2065253E-07  	8.207784E-07   	8.209688E-07   	8.209372E-07   	8.2111967E-07  	8.208893E-07   	8.2080686E-07  	8.208772E-07   	8.210421E-07   	8.209097E-07   	8.2099086E-07  	8.207558E-07   	8.210162E-07   	8.212513E-07   	8.214313E-07   	8.2147767E-07  	8.2113587E-07  	8.207455E-07   	8.2074075E-07  	8.206296E-07   	8.204981E-07   	8.2058995E-07  	8.2039395E-07  	8.203378E-07   	8.202923E-07   	8.2021137E-07  	8.201288E-07   	8.1983836E-07  	8.192797E-07   	8.1900134E-07  	8.1982273E-07  	8.248304E-07   	8.256367E-07   	8.244992E-07   	8.229095E-07   	8.206901E-07   	8.200207E-07   	8.200149E-07   	8.196856E-07   	8.198018E-07   	8.193949E-07   	8.2104805E-07  	8.234201E-07   	8.2518034E-07  	8.2592237E-07  	8.2051037E-07  	8.2051815E-07  	8.2030414E-07  	8.2040907E-07  	8.2055817E-07  	8.205149E-07   	8.2073933E-07  	8.208629E-07   	8.2081624E-07  	8.208773E-07   	8.2081084E-07  	8.2086206E-07  	8.2101786E-07  	8.209987E-07   	8.211373E-07   	8.2110415E-07  	8.210168E-07   	8.208466E-07   	8.207019E-07   	8.207535E-07   	8.2073933E-07  	8.207503E-07   	8.204662E-07   	8.195849E-07   	8.199592E-07   	8.26327E-07    	8.315436E-07   	8.3400073E-07  	
8.219696E-07   	8.2193094E-07  	8.217649E-07   	8.218973E-07   	8.2159823E-07  	8.216575E-07   	8.2202087E-07  	8.2182254E-07  	8.2149717E-07  	8.213698E-07   	8.2166196E-07  	8.214761E-07   	8.212765E-07   	8.212785E-07   	8.2134244E-07  	8.2123864E-07  	8.210498E-07   	8.210658E-07   	8.209913E-07   	8.209982E-07   	8.210067E-07   	8.21267E-07    	8.214582E-07   	8.211206E-07   	8.2128406E-07  	8.2125183E-07  	8.208045E-07   	8.209706E-07   	8.208478E-07   	8.208669E-07   	8.208785E-07   	8.2090753E-07  	8.207489E-07   	8.2074286E-07  	8.20477E-07    	8.2042743E-07  	8.207415E-07   	8.2070386E-07  	8.205334E-07   	8.206921E-07   	8.208195E-07   	8.212395E-07   	8.210605E-07   	8.2116185E-07  	8.208285E-07   	8.205322E-07   	8.201266E-07   	8.201208E-07   	8.2018244E-07  	8.1990146E-07  	8.198925E-07   	8.1977674E-07  	8.196198E-07   	8.189656E-07   	8.182186E-07   	8.198074E-07   	8.235473E-07   	8.2572535E-07  	8.2796936E-07  	8.289318E-07   	8.2721124E-07  	8.2283293E-07  	8.2275096E-07  	8.254082E-07   	8.2589446E-07  	8.25597E-07    	8.2601474E-07  	8.256166E-07   	8.2524446E-07  	8.2676104E-07  	8.315189E-07   	8.343457E-07   	8.3363443E-07  	8.321628E-07   	8.3127804E-07  	8.242909E-07   	8.214452E-07   	8.211332E-07   	8.212501E-07   	8.2112746E-07  	8.211225E-07   	8.210735E-07   	8.2092055E-07  	8.2116753E-07  	8.209782E-07   	8.2100905E-07  	8.2117464E-07  	8.2098035E-07  	8.211025E-07   	8.212136E-07   	8.210648E-07   	8.2112683E-07  	8.2100456E-07  	8.207648E-07   	8.206474E-07   	8.202668E-07   	8.1977055E-07  	8.2417256E-07  	8.29946E-07    	8.3261295E-07  	
8.2228803E-07  	8.220653E-07   	8.219923E-07   	8.2191247E-07  	8.220443E-07   	8.2219816E-07  	8.22043E-07    	8.222182E-07   	8.2212347E-07  	8.2200427E-07  	8.215729E-07   	8.217897E-07   	8.217588E-07   	8.2153616E-07  	8.216743E-07   	8.2142384E-07  	8.216167E-07   	8.2154713E-07  	8.2127076E-07  	8.213492E-07   	8.213456E-07   	8.2132595E-07  	8.2103196E-07  	8.212243E-07   	8.213884E-07   	8.2116276E-07  	8.211743E-07   	8.212372E-07   	8.211452E-07   	8.211473E-07   	8.208511E-07   	8.2095175E-07  	8.2085245E-07  	8.2082886E-07  	8.2055647E-07  	8.206864E-07   	8.207267E-07   	8.208452E-07   	8.209315E-07   	8.21345E-07    	8.213519E-07   	8.213368E-07   	8.20903E-07    	8.208459E-07   	8.2094056E-07  	8.2061655E-07  	8.201043E-07   	8.200165E-07   	8.1978334E-07  	8.192936E-07   	8.18916E-07    	8.1879574E-07  	8.2168225E-07  	8.230537E-07   	8.2371275E-07  	8.254867E-07   	8.2593084E-07  	8.255845E-07   	8.2544886E-07  	8.256468E-07   	8.254283E-07   	8.2495046E-07  	8.254673E-07   	8.305431E-07   	8.3335016E-07  	8.364445E-07   	8.381138E-07   	8.3864984E-07  	8.38921E-07    	8.3950533E-07  	8.3965796E-07  	8.3974726E-07  	8.389675E-07   	8.3719726E-07  	8.343757E-07   	8.3029073E-07  	8.2199307E-07  	8.2141884E-07  	8.2140895E-07  	8.2142685E-07  	8.2121664E-07  	8.2135085E-07  	8.213151E-07   	8.211122E-07   	8.212753E-07   	8.2128867E-07  	8.212303E-07   	8.213243E-07   	8.2120624E-07  	8.2137643E-07  	8.212865E-07   	8.2146283E-07  	8.2123E-07     	8.207964E-07   	8.2084205E-07  	8.206552E-07   	8.201961E-07   	8.219167E-07   	8.2737995E-07  	8.309013E-07   	
8.2204485E-07  	8.222569E-07   	8.221187E-07   	8.223489E-07   	8.2197414E-07  	8.2210363E-07  	8.226133E-07   	8.226715E-07   	8.223021E-07   	8.221138E-07   	8.218009E-07   	8.2197135E-07  	8.217926E-07   	8.2147034E-07  	8.215612E-07   	8.2195305E-07  	8.2165707E-07  	8.2156254E-07  	8.2160636E-07  	8.2150774E-07  	8.213998E-07   	8.2153286E-07  	8.215125E-07   	8.214447E-07   	8.2152377E-07  	8.2123785E-07  	8.209322E-07   	8.2092527E-07  	8.208148E-07   	8.208352E-07   	8.2091384E-07  	8.2079123E-07  	8.2072665E-07  	8.2075326E-07  	8.2055914E-07  	8.205561E-07   	8.2045915E-07  	8.203147E-07   	8.2023126E-07  	8.2011013E-07  	8.2052946E-07  	8.202516E-07   	8.193219E-07   	8.186279E-07   	8.201936E-07   	8.2193856E-07  	8.221375E-07   	8.234244E-07   	8.2553265E-07  	8.255644E-07   	8.2556886E-07  	8.254037E-07   	8.251501E-07   	8.251057E-07   	8.26974E-07    	8.312468E-07   	8.333592E-07   	8.354744E-07   	8.377644E-07   	8.3838034E-07  	8.389608E-07   	8.392912E-07   	8.3922055E-07  	8.3948055E-07  	8.395417E-07   	8.393784E-07   	8.3958287E-07  	8.3954035E-07  	8.394283E-07   	8.396549E-07   	8.397882E-07   	8.3971304E-07  	8.3956945E-07  	8.385053E-07   	8.3602976E-07  	8.3453943E-07  	8.2921827E-07  	8.2178246E-07  	8.2134596E-07  	8.216402E-07   	8.2140787E-07  	8.212276E-07   	8.213359E-07   	8.214982E-07   	8.21372E-07    	8.2142935E-07  	8.214751E-07   	8.216286E-07   	8.2132857E-07  	8.214416E-07   	8.217183E-07   	8.215446E-07   	8.209741E-07   	8.212453E-07   	8.2112746E-07  	8.208082E-07   	8.2031477E-07  	8.21095E-07    	8.2583296E-07  	8.2880746E-07  	
8.221031E-07   	8.220863E-07   	8.219407E-07   	8.2181214E-07  	8.223519E-07   	8.2246E-07     	8.2254195E-07  	8.22654E-07    	8.22454E-07    	8.2212216E-07  	8.217636E-07   	8.2174796E-07  	8.214838E-07   	8.21592E-07    	8.218696E-07   	8.2161046E-07  	8.2149523E-07  	8.215837E-07   	8.213091E-07   	8.2140514E-07  	8.210613E-07   	8.212059E-07   	8.211093E-07   	8.2103685E-07  	8.2107897E-07  	8.2104526E-07  	8.2063997E-07  	8.2083665E-07  	8.207429E-07   	8.208148E-07   	8.206951E-07   	8.205496E-07   	8.202876E-07   	8.2024536E-07  	8.204303E-07   	8.202143E-07   	8.199984E-07   	8.201617E-07   	8.1985945E-07  	8.1907103E-07  	8.1835134E-07  	8.225686E-07   	8.2574394E-07  	8.2547035E-07  	8.2549866E-07  	8.25225E-07    	8.2512213E-07  	8.265715E-07   	8.309031E-07   	8.3391365E-07  	8.372423E-07   	8.385041E-07   	8.3911027E-07  	8.394178E-07   	8.391506E-07   	8.3943456E-07  	8.3940336E-07  	8.3954393E-07  	8.396165E-07   	8.3954444E-07  	8.395377E-07   	8.3968075E-07  	8.396711E-07   	8.395603E-07   	8.3953194E-07  	8.396027E-07   	8.396541E-07   	8.3959E-07     	8.3970133E-07  	8.397453E-07   	8.3979705E-07  	8.3986134E-07  	8.40135E-07    	8.395668E-07   	8.3767566E-07  	8.353356E-07   	8.3343997E-07  	8.274042E-07   	8.217946E-07   	8.215436E-07   	8.2167327E-07  	8.2170783E-07  	8.2163325E-07  	8.215354E-07   	8.2164973E-07  	8.217862E-07   	8.2169646E-07  	8.2177087E-07  	8.216041E-07   	8.214527E-07   	8.215727E-07   	8.2129554E-07  	8.2129793E-07  	8.2163916E-07  	8.214116E-07   	8.2120914E-07  	8.2097984E-07  	8.203138E-07   	8.229517E-07   	8.2620016E-07  	
8.2229985E-07  	8.2203155E-07  	8.2189604E-07  	8.220625E-07   	8.225006E-07   	8.22524E-07    	8.225725E-07   	8.226153E-07   	8.2204974E-07  	8.2180446E-07  	8.21579E-07    	8.2133334E-07  	8.2192645E-07  	8.2195504E-07  	8.215884E-07   	8.2156066E-07  	8.2167605E-07  	8.2135006E-07  	8.215052E-07   	8.2146437E-07  	8.2117435E-07  	8.2114383E-07  	8.2118004E-07  	8.2111904E-07  	8.211693E-07   	8.2122614E-07  	8.210095E-07   	8.2090617E-07  	8.2097034E-07  	8.2084614E-07  	8.206332E-07   	8.206502E-07   	8.2064025E-07  	8.204502E-07   	8.204592E-07   	8.20136E-07    	8.19824E-07    	8.195209E-07   	8.1799624E-07  	8.222436E-07   	8.294837E-07   	8.3413465E-07  	8.3645324E-07  	8.379842E-07   	8.389413E-07   	8.3907184E-07  	8.393464E-07   	8.3955587E-07  	8.39495E-07    	8.394358E-07   	8.39153E-07    	8.393136E-07   	8.394453E-07   	8.392961E-07   	8.3943866E-07  	8.3932645E-07  	8.393234E-07   	8.3936965E-07  	8.392371E-07   	8.3948106E-07  	8.3933134E-07  	8.392706E-07   	8.393295E-07   	8.3952887E-07  	8.3943536E-07  	8.394273E-07   	8.395254E-07   	8.395401E-07   	8.394557E-07   	8.3951363E-07  	8.3975635E-07  	8.398007E-07   	8.397663E-07   	8.3963334E-07  	8.384492E-07   	8.361656E-07   	8.347781E-07   	8.3181266E-07  	8.2284987E-07  	8.2128065E-07  	8.213613E-07   	8.2140923E-07  	8.2140656E-07  	8.214528E-07   	8.2204394E-07  	8.2178997E-07  	8.215929E-07   	8.2140036E-07  	8.21593E-07    	8.2127804E-07  	8.214012E-07   	8.212944E-07   	8.212913E-07   	8.215166E-07   	8.2137706E-07  	8.2108147E-07  	8.209618E-07   	8.2056164E-07  	8.214684E-07   	8.2384213E-07  	
8.2263693E-07  	8.22223E-07    	8.2208174E-07  	8.2194583E-07  	8.221399E-07   	8.22311E-07    	8.2233834E-07  	8.2252666E-07  	8.223352E-07   	8.216337E-07   	8.2138877E-07  	8.213848E-07   	8.2144396E-07  	8.214411E-07   	8.212285E-07   	8.2127633E-07  	8.2130833E-07  	8.2124706E-07  	8.213196E-07   	8.212033E-07   	8.2107294E-07  	8.211279E-07   	8.210637E-07   	8.209109E-07   	8.2077753E-07  	8.2068135E-07  	8.2061206E-07  	8.205985E-07   	8.203699E-07   	8.2019847E-07  	8.2028026E-07  	8.2045756E-07  	8.2039213E-07  	8.2020915E-07  	8.1988986E-07  	8.1962435E-07  	8.185014E-07   	8.180163E-07   	8.2377426E-07  	8.377214E-07   	8.5015125E-07  	8.5560293E-07  	8.500218E-07   	8.401172E-07   	8.391908E-07   	8.391529E-07   	8.390776E-07   	8.390912E-07   	8.390358E-07   	8.391114E-07   	8.3902745E-07  	8.392604E-07   	8.391926E-07   	8.392147E-07   	8.391833E-07   	8.391179E-07   	8.3892945E-07  	8.390412E-07   	8.389725E-07   	8.3906815E-07  	8.392461E-07   	8.3923055E-07  	8.390379E-07   	8.3910686E-07  	8.3915126E-07  	8.3905906E-07  	8.392367E-07   	8.3921077E-07  	8.391651E-07   	8.3925363E-07  	8.392407E-07   	8.3919525E-07  	8.3941455E-07  	8.3940785E-07  	8.392134E-07   	8.378219E-07   	8.356469E-07   	8.337916E-07   	8.284013E-07   	8.212488E-07   	8.2131476E-07  	8.21214E-07    	8.212234E-07   	8.211047E-07   	8.215136E-07   	8.2161904E-07  	8.214651E-07   	8.2129804E-07  	8.213025E-07   	8.2135347E-07  	8.212237E-07   	8.213126E-07   	8.213864E-07   	8.212221E-07   	8.2086285E-07  	8.206175E-07   	8.205107E-07   	8.198635E-07   	8.206555E-07   	8.231028E-07   	
8.226567E-07   	8.224366E-07   	8.22425E-07    	8.21958E-07    	8.221469E-07   	8.2191104E-07  	8.2166366E-07  	8.2146096E-07  	8.215291E-07   	8.216091E-07   	8.2170175E-07  	8.2149324E-07  	8.214526E-07   	8.2123677E-07  	8.2116344E-07  	8.211924E-07   	8.210454E-07   	8.2087263E-07  	8.2067135E-07  	8.206307E-07   	8.2061496E-07  	8.205251E-07   	8.203545E-07   	8.202874E-07   	8.204483E-07   	8.2031346E-07  	8.2056084E-07  	8.207414E-07   	8.2055567E-07  	8.201126E-07   	8.1996956E-07  	8.1964345E-07  	8.1951833E-07  	8.193604E-07   	8.186556E-07   	8.1740757E-07  	8.232218E-07   	8.332063E-07   	8.4121774E-07  	8.496181E-07   	8.5597793E-07  	8.6066416E-07  	8.6107633E-07  	8.600639E-07   	8.576574E-07   	8.5087004E-07  	8.405063E-07   	8.389452E-07   	8.38931E-07    	8.3892337E-07  	8.3880826E-07  	8.3893144E-07  	8.391469E-07   	8.392489E-07   	8.390332E-07   	8.390185E-07   	8.3914045E-07  	8.391212E-07   	8.389882E-07   	8.3893656E-07  	8.3912494E-07  	8.3910504E-07  	8.3917433E-07  	8.3902626E-07  	8.389424E-07   	8.389827E-07   	8.390305E-07   	8.3916797E-07  	8.390204E-07   	8.390829E-07   	8.394284E-07   	8.3946867E-07  	8.3952915E-07  	8.394047E-07   	8.3928023E-07  	8.381307E-07   	8.354396E-07   	8.343568E-07   	8.3193953E-07  	8.2671016E-07  	8.210293E-07   	8.211041E-07   	8.20975E-07    	8.2092606E-07  	8.209134E-07   	8.2121187E-07  	8.2119806E-07  	8.2123177E-07  	8.211825E-07   	8.213603E-07   	8.213653E-07   	8.211565E-07   	8.2119664E-07  	8.209349E-07   	8.209168E-07   	8.207739E-07   	8.2060086E-07  	8.2072245E-07  	8.206612E-07   	8.211248E-07   	
8.2117504E-07  	8.2026867E-07  	8.20112E-07    	8.199197E-07   	8.1991965E-07  	8.1929943E-07  	8.202942E-07   	8.2221305E-07  	8.2299755E-07  	8.238465E-07   	8.250179E-07   	8.262577E-07   	8.2248795E-07  	8.2042015E-07  	8.20397E-07    	8.2021666E-07  	8.202451E-07   	8.2028333E-07  	8.2032994E-07  	8.203734E-07   	8.203177E-07   	8.204822E-07   	8.2049905E-07  	8.2045386E-07  	8.200444E-07   	8.199859E-07   	8.1994114E-07  	8.1994216E-07  	8.19737E-07    	8.192926E-07   	8.189945E-07   	8.187493E-07   	8.18379E-07    	8.1748385E-07  	8.158265E-07   	8.225295E-07   	8.413205E-07   	8.5204704E-07  	8.581787E-07   	8.653123E-07   	8.6932175E-07  	8.7211777E-07  	8.725007E-07   	8.717202E-07   	8.7029514E-07  	8.6723094E-07  	8.6046856E-07  	8.4197217E-07  	8.382741E-07   	8.383544E-07   	8.382443E-07   	8.3827376E-07  	8.3828854E-07  	8.382128E-07   	8.3837773E-07  	8.3849375E-07  	8.3831753E-07  	8.383764E-07   	8.3848244E-07  	8.3850625E-07  	8.3836676E-07  	8.3853195E-07  	8.3844776E-07  	8.384897E-07   	8.386404E-07   	8.3852035E-07  	8.3836676E-07  	8.385249E-07   	8.3869503E-07  	8.386538E-07   	8.387064E-07   	8.387462E-07   	8.3899147E-07  	8.3893747E-07  	8.38929E-07    	8.388675E-07   	8.3767895E-07  	8.350187E-07   	8.3321504E-07  	8.2771135E-07  	8.207536E-07   	8.2053833E-07  	8.206367E-07   	8.209911E-07   	8.2068397E-07  	8.2062814E-07  	8.208789E-07   	8.2087826E-07  	8.208803E-07   	8.206881E-07   	8.206323E-07   	8.2072626E-07  	8.2059546E-07  	8.204387E-07   	8.2029345E-07  	8.2027486E-07  	8.207408E-07   	8.2088513E-07  	8.206797E-07   	8.2089855E-07  	
8.2135426E-07  	8.226667E-07   	8.2432945E-07  	8.257797E-07   	8.257256E-07   	8.255858E-07   	8.257341E-07   	8.255526E-07   	8.253591E-07   	8.2586195E-07  	8.300865E-07   	8.3355496E-07  	8.3364665E-07  	8.325621E-07   	8.3103015E-07  	8.282584E-07   	8.203332E-07   	8.20369E-07    	8.2025593E-07  	8.202393E-07   	8.2050235E-07  	8.202256E-07   	8.201184E-07   	8.1988674E-07  	8.1975423E-07  	8.1977936E-07  	8.1968244E-07  	8.195191E-07   	8.1930756E-07  	8.191254E-07   	8.186486E-07   	8.183635E-07   	8.17838E-07    	8.168634E-07   	8.149925E-07   	8.2658795E-07  	8.46231E-07    	8.571425E-07   	8.6319824E-07  	8.6622236E-07  	8.681189E-07   	8.7054406E-07  	8.717325E-07   	8.704357E-07   	8.661351E-07   	8.666824E-07   	8.657404E-07   	8.60716E-07    	8.453409E-07   	8.382704E-07   	8.381527E-07   	8.3823414E-07  	8.3835255E-07  	8.3828326E-07  	8.3824875E-07  	8.381719E-07   	8.382456E-07   	8.383267E-07   	8.3821607E-07  	8.382519E-07   	8.381496E-07   	8.3823227E-07  	8.382415E-07   	8.3833214E-07  	8.383492E-07   	8.3834396E-07  	8.382451E-07   	8.3819117E-07  	8.3830247E-07  	8.383925E-07   	8.3848727E-07  	8.385147E-07   	8.3883054E-07  	8.387171E-07   	8.386777E-07   	8.388023E-07   	8.3847215E-07  	8.3671733E-07  	8.3453614E-07  	8.317538E-07   	8.2403056E-07  	8.202505E-07   	8.204184E-07   	8.206597E-07   	8.206947E-07   	8.2088036E-07  	8.2072506E-07  	8.203672E-07   	8.2052753E-07  	8.206505E-07   	8.2101405E-07  	8.2074445E-07  	8.2023365E-07  	8.207055E-07   	8.206761E-07   	8.2071875E-07  	8.205946E-07   	8.2074087E-07  	8.2093874E-07  	8.2062087E-07  	
8.2517573E-07  	8.2547723E-07  	8.306674E-07   	8.3455586E-07  	8.365945E-07   	8.372026E-07   	8.386624E-07   	8.389534E-07   	8.392967E-07   	8.396685E-07   	8.391651E-07   	8.394304E-07   	8.3928876E-07  	8.3798227E-07  	8.353812E-07   	8.31934E-07    	8.245832E-07   	8.2057727E-07  	8.205502E-07   	8.2043323E-07  	8.203263E-07   	8.2038554E-07  	8.2017107E-07  	8.2021523E-07  	8.2002316E-07  	8.197251E-07   	8.197803E-07   	8.1949923E-07  	8.192785E-07   	8.1888675E-07  	8.185843E-07   	8.1795423E-07  	8.171913E-07   	8.154387E-07   	8.2707834E-07  	8.3804383E-07  	8.477692E-07   	8.565076E-07   	8.5943896E-07  	8.5923324E-07  	8.629997E-07   	8.663154E-07   	8.676437E-07   	8.658089E-07   	8.6087783E-07  	8.6105916E-07  	8.634834E-07   	8.592799E-07   	8.460633E-07   	8.382205E-07   	8.382407E-07   	8.379469E-07   	8.381106E-07   	8.382979E-07   	8.381305E-07   	8.380993E-07   	8.379423E-07   	8.3793856E-07  	8.3799506E-07  	8.3793884E-07  	8.3800154E-07  	8.381668E-07   	8.380403E-07   	8.38077E-07    	8.383185E-07   	8.380203E-07   	8.38141E-07    	8.3831327E-07  	8.37973E-07    	8.3810414E-07  	8.382612E-07   	8.3814325E-07  	8.3833163E-07  	8.384069E-07   	8.382614E-07   	8.384454E-07   	8.3790843E-07  	8.363136E-07   	8.3424067E-07  	8.329796E-07   	8.302108E-07   	8.229371E-07   	8.2023024E-07  	8.203778E-07   	8.201926E-07   	8.203557E-07   	8.2021023E-07  	8.201576E-07   	8.202337E-07   	8.201051E-07   	8.20414E-07    	8.203335E-07   	8.201611E-07   	8.205189E-07   	8.204708E-07   	8.2049036E-07  	8.203813E-07   	8.2037377E-07  	8.2038866E-07  	8.2066157E-07  	
8.387287E-07   	8.3901847E-07  	8.391175E-07   	8.3913426E-07  	8.39097E-07    	8.393139E-07   	8.393547E-07   	8.392374E-07   	8.3956166E-07  	8.397007E-07   	8.394569E-07   	8.3933554E-07  	8.3935237E-07  	8.384641E-07   	8.3585843E-07  	8.3445775E-07  	8.3197153E-07  	8.2452414E-07  	8.2079214E-07  	8.206598E-07   	8.2056647E-07  	8.2054646E-07  	8.2046824E-07  	8.203267E-07   	8.20134E-07    	8.2019614E-07  	8.2003595E-07  	8.1977015E-07  	8.196496E-07   	8.195156E-07   	8.190194E-07   	8.186575E-07   	8.1779234E-07  	8.158924E-07   	8.285704E-07   	8.406294E-07   	8.442305E-07   	8.5185457E-07  	8.5788037E-07  	8.575364E-07   	8.56502E-07    	8.583417E-07   	8.5832016E-07  	8.565353E-07   	8.533737E-07   	8.52222E-07    	8.5239606E-07  	8.480726E-07   	8.3921526E-07  	8.3839575E-07  	8.384766E-07   	8.3851916E-07  	8.384596E-07   	8.384258E-07   	8.3838097E-07  	8.3810585E-07  	8.382203E-07   	8.38253E-07    	8.381915E-07   	8.384326E-07   	8.384379E-07   	8.3834703E-07  	8.383937E-07   	8.3838637E-07  	8.3838717E-07  	8.3824415E-07  	8.3843815E-07  	8.383348E-07   	8.384164E-07   	8.3866144E-07  	8.3872646E-07  	8.387492E-07   	8.388922E-07   	8.386002E-07   	8.38904E-07    	8.390893E-07   	8.3908225E-07  	8.387307E-07   	8.367943E-07   	8.3440955E-07  	8.314847E-07   	8.243628E-07   	8.2111734E-07  	8.211536E-07   	8.206727E-07   	8.2067487E-07  	8.2063883E-07  	8.210083E-07   	8.207655E-07   	8.2068163E-07  	8.209497E-07   	8.208084E-07   	8.209809E-07   	8.2083307E-07  	8.207627E-07   	8.2045005E-07  	8.2042095E-07  	8.2055055E-07  	8.2077213E-07  	8.2068885E-07  	
8.39292E-07    	8.3940824E-07  	8.3944593E-07  	8.3954706E-07  	8.394076E-07   	8.393495E-07   	8.39341E-07    	8.392064E-07   	8.391453E-07   	8.396484E-07   	8.3929694E-07  	8.391182E-07   	8.3928336E-07  	8.3900795E-07  	8.3748773E-07  	8.351983E-07   	8.337278E-07   	8.301745E-07   	8.220311E-07   	8.205145E-07   	8.2071324E-07  	8.2057835E-07  	8.2060325E-07  	8.206832E-07   	8.206258E-07   	8.2053884E-07  	8.2056226E-07  	8.203554E-07   	8.202413E-07   	8.2005874E-07  	8.198971E-07   	8.195869E-07   	8.192015E-07   	8.188591E-07   	8.1789983E-07  	8.185181E-07   	8.2474116E-07  	8.29355E-07    	8.3085513E-07  	8.38061E-07    	8.427408E-07   	8.4379207E-07  	8.4279463E-07  	8.454997E-07   	8.4242663E-07  	8.3971554E-07  	8.3849767E-07  	8.3836665E-07  	8.384468E-07   	8.3852893E-07  	8.3844714E-07  	8.3855247E-07  	8.384021E-07   	8.3836875E-07  	8.383608E-07   	8.382659E-07   	8.384609E-07   	8.3829013E-07  	8.384639E-07   	8.383767E-07   	8.3831026E-07  	8.3830855E-07  	8.3845225E-07  	8.386488E-07   	8.3854724E-07  	8.3831344E-07  	8.381669E-07   	8.3814376E-07  	8.38474E-07    	8.381309E-07   	8.386358E-07   	8.3880633E-07  	8.383887E-07   	8.382967E-07   	8.386332E-07   	8.3864995E-07  	8.3856065E-07  	8.386966E-07   	8.3785005E-07  	8.3539925E-07  	8.339898E-07   	8.305848E-07   	8.222093E-07   	8.2088735E-07  	8.208472E-07   	8.2112814E-07  	8.2116E-07     	8.21262E-07    	8.210462E-07   	8.208376E-07   	8.210747E-07   	8.205961E-07   	8.2068965E-07  	8.205525E-07   	8.2085165E-07  	8.207844E-07   	8.2061626E-07  	8.20667E-07    	8.208586E-07   	8.2081107E-07  	
8.3948703E-07  	8.393997E-07   	8.3966546E-07  	8.3955314E-07  	8.395302E-07   	8.393944E-07   	8.397175E-07   	8.3952676E-07  	8.397186E-07   	8.3960316E-07  	8.394411E-07   	8.3973475E-07  	8.397646E-07   	8.3971577E-07  	8.39026E-07    	8.365744E-07   	8.349469E-07   	8.324177E-07   	8.2589065E-07  	8.212656E-07   	8.2112007E-07  	8.212869E-07   	8.212522E-07   	8.209767E-07   	8.2100684E-07  	8.2112257E-07  	8.210391E-07   	8.2076804E-07  	8.20714E-07    	8.2081556E-07  	8.2068544E-07  	8.206113E-07   	8.205405E-07   	8.203479E-07   	8.2018204E-07  	8.200533E-07   	8.1979545E-07  	8.1950213E-07  	8.189048E-07   	8.175439E-07   	8.212266E-07   	8.267141E-07   	8.2814694E-07  	8.3140264E-07  	8.339182E-07   	8.368704E-07   	8.3865467E-07  	8.3880417E-07  	8.387552E-07   	8.388065E-07   	8.3890984E-07  	8.387573E-07   	8.386903E-07   	8.386451E-07   	8.385881E-07   	8.386335E-07   	8.385384E-07   	8.3839507E-07  	8.3848096E-07  	8.3859584E-07  	8.3856656E-07  	8.385088E-07   	8.385239E-07   	8.3878007E-07  	8.384949E-07   	8.383737E-07   	8.3849704E-07  	8.3888085E-07  	8.3840183E-07  	8.3839507E-07  	8.385097E-07   	8.3858424E-07  	8.387215E-07   	8.387985E-07   	8.387355E-07   	8.3875176E-07  	8.3887363E-07  	8.388419E-07   	8.3885186E-07  	8.3726167E-07  	8.3498793E-07  	8.335109E-07   	8.2796043E-07  	8.2114633E-07  	8.210946E-07   	8.2103975E-07  	8.2081704E-07  	8.210184E-07   	8.2097847E-07  	8.2070653E-07  	8.20717E-07    	8.207083E-07   	8.208153E-07   	8.2074376E-07  	8.2076065E-07  	8.2060757E-07  	8.2063684E-07  	8.2079976E-07  	8.210327E-07   	8.212504E-07   	
8.3958884E-07  	8.3958923E-07  	8.3962016E-07  	8.3948015E-07  	8.3949374E-07  	8.39585E-07    	8.3951153E-07  	8.3955786E-07  	8.395695E-07   	8.3952995E-07  	8.396598E-07   	8.396447E-07   	8.3950493E-07  	8.3955354E-07  	8.3940375E-07  	8.3819543E-07  	8.355965E-07   	8.344584E-07   	8.3005153E-07  	8.217776E-07   	8.2158476E-07  	8.215215E-07   	8.216455E-07   	8.2142463E-07  	8.215492E-07   	8.217133E-07   	8.21306E-07    	8.211946E-07   	8.2094823E-07  	8.2118805E-07  	8.2111484E-07  	8.2083136E-07  	8.2076144E-07  	8.2061126E-07  	8.2051713E-07  	8.205376E-07   	8.201162E-07   	8.1984103E-07  	8.1985667E-07  	8.193064E-07   	8.1788534E-07  	8.2243645E-07  	8.274974E-07   	8.297173E-07   	8.3271834E-07  	8.3551214E-07  	8.380126E-07   	8.390343E-07   	8.3905695E-07  	8.3914415E-07  	8.3890205E-07  	8.3886573E-07  	8.388452E-07   	8.3892564E-07  	8.389576E-07   	8.391319E-07   	8.390991E-07   	8.3880826E-07  	8.3874005E-07  	8.388652E-07   	8.389065E-07   	8.3879496E-07  	8.3892644E-07  	8.3882423E-07  	8.3876455E-07  	8.388543E-07   	8.389047E-07   	8.38914E-07    	8.388872E-07   	8.3883697E-07  	8.389458E-07   	8.3905206E-07  	8.388965E-07   	8.390395E-07   	8.3924766E-07  	8.391827E-07   	8.394847E-07   	8.3933253E-07  	8.391561E-07   	8.3837404E-07  	8.358486E-07   	8.3427E-07     	8.3166776E-07  	8.2650627E-07  	8.2122614E-07  	8.212066E-07   	8.210444E-07   	8.211732E-07   	8.209269E-07   	8.20933E-07    	8.2125194E-07  	8.212861E-07   	8.211334E-07   	8.2105254E-07  	8.209784E-07   	8.2102247E-07  	8.210905E-07   	8.2129446E-07  	8.213852E-07   	8.213793E-07   	
8.3988493E-07  	8.3964454E-07  	8.396565E-07   	8.397733E-07   	8.398185E-07   	8.3978097E-07  	8.4001675E-07  	8.398454E-07   	8.398252E-07   	8.398712E-07   	8.3998077E-07  	8.3984685E-07  	8.40013E-07    	8.4015784E-07  	8.40469E-07    	8.4002045E-07  	8.379355E-07   	8.3541033E-07  	8.328237E-07   	8.26222E-07    	8.215336E-07   	8.215324E-07   	8.214342E-07   	8.213463E-07   	8.215712E-07   	8.213583E-07   	8.2137296E-07  	8.2127576E-07  	8.2145095E-07  	8.212673E-07   	8.2116594E-07  	8.209895E-07   	8.210962E-07   	8.2103946E-07  	8.2087905E-07  	8.207614E-07   	8.2057744E-07  	8.203276E-07   	8.202044E-07   	8.1968557E-07  	8.1895996E-07  	8.1791086E-07  	8.2387E-07     	8.2833344E-07  	8.314953E-07   	8.3473E-07     	8.373894E-07   	8.390123E-07   	8.390967E-07   	8.3908395E-07  	8.392748E-07   	8.390258E-07   	8.3898226E-07  	8.3920764E-07  	8.3923817E-07  	8.3885527E-07  	8.3913994E-07  	8.3909976E-07  	8.3898743E-07  	8.3930075E-07  	8.3911823E-07  	8.3888335E-07  	8.3912187E-07  	8.390798E-07   	8.389831E-07   	8.390819E-07   	8.389121E-07   	8.3909885E-07  	8.3899863E-07  	8.38862E-07    	8.388738E-07   	8.38983E-07    	8.3922157E-07  	8.3945554E-07  	8.3915427E-07  	8.3916416E-07  	8.389565E-07   	8.3923527E-07  	8.396181E-07   	8.3940694E-07  	8.381289E-07   	8.354742E-07   	8.3363295E-07  	8.2977857E-07  	8.2160034E-07  	8.2138615E-07  	8.2118123E-07  	8.210435E-07   	8.211948E-07   	8.2114366E-07  	8.2115406E-07  	8.210545E-07   	8.209839E-07   	8.209492E-07   	8.21123E-07    	8.2102616E-07  	8.2087547E-07  	8.205741E-07   	8.2055345E-07  	8.207748E-07   	
8.3991944E-07  	8.3997014E-07  	8.3978426E-07  	8.4010776E-07  	8.401707E-07   	8.3974754E-07  	8.401416E-07   	8.397364E-07   	8.400793E-07   	8.4021326E-07  	8.398417E-07   	8.40213E-07    	8.40223E-07    	8.404099E-07   	8.401269E-07   	8.4000885E-07  	8.391679E-07   	8.3678833E-07  	8.351263E-07   	8.3137854E-07  	8.2297964E-07  	8.2183925E-07  	8.217582E-07   	8.21774E-07    	8.216802E-07   	8.2128406E-07  	8.215375E-07   	8.217861E-07   	8.2151996E-07  	8.2145795E-07  	8.2138536E-07  	8.2132794E-07  	8.212947E-07   	8.211414E-07   	8.210232E-07   	8.207171E-07   	8.20804E-07    	8.206315E-07   	8.203958E-07   	8.203577E-07   	8.198396E-07   	8.1893165E-07  	8.194078E-07   	8.258137E-07   	8.2986395E-07  	8.3272465E-07  	8.3551845E-07  	8.380107E-07   	8.39076E-07    	8.392015E-07   	8.3912033E-07  	8.392586E-07   	8.3923203E-07  	8.391092E-07   	8.3908657E-07  	8.391512E-07   	8.390617E-07   	8.3905155E-07  	8.3910936E-07  	8.3909134E-07  	8.3899647E-07  	8.3933094E-07  	8.390242E-07   	8.3929075E-07  	8.3918275E-07  	8.3909606E-07  	8.392147E-07   	8.391022E-07   	8.3903427E-07  	8.391433E-07   	8.391386E-07   	8.392125E-07   	8.3937306E-07  	8.3921816E-07  	8.391593E-07   	8.392299E-07   	8.39426E-07    	8.3960185E-07  	8.3936794E-07  	8.3962817E-07  	8.3928376E-07  	8.371608E-07   	8.3507916E-07  	8.3244043E-07  	8.259271E-07   	8.210761E-07   	8.20839E-07    	8.209893E-07   	8.2079737E-07  	8.206066E-07   	8.206853E-07   	8.2095556E-07  	8.2077787E-07  	8.206511E-07   	8.2082676E-07  	8.2079174E-07  	8.2065634E-07  	8.205276E-07   	8.2088366E-07  	8.209686E-07   	
