# www.neaspec.com
# Scan:	 	AFM
# Project:	 	20251007_PS
# Description:	 	
# Date:	 	10/07/2025 10:43:47
# Scanner Center Position (X, Y):	[µm]	49.99	50.01	 
# Rotation:	[°]	0	 	 
# Scan Area (X, Y, Z):	[µm]	5.000	5.000	0.000
# Pixel Area (X, Y, Z):	[px]	100	50	1
# Averaging:	 	1	 	 
# Integration time:	[ms]	5	 	 
# Laser Source:	 	4.5-15 µm nano-FTIR laser
# Detector:	 	R
# Target Wavelength:	[µm]	7.502	 	 
# Demodulation Mode:	 	Fourier
# Tip Frequency:	[Hz]	241,340.500	 	 
# Tip Amplitude:	[mV]	45.700	 	 
# Tapping Amplitude:	[nm]	79.665	 	 
# Modulation Frequency:	[Hz]	0.000	 	 
# Modulation Amplitude:	[mV]	0.000	 	 
# Modulation Offset:	[mV]	0.000	 	 
# Setpoint:	[%]	79.75	 	 
# Regulator (P, I, D):	 	4.206850	8.625812	1.000000
# Tip Potential:	[mV]	0.000	 	 
# M1A Scaling:	[nm/V]	0.426	 	 
# M1A Cantilever Factor:	 	1,000	 	 
# Q-Factor:	 	487.4	 	 
# Version:	 	2.1.11536.0
0.0009564188   	0.00032338384  	0.00069566537  	0.00084723154  	0.00059286354  	0.0002879862   	0.0011410645   	0.0013444456   	0.0010924588   	0.0013944722   	0.00087180745  	0.0012286141   	3.85436E-05    	0.00055956293  	0.0005558968   	0.0007054898   	0.0008719762   	0.0013741133   	0.0008236536   	0.0002817242   	0.0010559233   	0.0005189788   	0.0009447631   	0.00018519025  	0.00029101365  	0.00052566495  	0.00040612195  	0.0008394325   	0.0011462832   	0.00094397983  	0.00086266064  	0.00017110178  	0.00015541528  	0.00023458742  	0.0008055287   	0.0004878479   	0.00043337728  	0.001421758    	0.0009109134   	0.0008665362   	0.00046842688  	0.0005810507   	0.001133081    	0.00020127738  	0.0011175515   	0.000811626    	0.00090202776  	0.0009904142   	0.0006135121   	0.000695689    	0.00027355764  	0.00086227286  	0.00095959246  	0.0004642379   	0.0011261092   	0.00080320775  	0.00043453893  	0.00037904782  	0.0010595785   	0.00047114174  	0.0010150447   	0.0004627196   	0.00079242565  	0.0009833139   	0.00042563307  	0.000712169    	0.0010754758   	0.0011704975   	0.0005643584   	0.0010300012   	0.0009049233   	0.0006900395   	0.00075184024  	0.0016429435   	0.0005134633   	0.0007015552   	0.00091212615  	0.00015752517  	0.00091151847  	0.0005057897   	0.00039528467  	7.800557E-05   	0.00066488143  	0.0015829804   	0.002436766    	0.0023262994   	0.00031209184  	0.0013449005   	0.0014804255   	0.0011281502   	0.0016961906   	0.0009860125   	0.00084181025  	0.0048767976   	0.0006290692   	0.0014051842   	0.0003303671   	0.00072047475  	0.0003309136   	0.0004547515   	
0.00047861235  	0.0006835826   	0.000525677    	0.0013392513   	0.00029743728  	0.0005230006   	0.0010735331   	0.0010785105   	0.00060551794  	0.00012146679  	0.00045712717  	0.0002864782   	0.00064876594  	0.00060724566  	0.00051853014  	0.0012654677   	0.00082667894  	0.000715899    	0.0004976424   	0.0010558589   	0.0012600654   	0.0004811691   	0.00046007044  	0.00084421976  	0.00063098274  	0.0003378787   	0.0004440387   	0.00061030115  	0.00029137332  	0.00070045376  	0.00064260216  	0.000614465    	0.0016743131   	0.0007439737   	0.00032292888  	0.00052176765  	0.00050316483  	0.0010235108   	0.00064610783  	0.0015465956   	0.0004731238   	0.0008903737   	0.00067667954  	0.00016397508  	0.000630768    	0.0002518526   	0.00024076302  	0.0005023092   	0.00035836227  	0.0013632999   	0.0013521574   	0.0007979833   	0.0009213139   	0.00094730424  	0.0012025632   	0.00026530892  	0.0007529498   	0.00062295166  	0.00030851166  	0.0006624706   	0.0002282821   	0.001004684    	0.00045419773  	0.00084408413  	0.00068957603  	0.0012074182   	0.0005208886   	0.0009814238   	0.00035693048  	0.00062888244  	0.0013003473   	0.0009687258   	0.0006681741   	0.0008229096   	0.0009222935   	0.00021993041  	0.00037187684  	0.00065042614  	0.0005263867   	0.00067084655  	0.0002890412   	0.0005848561   	0.00079954125  	0.000638132    	0.005318326    	0.0024964525   	0.005797889    	0.001479326    	0.00038098128  	0.00046729378  	0.0014398334   	0.0005091183   	0.0006995907   	0.00038344463  	0.00095526024  	0.0012493273   	0.00042550222  	0.00059985527  	0.0011888775   	0.0005488518   	
0.0011557225   	0.0010997806   	0.00032173435  	0.00033727064  	0.0014547472   	0.00081975054  	0.0005803927   	0.0007226568   	0.0007801169   	0.0006472085   	0.000808661    	0.00053956674  	7.921912E-05   	0.00031524614  	0.000593671    	0.00031783825  	0.0006997091   	0.00069887465  	0.00081147347  	0.00096006796  	0.00013037754  	0.000828821    	0.0005754488   	0.0014805761   	0.0011799667   	0.000717022    	0.00051826844  	0.0006930801   	0.00033626743  	0.00030614066  	7.507753E-05   	0.0008334346   	0.0005473223   	0.00027051126  	0.0003382855   	0.00025009803  	0.0010514295   	0.00077596796  	0.00021731012  	0.0005079669   	0.00053247006  	0.0009009048   	0.00048582233  	0.0005822008   	0.0003041206   	0.0009546022   	0.0006550759   	0.00075696403  	0.0006212856   	0.0003138655   	0.00016918921  	0.00039879567  	0.0009886967   	0.0010438018   	0.0007320186   	0.0010753475   	0.00058719335  	0.0007229297   	0.00015427225  	0.000933076    	0.0010132554   	0.00041280835  	0.0005424535   	0.0011615705   	0.0009690712   	0.00056329474  	0.0002736796   	0.000611117    	0.0011120734   	0.0005632571   	0.0010946664   	0.00020182964  	0.00013943069  	0.0007893014   	0.0004495751   	0.00018222639  	0.0011240771   	0.0017515902   	0.00028809512  	0.0008619997   	0.0008452529   	0.0006153221   	0.00101486     	0.0011927888   	0.0010705282   	0.00093156414  	0.0010338059   	0.00065714156  	0.0010408111   	0.0004452702   	0.0006408857   	0.00088591303  	0.00042561707  	0.0013960422   	0.00023383393  	0.0005411818   	0.0009974816   	0.001475996    	0.00036158168  	0.0007469936   	
0.00035255434  	0.0009598042   	0.00046048395  	0.00057679083  	0.0011306775   	0.0009661318   	0.00051986444  	0.0008014181   	0.00049003237  	0.0012209665   	0.0009290395   	0.0008986005   	0.0004347622   	0.00070314156  	0.0012446688   	0.00042766865  	0.0009857585   	0.0006512522   	0.0010875785   	0.0005817503   	0.00073486636  	0.00076004723  	0.00012756138  	0.0011462973   	0.00073471386  	0.0005294301   	0.00067167915  	0.00037380523  	0.0013856511   	0.0013629436   	0.0006236528   	0.0010511717   	0.0001295564   	0.00087283243  	0.0007401443   	0.0010310132   	0.001467307    	0.0009399668   	0.00017083816  	0.00071736105  	0.0007870586   	0.0010805001   	0.00074910466  	0.0004910476   	0.0006276173   	0.0009363894   	0.0006633324   	0.0009093547   	0.00088405085  	0.0008245161   	0.0009937986   	0.00026778807  	0.0001406044   	0.0012871622   	0.00061664334  	6.414086E-05   	0.0018273572   	0.0010023605   	0.0008804022   	0.0012360747   	0.00058926526  	0.000679517    	0.0005129642   	0.0007161435   	0.00039258468  	0.0005485641   	0.000620081    	0.000673066    	0.0003556587   	0.000110644134 	0.0011687188   	0.0005433468   	0.0006831194   	0.0004439523   	0.0010547605   	0.00030203565  	0.0005149452   	0.0012088801   	0.00053475687  	0.00044093485  	0.00049678964  	0.0018781985   	0.0004274538   	0.00077503995  	0.0004049611   	0.0011288814   	0.0006916426   	0.0008267478   	0.00039039546  	0.00054881023  	0.00044274217  	0.001234558    	0.00038759838  	0.0012781866   	0.001067597    	0.00037992676  	0.00081317406  	0.0007027146   	0.00039202938  	0.00048528795  	
0.00017322299  	0.000583909    	0.00084494136  	0.0002976998   	0.00023094415  	0.00040554188  	0.0012909364   	0.0011900803   	0.0007700594   	0.0010877756   	0.00059386133  	0.0007357437   	0.00012793418  	0.00054170657  	0.00034863234  	6.261621E-05   	0.00055144913  	0.00019916393  	0.00091527327  	0.0005184121   	0.00023333917  	0.0011915589   	0.0009138604   	0.0006548399   	0.00040627416  	0.0004598391   	0.00056942453  	0.00013392743  	0.00037910667  	0.0008513914   	0.0008090055   	0.000832749    	0.0012181329   	0.00071017834  	0.00041543634  	0.00083051383  	0.0003848452   	0.00039601378  	0.00060158735  	0.0009814033   	0.00014127039  	0.00042298538  	0.00017066041  	0.00028448572  	0.00019777067  	0.000650246    	0.001112163    	0.0009796493   	0.000631113    	0.00091636897  	0.0020488063   	0.002011743    	0.0076421043   	0.0034393794   	0.002278485    	0.0078024054   	0.00040132322  	0.0006382743   	0.00017045802  	0.0011375387   	0.00037126645  	0.000579091    	0.0002963341   	0.000821683    	0.0008554744   	0.0007902832   	0.0005754697   	0.00010850899  	0.0011209416   	0.0009367504   	0.0015086412   	0.000865388    	0.0005944389   	0.00048418675  	0.00037890906  	0.0006887327   	0.0011409913   	0.0013685809   	0.0011727723   	0.0015597126   	0.0009395984   	0.004804263    	0.00396449     	0.001011568    	0.00096176757  	0.0004078784   	0.00031676542  	0.0008253655   	0.00038550634  	0.00079399813  	0.0008562555   	0.0014108152   	0.0007881376   	0.00086877047  	0.0010645265   	0.00066041574  	0.00021387005  	0.0003587512   	0.00094315433  	0.00062472594  	
0.00025734672  	0.0007168226   	0.0008273356   	0.00067432824  	0.0006940509   	0.00044899728  	0.00034329252  	0.0012707384   	0.0007569087   	0.00055891206  	0.00050116685  	0.00018875187  	0.00027969113  	0.00084884785  	0.00032215833  	0.00052633276  	0.00027105268  	0.0010076788   	0.0005424565   	0.000652335    	0.0007641563   	0.00067544595  	0.00038169266  	0.0011774576   	0.0008109171   	0.0011051247   	0.0013821259   	0.00026674062  	0.0012708241   	0.000883351    	0.0006716919   	0.0007203594   	0.00023352205  	0.0006244982   	0.0012677907   	0.00019702996  	0.0019873343   	0.0009758449   	0.00036771208  	0.0011581213   	0.0009315721   	0.00074641366  	0.00072133366  	0.0005067274   	0.00025315673  	0.007818727    	0.0019387758   	0.0015328234   	0.0010146685   	0.0010004493   	0.0009999619   	0.00085616217  	0.00052744884  	0.00036809934  	0.0022927749   	0.0030141226   	0.0003598276   	0.00871928     	0.00013866721  	0.0004971898   	0.00053453736  	0.00071571604  	0.0012234745   	0.00024157748  	0.0012446642   	0.0014334706   	0.00025682693  	9.3867835E-05  	0.0009914074   	0.0010067194   	0.00047905016  	0.0002509127   	0.0001520935   	0.0006017457   	0.00031155857  	0.0007786608   	0.0005236989   	0.00069330045  	0.0002769171   	0.00017461284  	0.00076591485  	0.004890404    	0.0027037382   	0.006604174    	0.00041370848  	0.0010728708   	0.0003594636   	0.0006028137   	0.0011018971   	0.0014255584   	0.00051171624  	0.00022771713  	0.00034377738  	0.0014015108   	0.0008361027   	0.0003114578   	0.0001789595   	0.0004642094   	0.00065642345  	0.0006190639   	
0.0002394661   	0.00028489612  	0.0004349888   	0.0003900002   	0.00051422854  	0.00034767206  	0.0004950249   	0.00056252937  	0.00045700892  	0.00045473778  	0.00095352414  	0.0006164332   	0.000617204    	0.0010376828   	0.0005240405   	0.00055792707  	7.737981E-05   	0.0007840883   	0.00077636744  	0.00049570744  	0.0014319752   	0.0008617096   	0.0005195417   	0.000619253    	0.0007969775   	0.00022328172  	0.000471815    	9.8031116E-05  	0.0004995407   	0.00027550518  	0.0009850167   	0.00035330935  	0.0008620815   	0.0008862674   	0.0015783567   	0.00070642855  	0.0006741768   	0.001836771    	0.0061784093   	0.0003213119   	0.0043280106   	0.00076294283  	0.002928762    	0.00041513084  	0.00088752026  	0.000741377    	0.0018123728   	0.002310153    	0.0050708386   	0.00063107396  	0.0007801517   	0.0011097909   	0.0011415387   	0.0009817741   	0.00035259937  	0.00100854     	0.0009132547   	0.0011430192   	0.0088358205   	0.00955814     	0.00058092305  	0.0010402603   	0.00019111735  	0.00033209095  	0.0007078922   	0.0011776652   	0.00070124905  	0.00048600888  	0.00042079293  	0.00035193455  	0.00022551497  	0.0005211456   	0.00082279893  	0.00040000014  	0.00038312195  	0.00047703646  	0.0004837419   	0.0012289869   	0.0003149266   	0.0013037723   	0.0010485006   	0.00065281685  	0.004429398    	0.0013957054   	0.0035842608   	0.00048304687  	0.0004742186   	0.00043154947  	0.0006318246   	0.00074199634  	0.0007152061   	0.0007555368   	0.0008990131   	0.00043962206  	0.0007343195   	0.00044166486  	0.00036006793  	0.00082308875  	0.00090929406  	0.0004918825   	
0.0003075872   	0.0006872558   	0.00023209734  	0.0008952474   	0.0006326117   	0.00054808817  	0.00066956435  	0.000938153    	0.00045452773  	0.00057539344  	0.0006246877   	0.00016308545  	0.0003932909   	0.00032791484  	0.0007375209   	0.0010362668   	0.0009495599   	0.00052986585  	0.000967266    	0.0005308958   	0.0004399903   	0.00028061125  	0.0003145243   	0.0012493044   	0.00071134575  	0.00055057055  	0.00045975918  	0.0013957634   	0.0006718593   	0.00050418644  	0.0076955385   	0.0016992495   	0.0010653951   	0.0014618696   	0.0028761886   	0.0008077942   	0.0016597144   	0.0018132406   	0.0011201322   	0.0025977434   	0.007601563    	0.0019559148   	0.0016316888   	0.0009568025   	0.00041901995  	0.00084661256  	0.00020677599  	0.0010472627   	0.00040428268  	0.00076790864  	0.00033509414  	0.00013849935  	0.0006524355   	0.0013019327   	0.001329598    	0.0005813237   	0.00029352563  	0.0011524368   	0.0016565123   	0.0052937106   	0.006941293    	0.00078958616  	0.0017272179   	0.000712694    	0.0014984872   	0.000510798    	0.00042796077  	0.0010018409   	0.00015420417  	0.0002268309   	0.0005788764   	0.0007580296   	0.0010070546   	0.000927781    	0.0003498056   	0.0006891977   	0.00063270645  	0.0014421572   	0.0010976001   	0.00030614383  	0.0007467056   	0.00087154144  	0.005185426    	0.000984555    	0.0049056793   	0.00096236373  	0.0005425815   	0.0007550165   	0.00014825685  	0.00031931844  	0.000783104    	0.00015796442  	0.0009396404   	0.0002953086   	0.00090668997  	0.00039166008  	0.0003324405   	0.0009088603   	0.00023764714  	0.00033953527  	
0.0007656689   	0.0006309572   	0.001420629    	0.0004647649   	0.0014271417   	0.0016039319   	0.00093870587  	0.00061546266  	0.00019945124  	0.00068023504  	0.00047670086  	0.0009257244   	0.0009624366   	0.0012916784   	0.00014053259  	0.0013355947   	0.00064697606  	0.0004937849   	0.0006828607   	0.00043113146  	0.0001590757   	0.0007459673   	0.0015719738   	0.00043632928  	0.0008231475   	0.004177991    	0.0026315318   	0.00054154685  	0.0006293568   	0.0025604747   	0.00043351675  	0.0022624854   	0.0014228647   	0.006063144    	0.0002629713   	0.0015549351   	0.00069809944  	0.0008815665   	0.00014580901  	0.00042452812  	0.00048676378  	0.00018523654  	0.0010003186   	0.0009893307   	0.00073404255  	0.00090218056  	0.00041202083  	0.0010300335   	0.00038802653  	0.00070945086  	0.00044816607  	0.00061471236  	0.00023064704  	0.00041651612  	0.0010309569   	0.0009655107   	0.0003954188   	0.00059904886  	0.00089251937  	0.0021744196   	0.0060490943   	0.00791369     	0.0010017555   	0.00049686484  	0.0003335651   	0.0007196835   	0.0007945907   	0.0011388328   	0.0005018203   	0.0005825042   	0.00068189675  	0.00070549425  	0.0015540208   	0.00051233196  	6.1030634E-05  	0.0004369164   	0.0006523629   	0.0007421127   	0.0005465793   	0.0007396219   	0.0005791581   	0.0004318784   	0.00080567546  	0.00548019     	0.0015816098   	0.0032197922   	0.0004044613   	0.0012402242   	0.0008418888   	0.00058001024  	0.0007491334   	0.00016296374  	0.00033021855  	0.00077289535  	0.0013326108   	0.000120306    	0.0008357623   	0.00053667964  	0.0006021548   	0.0005964452   	
9.2489456E-05  	0.00029148962  	0.00083214976  	0.0010363334   	0.00066084426  	0.0014903339   	0.00081250415  	0.00038504627  	0.0008247265   	0.0006866654   	0.00056628766  	0.0011628836   	0.0006019942   	0.00093118177  	0.0009555082   	0.00014256801  	0.00049611414  	5.5008517E-05  	6.953133E-05   	0.0007974433   	0.0002343073   	0.0012377459   	0.00062213716  	0.0004811658   	0.0042780703   	0.0004857423   	0.002369849    	0.0007338781   	0.00047054767  	0.0007927094   	0.0007429176   	9.810152E-05   	0.00034885466  	0.0012887563   	0.00017057123  	0.0010906084   	0.00053718756  	0.0004560596   	0.00090406055  	0.00077264186  	0.000100069454 	0.0012190219   	0.000762265    	0.00036675023  	0.00079599087  	0.00037880449  	0.00026690826  	0.00035584095  	0.0010275609   	0.00039647575  	0.00017456492  	0.00042552146  	0.0004876247   	0.0006256696   	0.0003524004   	0.0005530534   	0.00030271037  	0.000597891    	0.000866595    	0.00052532327  	0.004214142    	0.0010375379   	0.00043474027  	0.0007475182   	0.0007200477   	0.0017431638   	0.00059305417  	0.0005238497   	8.48932E-05    	0.00034581806  	0.00021498176  	0.0009393689   	0.00082303083  	0.00057089113  	0.00129414     	0.00042394435  	0.0011242655   	0.0010097369   	0.00026209975  	0.0002623391   	0.00033092595  	0.00019124833  	0.00048484135  	0.0071294317   	0.001970469    	0.0070438813   	0.0009014621   	0.0011955295   	0.00061689306  	0.0011527927   	0.0007133041   	0.00041219319  	0.00038112566  	0.0010630304   	0.0015035283   	0.00015128418  	0.00068765075  	0.0012390818   	0.00069117674  	0.00072735146  	
0.0006797981   	0.00042885894  	0.0010497723   	0.0010837194   	0.0013001751   	0.00069118914  	0.000448224    	0.00064355874  	0.0005193629   	0.00086584064  	0.00059637584  	0.00019631485  	0.00025328549  	0.00015359983  	0.00050975964  	0.0004907196   	0.0003847093   	0.0007092914   	0.0004332662   	0.0013767099   	0.0002855467   	0.0035849193   	0.0027809497   	0.0019038859   	0.0017966204   	0.0006348877   	0.0007342243   	0.000648969    	0.00039936943  	0.00040083393  	0.00055971637  	0.0011339711   	0.0010086171   	0.000626249    	0.00070319645  	0.0006705756   	0.0012398931   	0.0028462769   	0.0005304413   	0.0012119454   	0.0018958405   	0.0010114613   	0.0011482944   	0.00029056074  	0.0008762448   	0.0007354781   	0.000842786    	0.0009664899   	0.00052173977  	0.00044099044  	0.0010207809   	0.0006539704   	0.00049399567  	0.00042801333  	0.00044798784  	0.0011696198   	0.00053931656  	0.00032763046  	0.0010647092   	0.0003776643   	0.0012799519   	0.007979072    	0.0071862405   	0.00094284577  	0.0009511662   	0.0006006139   	0.0006011422   	0.0004766146   	0.00091708975  	0.00047459613  	0.00074354315  	0.00095247594  	0.000615661    	0.0005611507   	0.00043507433  	0.0009100556   	0.0006379138   	0.00044426456  	0.0008512962   	0.00048070087  	0.0011001243   	0.00053244754  	0.00043497866  	0.0017573475   	0.0054433756   	0.0021682805   	0.0037265907   	0.00064453355  	0.0008497965   	0.00055877626  	0.000992595    	0.00030073253  	0.0006583086   	0.0003553798   	0.0012347916   	0.00040252798  	0.0002418779   	0.00020992564  	0.0005343574   	0.0009055455   	
0.0011432568   	0.0011200737   	0.00053702935  	0.0004858037   	0.00069036486  	0.0008292235   	0.00079588336  	0.0005730419   	0.0015124448   	0.00037910268  	0.0005502991   	0.00017845134  	0.00069580186  	0.00065226405  	0.00069311744  	0.0013315654   	0.0003109107   	0.0010076491   	0.0008862863   	0.0006875067   	0.00041368147  	0.0024498403   	0.0014828757   	0.0001484957   	0.00091296795  	0.0008250874   	0.0006541852   	0.00045693482  	0.00017037072  	0.0010312801   	0.0010120962   	0.00069217134  	0.0006773277   	0.00086262246  	0.0009876973   	0.00059364707  	0.00044357276  	0.00045313188  	0.001973506    	0.0015776287   	0.00037139023  	0.00056593836  	0.00030792537  	0.0010794543   	0.0006679562   	0.00039575592  	0.00042724365  	0.00059719663  	0.0007115265   	0.0006257071   	0.0007599866   	0.0005544683   	0.000883227    	0.00046652826  	0.0008703957   	0.00020841793  	9.5000025E-05  	0.001135788    	0.00026912682  	0.00023800314  	0.0009497282   	0.0007220353   	0.007818124    	0.010057148    	0.0003187071   	0.00037471327  	0.0005156979   	0.00054878724  	0.0001908874   	0.00069616     	0.0012296232   	0.0011362662   	0.00026565167  	0.00034632318  	0.00083245075  	0.00022937382  	0.00052789476  	0.00050041097  	0.0005302195   	0.00034702822  	0.0010350894   	0.0013128625   	0.00059749396  	0.0009039033   	0.0069534606   	0.00023461478  	0.0040230458   	0.0030670632   	0.0012171207   	0.000343947    	0.0007514611   	0.00038360228  	0.00048806527  	0.00028355065  	0.00083381135  	0.00036556102  	0.00052718434  	0.000597382    	0.0004892967   	0.00040382054  	
0.0012033783   	0.000717031    	0.0007456018   	0.00075764325  	0.00031451412  	0.001029773    	0.00054742885  	0.001356888    	0.0012649364   	0.00069947547  	0.0011957013   	0.00066512707  	0.0006122871   	0.00048052418  	0.0007211266   	0.00046621598  	0.0008998532   	0.00036398813  	0.0007477082   	0.00078032486  	0.0014881736   	0.004857876    	0.0011509652   	0.005080294    	0.0008921896   	0.0013640872   	0.0009186236   	0.00068736647  	0.00063020963  	0.0011210847   	0.0015689147   	0.00027249526  	0.0010776079   	0.0004292356   	8.356419E-05   	0.0006946736   	0.0019159691   	0.0009487979   	0.0009908258   	0.00039487882  	0.00083874096  	0.00046974365  	0.00020097963  	0.0003095623   	0.00038233006  	0.0007999962   	0.00043561345  	0.00040217477  	0.0005129591   	0.0008979592   	0.0015297612   	0.000330368    	0.00066130527  	0.0009867314   	0.00064870896  	0.00091357337  	0.00094010273  	0.00029806912  	0.0016997457   	0.00060648937  	0.00024216752  	0.00083587697  	0.004724425    	0.0041190074   	0.0009315823   	0.00073146046  	0.001448607    	0.00019889817  	0.00073975965  	0.0011764377   	0.0007149172   	0.0010490944   	0.0008790119   	0.00026979475  	0.0004406963   	0.0008223387   	0.0007547233   	0.00082396995  	0.00021702166  	0.0010890575   	0.0011188833   	0.0005720964   	0.00032404036  	0.0010390576   	0.00025869432  	0.006409747    	0.000830931    	0.0077341986   	0.00026501893  	0.00042430224  	0.0012202219   	0.001133792    	0.00048815436  	0.0012978899   	0.0007497717   	0.0003528153   	0.00042246032  	0.0007585161   	0.000801988    	0.00097389426  	
0.00048293392  	0.00055887975  	0.0004996097   	0.00026016726  	0.0010162498   	0.0004028134   	5.7667352E-05  	0.0010393065   	0.00062306784  	0.0007296075   	0.000500382    	0.0010645337   	0.0012881955   	0.00040115888  	0.00047652476  	0.00020695625  	0.00049140834  	0.0010089235   	0.00069858157  	0.00077408465  	0.0005915526   	0.004414862    	0.0015313459   	0.002023375    	0.00027977678  	0.00056003424  	0.001268257    	0.0007037196   	0.00063677784  	0.0012740484   	0.00055806217  	0.00045133068  	0.00013964195  	0.0006878161   	0.0012281565   	0.00014974838  	0.00060615205  	0.00038675076  	0.0001453407   	0.00045077817  	0.0006790638   	0.00023697081  	0.0012134663   	0.00069206837  	0.00056167785  	0.0013245835   	0.00013839759  	0.00082465     	0.0008590876   	0.00045133982  	4.986454E-05   	0.0010512436   	0.0004941732   	0.00077544554  	0.00030759795  	0.0005742737   	0.00018816913  	0.00096997374  	0.0007668856   	0.0007173529   	0.00023657142  	0.00084832706  	0.0021022116   	0.007358331    	0.008612138    	0.00025828733  	0.00039145275  	0.00092144386  	0.0006953416   	0.00041979455  	0.00096481724  	0.0003507991   	0.00052533805  	0.0005590501   	0.00015293158  	0.0004127916   	0.00088193023  	0.00043038206  	0.00023666311  	0.00060524663  	0.0006542594   	0.00027051926  	0.0007072704   	0.00019867776  	0.0008747196   	0.00077492767  	0.003654303    	0.0024769937   	0.0064387466   	0.0016478713   	0.00074139395  	0.0005170128   	0.00022697682  	0.00032677356  	0.0015705626   	0.0016743907   	0.0009499617   	0.00048114714  	0.000506075    	0.00068892     	
0.0005385462   	0.0011033512   	0.00055602373  	0.0004064372   	0.0014502533   	0.00076066813  	0.00019147339  	0.0016588437   	0.00038267396  	0.00087618345  	0.00061795826  	0.0007928165   	0.00075107854  	0.0003413739   	0.00052018586  	0.0005654904   	0.00052877     	0.00083379075  	0.00038543684  	0.0010616363   	9.127681E-06   	0.0011248363   	0.0048477375   	0.0022878626   	0.0069351215   	0.0007436825   	0.00089142873  	0.0003729304   	0.00035982145  	0.00053447054  	0.00084930926  	0.0007705623   	0.00027856897  	0.0004487591   	0.0010494008   	0.0002222616   	0.00033900104  	0.0008714841   	0.00032647923  	0.00060330617  	0.0002988371   	0.00044441494  	0.00068259466  	0.00045863178  	0.0001604204   	0.0007179464   	0.00075071485  	0.00074051623  	0.0014379341   	0.0012526374   	0.00030081172  	0.00043171935  	0.0007883185   	0.00032828705  	0.00084663206  	0.0009803432   	0.00031734054  	0.0007717803   	0.00095124403  	0.00059060176  	0.00041334203  	0.00066848425  	0.00060916436  	0.0066124867   	0.006678379    	0.0007796997   	0.0007684391   	0.00079302525  	7.7007164E-05  	0.00010025542  	0.00023908251  	0.0014165544   	6.947783E-05   	0.00070164585  	0.0017981442   	0.00024229969  	0.00013370263  	0.00043751643  	0.0011936788   	0.00039659996  	0.0011827789   	0.00059191196  	0.0006859786   	0.0013313165   	0.0005181306   	0.00065140566  	0.0018197907   	0.0002870926   	0.0028056498   	0.00080608117  	0.0006140653   	0.0008118301   	0.0012063169   	0.00026260974  	0.00061738136  	0.0011041166   	0.0008134355   	0.0007176442   	0.0007636042   	0.0009981373   	
0.001723734    	0.010198635    	0.0006827451   	0.0010695052   	0.0010097136   	0.001079185    	0.00097203214  	0.00065010303  	0.0005845652   	0.0008561222   	0.00033434742  	0.00023276069  	0.0012534994   	0.0007691366   	0.00021168966  	0.0004967379   	0.0012398895   	0.0012216374   	0.00074524886  	0.0014205377   	0.0006247807   	0.0008369351   	0.0006965871   	0.0040136697   	0.0034768125   	0.0003092333   	0.0003008477   	0.001153731    	0.0010727133   	0.0009781319   	0.0008321321   	0.00055944367  	0.00024789138  	0.00074113306  	0.00027188988  	0.0006890196   	0.00074012956  	0.0004184944   	0.0012745417   	0.0005750865   	0.00095128495  	0.0014400543   	0.0013300041   	0.00010025366  	4.9601014E-05  	0.00061365415  	0.0006656425   	0.00040434633  	0.000722805    	0.0007033246   	0.00023340985  	0.0007430649   	0.0008454296   	0.00096121413  	0.0008372557   	0.00063996925  	0.0005441395   	0.00028420697  	0.0011340244   	0.0004913094   	0.0010323722   	0.00080935034  	0.00062180444  	0.00057026005  	0.009117203    	0.008456986    	0.0006553401   	7.465271E-05   	0.0008220135   	0.00022970968  	0.0012525656   	0.0008783685   	0.0009124393   	0.0005538897   	0.001160366    	0.0003047101   	0.00038719596  	0.000356389    	0.00085010123  	0.0009973402   	0.00084491883  	0.00030908792  	0.000666969    	0.0010012703   	0.0010682291   	0.0009846607   	0.0011173779   	0.004068172    	0.0035198224   	0.0008946501   	0.0010541279   	0.0010447259   	0.0004807792   	0.00073507306  	0.00035455768  	0.0010481204   	0.000524661    	9.144134E-05   	0.00017266652  	0.0009437756   	
0.0018030778   	0.008012777    	0.00027837287  	0.0003728925   	0.0007170737   	0.00013717938  	0.0005940907   	0.00085619395  	0.00057486846  	0.0009312987   	0.00058812427  	0.00053146284  	0.0008534172   	0.0004697615   	0.0006512368   	0.0005183059   	0.0004330662   	0.0007726571   	0.0006679128   	0.0009777099   	0.0004107701   	0.0005142821   	0.0010240553   	0.002375857    	0.0004980397   	0.00046880112  	0.0016288917   	0.0007652174   	0.0012739922   	0.0016504369   	0.00034240077  	0.00048106574  	0.0007206827   	0.00127023     	0.00023015618  	0.00077742327  	0.0003422121   	0.000711868    	0.001177099    	0.00055014     	0.0008621249   	0.0005318484   	0.0014318245   	0.00050126313  	0.0002606919   	0.000476197    	0.00053972116  	0.0005482558   	0.00049069047  	0.0011867261   	0.0002487789   	0.00043259864  	0.00015389116  	0.000532163    	0.0006120296   	0.00046636764  	0.00052754366  	0.0008874747   	0.0009940304   	0.0016460501   	0.0008465063   	0.000809036    	0.0008122466   	0.0006833557   	0.0042096777   	0.00625197     	0.0103569515   	0.0008759508   	0.0007717604   	0.0012784626   	0.0015398528   	0.0001470644   	0.0005634389   	0.0008550044   	0.0010717204   	0.00019081726  	0.00060543744  	0.00086437614  	0.00033374576  	0.0002534715   	0.0006141961   	0.0012934014   	0.00065626996  	0.00050835765  	0.00020247743  	0.0015273003   	0.0006451972   	0.0060708723   	0.0037685905   	0.002683703    	0.00030485782  	0.00046292416  	0.0011796165   	0.00080496067  	0.0004636157   	0.00079730334  	0.000500088    	0.000848811    	0.0005620065   	0.0015868604   	
0.0006787111   	0.010877406    	0.011617145    	0.00050648535  	0.0007260445   	0.00056293147  	0.00035630428  	0.0003106805   	0.00023014273  	0.00094960816  	0.0011616724   	0.0005446548   	0.0003048176   	0.00078017265  	0.00087680947  	0.000512871    	0.0012181449   	0.0008665193   	0.0011984474   	0.0009876293   	0.0013282667   	0.0009804944   	0.00070355146  	0.0013430273   	0.0027765138   	0.0037909145   	0.0008311424   	0.0006197911   	0.0006278214   	0.00047724447  	0.00059055723  	0.0008114724   	0.00064645597  	0.0009769292   	0.0006909363   	0.0008611324   	0.0003323878   	0.0009813433   	0.00046777003  	0.0004950564   	0.00087422336  	0.0003093987   	0.0003363053   	0.00014945852  	0.0007201478   	0.00067854923  	0.00042475283  	0.0005872563   	0.00052265334  	0.0009956836   	0.001358564    	0.0004928292   	0.0014074544   	0.0009608171   	0.0012022414   	0.0005869202   	0.00079344516  	0.0007566252   	0.00037865504  	0.0006325525   	0.000133802    	0.0003478796   	0.00034522096  	0.001320522    	0.0009045402   	0.010150694    	0.008834172    	0.00055347016  	0.00062829076  	0.0008244316   	0.00081713503  	0.0004984682   	0.0004905108   	0.00066234905  	0.0005437383   	0.0005230385   	0.00058591476  	0.0004103585   	0.0009935349   	0.00048714597  	0.0010181108   	0.00062742055  	0.00042929608  	0.00012461419  	0.00089067774  	0.00090092525  	0.00083931175  	0.00060125237  	0.007264622    	0.0019099455   	0.006792293    	0.00012238011  	0.00045264282  	0.0008132466   	0.000734728    	0.0007039693   	0.00058973883  	0.001546707    	0.0011884748   	0.00058609043  	
0.0005019346   	0.0043248474   	0.0077046733   	0.011130958    	0.0013042779   	0.0009400053   	0.00037736248  	0.0011462708   	0.0005296419   	0.00065934524  	0.0001394137   	6.805161E-05   	0.00043849874  	0.00038571452  	0.000617744    	0.0005251197   	0.0007544551   	0.00078667124  	0.00032685767  	0.0007194397   	0.0006441545   	0.0010684802   	0.00043933943  	0.0001372723   	0.0045380495   	0.0039598      	0.008479031    	0.00081570854  	0.0011092362   	0.0006510888   	0.0010158091   	0.0009766625   	0.0010663375   	0.00040020794  	0.00040013986  	0.001125267    	0.0008095243   	0.000347104    	0.00038490328  	0.000944323    	0.0010312087   	0.0003446822   	0.0010034214   	0.0011594087   	0.00043273333  	0.0013325966   	0.00020449529  	0.0011026857   	0.0005585086   	0.00071028067  	0.000443427    	0.00020033444  	0.0004901336   	0.00049356173  	0.0009325498   	0.00013956105  	0.00041683463  	0.00045925117  	0.00012602181  	0.0006811031   	0.00097028114  	0.0003904642   	0.00034305     	0.0007865724   	0.0012029224   	0.00041543288  	0.0066985385   	0.0079315975   	0.000975816    	0.00039672936  	0.0007914684   	0.0008284186   	0.0012321619   	0.00018513274  	0.0013950609   	0.00029213043  	0.00039876375  	0.00047871235  	0.0006398106   	0.000350544    	0.000990008    	0.00038304523  	0.00045967315  	0.00034618215  	0.000562381    	0.0004886749   	7.5574324E-05  	0.00040269317  	0.00078183645  	0.0019348064   	0.0029105588   	0.0036446736   	0.006935145    	0.00041462778  	0.001529246    	0.0011236158   	0.00068806874  	0.00057991914  	0.00032148926  	0.00010475236  	
0.00065752165  	0.0017591073   	0.008751426    	0.009721626    	0.00016401561  	0.0007432444   	0.000496549    	0.00097567827  	0.00019872613  	0.00041432263  	0.0010923233   	0.00014935357  	0.0010448179   	0.00060300843  	0.001121369    	0.0013369553   	0.0009421589   	0.0002377036   	0.00017890533  	0.0003727756   	0.001029441    	0.00034443155  	0.00078673044  	0.0007333331   	0.0010096198   	0.0051229848   	0.0005228169   	0.007452207    	0.0011271811   	0.0008718719   	0.0008887288   	0.0013668529   	0.0012341788   	0.0009365425   	0.00092590164  	0.0009973049   	0.00028195258  	0.00056498643  	0.00048069385  	0.00025796198  	9.2777555E-05  	0.00046958134  	0.00053387455  	0.0008871544   	0.0007715016   	0.00069967995  	0.0014070384   	0.0014847277   	0.0004973815   	0.00041543765  	0.0012318374   	0.00032871807  	0.0010881341   	0.0010423845   	6.0267615E-05  	0.0008244816   	0.00035584052  	0.00031230287  	0.0003125098   	0.0017399564   	0.00032836891  	0.0010835227   	0.0007471967   	0.0013972049   	0.0012457555   	0.00094401947  	0.005371294    	0.004871136    	0.00032623165  	0.0008676499   	0.0011095934   	0.00055247394  	0.0011622754   	0.0003467888   	0.00080640276  	0.0005303502   	0.00047392902  	0.00074063335  	0.00079447194  	0.00073114235  	0.00068103935  	0.0004498436   	0.001131537    	0.0008219586   	0.00034904576  	0.0007552329   	0.0007232831   	0.0006046364   	0.00042105326  	0.00072111236  	0.00034324822  	0.0059115654   	0.005170014    	0.0004282339   	0.00069729     	0.003966466    	0.0019779438   	0.0065058665   	0.0027961417   	0.0038059994   	
0.0004008752   	0.00061406754  	0.0033062953   	0.0071849027   	0.011327853    	0.00057929865  	0.00040481755  	0.0008703462   	0.0009219922   	0.0011593275   	0.00070227345  	0.00035082267  	0.00039262982  	0.00029134392  	0.0009698364   	0.00034713166  	0.00072279817  	0.0012189524   	0.001125186    	0.0005158858   	0.00086614134  	0.0001243378   	0.00051121175  	0.0007183176   	0.00023478606  	0.0036049797   	0.0016831973   	0.0038855525   	0.0004826976   	0.00064845796  	0.00037583392  	0.0004093672   	0.000137521    	0.0009927171   	0.00070850307  	0.00076287444  	0.00050515664  	0.0010157884   	0.00045574282  	0.0007430302   	0.000668565    	0.00036250954  	0.0016093489   	0.00034177114  	0.0006922562   	0.001222994    	0.00041002067  	0.0009079337   	0.00089931785  	0.0008135757   	0.0010846995   	0.00016941439  	0.00016712729  	0.0005916368   	0.00056920433  	0.00021925705  	0.000638515    	0.0002960541   	0.00036889862  	0.00034677595  	0.00020762323  	0.000326384    	8.026404E-05   	0.001084738    	0.000268315    	0.00061647804  	0.0026117768   	0.007033373    	0.009122016    	0.00016821065  	0.001722512    	0.0002871276   	3.268507E-05   	0.00077431713  	0.001201869    	0.00052247324  	0.00015620307  	0.0009025922   	0.0009994289   	0.0006291866   	0.0007952944   	0.00046105642  	0.0003538452   	0.0010560008   	0.0005151378   	0.0007285161   	0.00045758337  	0.0010833435   	0.0010211574   	0.00035575486  	0.00017711398  	0.0006743569   	0.0007547051   	0.0005141484   	0.00045241808  	0.0004479519   	0.0008353612   	0.0010543291   	6.753569E-05   	0.00096753164  	
0.0006801385   	0.00046402618  	0.0009200849   	0.008319282    	0.008508599    	0.0003714217   	0.00083665136  	0.0008168038   	0.0007169519   	0.0005609027   	0.0013293433   	0.00039794054  	0.00078509556  	0.0013007746   	0.0008969622   	0.00024978808  	0.0012938286   	0.0015056692   	0.00015578809  	0.000826472    	0.0008991895   	0.00023648307  	0.0014073845   	0.0006828692   	0.00070152385  	0.00048458204  	0.003519754    	0.0042209765   	0.0049827946   	0.0004085941   	0.00016344427  	0.0003743789   	0.0015150075   	0.0011403279   	0.0004039352   	0.00052265724  	0.0008745531   	0.0005391067   	0.00063108583  	0.0009121668   	0.0005339427   	0.0010001091   	0.0010092317   	0.0008981851   	0.0014911373   	0.00047499666  	0.0010011041   	0.00078176876  	0.000721045    	0.0010060805   	0.0014570211   	0.0007071057   	0.00051605125  	0.000669472    	0.00016666685  	0.0008136467   	0.00070868793  	0.0005010623   	0.00067073     	0.0008391509   	0.000808788    	0.0007234428   	0.0007758437   	0.0007403314   	0.0006756319   	0.0007744238   	0.0006541013   	0.003688982    	0.004782383    	0.0015134339   	7.5364376E-05  	0.00017072342  	0.00082411116  	0.00065378245  	0.0011216677   	8.79257E-05    	0.00036926725  	0.0007076043   	0.00031730995  	0.0014423948   	0.00046013203  	0.00049987505  	0.0005231873   	0.0009854019   	0.0003274127   	0.0004998365   	0.0006449505   	0.00068599073  	0.0011010685   	0.0010515528   	0.0010229802   	0.00042014703  	0.0008654535   	0.0010024117   	0.0010774992   	0.00031613125  	0.00033056966  	0.0012475367   	0.0006469612   	0.00021909236  	
0.00049606396  	0.000285333    	8.6634114E-05  	0.003949626    	0.005516702    	0.008728074    	0.00037818143  	0.00086735736  	0.000641177    	0.0011949923   	0.0011440665   	0.0003938384   	0.00082548155  	0.0010255764   	0.0010789566   	0.0007025906   	0.0013077408   	0.00034250756  	0.00037107646  	0.0008536757   	0.00057145837  	0.00042962152  	0.0007254348   	6.8066474E-05  	0.0002564472   	0.0004261248   	0.0021169374   	0.0034117156   	0.0027399813   	0.0006889628   	0.0012338061   	0.000955679    	0.00033202194  	7.897743E-05   	0.0005019087   	0.0008110112   	0.0005483909   	0.00031292814  	0.0015784876   	0.00037074505  	0.00035155847  	0.00072020217  	0.00060117507  	0.00017071272  	0.00060138863  	0.0006544116   	0.0006034154   	0.0004989546   	0.0011232011   	0.0010188918   	0.0008057311   	0.0006865286   	0.0006290758   	0.0005954018   	0.0016414088   	0.00041206696  	0.00078894326  	0.0005590721   	0.00078194676  	0.00097583735  	0.0012010104   	0.0002666391   	0.00031243204  	0.0017553645   	0.0007223287   	0.00014162099  	0.0017483223   	0.0048804586   	0.0054575126   	0.000702008    	0.0006368135   	0.00066109974  	0.00012228088  	0.00044009354  	0.0007743624   	0.0003038887   	0.0010050229   	0.00033381474  	0.00038237864  	8.30404E-05    	0.00050262414  	0.00092812395  	0.0005316249   	0.0005688294   	0.00082524854  	0.00045699722  	0.0010789179   	0.00059997384  	0.0006415606   	0.00083930313  	0.00048439825  	0.0002631355   	0.0007371673   	0.0005496553   	0.00048725904  	0.0014485461   	0.00015827449  	0.00062633073  	0.00022927625  	0.0006866178   	
0.0010194113   	0.0003172062   	0.0007789597   	0.0020184494   	0.008450815    	0.008194112    	0.00083574204  	0.00076983846  	0.00048121874  	7.377104E-05   	0.00077774515  	0.0007430516   	0.00015167003  	0.0002469316   	0.00045984774  	0.00039690128  	0.00021694697  	0.0011036029   	0.0003425403   	0.0012523155   	0.0013105883   	5.3596486E-05  	0.00055599643  	0.0015468084   	0.0001458145   	0.0012838703   	0.00039916992  	0.005228173    	0.0011351671   	0.0063609774   	0.0012190504   	0.0008945034   	0.00028464128  	0.0004149329   	0.0005020451   	0.00027242012  	0.00030652073  	0.0011563562   	0.00058302004  	0.0014404627   	0.0008557148   	0.0010588391   	0.0010124018   	0.0009954679   	0.00021788874  	0.000432533    	0.0008549779   	0.0009981819   	0.0010095884   	0.0007659559   	0.0010789117   	0.0019810356   	7.945461E-05   	9.978586E-06   	0.00054089876  	9.1398906E-05  	0.0013392533   	0.00079764746  	0.0009477621   	0.00010069468  	0.0008402648   	0.0013661104   	0.00042903618  	0.00079297967  	0.000599268    	0.00085340627  	0.0015846597   	0.0006188387   	0.00041338295  	0.0006536635   	0.0012864673   	0.001026249    	0.00034911462  	0.00037857846  	0.00080500694  	0.0010064262   	0.00083378743  	8.8247136E-05  	0.00071430445  	0.00014442991  	0.0014638543   	0.00031135452  	0.00042194416  	0.0014562759   	0.00060227053  	0.0006116222   	0.00065937324  	0.000416995    	0.0005312248   	0.0004657201   	0.00046650987  	0.0006662496   	0.0005748978   	0.0007228231   	0.00042976235  	0.00036510872  	0.0005485518   	0.0006545881   	0.001123887    	0.00083982927  	
0.0002017301   	0.0005973337   	0.0013888299   	0.0013573151   	0.0025937364   	0.0073621287   	0.010330333    	0.0005601928   	0.00063817605  	0.0009357869   	0.0002474063   	0.0015460774   	0.00083546154  	0.0010492677   	0.0005247888   	0.0009889053   	0.001406648    	0.0005695513   	0.0007130281   	4.600199E-05   	7.0106966E-05  	0.00047445955  	0.0008441555   	0.0006524362   	0.0013822473   	0.00031482172  	0.00056557526  	0.00094150513  	0.0035705569   	0.0016360546   	0.0010671519   	0.00061144197  	0.0016412146   	0.001188154    	0.00042209701  	0.000896471    	0.00038930797  	0.0003986392   	0.000504129    	0.00041085383  	0.0005731672   	0.00042912472  	0.0010282337   	0.0007033568   	0.0005833199   	0.0006081944   	0.0006578579   	0.0006788766   	0.00027356434  	0.00047017     	0.00081495626  	0.0003703819   	0.00059980946  	0.0008471952   	0.00050084776  	0.0010976633   	0.001025974    	0.0031499541   	0.0032681795   	0.00043467648  	0.0006089482   	0.0008270967   	0.00017133946  	0.0008792393   	0.00054362696  	0.0003141051   	0.0010577181   	0.0005751521   	0.00040929634  	0.0015283017   	0.00059998303  	0.00045773905  	0.0005370869   	0.00078258925  	0.0003666402   	0.00041334564  	0.00024240627  	0.0012425126   	0.0006521555   	0.00044055842  	0.0010813012   	0.00040753078  	0.00059483864  	0.00033996793  	0.0004910954   	0.00094460574  	0.00066158676  	0.0010249361   	0.0005450092   	0.00060442736  	0.0008959909   	0.00046140823  	0.00078571367  	0.00048430145  	0.00015080007  	0.0003806148   	0.0007642202   	0.0008063465   	0.00047217248  	0.0005965903   	
0.0005591993   	0.0011597673   	0.0010397879   	0.00097547355  	0.0006656953   	0.00537063     	0.0058299312   	0.00055204646  	0.0005072738   	0.00056449283  	0.00038144575  	0.0003843272   	0.001012959    	0.00051089085  	0.0008566952   	0.00038900456  	0.0011829223   	0.00084618235  	0.0012451332   	0.0007488334   	0.0006599196   	0.0005890977   	0.0006411699   	0.00052253925  	0.00034294685  	0.00047041435  	0.0011646779   	0.0015288925   	0.0035514818   	0.001598536    	0.00541854     	0.00023817107  	0.0010286726   	0.0010911528   	0.00021016848  	0.000406699    	0.0012841676   	0.0004599784   	0.0013863567   	7.7833734E-05  	0.0011136885   	0.0012431174   	0.0009863768   	0.00025255646  	0.00080292596  	0.000661868    	0.0005384991   	0.0015246791   	0.0007714082   	0.0008544961   	0.0006168107   	0.0015169886   	0.0009566162   	0.0005726839   	0.00068324374  	0.0006172243   	0.00063112174  	0.00036371194  	0.0011204839   	0.0005154866   	0.000410764    	0.000424978    	0.00051461393  	0.00056305906  	0.00012245221  	0.00096261234  	0.0011630619   	0.00015465426  	0.0009197785   	0.0008500245   	0.0013156865   	0.0007025199   	0.0005901311   	0.000376121    	0.0003484426   	0.00028269572  	0.0005017139   	0.0009754352   	0.0006137692   	0.00011204254  	0.00034612208  	0.0015361336   	0.0005287087   	0.0003040861   	6.441495E-05   	0.00059368316  	0.0010767258   	0.00020552478  	0.0010033064   	0.00068082445  	0.00054828124  	0.0003904666   	0.00059866806  	0.0006898369   	0.0014432301   	0.0008619782   	0.00109999     	0.0010975292   	0.00066785637  	0.00051172194  	
0.0003831134   	0.00044279054  	0.0011130959   	0.001245441    	0.0006423034   	0.0012157577   	0.009619318    	0.010853589    	0.00034354927  	0.00040371367  	0.001024888    	0.0005009054   	0.00022037647  	0.000533273    	0.00086692226  	0.00022451807  	0.00072031986  	0.0006313269   	0.0006574881   	0.0004672877   	0.00061134814  	0.00056545157  	0.000918846    	0.00084970216  	0.0005658157   	0.0008444102   	0.00068016996  	0.0010783029   	0.0003478056   	0.001970333    	0.004687536    	0.0006634127   	0.0054291617   	0.0008956164   	0.00023505316  	0.00030741456  	0.00068548037  	0.0019373207   	0.0011830726   	0.0011697967   	0.0019105667   	0.0004930608   	0.00070235535  	0.00027938266  	0.001090106    	0.0011252868   	0.0007637711   	0.00032919165  	0.00013951227  	0.0013035436   	0.00033379643  	0.0006289243   	5.0936458E-05  	0.0007228319   	0.00038585032  	0.0009564646   	0.0002197228   	0.00046708153  	0.0005578676   	0.0007930986   	0.00062534824  	0.000964236    	0.00083448016  	0.0012315526   	0.0008776172   	0.00039056648  	0.00033375103  	0.0005511026   	0.0006959313   	0.0009673255   	0.00094025314  	0.00052371464  	0.0007573596   	0.0005227574   	0.0005072551   	0.0013831946   	0.0013392817   	0.0009718208   	0.00056786387  	0.0012266395   	0.00034199766  	0.0007079482   	0.00060825306  	0.00091892027  	0.0012588889   	0.00056460866  	0.0003920441   	0.00062720844  	0.00012335266  	0.0010329478   	0.0004178486   	0.001104918    	0.00042636218  	0.00039382547  	0.0002680828   	0.00071622577  	0.00051457353  	0.00056360645  	0.0012119224   	0.00080730143  	
0.00037371556  	0.0018208298   	0.00034878965  	0.0014148329   	0.0017917478   	0.0005990582   	0.0059593953   	0.0045325803   	0.000696342    	0.0005101322   	0.00018555515  	0.00044960875  	0.00030321756  	0.00059285754  	0.0005552627   	0.00048619282  	0.00039627252  	0.000382131    	0.0012769932   	0.0008593687   	0.00042033973  	0.00032863248  	0.0012464558   	0.0005480378   	0.00046815604  	0.0005154527   	0.00035027633  	0.0008471641   	0.0007985375   	0.00075171824  	0.00043377955  	0.0065348055   	0.0049687903   	0.00072426145  	0.0009929772   	0.0006619622   	0.0008771157   	0.00015184598  	0.00035650274  	0.00030803526  	0.00029369793  	0.0009163457   	0.0012627295   	0.00020833073  	0.001274596    	0.0004147614   	6.3340034E-05  	0.0006501463   	0.0007671778   	0.00020458338  	0.00061517436  	0.00011915487  	0.0010206789   	0.00065910304  	0.00043605585  	0.0013871684   	0.0004100348   	0.0014973693   	0.0006711093   	0.00033763822  	0.00013117785  	0.00071356504  	0.00024080565  	0.0003826877   	0.0011135913   	0.0007642628   	0.0012176554   	0.00056625786  	0.0004645931   	0.0007397566   	0.0010805365   	0.00028716045  	0.0002985195   	0.0012330523   	0.0008965775   	0.00080040435  	0.0007550609   	0.00018161484  	0.0009216304   	0.00036329785  	0.00064311543  	0.00045890966  	0.00047935042  	0.0005637557   	0.00031796168  	0.0004101835   	0.00070048944  	0.00096507376  	0.00036567906  	0.00054564554  	0.0005260964   	0.0006327061   	0.0010159434   	0.0012910796   	0.00097052223  	0.00023946655  	0.0004892701   	0.00063907827  	0.0009034019   	0.00030371416  	
0.000556096    	0.000652664    	0.00079965754  	0.0011860103   	0.0015443531   	0.00054499676  	0.00044140688  	0.0063218935   	0.007508761    	0.00013225825  	0.0007270019   	0.0007470018   	0.00015613233  	0.00029666748  	0.00040295738  	0.00038447388  	0.0013750455   	0.0008822441   	0.0012640724   	0.0007952656   	0.0005713951   	0.0012166016   	0.0010315761   	0.0006597168   	0.0014183032   	0.0010922371   	0.00084176706  	0.0008007394   	0.0010583982   	0.0011160286   	0.000614556    	0.0010824916   	0.0009812651   	0.00022790265  	0.001822173    	0.0010903878   	0.0011620448   	0.00047156782  	0.0009344533   	0.0007657439   	0.00050824706  	0.00095849996  	0.00040281535  	0.000648066    	0.00053578505  	0.00045054438  	0.0005065508   	0.0011607439   	0.0010616824   	0.00070724136  	0.000277129    	0.00042162073  	0.00062954344  	0.0002685976   	0.00032381044  	0.0007454023   	0.00021582314  	0.0009009179   	0.0012518092   	0.0010336271   	0.0012346543   	0.0009820145   	0.000669991    	0.0007781933   	0.0010639371   	0.00034072055  	0.0009777729   	0.00057798496  	0.00036617008  	0.0012070551   	0.00087375095  	0.00036553992  	0.0006767508   	0.00039587982  	0.0008453854   	0.0010401001   	0.00047790306  	0.00034474416  	0.0007525373   	0.0005278013   	0.0010507249   	0.0006496295   	0.00038651587  	0.00036646688  	0.00042057235  	0.0003207149   	0.000721246    	0.00062111387  	0.0006831141   	0.0013126875   	0.0005439683   	0.0006063892   	0.00025633312  	0.0014750138   	0.00040400005  	0.00022379104  	0.0016104544   	0.0014596046   	0.00094568165  	0.00055078586  	
0.00018256895  	0.00062388636  	0.00055543985  	0.00033839126  	0.0032546034   	0.0023332234   	0.0016744246   	0.003508264    	0.004180476    	0.00076233485  	0.00038039015  	0.0009251616   	0.00087469403  	0.00033877854  	0.001001837    	0.0004555136   	0.00018913236  	0.000640719    	0.0004676705   	0.0007362064   	0.001949557    	0.00017989932  	0.00038062502  	0.0003140278   	0.0007663038   	0.0005161565   	0.00046201065  	0.00063642743  	0.0012555086   	0.0002338176   	0.001754146    	0.00057522673  	0.0007183433   	0.0006049855   	0.0011186863   	0.0007759091   	0.0013164949   	0.00071489706  	0.0010892116   	0.0011019671   	0.00033475264  	0.0002627167   	0.0006095708   	0.0010912844   	0.00035921508  	0.001050674    	0.00097016693  	0.0006439563   	0.0008756128   	0.00045961715  	0.0011358745   	0.00072895666  	0.00010842482  	0.00046395566  	0.00051067583  	0.0004483724   	0.0007190808   	0.00097600813  	0.0008282124   	0.00012876744  	0.0009765902   	0.0005331832   	0.0012285815   	0.00038781035  	0.00023596942  	0.00072611414  	0.0010667137   	0.0008457758   	0.0010280698   	0.0008028726   	0.00093760254  	0.00038301613  	0.0005252534   	0.00015351067  	0.00094506284  	0.0007810579   	9.3293194E-05  	0.0006274437   	0.0004064468   	0.00057558453  	0.0007513225   	0.0005147285   	0.0008207144   	0.00018754769  	0.00055958465  	0.0011487844   	0.0010116866   	0.00017505573  	0.0008058431   	0.0004258489   	0.00048500212  	0.0011822969   	0.0006536913   	0.000811246    	0.000746646    	0.00082778936  	0.00028681383  	0.0003615488   	0.0049834996   	0.008992606    	
0.0010197865   	0.00086145644  	0.0006611779   	0.00059416785  	0.0009100176   	0.0008982661   	0.0021828464   	0.0011923965   	0.00716587     	0.009411669    	0.00012021072  	0.00057179964  	0.0006455578   	0.00050335325  	0.0005566387   	0.0010165789   	0.0006894041   	0.00030087552  	0.00041311182  	0.0006655297   	0.00021685158  	0.00017113196  	0.0008752034   	0.00030965076  	0.00057507184  	0.0008830472   	0.00044424835  	0.0001474273   	0.0007965376   	0.00045867125  	0.0007850795   	0.0009995329   	0.00021578434  	0.00072808     	0.0006603198   	0.0005002184   	0.0010417723   	0.0008803179   	0.00023667066  	0.0004406946   	0.0006496325   	0.0010945667   	0.00054964086  	7.087549E-05   	0.0003046164   	0.0006418802   	0.0003864611   	0.0005529028   	0.0005955886   	0.00026160895  	0.0013074349   	0.0003244954   	0.0009127304   	0.0007802639   	0.0011526889   	0.0005924484   	0.0007098012   	0.00042934826  	0.0013904984   	0.00065427297  	0.0005695972   	0.00032150405  	0.0006449602   	0.0008960467   	0.0013797978   	0.00081806886  	0.0011870974   	0.00040433646  	0.00073952787  	0.0006143952   	0.00050579105  	0.0014199374   	0.0001443134   	0.0012039477   	0.0005052523   	0.00068229274  	0.00022668004  	0.0010509377   	0.00024772133  	0.0012221754   	0.0008080714   	0.00140049     	0.0007508482   	0.0009107511   	0.0009062382   	0.0006264928   	0.00095809414  	0.0005936728   	0.000304588    	0.00063779106  	0.0002953421   	0.0006448627   	0.0010928852   	0.0008453027   	0.0011141419   	0.0004218031   	0.00025843267  	0.0028636695   	0.00086226355  	0.0014415712   	
0.0014994929   	0.0008569258   	0.0007836647   	0.00060345075  	0.0001249831   	0.0015442567   	0.00084745866  	0.0006045609   	0.0007698377   	0.00027048468  	0.0010298825   	0.0011380002   	0.0013383486   	0.000925326    	0.00048839266  	0.00043323816  	0.00036864076  	0.0003224988   	0.0005661302   	0.00037736204  	0.00041107106  	0.0008138361   	8.235256E-05   	0.00039711004  	0.00038846163  	0.0004045676   	0.0015071454   	0.0010003629   	0.00063175365  	0.0007238122   	0.0003348606   	0.00074560294  	0.00092774985  	0.0006342137   	0.0005150324   	0.0007372883   	0.0010030504   	0.00061059673  	0.0015338466   	0.0010074653   	0.00023070394  	0.0006283285   	0.0012194485   	0.000110317575 	0.0010452528   	0.00076734845  	0.00043886845  	0.00094186567  	0.0005028701   	0.00079568446  	0.00038927697  	0.00081780186  	0.00086176116  	0.00072800537  	0.0003731697   	0.00092519535  	0.00047705753  	0.00097535894  	0.00092062296  	0.0006890387   	0.0005572057   	0.0008386067   	0.0012585407   	0.0012312576   	0.0012464833   	0.00045927017  	0.00078254926  	0.0003723123   	0.0002819363   	0.0012785742   	0.00082978414  	0.00036152772  	0.0009570747   	0.0014488429   	0.00023972835  	0.00069823134  	0.0009128635   	0.0005360145   	0.00043528242  	0.0010348047   	0.00066871376  	0.0008316614   	0.0006294181   	0.0010066939   	0.00020356753  	0.00097482133  	0.0007122716   	0.0007773921   	0.00068081     	0.0008716593   	0.00046103704  	0.0002558772   	0.00031720084  	0.00033729748  	0.0007612383   	0.0011224698   	0.002294882    	0.0010663792   	0.0022147244   	0.0008662958   	
0.0015515517   	0.00075301586  	0.0007914192   	0.0009399722   	0.000891419    	0.00028544437  	0.00024154628  	0.0014020943   	0.00025156816  	0.000506905    	0.00010610727  	0.0005389048   	0.00055423036  	0.0010267819   	0.00045455244  	0.00070155767  	0.0004332468   	0.00070930045  	0.000508877    	0.0012465918   	0.0010414433   	0.0004433407   	0.000790164    	0.0010446765   	0.00031046098  	0.0011697811   	0.00018505193  	0.00026006336  	0.00073276245  	0.00047914957  	0.0001129472   	0.00094625045  	0.00029625947  	0.00066684023  	0.0013327053   	0.0004826018   	0.00021485165  	0.0007207734   	0.00033453238  	0.00024173668  	0.00016531708  	0.00044555997  	0.0011914595   	0.0005084145   	0.00014083782  	0.0001960503   	0.00046475223  	0.00012006915  	0.00040750572  	0.00024808513  	0.00024608488  	0.00072032044  	0.00033240925  	0.00044141413  	0.0007646782   	0.00044561827  	0.001948323    	0.00032730825  	0.00045896534  	0.0005625575   	0.00081570045  	0.00050957076  	0.000839249    	0.00028281048  	0.0012803915   	0.00032193158  	0.00076784927  	0.000822954    	0.0006168179   	0.00083840685  	0.0011424064   	0.00029441726  	0.00075204927  	0.00042674426  	0.0012423826   	0.000643932    	0.0014021441   	0.00081757735  	0.00032960364  	0.0006811983   	0.0008418238   	0.0006097914   	0.0010875824   	0.0005048732   	0.0006535481   	0.000307602    	0.0011754528   	0.0004821004   	0.00056327845  	0.00088480214  	0.000103956314 	0.00095118734  	0.00046787623  	0.0014719318   	0.00049769564  	0.00052893534  	0.0017401996   	0.00081708404  	0.0015159871   	0.00079982483  	
0.0010623324   	0.0014370957   	0.0007955156   	0.00020370452  	0.0011212302   	0.00095669413  	0.00010983098  	0.0006123162   	0.0006825987   	0.0006596102   	0.00023182223  	0.00089094014  	0.0017118288   	0.0006088459   	0.00074387307  	0.00074511924  	0.0006718352   	0.0012027776   	0.0012867595   	0.0011648342   	0.0012332675   	0.00075617165  	0.00036617997  	0.0002831219   	0.00048642958  	0.0011650573   	0.0008605325   	0.0006025971   	0.0005564267   	0.0002854035   	0.000892564    	0.00085580227  	0.0008624197   	0.00084536866  	6.3367144E-05  	0.0002113778   	0.00047341269  	0.00031868246  	0.00087544165  	0.0004925392   	0.00060279097  	0.0017121921   	0.0011023381   	0.0010482508   	0.00032944127  	0.0009073358   	0.0009383172   	0.0005721283   	0.0010267871   	0.0014087345   	0.00044883176  	5.901159E-05   	0.00051100604  	0.0006537926   	0.00039383888  	0.0009743142   	0.00020483881  	0.004692876    	0.0012852048   	0.00016095144  	0.0020901482   	0.0009775308   	0.006181276    	0.00028067603  	0.00020215796  	0.00015149289  	0.0006952376   	0.0015249983   	0.006492808    	0.000983398    	0.0026951411   	0.0020541006   	0.011081693    	0.00082628854  	0.00074218086  	0.0010165542   	0.00018045386  	0.0012519971   	0.0004665487   	0.0006250499   	0.0009036428   	0.00027772447  	0.0010105437   	0.00036085577  	0.00057545904  	0.00077019405  	0.00066642923  	0.0008113762   	0.00065550854  	0.0007577613   	0.0006205907   	0.0009725559   	0.0011090544   	0.0012202275   	0.00056257786  	9.242381E-05   	0.004438301    	0.00043832458  	0.0055621737   	0.0054419897   	
0.0006492251   	0.00025227622  	0.00093757815  	5.3137417E-05  	0.00063602126  	0.00012923942  	0.00035679585  	0.00081472227  	0.0008974677   	0.0005064583   	0.0013016863   	0.0011584135   	0.00046775764  	0.00061470526  	0.00044933418  	0.0003204284   	0.0005342937   	0.0006057379   	0.00047703838  	0.00014189033  	0.0009820306   	0.0010496773   	0.0007494446   	0.00069882395  	0.00018280237  	0.0010758692   	0.0006149594   	0.0005004735   	0.0004795474   	0.0007262334   	0.0010582114   	0.0003537332   	0.00017490253  	0.0004398583   	0.00019803502  	0.00012423632  	0.0010050816   	0.0006028254   	0.00090601185  	0.00066223124  	0.00051346986  	0.00053028326  	0.00047968514  	0.000659971    	0.00075206853  	0.0008278147   	0.00039181262  	0.0007411974   	0.0009612974   	0.001698139    	0.0010609601   	0.00091513165  	0.0007816665   	0.0010425705   	0.0004924702   	0.004723271    	0.0015412216   	0.0010178131   	0.0005768836   	0.0023864282   	0.0007930052   	0.00068920926  	0.0004481809   	0.0012800378   	0.0016166331   	0.00082407164  	0.0006901863   	0.003097861    	0.0010120267   	0.007570426    	0.0049026515   	0.0008110075   	0.001118099    	0.00072652235  	0.0039844485   	0.0103405705   	0.00048307815  	0.0003739246   	0.0016162974   	0.0007629275   	0.0007824258   	0.00022349133  	0.0006033558   	0.00027028317  	0.0008896375   	0.00060772174  	0.001057811    	0.0017674087   	0.00053471397  	0.0006543021   	0.00037561142  	0.0014491588   	0.0004773628   	0.00028864644  	0.0007938162   	0.00098359     	0.0015428038   	0.00692629     	0.0006201445   	0.0022724504   	
0.0005039775   	0.0006430191   	0.0005078602   	0.0006021259   	0.00085387693  	0.00075977814  	0.00091980526  	0.00025431093  	0.001197828    	0.000386244    	0.0005931704   	0.0010293565   	0.00073323416  	0.0006473212   	0.00068118836  	0.0008112889   	0.0006493073   	0.0003306559   	0.00031415623  	0.0006533606   	0.0007628371   	0.00080362597  	0.0007877768   	0.00038350464  	0.0010094494   	0.00027800156  	0.0006114209   	0.00057986926  	0.00045996511  	0.0003415677   	0.001251568    	0.0009817011   	0.0010736411   	0.00024699984  	0.00065827544  	0.0010656302   	0.0012215432   	0.00018094295  	0.00042512538  	0.00031164242  	0.00049071974  	0.0019492853   	0.0007114579   	0.000919835    	0.00092763203  	0.00028203154  	0.00021162974  	0.00086943596  	0.0009061331   	0.001242617    	0.00071702147  	0.006009269    	0.00072987634  	0.0015395802   	0.000662569    	0.0034341787   	0.00064669363  	0.00034602237  	0.0018796244   	0.00073337555  	0.0014463011   	0.00081859814  	0.0027435338   	0.0033134015   	0.0017360615   	0.0013421101   	0.00038347856  	0.0010273646   	0.0015107269   	8.376102E-05   	0.0005994363   	0.00059463154  	0.00050245534  	0.00027791623  	0.0037548386   	0.006215739    	0.011166852    	0.0008226598   	0.0008716409   	0.00032205792  	0.0004354842   	0.000504829    	0.0002670304   	0.0003895715   	0.0007524597   	0.00064198015  	0.0010153605   	0.0009199341   	0.00070871296  	0.00076807925  	0.00044367067  	0.00019624695  	0.0003844683   	0.001475521    	0.00044467027  	0.0013746644   	0.00047614638  	0.0032511875   	0.0007542635   	0.0017350941   	
0.00069346593  	0.00039726723  	0.0011509384   	0.00025693036  	0.0018584152   	0.00026169955  	0.0010046741   	0.0010179061   	0.0006622923   	0.00062338944  	0.00065520126  	0.00090677396  	0.001054257    	0.0006274752   	0.0011792731   	0.00036934487  	7.896064E-05   	0.0009330323   	0.0005124715   	0.0001410702   	0.0005426528   	0.00090791384  	0.00078218157  	0.0007499875   	0.0006465734   	0.00095190795  	0.0005729667   	0.0009950984   	0.00074865116  	0.0006181142   	0.0005264143   	0.00053219945  	0.00046763264  	0.0011084786   	0.001210288    	0.00032840314  	0.00011445647  	0.00048432144  	0.0005639414   	0.0004786229   	0.00075634517  	0.0008329075   	0.00068163464  	0.0062536835   	0.0021760801   	0.00069910183  	0.00059959973  	0.0037633688   	0.0012272691   	0.0014741995   	0.00054893113  	0.00054369756  	0.00084543705  	0.00064593926  	0.0035785576   	0.0010499897   	0.0022510588   	0.0023068078   	0.00012985914  	0.00020161159  	0.0011749752   	0.000746941    	0.00063785166  	0.0008431707   	0.0012520291   	0.0012493486   	0.0008039795   	0.0016404055   	0.00026062696  	0.00016107761  	0.00097187236  	0.0005129627   	9.612906E-05   	0.0010063439   	0.0005394103   	0.0010981523   	0.009899743    	0.010145221    	0.00016009853  	0.0003911914   	0.0007748601   	0.00023552691  	0.0013161366   	0.0010785878   	0.0010584454   	9.9694655E-05  	0.0001664603   	0.0012981336   	0.0007634038   	0.00058659236  	0.0017483864   	0.0015132988   	0.00088176166  	0.0002882257   	0.0005781104   	0.0005723667   	0.0015065457   	0.002638069    	0.006723615    	0.004824253    	
0.0011063262   	0.0006459175   	0.0005062681   	0.001074756    	0.0010296205   	0.00027241383  	0.00056005677  	0.0017702869   	0.0009194323   	0.00073459285  	8.2522405E-05  	0.00068950816  	0.0011232911   	0.0009706227   	0.0008503601   	0.0006994683   	0.00026172042  	0.00021716346  	0.00075668003  	0.00071108417  	0.00019327595  	0.0007714325   	0.00011677416  	0.00010806096  	0.00076667924  	0.0013815216   	8.285201E-05   	0.0002832532   	0.0010148175   	0.00082803547  	0.00054486777  	0.00065486436  	0.00038400383  	0.0012441063   	0.0007509709   	0.0007844552   	0.0002653536   	0.00043635783  	0.0002352383   	0.00076681376  	0.00034922513  	0.0072166133   	0.001756128    	0.0016533771   	0.00079498655  	0.0011159381   	0.0005838465   	0.002732406    	0.0027456216   	0.0025167183   	0.0015985792   	0.00094446086  	0.0006909024   	0.00052365824  	5.165272E-05   	0.00129341     	0.00065253844  	0.000298676    	0.0005084004   	0.00072588236  	0.0012126201   	0.00039866287  	0.00055127597  	0.00012382722  	0.00087745115  	0.0006052424   	0.00026832343  	0.0004687122   	0.00035049696  	0.00052025873  	0.000629099    	0.0014388821   	0.000109726774 	0.00047774814  	0.00039175327  	0.00037960958  	0.0029840881   	0.0071888235   	0.009637358    	0.00070832757  	0.0005452019   	0.00066098163  	0.00050738605  	0.00023096951  	0.0011786908   	0.00023880228  	0.00061223534  	0.0005445925   	0.0006713445   	0.00072869466  	0.0012759916   	0.0006782793   	0.0006257698   	0.00027129648  	0.00036260881  	0.0007680466   	0.0008413885   	0.0009074712   	0.0045488263   	0.0072246226   	
0.00076797535  	0.00069593976  	0.0002790805   	0.0010918793   	0.00041905342  	0.0005687945   	0.00064279226  	0.00088843924  	0.00083122     	0.0009781109   	0.0010006789   	0.0011901404   	0.0004204367   	0.00074812764  	0.00032055067  	0.0010216951   	0.001079568    	0.0005807012   	0.0008073201   	0.0005532646   	0.0004203939   	0.0003583536   	0.0004552718   	0.00029712945  	0.00060755137  	0.0005499389   	0.0010300266   	0.000267783    	0.0002677377   	0.000106988155 	0.00042214323  	0.0006554349   	6.0855105E-05  	0.0007187808   	0.00034782957  	0.00090930087  	0.0009654688   	0.00015025517  	0.0017468885   	0.005093194    	0.0063399947   	0.00036500162  	0.0012746151   	0.00075945526  	0.0004143112   	0.00037114238  	0.00021661913  	0.00032912462  	0.00015837933  	0.0008131784   	0.0006210958   	0.00015121505  	0.0004402195   	0.0008256598   	0.0009387102   	0.0005670454   	0.0004344195   	0.00021329451  	0.0007228208   	0.0008341979   	0.0007643706   	0.0005780877   	0.00061867543  	0.0004906038   	0.0005642441   	0.0009750515   	0.0006861894   	0.00015742486  	0.0006503183   	0.0009110747   	0.00040395363  	0.00053312496  	0.0010652584   	0.00097517786  	0.00080086506  	0.0007987748   	0.0018729197   	0.0072242185   	0.009106077    	0.00032082456  	0.0011219579   	0.00023200082  	0.00096145814  	0.000656249    	0.00057132536  	9.4789255E-05  	0.0009093421   	0.0005971662   	0.0006858268   	0.0011015371   	0.0006852724   	0.0007822119   	0.00055160874  	0.0010638366   	0.00029337444  	0.00035842884  	0.00068960804  	0.00058485824  	0.0009524676   	0.0027419468   	
0.001028282    	0.00047154838  	0.00068867096  	0.0006133119   	0.000598536    	0.00025974473  	0.0012373847   	0.00052903633  	0.00015847672  	0.00061748514  	0.0012284317   	0.00034782302  	0.00055178406  	0.00038424457  	0.00060916453  	0.00050520524  	0.0009815415   	0.00016321373  	0.0014952214   	0.0010216822   	0.0002468726   	0.000867471    	0.00044646967  	0.0002270598   	0.00050553546  	0.00022157891  	0.00087480823  	0.00054724904  	0.0005639683   	0.00093684654  	0.0005939314   	0.0010794848   	0.0013601828   	0.00091444515  	0.00041785408  	0.00063236203  	0.0005083521   	0.0054994426   	0.0023168789   	0.0030057167   	0.002869887    	0.0042086584   	0.0021595631   	0.0076779593   	0.00046508532  	0.0007452993   	0.00017148831  	0.00049244764  	0.00017816454  	0.0009838842   	0.00067204755  	0.00044646463  	0.00072765845  	0.00014893217  	0.0009794281   	0.0006070795   	0.0015637414   	0.0006171263   	0.00041530622  	6.704233E-05   	0.00047582827  	0.0014474544   	0.00044722826  	0.00048638743  	0.00043528076  	0.0009207623   	0.00016760503  	0.00032792287  	0.00046121786  	0.00032892454  	0.0005944279   	0.00074541237  	0.00028733496  	0.00034374167  	0.001118729    	0.0012745565   	0.0006269737   	0.0015554462   	0.009331835    	0.010825293    	0.0006523674   	0.00040996043  	0.00075433165  	0.00016782715  	0.0014945127   	0.00056693226  	0.00038938495  	0.0005897588   	0.0006337508   	0.00041144842  	0.00032799607  	0.00046776803  	0.0004248542   	0.0008982199   	0.00067186874  	0.00046968888  	0.0009315783   	0.0024016628   	0.0028699085   	0.0038948667   	
0.0006499987   	0.0007939312   	0.0007216898   	0.0008926029   	0.0008354464   	0.000517886    	0.00026202924  	0.00041120307  	0.0010323109   	0.0006892781   	0.00021081504  	0.000681465    	5.894112E-05   	0.00060842355  	0.000719205    	0.0005897636   	0.00019527132  	0.0008536932   	0.0007409025   	0.0007171325   	0.00035129584  	0.0002805139   	0.0005025985   	0.0011944819   	0.00059260026  	0.00055289536  	0.0012287301   	0.0002273535   	0.00040885375  	0.0007790107   	0.00048806684  	0.0005289065   	0.0012608807   	0.00022970984  	0.0014477874   	0.00043232366  	0.00476532     	0.0022064408   	0.0028427131   	0.0005088887   	0.0004967924   	0.0008370584   	0.000787593    	0.0023352366   	0.0003286332   	0.0060358983   	0.0073247524   	0.00029019755  	0.0013739152   	0.00051879644  	0.0005225708   	0.0002869731   	0.00031035344  	7.620578E-05   	0.00093834026  	0.00020618665  	0.0017413792   	0.0013901714   	0.00045135696  	0.0006388549   	0.0006583683   	0.0007432533   	0.00030011867  	0.0013512365   	0.00061280525  	0.0008963882   	0.00028576894  	0.00097412633  	0.00056163705  	0.00036299296  	0.0011534748   	0.0006298473   	0.00081581005  	0.00091686525  	0.00079812383  	0.00067988964  	0.00023491676  	0.0016101652   	0.0050408896   	0.0020007      	0.006452419    	0.0005268099   	0.0005679967   	0.00078171835  	0.00086142716  	0.0009069132   	0.001016636    	0.00054131326  	0.0006189254   	0.00078667444  	0.00010338904  	0.00069562765  	0.0015152028   	0.0007012971   	0.00045911712  	0.0010861717   	0.001104016    	0.0003181744   	0.00065534323  	0.005705917    	
0.00023514511  	0.00014912355  	0.00051575585  	0.002240853    	0.0005121899   	0.00059499335  	0.009897316    	0.0013552138   	0.0011992601   	0.0034412195   	0.0017650569   	0.0015862079   	0.008437606    	0.00025607     	0.00045592245  	0.00046278114  	0.0005211281   	0.0007314717   	0.00036284083  	0.00017246249  	0.00036656158  	0.00042433632  	0.0009953122   	0.0008770968   	0.00044415324  	0.0008354766   	0.0006561243   	0.0014609395   	0.0010575973   	0.0015048347   	0.00040057194  	0.00029320378  	0.00036520683  	0.0012364556   	0.00047961244  	0.0029890728   	0.0023436407   	0.004194956    	0.00072461145  	0.00077529013  	0.0010942966   	0.0010289142   	0.0012917113   	0.0007203554   	0.0013739532   	0.003113634    	0.0026183096   	0.004998137    	0.0009543294   	0.0010053341   	0.0010777697   	0.0003905547   	0.00014297434  	0.0012918197   	0.00018617288  	0.00083351816  	0.001055682    	0.0011092506   	0.00081978744  	0.0008930862   	0.00082667166  	0.00071301963  	0.00081801804  	0.0006949279   	0.0004116334   	0.0009791408   	0.0005729597   	0.0006574675   	0.0005459738   	0.0008006676   	0.0011055464   	0.0005372852   	0.0004136364   	0.0005862808   	0.000755939    	0.00078324287  	0.00066536944  	0.0006240349   	0.00061048253  	0.010442582    	0.010788743    	0.0010867049   	0.0013459283   	0.00043325784  	0.00036664138  	0.00034902114  	0.00070386764  	0.00041370315  	0.00062802806  	0.0005402818   	0.00093543314  	0.00042480972  	0.000720354    	0.00032541822  	0.00033741476  	0.0009927074   	0.0009935477   	0.0011343715   	0.00050238176  	0.0008060829   	
0.0009773182   	0.0010566427   	0.0010605667   	0.00070651586  	0.00032269987  	0.0008514818   	0.0016039114   	8.498929E-05   	0.000604301    	0.0024389643   	0.0008775963   	0.001210261    	0.00065083004  	0.0007732052   	0.002984865    	0.0040841694   	0.010515926    	0.0012022522   	0.00042025116  	0.00032670237  	0.0003403291   	0.00070456706  	0.0006059283   	0.0007663142   	0.00014076862  	0.000803465    	0.0007472213   	0.00022965524  	0.0005794645   	0.001367145    	0.00077202404  	0.00085116416  	0.00027197774  	0.00041558183  	0.0003217061   	0.002276722    	0.0010755417   	0.0010197713   	0.00090711814  	0.00078072643  	7.413413E-05   	0.0009509966   	0.00034331734  	0.0007560459   	0.0014188909   	0.0022588526   	0.00057545473  	0.0039310344   	0.0049506435   	0.0005975801   	0.0005732371   	0.0012480451   	0.00033657262  	0.00045269332  	0.0014191474   	0.0006334563   	0.00025949042  	0.00065285224  	0.0008373116   	0.00035465127  	0.0007842591   	0.00028348714  	0.0006580062   	0.0002259136   	0.00051521085  	7.8633144E-05  	0.0007743544   	0.0006837136   	0.0007542497   	0.0004625675   	0.0010718564   	0.0009648644   	0.00049070216  	0.00031809648  	0.00015384273  	0.0011253398   	0.0001179127   	0.0007884395   	0.00022333072  	0.00566948     	0.0052549224   	0.00058477174  	0.00057542586  	0.0008979709   	0.0005131249   	0.00036024617  	0.00011886099  	0.000549483    	0.00031405408  	0.00028793325  	0.0012038351   	0.0006902631   	0.00071224495  	0.0006020437   	0.00054009113  	0.00019715357  	0.00037013748  	0.0012477015   	0.00042821688  	0.00046821058  	
0.0008566126   	0.0047915294   	0.000664063    	0.0014105943   	0.00018501392  	0.0008817973   	0.0010589068   	0.0010185796   	0.00096436864  	0.00025779323  	0.0008788636   	0.00037477657  	0.00065109064  	0.0007549342   	0.00049498363  	0.005492953    	0.0069919378   	0.00033418374  	0.001278466    	0.00023265983  	0.0010941073   	0.00046399626  	0.0007912569   	0.0012950276   	0.00010951429  	0.0006038914   	0.000645007    	0.0010131877   	0.00078701065  	0.00057411497  	0.0008145068   	0.00037878912  	0.0005400314   	0.001114839    	0.0042276494   	0.0034319924   	0.00034832675  	0.0006488572   	0.005637528    	0.007573453    	0.0010469093   	0.00078171486  	0.0004754585   	0.00073461316  	0.0014057949   	0.0007077228   	0.0008166236   	0.0037496013   	0.0037473512   	0.0004909847   	0.00039954207  	0.0004337009   	0.00054508913  	0.0009311288   	0.0005507168   	0.0007223661   	0.0005591423   	0.00047254897  	0.0005660836   	0.0011405381   	0.000969919    	0.00039528986  	0.0009098512   	0.0010865859   	0.00025282716  	0.0001985394   	0.0005169356   	0.0006087308   	0.00063486455  	0.00042533607  	0.0005738145   	0.0009639864   	0.00052216835  	0.0004421649   	0.0013133944   	0.00062318746  	0.0007528709   	0.001336518    	0.0007743199   	0.0020441941   	0.0067658494   	0.007993996    	0.0009955622   	0.0004989847   	0.00065448275  	0.0008364269   	0.0013122231   	0.00061170413  	0.0015662478   	0.0011328591   	0.00047337415  	0.00055320445  	0.00080241536  	0.00094148004  	0.00062681583  	0.00086847687  	0.0010782782   	0.00023265554  	0.00041836812  	0.0012461025   	
0.0003595649   	0.001165822    	0.0006231079   	0.00071787986  	0.0008778364   	0.001153783    	0.0013956956   	0.0013032381   	0.0010239264   	0.0007122274   	0.0008114953   	0.000667024    	0.00060742116  	0.00072950555  	0.0009261425   	0.000537292    	0.0059322305   	0.0070809256   	0.0011883429   	0.00069577474  	0.0006329928   	0.00085379207  	0.00066857     	0.0006674085   	0.0005444892   	0.00074541697  	0.0005529348   	0.0012011327   	0.00091386354  	0.00039784415  	0.0006290168   	0.00071171223  	0.00075592595  	0.00013942808  	0.00593219     	0.0023285693   	0.002851748    	0.00021419978  	0.0028993317   	0.005823357    	0.0008180508   	0.00013481877  	0.0010763342   	0.00066474365  	0.0046379175   	0.0053913933   	0.003123618    	0.0053621135   	0.007428726    	0.000707855    	0.0006375504   	0.000773063    	0.00014543999  	0.0016261106   	0.00049060734  	0.001017245    	0.0012814745   	0.00013176173  	0.0001867754   	0.00054771046  	0.000628201    	0.0004131164   	0.0013598929   	0.00096146384  	0.0012336548   	0.00041707727  	0.0010748573   	7.345432E-05   	0.0008097275   	0.00025724262  	0.00049394066  	0.00024990644  	0.00019094226  	0.0010973957   	0.0010534882   	0.0006532411   	0.0007934247   	0.0012527352   	0.00017050722  	0.00035260236  	0.006530028    	0.00561158     	0.00048748433  	0.00050289126  	0.000427828    	0.00044420516  	0.00063220866  	0.00043816247  	0.00083226344  	0.000704447    	0.0010995488   	0.00038009562  	0.0004036595   	0.00023168963  	0.0009678824   	0.0011328439   	0.0006179152   	0.0007300956   	0.001091638    	0.000768076    	
0.00049171475  	0.00093051174  	6.3730564E-05  	0.0005957478   	0.0004430733   	0.0009855214   	0.000115393996 	0.0012332861   	0.00084130093  	0.0012853197   	0.00028822816  	0.00049674907  	0.0011196805   	0.00049452257  	0.00019600481  	0.0016614713   	0.0021039648   	0.0071829157   	0.007564674    	0.0009292836   	0.000449315    	0.00055441645  	0.00060220435  	0.0010875827   	8.941168E-05   	0.0007301767   	0.00045633578  	0.0007503814   	0.00074632384  	0.0013661002   	0.0012234147   	0.0014809335   	0.00078677473  	0.00021859373  	0.00083391974  	0.0008786718   	0.0007908115   	0.000872823    	0.00020105952  	0.004716124    	0.0039871796   	0.00049069256  	0.0037542793   	0.0040962943   	0.0011665291   	0.004998644    	0.0007158878   	0.0011357503   	0.00026509454  	0.0008018171   	0.0005322577   	0.0011080484   	0.00057330146  	0.00070411403  	0.0004204753   	0.000293829    	0.0012202951   	0.00073910534  	0.00056773843  	0.0004361327   	0.00052812224  	0.001178287    	0.00054341444  	0.0008878354   	0.00034686044  	0.00037949413  	0.0005577084   	0.0009192486   	0.0011068839   	0.00083324104  	0.0010221319   	0.0010966954   	0.00064402877  	0.0005091361   	0.0011192829   	0.00061485695  	0.00016887933  	0.00037653002  	0.00037187652  	0.00055843237  	0.00082670606  	0.008766857    	0.0093831215   	0.0002789234   	0.00053020066  	0.0007764899   	0.00075693376  	0.0011027625   	0.000820149    	0.0002631823   	0.00018067546  	0.0006306491   	0.00064808887  	0.000381176    	0.00028120974  	0.0010609489   	0.00053415535  	0.00035092447  	0.00085513154  	0.0015194338   	
0.00021354451  	0.001237325    	0.0005841186   	9.455974E-05   	0.00042482436  	0.00033123043  	0.00045290205  	0.0009678133   	0.00014450024  	0.00019131419  	0.00064028346  	0.0010337479   	0.00056839176  	0.0010932116   	0.00072466733  	0.00017741497  	0.0009868129   	0.0055185207   	0.005886045    	0.00042866764  	0.00029240976  	0.00042115207  	0.0004958934   	0.0010885241   	0.00084226206  	0.00061006704  	0.00015846922  	0.0009841498   	0.00020072784  	0.0006187281   	0.000490589    	0.0005038323   	0.0006432838   	0.001219626    	0.0009222676   	0.00017261987  	0.0010865426   	0.00023073424  	0.0005732749   	0.00017743694  	0.0046577314   	0.0017845104   	0.006163283    	0.00020664532  	0.0004075039   	0.0010682482   	0.0006392718   	0.0008367887   	0.0012780471   	0.0005756481   	0.0009851179   	0.000679818    	0.0004146086   	0.0003339976   	0.0003505637   	0.00029738166  	0.00047730122  	0.00062504143  	0.00028903465  	0.0013147366   	0.00047228544  	6.8454145E-05  	0.00037789077  	0.000742502    	0.00022416096  	0.0010618122   	0.00018902388  	0.0010615822   	0.0007328851   	0.0006986796   	0.00022373375  	0.00076516264  	0.00052702497  	0.0005605401   	0.00092476764  	0.00074649445  	0.001117965    	0.0008981947   	0.00040815072  	0.0010901898   	0.0012291692   	0.0011989382   	0.007961179    	0.010686309    	0.0007318741   	0.0011140425   	0.00055762345  	0.0005706024   	0.00063136907  	0.00071910844  	0.00031283576  	9.588288E-05   	0.000497554    	0.00044462798  	0.00037782954  	0.0008791343   	0.0001511959   	0.000814395    	0.00062510313  	0.00039335655  	
0.00077842793  	0.0005390572   	0.0006233322   	0.00030185468  	0.0005134804   	9.632008E-05   	0.0007274364   	0.00049291225  	0.0007721311   	0.0003883639   	0.00047498645  	0.00084820244  	0.0010767649   	0.0004894466   	0.00040575408  	0.00056410866  	0.0009279019   	0.0017702505   	0.010165347    	0.01050536     	0.0010323756   	0.0011099452   	0.00050894544  	0.00057928276  	0.0016764634   	0.0005396281   	0.0004163962   	0.00016222167  	0.00028953436  	0.0010553444   	0.00028312422  	0.00043615274  	0.0007791573   	0.0009494544   	0.00092063524  	0.00084308366  	0.0009197481   	0.00058818416  	0.00043526557  	0.0007788926   	0.0007119595   	0.004859134    	0.0012277449   	0.006848679    	0.00025105174  	0.0007278431   	0.0004542789   	0.00058263255  	0.0004355034   	0.00026949606  	0.0006594762   	0.00031582793  	0.0007356347   	0.00011067596  	0.0001778032   	0.000108058994 	0.00059547584  	0.00077727565  	0.0003743952   	0.0010639695   	0.0013209234   	0.00050096744  	0.00060983363  	0.00024003151  	0.0002535906   	0.0011627538   	0.0010014346   	0.000617077    	0.00064432964  	0.00024328216  	0.00068300404  	0.0010269296   	0.00047216515  	0.00029451816  	0.0002311096   	0.001211184    	0.0004691761   	0.0011783628   	0.0005573223   	0.00066595693  	0.0006170724   	0.00041075706  	0.0059521594   	0.004717253    	0.0014571457   	0.0010601163   	0.000633215    	0.00093119446  	0.0002779689   	0.0007981915   	0.0010513758   	0.0008710286   	0.0007805416   	0.000715497    	0.001050483    	0.0011256104   	0.00021577123  	0.00056080404  	0.00023112814  	0.00084112474  	
0.00061754795  	0.00069850514  	0.0009886173   	0.00048460276  	0.00046967895  	0.00096542446  	0.00082478754  	0.000594954    	0.0012043901   	0.0009718581   	0.00015304143  	0.0013924651   	0.0010073239   	0.0006606611   	0.0003319704   	0.00060349575  	0.00053307496  	0.0015045548   	0.0050991387   	0.005363692    	0.0011163456   	0.0005388851   	0.0006342658   	0.00046686456  	0.00025934103  	0.0004457085   	0.0011151027   	0.0005487049   	0.0003822033   	0.0012745173   	0.0008269779   	0.00063390564  	0.00096731726  	0.00032716693  	0.00036389925  	0.0004927686   	0.00057565863  	0.0011464125   	0.00041821288  	0.00038481067  	0.0013506685   	0.005235981    	0.0011177763   	0.0046259128   	0.0007282011   	0.0003358495   	0.00040560547  	0.000115514515 	0.00092487753  	0.0004853233   	0.0006479709   	0.0006988312   	0.00045522905  	0.0007834328   	0.0007196862   	0.0008051338   	0.0015549012   	0.0011270359   	0.00062683196  	0.00088039524  	0.00041139105  	0.0011700669   	0.00023047329  	0.0008430257   	0.0008371162   	0.00042745692  	0.00036628262  	0.0012014675   	0.0010515573   	0.00041597622  	0.0006956355   	0.00073423306  	0.00086832664  	0.00081058335  	0.0007663453   	0.0007232068   	0.00031014156  	0.0010385911   	7.4033225E-05  	0.00042865812  	0.00093158765  	0.00053837575  	0.0005275062   	0.009305446    	0.0107428      	0.00085542625  	0.0007687761   	0.0007873085   	0.00031457844  	0.00042290788  	0.0004300706   	0.0001908957   	0.00091580726  	0.0002800341   	0.0005362695   	0.00020218179  	0.001309111    	0.0007917489   	0.00077580434  	0.0005137686   	
0.00046436448  	0.0012005992   	0.00047660994  	0.0006408009   	0.0010926288   	0.00058146624  	0.0002964398   	0.0003147546   	0.0013780661   	0.0010965295   	0.0003879652   	0.0007721851   	0.0007024177   	0.0010662122   	0.00035979977  	0.0005955052   	0.0003907033   	0.00031627595  	0.00047057113  	0.00831898     	0.008216151    	0.00029233476  	0.0014426534   	0.0017309779   	0.00019169145  	0.00087688974  	0.0005856039   	0.00018395008  	0.0007192219   	0.00039068717  	0.00048359964  	0.0009906535   	0.00040647268  	0.00063069735  	0.00080583076  	0.00027574794  	0.00033546225  	0.0007417852   	0.0014811584   	0.0007546606   	0.00024445838  	0.00032891787  	0.005138964    	3.4583307E-05  	0.004522753    	0.0011887978   	0.0004563187   	0.000840391    	0.0008120312   	0.00032509636  	0.00030912276  	0.00046198728  	0.00053747953  	0.0005983699   	0.0006440208   	0.0003290389   	0.00026886727  	0.00015960839  	0.00028610983  	2.3175811E-05  	0.00040297362  	0.00011304516  	0.00015785471  	0.000816022    	0.0001342608   	0.00069699227  	0.0007089406   	0.0004554792   	0.0009662665   	0.0010441651   	0.0008616702   	0.0011389685   	0.00017170775  	0.0008756304   	0.00043913384  	0.00036523375  	0.00066303014  	0.0011550353   	0.0009862924   	0.00084471464  	0.0012993444   	0.0008651833   	0.0015674698   	0.0059020594   	0.0030537974   	0.0022028347   	0.0004108134   	0.0009147665   	0.0002584196   	0.00091800245  	0.00074370997  	0.00087138073  	0.0011079321   	0.00043923297  	0.00031270273  	0.0010985394   	0.00089866435  	0.00092874054  	0.00027460066  	0.00060849095  	
