# www.neaspec.com
# Scan:	 	AFM
# Project:	 	20251007_PS
# Description:	 	
# Date:	 	10/07/2025 10:43:47
# Scanner Center Position (X, Y):	[µm]	49.99	50.01	 
# Rotation:	[°]	0	 	 
# Scan Area (X, Y, Z):	[µm]	5.000	5.000	0.000
# Pixel Area (X, Y, Z):	[px]	100	50	1
# Averaging:	 	1	 	 
# Integration time:	[ms]	5	 	 
# Laser Source:	 	4.5-15 µm nano-FTIR laser
# Detector:	 	R
# Target Wavelength:	[µm]	7.502	 	 
# Demodulation Mode:	 	Fourier
# Tip Frequency:	[Hz]	241,340.500	 	 
# Tip Amplitude:	[mV]	45.700	 	 
# Tapping Amplitude:	[nm]	79.665	 	 
# Modulation Frequency:	[Hz]	0.000	 	 
# Modulation Amplitude:	[mV]	0.000	 	 
# Modulation Offset:	[mV]	0.000	 	 
# Setpoint:	[%]	79.75	 	 
# Regulator (P, I, D):	 	4.206850	8.625812	1.000000
# Tip Potential:	[mV]	0.000	 	 
# M1A Scaling:	[nm/V]	0.426	 	 
# M1A Cantilever Factor:	 	1,000	 	 
# Q-Factor:	 	487.4	 	 
# Version:	 	2.1.11536.0
2.8304312      	2.8297813      	2.8283408      	2.828875       	2.8298686      	2.8315253      	2.828534       	2.8285131      	2.829949       	2.829654       	2.829615       	2.8283124      	2.8285766      	2.82842        	2.8301356      	2.829838       	2.8290462      	2.826492       	2.82928        	2.8287835      	2.8293693      	2.8264635      	2.8287175      	2.8296072      	2.829168       	2.8284771      	2.8266442      	2.828001       	2.8314636      	2.8285868      	2.8286276      	2.8278787      	2.8277183      	2.8293118      	2.8285518      	2.832275       	2.8263986      	2.8268716      	2.8277946      	2.8279202      	2.825831       	2.8299227      	2.8292644      	2.8303368      	2.8283434      	2.828379       	2.8275344      	2.8286784      	2.8264115      	2.8311298      	2.827512       	2.8287613      	2.8288913      	2.8265991      	2.8283548      	2.8282423      	2.8272805      	2.8290498      	2.824082       	2.8288302      	2.828692       	2.8282092      	2.8278756      	2.8300116      	2.828685       	2.8282104      	2.8287966      	2.8287587      	2.8283067      	2.8282857      	2.8283215      	2.8273346      	2.8273623      	2.8291116      	2.830789       	2.8257365      	2.8270917      	2.8289685      	2.8290436      	2.8288834      	2.8272176      	2.8285065      	2.8303585      	2.8306983      	2.8282826      	2.8260744      	2.8296247      	2.828247       	2.8290694      	2.8275595      	2.8282866      	2.8291142      	2.8286324      	2.829607       	2.8296175      	2.8266788      	2.8280094      	2.8288298      	2.8285148      	2.8305955      	
2.8285196      	2.8292918      	2.8277922      	2.8291774      	2.8305368      	2.8258133      	2.8288162      	2.8294044      	2.8275838      	2.828456       	2.8296924      	2.8294702      	2.8277483      	2.8268957      	2.826582       	2.831069       	2.826634       	2.8277073      	2.828511       	2.8271463      	2.8280065      	2.8295388      	2.8291333      	2.8280911      	2.8302827      	2.8285491      	2.8298411      	2.8279765      	2.8284948      	2.828377       	2.828296       	2.8274558      	2.8259861      	2.8282652      	2.8279493      	2.8304768      	2.828605       	2.8284101      	2.829533       	2.8261194      	2.8291886      	2.8281658      	2.8270655      	2.826332       	2.827073       	2.828668       	2.8286002      	2.8271897      	2.8288927      	2.8268514      	2.8312678      	2.8287508      	2.8308868      	2.826376       	2.8289213      	2.8297427      	2.8276408      	2.828164       	2.8278325      	2.8289592      	2.8278604      	2.828197       	2.8280816      	2.8297603      	2.8272445      	2.8278341      	2.8311758      	2.8303611      	2.8256156      	2.8266115      	2.8278148      	2.828752       	2.8289447      	2.826808       	2.8284893      	2.8288336      	2.8299956      	2.8272095      	2.8274174      	2.828197       	2.8266156      	2.8274755      	2.8276777      	2.8285255      	2.828027       	2.8282568      	2.8287437      	2.8261836      	2.8272588      	2.827918       	2.8281126      	2.8257465      	2.8289611      	2.8293543      	2.8284914      	2.8296747      	2.8301919      	2.8308284      	2.8259182      	2.8274841      	
2.826262       	2.8283284      	2.827526       	2.8272352      	2.8271875      	2.8290913      	2.8268049      	2.8276143      	2.82817        	2.8287177      	2.828337       	2.825346       	2.8252172      	2.8298042      	2.82681        	2.8269904      	2.8243775      	2.8287964      	2.8300257      	2.8285494      	2.827044       	2.8293014      	2.8299909      	2.830301       	2.828159       	2.8279753      	2.826572       	2.8288815      	2.8279002      	2.8285         	2.8276174      	2.826498       	2.8283443      	2.8278058      	2.828021       	2.8295908      	2.827815       	2.8279488      	2.8304288      	2.8283966      	2.8277478      	2.828624       	2.8305743      	2.8300047      	2.8276093      	2.82732        	2.8278813      	2.8285859      	2.829573       	2.8285842      	2.8286052      	2.8309064      	2.8298306      	2.828919       	2.828098       	2.8276532      	2.827783       	2.8250968      	2.8285499      	2.8276715      	2.828652       	2.8282125      	2.8285208      	2.828626       	2.8302033      	2.8280458      	2.828741       	2.8273911      	2.8283563      	2.8275278      	2.8284204      	2.830873       	2.827076       	2.8265865      	2.8291154      	2.8283162      	2.8280194      	2.8275278      	2.8296058      	2.8289797      	2.8274026      	2.8276587      	2.8295405      	2.8269012      	2.8296962      	2.8292565      	2.8262954      	2.8274014      	2.8299823      	2.8300686      	2.8294358      	2.8273926      	2.8300269      	2.826248       	2.8272886      	2.8294792      	2.8297987      	2.8312016      	2.8297796      	2.830528       	
2.8261545      	2.8297193      	2.829639       	2.8272243      	2.8274243      	2.8307269      	2.8281724      	2.8285973      	2.82971        	2.8313205      	2.8289878      	2.830535       	2.8278666      	2.8283713      	2.8281865      	2.8291564      	2.8266144      	2.8258986      	2.8292997      	2.8283672      	2.8264291      	2.8276625      	2.8288932      	2.829878       	2.828728       	2.82862        	2.8277507      	2.8254962      	2.828364       	2.8302135      	2.8295014      	2.8285866      	2.8272967      	2.8288724      	2.82789        	2.8274477      	2.828669       	2.8271112      	2.8269925      	2.8270574      	2.828073       	2.8268967      	2.8290157      	2.8293226      	2.829065       	2.8295684      	2.8292723      	2.8253412      	2.8287547      	2.8271122      	2.8268938      	2.8283393      	2.8288467      	2.8278615      	2.826098       	2.828297       	2.828446       	2.8292625      	2.8273869      	2.8270073      	2.8262239      	2.8305202      	2.8294458      	2.8274908      	2.8293138      	2.8269958      	2.8288164      	2.8279095      	2.8280988      	2.8284278      	2.828167       	2.8287725      	2.8256173      	2.8294573      	2.830464       	2.8272166      	2.8285003      	2.8272882      	2.829312       	2.826358       	2.8284774      	2.8283246      	2.828504       	2.829895       	2.8289862      	2.8286324      	2.82535        	2.8282382      	2.8329043      	2.8303308      	2.8253763      	2.8295767      	2.8292563      	2.8273346      	2.8273242      	2.8291368      	2.8269687      	2.8288627      	2.8304636      	2.827664       	
2.8281732      	2.8283854      	2.8277206      	2.8276331      	2.8282104      	2.8261743      	2.827414       	2.828947       	2.8284528      	2.8272524      	2.8294528      	2.8258116      	2.8286982      	2.827309       	2.8316867      	2.8284407      	2.829334       	2.830601       	2.827897       	2.828776       	2.8285105      	2.8301027      	2.8288403      	2.8286726      	2.8274856      	2.8284035      	2.8291552      	2.828124       	2.8292575      	2.8270273      	2.8278458      	2.8272486      	2.82743        	2.8269138      	2.8284998      	2.8294778      	2.8293805      	2.8288028      	2.8285453      	2.8282585      	2.828354       	2.8292587      	2.828156       	2.829555       	2.8287868      	2.8275185      	2.8297987      	2.826934       	2.8303668      	2.8291583      	2.8277597      	2.828722       	2.829415       	2.8284895      	2.8286514      	2.8277872      	2.8299994      	2.8278883      	2.8278131      	2.8270652      	2.8288271      	2.8274956      	2.8293002      	2.8296964      	2.827214       	2.830471       	2.828107       	2.8280036      	2.8275194      	2.8286028      	2.8275115      	2.82967        	2.8275545      	2.8287485      	2.8284948      	2.82986        	2.827854       	2.830608       	2.8289046      	2.8285735      	2.8289912      	2.8268988      	2.830379       	2.8266473      	2.830074       	2.8300204      	2.8313289      	2.828198       	2.8271651      	2.8305426      	2.826303       	2.8282847      	2.8304653      	2.8291566      	2.8291888      	2.82732        	2.827112       	2.8288708      	2.8295465      	2.8280175      	
2.8298295      	2.8310292      	2.8287072      	2.8274577      	2.8289676      	2.82797        	2.8297608      	2.8271034      	2.8300376      	2.8313599      	2.8323452      	2.8284683      	2.8262978      	2.8272328      	2.8284583      	2.828926       	2.8284037      	2.8305395      	2.8288174      	2.8271399      	2.8273199      	2.8305225      	2.829174       	2.8312805      	2.8265758      	2.8275626      	2.8245158      	2.8265665      	2.8281167      	2.8289692      	2.8265796      	2.8295026      	2.827795       	2.826873       	2.8301528      	2.8284092      	2.827066       	2.8255818      	2.8288994      	2.8284671      	2.8272731      	2.8281493      	2.8276317      	2.827827       	2.8280323      	2.8300571      	2.8276725      	2.8290162      	2.8291214      	2.8308616      	2.8288643      	2.8298795      	2.8271518      	2.827443       	2.8302636      	2.8297534      	2.8285155      	2.8287601      	2.829032       	2.825626       	2.8294647      	2.826041       	2.8270063      	2.828883       	2.8295908      	2.8297472      	2.829453       	2.829262       	2.8270059      	2.826507       	2.8269908      	2.827396       	2.8301973      	2.8297613      	2.829299       	2.8285983      	2.8258502      	2.8276398      	2.828415       	2.8280115      	2.8282213      	2.8271108      	2.8281612      	2.8306694      	2.8289943      	2.8280084      	2.8277748      	2.8255768      	2.8256688      	2.8253903      	2.8302286      	2.827077       	2.829091       	2.8309329      	2.8296742      	2.828448       	2.8283         	2.828994       	2.8303657      	2.8269167      	
2.8295372      	2.8270183      	2.8291469      	2.8270664      	2.8265352      	2.8269615      	2.829022       	2.825396       	2.8292212      	2.8297915      	2.8294215      	2.8289652      	2.8289428      	2.829142       	2.8287113      	2.8282406      	2.828485       	2.8287635      	2.8270497      	2.8264349      	2.82879        	2.8295586      	2.8268287      	2.829441       	2.8296564      	2.8285656      	2.8287208      	2.82923        	2.825486       	2.8264692      	2.8301983      	2.82531        	2.827024       	2.8284605      	2.8275132      	2.82611        	2.8268807      	2.8288891      	2.8270466      	2.8304927      	2.8297687      	2.8306546      	2.829382       	2.8284388      	2.8279114      	2.8284113      	2.8290765      	2.827852       	2.82624        	2.8271315      	2.8291187      	2.8302696      	2.8291066      	2.8272727      	2.8293116      	2.8280227      	2.828308       	2.8285027      	2.823532       	2.8278515      	2.8278766      	2.829624       	2.8292108      	2.828054       	2.8260593      	2.8281355      	2.8285713      	2.8278913      	2.8282638      	2.8278024      	2.8316815      	2.8273482      	2.8273253      	2.8290982      	2.8287406      	2.830832       	2.8291605      	2.8271818      	2.8290815      	2.8290846      	2.8268232      	2.8264258      	2.8287137      	2.8286514      	2.8289707      	2.8297815      	2.8290157      	2.8295023      	2.8274672      	2.8288727      	2.828107       	2.827422       	2.8255756      	2.8293972      	2.8308527      	2.8279812      	2.830041       	2.8259923      	2.8298244      	2.827776       	
2.828085       	2.8264503      	2.826059       	2.8274813      	2.8285062      	2.8293834      	2.8290813      	2.8273857      	2.8289897      	2.8274598      	2.8273149      	2.8282864      	2.8273656      	2.8279383      	2.8283179      	2.8260043      	2.8303268      	2.8293233      	2.8292487      	2.830921       	2.826995       	2.8303976      	2.8302345      	2.8299546      	2.828318       	2.828842       	2.826642       	2.8263137      	2.8281784      	2.8277533      	2.8287222      	2.8267574      	2.8290677      	2.827297       	2.829699       	2.830265       	2.8272994      	2.827217       	2.8303149      	2.8290172      	2.8277416      	2.82542        	2.8278685      	2.8296623      	2.8278399      	2.8309178      	2.8282034      	2.826891       	2.830083       	2.8301578      	2.8269067      	2.8275197      	2.829778       	2.8272986      	2.828257       	2.8250806      	2.82645        	2.828658       	2.825593       	2.8265648      	2.828813       	2.8283556      	2.8282876      	2.8275754      	2.8276079      	2.8270862      	2.8266792      	2.827649       	2.8276072      	2.826474       	2.8270178      	2.829393       	2.8284707      	2.8270655      	2.826925       	2.8276064      	2.829347       	2.8286648      	2.8281567      	2.8279028      	2.8254597      	2.8271139      	2.828113       	2.827407       	2.8287182      	2.8269274      	2.8297136      	2.8280597      	2.8288038      	2.8271182      	2.8283598      	2.825633       	2.8276455      	2.8286176      	2.8293557      	2.828948       	2.8257506      	2.82485        	2.8276792      	2.8302386      	
2.827524       	2.8283856      	2.8289185      	2.8290424      	2.8271537      	2.8271334      	2.827216       	2.829802       	2.8278725      	2.8290844      	2.8292334      	2.8284812      	2.8291674      	2.826027       	2.8293388      	2.8296132      	2.8283982      	2.8291974      	2.8297877      	2.8285353      	2.8296113      	2.8289745      	2.8294008      	2.829351       	2.8271208      	2.8288343      	2.8265812      	2.8279452      	2.8269389      	2.8271408      	2.8305838      	2.8277774      	2.8273168      	2.8296146      	2.8297532      	2.8285544      	2.830177       	2.826666       	2.8281112      	2.8289082      	2.82519        	2.8263633      	2.8277235      	2.8288493      	2.8279657      	2.8307757      	2.8261485      	2.8316655      	2.8273041      	2.8271196      	2.828563       	2.8281987      	2.8279414      	2.830532       	2.8270328      	2.827442       	2.8273032      	2.8273914      	2.8293424      	2.8295393      	2.8305616      	2.8281167      	2.8277805      	2.826565       	2.8279963      	2.8276331      	2.8277538      	2.8300288      	2.8289478      	2.828146       	2.8275607      	2.8264425      	2.8268607      	2.8290412      	2.8268428      	2.8265095      	2.8264506      	2.827054       	2.8293319      	2.8280735      	2.827334       	2.8304665      	2.8263397      	2.8269854      	2.8290195      	2.828443       	2.826324       	2.8256671      	2.832112       	2.8288455      	2.829869       	2.8275657      	2.8308759      	2.8284378      	2.8286679      	2.8282466      	2.8281238      	2.8290775      	2.8288221      	2.8280103      	
2.827512       	2.826775       	2.8258777      	2.823937       	2.8276782      	2.8266754      	2.8275926      	2.829311       	2.8290877      	2.8289275      	2.8251421      	2.8286932      	2.8272307      	2.827723       	2.826645       	2.826993       	2.830223       	2.8306003      	2.8264165      	2.8281868      	2.8266199      	2.826416       	2.8288708      	2.8271759      	2.8293095      	2.825742       	2.8274622      	2.8262713      	2.8295455      	2.8293862      	2.826037       	2.8313153      	2.8281336      	2.827554       	2.8290157      	2.8267393      	2.827567       	2.8294528      	2.8275454      	2.8264327      	2.826401       	2.827112       	2.8275807      	2.830475       	2.828181       	2.8269465      	2.8298562      	2.827684       	2.8285894      	2.8274577      	2.8307333      	2.8294647      	2.8279192      	2.8292866      	2.8280091      	2.8285794      	2.8318152      	2.8274105      	2.8297215      	2.8272347      	2.826934       	2.8275857      	2.828444       	2.829076       	2.8306944      	2.8272786      	2.8267548      	2.8297312      	2.8295755      	2.8281934      	2.8286474      	2.8309605      	2.827176       	2.8288307      	2.8278623      	2.8289876      	2.8274536      	2.8283825      	2.825757       	2.8291807      	2.8263102      	2.8289602      	2.8308046      	2.827058       	2.8273878      	2.8277838      	2.8295853      	2.8278875      	2.827948       	2.8289914      	2.8269553      	2.8280187      	2.8257048      	2.8264441      	2.8256943      	2.830015       	2.827942       	2.8291926      	2.8280454      	2.8302054      	
2.8301044      	2.8288734      	2.8287044      	2.829284       	2.829086       	2.8271563      	2.8267736      	2.8256557      	2.8290787      	2.827731       	2.8292382      	2.828789       	2.8261147      	2.8264678      	2.8301072      	2.8284328      	2.827299       	2.8280303      	2.8280287      	2.8272915      	2.8284414      	2.8286903      	2.825438       	2.8292289      	2.8286757      	2.827308       	2.829707       	2.826075       	2.8298426      	2.8300252      	2.8279295      	2.8311234      	2.8283854      	2.8288014      	2.827059       	2.8272355      	2.8306987      	2.8303347      	2.8267133      	2.8298697      	2.8284607      	2.829044       	2.8296874      	2.828267       	2.8281643      	2.8311956      	2.8264825      	2.8284924      	2.8283691      	2.8301797      	2.8289952      	2.8288138      	2.8276339      	2.830038       	2.8284717      	2.8303847      	2.8273578      	2.830163       	2.8290474      	2.8274457      	2.8272455      	2.8282828      	2.828117       	2.8293126      	2.8296213      	2.8290825      	2.8273582      	2.8295856      	2.828555       	2.8279767      	2.8264413      	2.8260608      	2.8279598      	2.825705       	2.8309472      	2.8292668      	2.8274965      	2.8297074      	2.8263154      	2.8284705      	2.8280597      	2.8284955      	2.8280447      	2.8275635      	2.8254652      	2.8296616      	2.8267546      	2.8275166      	2.827542       	2.8291683      	2.8283834      	2.8284085      	2.8300464      	2.8273332      	2.8259506      	2.8297975      	2.8280904      	2.8299282      	2.8289554      	2.8283887      	
2.8277745      	2.8294313      	2.8281815      	2.8270836      	2.828312       	2.829324       	2.829228       	2.8285336      	2.8273697      	2.8290062      	2.829654       	2.830255       	2.828376       	2.8299067      	2.828363       	2.8304176      	2.827141       	2.8280857      	2.8282602      	2.8296895      	2.8279011      	2.8287337      	2.8280473      	2.8269153      	2.8294044      	2.8296332      	2.8293254      	2.8289194      	2.8284278      	2.828823       	2.8286922      	2.8259304      	2.8313043      	2.8285275      	2.827622       	2.827933       	2.8263109      	2.8260787      	2.8296652      	2.8306637      	2.830976       	2.8285918      	2.8281121      	2.8277762      	2.8261886      	2.8275492      	2.828341       	2.8274312      	2.8272996      	2.829513       	2.8309875      	2.8273292      	2.8299248      	2.8281589      	2.829886       	2.8293574      	2.8267078      	2.8292186      	2.8304634      	2.828216       	2.8298306      	2.8270502      	2.8287535      	2.8285878      	2.8276243      	2.8291585      	2.8287117      	2.8277342      	2.8277369      	2.8273869      	2.8286266      	2.8284924      	2.8284035      	2.8260593      	2.8268902      	2.8282206      	2.8300588      	2.8284216      	2.8291364      	2.831307       	2.8279111      	2.8279004      	2.830566       	2.8269181      	2.8314054      	2.8273675      	2.8264093      	2.8276222      	2.826671       	2.829534       	2.8302145      	2.8280632      	2.826569       	2.827699       	2.8271258      	2.8277733      	2.8277755      	2.829469       	2.8289773      	2.8251722      	
2.829155       	2.8267753      	2.8267367      	2.8295507      	2.8318553      	2.8287745      	2.8299494      	2.8285117      	2.83003        	2.8286839      	2.8277018      	2.8300762      	2.829793       	2.8258808      	2.828748       	2.8299727      	2.8273237      	2.8296442      	2.8283532      	2.8264492      	2.8268828      	2.829466       	2.8276763      	2.8303466      	2.8266113      	2.8291602      	2.8292823      	2.8274922      	2.8294113      	2.8293667      	2.8311827      	2.830125       	2.8277526      	2.8281531      	2.8265858      	2.828633       	2.8283994      	2.828339       	2.8283134      	2.8277662      	2.8292115      	2.8263571      	2.8298316      	2.8318524      	2.8287342      	2.82956        	2.8280914      	2.8290167      	2.8306475      	2.8278055      	2.8283744      	2.8289437      	2.827991       	2.8304577      	2.828974       	2.8273838      	2.8269248      	2.8269014      	2.8254693      	2.8271468      	2.830211       	2.8301466      	2.8284473      	2.8263843      	2.8300204      	2.8262079      	2.8256247      	2.8293557      	2.829353       	2.8290532      	2.8288527      	2.828191       	2.8268206      	2.8297176      	2.8269155      	2.8263144      	2.8275871      	2.8276343      	2.8286219      	2.828898       	2.8281298      	2.8275933      	2.827704       	2.8288586      	2.8285494      	2.828292       	2.8272722      	2.8280113      	2.8267558      	2.8290372      	2.83037        	2.8280115      	2.8287277      	2.8289306      	2.8297153      	2.8290322      	2.8295555      	2.8293226      	2.8265898      	2.828026       	
2.8271358      	2.8273184      	2.8276572      	2.8272626      	2.829627       	2.826557       	2.8300157      	2.8286815      	2.8278613      	2.8310952      	2.825787       	2.8277645      	2.829022       	2.8282661      	2.828104       	2.8285692      	2.8272443      	2.8289132      	2.8287365      	2.8283103      	2.8297148      	2.8286164      	2.8268058      	2.8305979      	2.8266196      	2.8284574      	2.8272395      	2.8289738      	2.8262777      	2.8264768      	2.8263361      	2.828256       	2.8288236      	2.8266013      	2.8274314      	2.8305013      	2.8253372      	2.8261793      	2.8283293      	2.8306415      	2.8279335      	2.8289027      	2.8265784      	2.8269398      	2.8281257      	2.8294342      	2.8295395      	2.8306265      	2.8283298      	2.8260076      	2.8288267      	2.8286734      	2.8294916      	2.829484       	2.8280041      	2.8284023      	2.8298428      	2.8270888      	2.8296087      	2.8280857      	2.8256838      	2.827239       	2.827711       	2.8272269      	2.8306928      	2.829561       	2.829933       	2.8272038      	2.8288708      	2.8302407      	2.8277462      	2.8279674      	2.8282468      	2.8253832      	2.8268774      	2.8275185      	2.82722        	2.8288414      	2.8278756      	2.8263683      	2.8288524      	2.8306808      	2.8314188      	2.8270252      	2.8294928      	2.8294663      	2.827274       	2.8292027      	2.8277726      	2.830611       	2.8275752      	2.8291993      	2.8300962      	2.8290346      	2.8278136      	2.8286104      	2.8269806      	2.8282955      	2.8284667      	2.8271081      	
2.8295374      	2.8280568      	2.8287208      	2.8262374      	2.829402       	2.8273911      	2.8261483      	2.8285086      	2.8282154      	2.8285913      	2.8299103      	2.8278296      	2.8283722      	2.8281255      	2.828794       	2.8284202      	2.82887        	2.830934       	2.8276205      	2.8292494      	2.8266933      	2.8287334      	2.8291008      	2.8291667      	2.8300405      	2.828123       	2.8269         	2.8306491      	2.8289952      	2.826416       	2.8279786      	2.8293579      	2.828173       	2.8291678      	2.82981        	2.828858       	2.827588       	2.827971       	2.8282049      	2.829293       	2.825005       	2.826144       	2.8305056      	2.8287017      	2.8274875      	2.8276534      	2.8269563      	2.8271916      	2.828052       	2.8299267      	2.8295372      	2.8267212      	2.8279147      	2.8248067      	2.8287613      	2.825834       	2.8257124      	2.8261034      	2.830467       	2.8286932      	2.8301365      	2.8286753      	2.8292823      	2.829256       	2.8305097      	2.8273091      	2.8277879      	2.8270874      	2.8290477      	2.827216       	2.8284745      	2.8293881      	2.8292427      	2.8259656      	2.8288913      	2.8281717      	2.828502       	2.825212       	2.8277304      	2.8264623      	2.8252146      	2.8283882      	2.8277786      	2.8283353      	2.8292074      	2.829575       	2.82767        	2.8274853      	2.8306262      	2.829733       	2.8276834      	2.8279045      	2.8284848      	2.8272953      	2.8298903      	2.828376       	2.8252225      	2.8274562      	2.8272696      	2.827384       	
2.8280025      	2.8268929      	2.82748        	2.828432       	2.8286757      	2.829187       	2.8285737      	2.8259516      	2.8268652      	2.828147       	2.8296485      	2.825345       	2.8284729      	2.8293214      	2.8281722      	2.8258374      	2.8281283      	2.8294625      	2.8310122      	2.8286197      	2.8300755      	2.8286223      	2.826516       	2.8297386      	2.828335       	2.828092       	2.8298836      	2.8298824      	2.8278642      	2.8310149      	2.8273275      	2.8296037      	2.8280852      	2.8246467      	2.8274448      	2.828364       	2.8276248      	2.8299193      	2.827195       	2.8284776      	2.8294382      	2.8265936      	2.8284507      	2.8256364      	2.8269618      	2.826963       	2.8304377      	2.8283076      	2.8275855      	2.830527       	2.8272753      	2.827328       	2.8267984      	2.8291414      	2.829396       	2.8300507      	2.827738       	2.8287244      	2.8258705      	2.8267872      	2.8231716      	2.8254373      	2.8297355      	2.8277926      	2.828237       	2.8273215      	2.8285406      	2.8271377      	2.828461       	2.8261218      	2.8279722      	2.827869       	2.8289926      	2.8276777      	2.8274024      	2.8287578      	2.8299901      	2.8273363      	2.8296459      	2.826434       	2.8280978      	2.8282766      	2.8280296      	2.8319578      	2.82757        	2.825413       	2.8266153      	2.8286157      	2.8279996      	2.8297276      	2.8290272      	2.830229       	2.8316228      	2.8266592      	2.8268907      	2.8286407      	2.8303561      	2.8263185      	2.828325       	2.8304083      	
2.830102       	2.8295283      	2.8296375      	2.8309183      	2.826699       	2.8276997      	2.8304164      	2.828271       	2.82806        	2.8268328      	2.8288913      	2.8274047      	2.8289063      	2.829772       	2.828894       	2.8292997      	2.8297873      	2.8277855      	2.827995       	2.8299863      	2.8286078      	2.8276198      	2.8281035      	2.8285208      	2.8274217      	2.830083       	2.829073       	2.8286066      	2.828641       	2.8257551      	2.82838        	2.8286538      	2.829575       	2.8274279      	2.8283153      	2.8289967      	2.8272362      	2.8296962      	2.8272285      	2.8277164      	2.829322       	2.82918        	2.828885       	2.830669       	2.8274264      	2.8291173      	2.8285396      	2.8305144      	2.8273866      	2.8288414      	2.830233       	2.8274012      	2.826477       	2.829144       	2.8271787      	2.8299844      	2.8281994      	2.827461       	2.8326056      	2.827207       	2.8304982      	2.8270197      	2.8298264      	2.8271325      	2.8276699      	2.8285244      	2.8294709      	2.8271563      	2.828943       	2.8295224      	2.8289568      	2.8280387      	2.8293004      	2.8287354      	2.8299675      	2.8267143      	2.825894       	2.8284125      	2.8303869      	2.830404       	2.8250532      	2.8283489      	2.829845       	2.8289142      	2.8277817      	2.8268213      	2.8290696      	2.8272479      	2.827935       	2.829174       	2.8277273      	2.8303356      	2.8299546      	2.8271742      	2.8269348      	2.827321       	2.8274455      	2.8268113      	2.8318934      	2.829027       	
2.827973       	2.8283656      	2.826859       	2.828442       	2.8277826      	2.8301039      	2.8283422      	2.8296957      	2.8284402      	2.8288264      	2.8305895      	2.82851        	2.8285854      	2.826607       	2.8292506      	2.8262396      	2.826572       	2.8268344      	2.8288746      	2.8274267      	2.830141       	2.829051       	2.8285527      	2.8284497      	2.8276415      	2.8283715      	2.829004       	2.8301773      	2.8295896      	2.8295233      	2.8259647      	2.8303063      	2.8285432      	2.8291187      	2.8265216      	2.8269234      	2.830649       	2.8287268      	2.8260326      	2.8291945      	2.827823       	2.8287442      	2.8292868      	2.8283374      	2.829784       	2.826678       	2.826672       	2.8300145      	2.829149       	2.8287797      	2.8283703      	2.8305748      	2.8263974      	2.8291047      	2.8321989      	2.8295085      	2.828603       	2.8284955      	2.8277268      	2.8283782      	2.8303201      	2.8241262      	2.8290968      	2.8294659      	2.8281946      	2.829766       	2.8268728      	2.825987       	2.8255272      	2.8283873      	2.8287196      	2.8261783      	2.828195       	2.827949       	2.8268704      	2.8264375      	2.8289256      	2.826059       	2.829412       	2.82669        	2.8265824      	2.8269017      	2.8300686      	2.8289306      	2.8296862      	2.8293808      	2.8291063      	2.8270552      	2.828416       	2.8263693      	2.8268275      	2.829075       	2.829373       	2.8293073      	2.8284261      	2.8303542      	2.8282456      	2.8285284      	2.8286753      	2.8281476      	
2.8257058      	2.8272414      	2.8280735      	2.825934       	2.8261034      	2.8278124      	2.8296447      	2.828033       	2.8289988      	2.830757       	2.8285937      	2.831293       	2.830026       	2.8286471      	2.8270612      	2.82566        	2.828137       	2.8272383      	2.8293004      	2.8287985      	2.8284264      	2.8281896      	2.8291962      	2.8276663      	2.8308525      	2.827768       	2.8302147      	2.82732        	2.8271072      	2.8302212      	2.8287485      	2.8285356      	2.8271198      	2.8292282      	2.8267658      	2.8286536      	2.8281798      	2.8278313      	2.829249       	2.825944       	2.8286743      	2.8278105      	2.8294258      	2.8274357      	2.8257744      	2.8289437      	2.8299766      	2.830518       	2.8291905      	2.8287027      	2.8282218      	2.8285663      	2.8273678      	2.8289695      	2.827184       	2.8280826      	2.8294556      	2.8273184      	2.829836       	2.8287768      	2.8277717      	2.826956       	2.8292272      	2.8281672      	2.8288865      	2.8272078      	2.8266332      	2.8286045      	2.8280704      	2.827046       	2.8274431      	2.8279433      	2.8302007      	2.8290443      	2.8295183      	2.8255877      	2.8286023      	2.8292174      	2.8286679      	2.8275013      	2.830556       	2.8302355      	2.826713       	2.830463       	2.829476       	2.8278694      	2.827082       	2.8281977      	2.8292282      	2.827644       	2.8286061      	2.8274696      	2.8300834      	2.82632        	2.8288481      	2.8279026      	2.8280387      	2.8281643      	2.8284981      	2.826888       	
2.8274763      	2.8296733      	2.8280947      	2.8271363      	2.8260243      	2.8291605      	2.8299127      	2.8288803      	2.825938       	2.8279707      	2.8283925      	2.8269312      	2.831571       	2.8274555      	2.8283234      	2.82624        	2.827043       	2.8288665      	2.826957       	2.828175       	2.8263335      	2.8285403      	2.8256125      	2.8294199      	2.8277724      	2.826601       	2.826349       	2.8269067      	2.8293064      	2.8285224      	2.8289685      	2.8286693      	2.8289714      	2.8290727      	2.8290377      	2.8292348      	2.8293958      	2.8300767      	2.8307705      	2.830887       	2.8270307      	2.8256423      	2.8299804      	2.830269       	2.828133       	2.826755       	2.8275933      	2.8273873      	2.82904        	2.827748       	2.8303685      	2.8284388      	2.827999       	2.8286047      	2.8279989      	2.8279684      	2.8270373      	2.8271985      	2.8293817      	2.8279855      	2.8277254      	2.829597       	2.8287153      	2.8278754      	2.8278244      	2.8311203      	2.829          	2.8292131      	2.828567       	2.8276649      	2.8320937      	2.8295634      	2.8260553      	2.8264613      	2.8274722      	2.8282614      	2.8297222      	2.826842       	2.829948       	2.8291023      	2.8275807      	2.8288176      	2.8282077      	2.8300488      	2.8268218      	2.8274527      	2.8277755      	2.8304193      	2.827716       	2.8275175      	2.8286023      	2.826546       	2.8307621      	2.8267894      	2.8268924      	2.8282905      	2.8266678      	2.8273551      	2.8283987      	2.8263404      	
2.827688       	2.8295107      	2.8289204      	2.8279216      	2.8302517      	2.827412       	2.8281462      	2.829214       	2.828009       	2.8266847      	2.8277812      	2.8283556      	2.8298993      	2.8273733      	2.8270721      	2.828795       	2.8287957      	2.8274155      	2.8279102      	2.8283172      	2.8295732      	2.8278992      	2.8264291      	2.827217       	2.8280613      	2.8290153      	2.8294387      	2.8280845      	2.82828        	2.827882       	2.829137       	2.8300133      	2.8292232      	2.8305316      	2.8286853      	2.8288128      	2.8276005      	2.8305712      	2.8304863      	2.8275452      	2.8287337      	2.8265142      	2.8251863      	2.8301194      	2.8277051      	2.8279285      	2.8261921      	2.8282285      	2.8273385      	2.8263886      	2.8287878      	2.8309093      	2.8284461      	2.828452       	2.8273785      	2.8308954      	2.8281813      	2.8275807      	2.829736       	2.827474       	2.8267357      	2.8303041      	2.8276525      	2.8254616      	2.825744       	2.8273742      	2.8281212      	2.8281326      	2.8279734      	2.827757       	2.8287349      	2.826855       	2.828929       	2.829008       	2.8283577      	2.8291225      	2.8301435      	2.8268952      	2.8252966      	2.8284214      	2.827758       	2.8310223      	2.8286176      	2.829863       	2.8275008      	2.828786       	2.8283546      	2.829024       	2.828505       	2.828785       	2.8288915      	2.8273668      	2.8282247      	2.828325       	2.829958       	2.8265336      	2.828565       	2.8298426      	2.828303       	2.8292794      	
2.8294632      	2.8291857      	2.8302155      	2.8287184      	2.8289783      	2.8295474      	2.828432       	2.828338       	2.8273747      	2.8284445      	2.8271656      	2.8281252      	2.8285108      	2.828224       	2.82691        	2.8290076      	2.8287482      	2.829613       	2.8271763      	2.82878        	2.8269787      	2.8297374      	2.8292572      	2.8253484      	2.8293421      	2.8294866      	2.8308644      	2.8262856      	2.8293872      	2.8280015      	2.8268456      	2.830543       	2.8280249      	2.8281872      	2.8277175      	2.8281105      	2.8275666      	2.8275347      	2.8299704      	2.8243978      	2.827109       	2.8273358      	2.826543       	2.8277836      	2.829911       	2.8289394      	2.826486       	2.8271394      	2.827021       	2.8293505      	2.8294342      	2.8271918      	2.8273299      	2.8299584      	2.831371       	2.8271072      	2.827649       	2.8295932      	2.8309283      	2.8297665      	2.826811       	2.8294654      	2.8278847      	2.8275352      	2.8304427      	2.828111       	2.8309462      	2.8279374      	2.8304148      	2.8270195      	2.8274224      	2.827497       	2.8252351      	2.8276904      	2.8294814      	2.8277857      	2.8286974      	2.8293102      	2.828062       	2.8292797      	2.8289433      	2.8295133      	2.8269372      	2.8276048      	2.8299372      	2.828259       	2.829794       	2.830081       	2.8306234      	2.8283045      	2.8258164      	2.8301187      	2.8303306      	2.8282657      	2.8271036      	2.8285306      	2.8269866      	2.8276973      	2.82903        	2.828332       	
2.8289683      	2.82797        	2.8294153      	2.8284643      	2.8278337      	2.8289175      	2.8272376      	2.8300936      	2.8258908      	2.825924       	2.8262014      	2.8261805      	2.8263783      	2.8270943      	2.8301604      	2.8280568      	2.8275814      	2.8271596      	2.8285618      	2.8268185      	2.8260276      	2.8293476      	2.8265226      	2.8285363      	2.8272665      	2.830597       	2.8276062      	2.8298533      	2.829448       	2.8292584      	2.828187       	2.8278666      	2.8268766      	2.829623       	2.8295584      	2.8297503      	2.826365       	2.825561       	2.828414       	2.8295138      	2.8315809      	2.8285658      	2.8307936      	2.8258817      	2.8273506      	2.8300035      	2.828072       	2.8260396      	2.826849       	2.8267639      	2.832492       	2.8300202      	2.8263855      	2.8283978      	2.8294423      	2.8266647      	2.8281865      	2.8274255      	2.8278341      	2.8248987      	2.8270385      	2.8293617      	2.8254387      	2.826015       	2.8297467      	2.8311687      	2.8269491      	2.8281307      	2.8286862      	2.829101       	2.8277752      	2.8277671      	2.8274906      	2.828329       	2.825393       	2.828011       	2.8277788      	2.8296275      	2.8285196      	2.828193       	2.8273888      	2.827683       	2.8284311      	2.8286667      	2.8288805      	2.828914       	2.8277423      	2.8295789      	2.8284771      	2.8307567      	2.8290854      	2.8303282      	2.8296485      	2.830488       	2.8281574      	2.8303835      	2.8295543      	2.8275256      	2.8305018      	2.8271086      	
2.8300953      	2.8279586      	2.828192       	2.8272116      	2.827405       	2.8273268      	2.8290288      	2.8292508      	2.829225       	2.8253791      	2.8278656      	2.8278167      	2.8306704      	2.829774       	2.8263187      	2.8290615      	2.827641       	2.8286502      	2.8300068      	2.8262305      	2.8284817      	2.82924        	2.8290215      	2.8306472      	2.829148       	2.827857       	2.8289192      	2.825875       	2.8276336      	2.8293576      	2.8278973      	2.829154       	2.8297956      	2.828161       	2.8266406      	2.8281124      	2.8299527      	2.8268256      	2.8289773      	2.829005       	2.8280883      	2.828143       	2.8267877      	2.8276973      	2.8293366      	2.8288834      	2.8293478      	2.8282108      	2.8274446      	2.827173       	2.828937       	2.8295064      	2.8271937      	2.8277903      	2.826966       	2.827694       	2.828022       	2.8271017      	2.8267028      	2.8288734      	2.8275828      	2.8277705      	2.8278975      	2.8274643      	2.8293571      	2.8282862      	2.8294442      	2.830369       	2.8279371      	2.8321579      	2.8275158      	2.827894       	2.830289       	2.8277297      	2.8289876      	2.827784       	2.828536       	2.8279052      	2.827759       	2.8258953      	2.8282185      	2.826574       	2.8294835      	2.8306432      	2.831021       	2.8281384      	2.8293228      	2.8287146      	2.8266182      	2.8279145      	2.829222       	2.8290915      	2.8283477      	2.8298326      	2.8270757      	2.8290107      	2.8286793      	2.8292737      	2.828825       	2.8296523      	
2.8298235      	2.8316455      	2.82854        	2.8260374      	2.8272703      	2.8292584      	2.8289323      	2.8269389      	2.8276072      	2.82949        	2.829764       	2.8299859      	2.8295221      	2.829847       	2.8260434      	2.827975       	2.827076       	2.8285873      	2.8285496      	2.8281732      	2.8289862      	2.82751        	2.8283176      	2.8290117      	2.8288307      	2.8275104      	2.82614        	2.8280764      	2.8281174      	2.8261507      	2.829233       	2.8277512      	2.8276799      	2.828486       	2.8267012      	2.8267667      	2.8297684      	2.8291085      	2.8269737      	2.826559       	2.8264291      	2.8290226      	2.8288414      	2.8272088      	2.8305883      	2.8268573      	2.8272219      	2.8263564      	2.829677       	2.8289142      	2.8282816      	2.8281777      	2.8290248      	2.8269734      	2.8289099      	2.8282223      	2.8276799      	2.8271875      	2.826888       	2.8292954      	2.8274672      	2.8275976      	2.8278668      	2.8285787      	2.830617       	2.8315058      	2.8301435      	2.8284423      	2.82672        	2.827774       	2.828152       	2.831767       	2.8287218      	2.8281062      	2.8266075      	2.8311174      	2.8284059      	2.8293724      	2.8299425      	2.828047       	2.8323393      	2.8288016      	2.828569       	2.8285465      	2.828548       	2.8294837      	2.8279681      	2.8275368      	2.8280754      	2.8287954      	2.8278022      	2.8301427      	2.829956       	2.8291807      	2.8291357      	2.828714       	2.8282814      	2.8290646      	2.827129       	2.8280532      	
2.8261287      	2.8275325      	2.8304224      	2.829832       	2.8265607      	2.828517       	2.8273377      	2.8284945      	2.8298795      	2.8271255      	2.8308754      	2.8280282      	2.8310013      	2.8277996      	2.8269238      	2.828835       	2.829158       	2.8297224      	2.8267295      	2.8268032      	2.8301444      	2.8278604      	2.8281448      	2.8281727      	2.82668        	2.829105       	2.8278685      	2.8277695      	2.8277788      	2.8283315      	2.828188       	2.8274531      	2.827959       	2.8290663      	2.8272672      	2.8301         	2.828058       	2.8301532      	2.827615       	2.8290799      	2.831288       	2.8293028      	2.8317358      	2.8303363      	2.8306954      	2.8267112      	2.825966       	2.827208       	2.827114       	2.8281605      	2.8265932      	2.8287344      	2.8257701      	2.8292933      	2.8269482      	2.8271108      	2.8299513      	2.8294904      	2.829093       	2.827142       	2.8290699      	2.8279965      	2.830318       	2.8309116      	2.8294115      	2.8266015      	2.8289237      	2.8278375      	2.8296163      	2.8288414      	2.8251364      	2.8286738      	2.8279061      	2.826983       	2.8285742      	2.8290112      	2.8287265      	2.8265543      	2.8301358      	2.8289053      	2.8303025      	2.8271916      	2.8277204      	2.829099       	2.8298233      	2.8284104      	2.8284152      	2.8285563      	2.8286507      	2.829876       	2.829615       	2.827089       	2.828841       	2.8275683      	2.83171        	2.8295302      	2.8276887      	2.8265316      	2.8292255      	2.828387       	
2.8304012      	2.8288548      	2.830832       	2.8300142      	2.8284097      	2.8276734      	2.8289251      	2.828406       	2.82879        	2.8305838      	2.8298554      	2.8278222      	2.8266351      	2.828608       	2.827132       	2.8290715      	2.8279936      	2.8299923      	2.8300102      	2.8300023      	2.8271875      	2.8268986      	2.8294485      	2.8290498      	2.8294837      	2.8298683      	2.828676       	2.8307645      	2.8299541      	2.8267825      	2.8272128      	2.8304446      	2.8292112      	2.8298683      	2.8277578      	2.8286483      	2.8286734      	2.8286867      	2.8298628      	2.8270712      	2.8276293      	2.8297915      	2.8276017      	2.8295372      	2.8296912      	2.828565       	2.8289707      	2.8292546      	2.8287048      	2.8314443      	2.8262334      	2.8272302      	2.8263278      	2.8269045      	2.8285155      	2.8276618      	2.8288743      	2.8285663      	2.8273063      	2.8269572      	2.8275473      	2.829858       	2.828479       	2.829681       	2.830742       	2.8271384      	2.828156       	2.8283587      	2.8267734      	2.8267674      	2.8290396      	2.829067       	2.8270555      	2.8292994      	2.8287275      	2.826297       	2.8271906      	2.827418       	2.8266912      	2.8287375      	2.8283465      	2.8256478      	2.8278072      	2.8253157      	2.828377       	2.8298266      	2.8275437      	2.8289013      	2.8275566      	2.826017       	2.827253       	2.827294       	2.8279748      	2.8300133      	2.827734       	2.830259       	2.8280346      	2.8282187      	2.8300962      	2.8264158      	
2.8304312      	2.826572       	2.8275332      	2.829993       	2.8271718      	2.8288062      	2.8276184      	2.828769       	2.825705       	2.82688        	2.8294067      	2.8275678      	2.8297262      	2.8287575      	2.828021       	2.826472       	2.826328       	2.8282123      	2.8286052      	2.8282127      	2.8282502      	2.830106       	2.8284554      	2.828384       	2.8276637      	2.8283908      	2.828259       	2.828057       	2.831093       	2.8286328      	2.829583       	2.8304803      	2.8312163      	2.8277164      	2.8296733      	2.8279052      	2.8295538      	2.8294754      	2.8297882      	2.8279376      	2.828185       	2.8296366      	2.8292727      	2.8287725      	2.8289258      	2.8263466      	2.8261206      	2.8290012      	2.8282065      	2.8281472      	2.829333       	2.827792       	2.8278327      	2.8281898      	2.8292851      	2.8283627      	2.8308003      	2.826772       	2.8270707      	2.8310025      	2.829674       	2.8266664      	2.8281066      	2.8272653      	2.8285077      	2.830322       	2.827643       	2.8291025      	2.8298845      	2.8268507      	2.8298736      	2.826886       	2.8291173      	2.8289454      	2.8312054      	2.8298597      	2.828556       	2.826739       	2.8300562      	2.8280058      	2.829178       	2.8296971      	2.8281035      	2.828855       	2.827375       	2.8292565      	2.826995       	2.8284936      	2.8266976      	2.8282185      	2.8276284      	2.8277779      	2.8289154      	2.8270574      	2.8275461      	2.825895       	2.8273604      	2.8281944      	2.8273854      	2.8292572      	
2.82904        	2.828387       	2.8293157      	2.8280756      	2.8305006      	2.827699       	2.8260312      	2.8297746      	2.828763       	2.8273082      	2.8273807      	2.827474       	2.8284233      	2.8289225      	2.827601       	2.828021       	2.82835        	2.8254247      	2.8291852      	2.8289855      	2.830279       	2.8283908      	2.8277729      	2.8297062      	2.8290842      	2.83044        	2.828992       	2.8289547      	2.8290355      	2.8293762      	2.8279414      	2.826701       	2.8276992      	2.8259182      	2.8285341      	2.828216       	2.8289046      	2.8268669      	2.8267972      	2.8268392      	2.8279428      	2.8265965      	2.8279653      	2.8284323      	2.827783       	2.827645       	2.8312194      	2.826666       	2.8286004      	2.828508       	2.8290682      	2.8285232      	2.8266745      	2.8264177      	2.8284442      	2.8289263      	2.8295367      	2.828988       	2.8277352      	2.8295364      	2.830305       	2.8282723      	2.8293877      	2.8263185      	2.829155       	2.8290515      	2.8280675      	2.8277917      	2.829401       	2.8302093      	2.8301191      	2.827687       	2.8281147      	2.8276808      	2.828316       	2.827779       	2.8284721      	2.8296406      	2.8284166      	2.8281574      	2.8273897      	2.8288412      	2.8268595      	2.826574       	2.8282664      	2.82879        	2.8296359      	2.8295517      	2.8274016      	2.8300974      	2.8288429      	2.8288515      	2.8267477      	2.829196       	2.8296554      	2.8253622      	2.8298976      	2.8284762      	2.8285007      	2.8279307      	
2.828023       	2.8256555      	2.8280072      	2.8269315      	2.8250387      	2.825901       	2.829899       	2.8269324      	2.8307505      	2.8290906      	2.8272002      	2.8278065      	2.8273275      	2.8284588      	2.827673       	2.8276248      	2.8276012      	2.827997       	2.8264208      	2.829723       	2.8276143      	2.8280194      	2.828898       	2.828044       	2.827438       	2.827032       	2.829778       	2.8266807      	2.827579       	2.832163       	2.8268726      	2.826519       	2.8273082      	2.8276374      	2.8280833      	2.8298662      	2.829628       	2.827892       	2.8301704      	2.827153       	2.829629       	2.8273242      	2.8275895      	2.8313508      	2.8303127      	2.82955        	2.825892       	2.8279548      	2.8305023      	2.8283157      	2.8289053      	2.8286185      	2.827525       	2.828474       	2.8300934      	2.8288026      	2.8286483      	2.827809       	2.8266993      	2.829269       	2.8278747      	2.8301256      	2.8262224      	2.8296986      	2.8287852      	2.8306513      	2.8280687      	2.8291216      	2.8284848      	2.8265746      	2.8266551      	2.8291712      	2.8325877      	2.828721       	2.828861       	2.82776        	2.8293395      	2.8286977      	2.82783        	2.8277552      	2.8312209      	2.8282464      	2.8275983      	2.8286972      	2.8294573      	2.82952        	2.827253       	2.8314013      	2.8295596      	2.8297558      	2.829664       	2.8261292      	2.8266356      	2.8276954      	2.8283606      	2.8283267      	2.8261929      	2.8269992      	2.8254445      	2.8278563      	
2.8270063      	2.8321624      	2.8312576      	2.8285072      	2.8267357      	2.8290374      	2.826892       	2.8297865      	2.8256605      	2.8285694      	2.8270607      	2.8287072      	2.8278687      	2.8293965      	2.8294125      	2.8253222      	2.8298063      	2.826947       	2.829199       	2.8284297      	2.8304043      	2.828987       	2.8282661      	2.827335       	2.8271003      	2.827849       	2.8300326      	2.8300893      	2.8275268      	2.83096        	2.8259559      	2.8283513      	2.8278286      	2.8276024      	2.8284204      	2.8298378      	2.828001       	2.8259351      	2.8278584      	2.8266222      	2.8293972      	2.8293834      	2.828796       	2.8280468      	2.826797       	2.8278568      	2.826985       	2.828858       	2.8298416      	2.8288183      	2.8298955      	2.8290148      	2.8300633      	2.8300526      	2.8264534      	2.8298438      	2.8275912      	2.828542       	2.8269577      	2.8260136      	2.8281791      	2.8304844      	2.8291411      	2.830604       	2.8303351      	2.8275075      	2.8289394      	2.8285506      	2.8292725      	2.8277264      	2.8264267      	2.8282971      	2.8269901      	2.826714       	2.8288357      	2.8269768      	2.8281245      	2.8303492      	2.8301725      	2.828022       	2.8267343      	2.8280003      	2.8296237      	2.829299       	2.8300428      	2.8299742      	2.8286827      	2.8263693      	2.827003       	2.8261366      	2.828778       	2.8289754      	2.8280003      	2.8291333      	2.827309       	2.8293304      	2.8282127      	2.8278584      	2.8284101      	2.8292947      	
2.8295255      	2.827551       	2.8270917      	2.8287883      	2.8268065      	2.8281755      	2.830554       	2.829622       	2.829421       	2.827118       	2.8270464      	2.8287392      	2.8289504      	2.8272464      	2.8285391      	2.83013        	2.8276262      	2.8268921      	2.828984       	2.8282743      	2.8295996      	2.8293266      	2.828573       	2.8288488      	2.8264098      	2.8272011      	2.8285024      	2.829364       	2.8271875      	2.8263793      	2.827877       	2.8295133      	2.8287282      	2.828528       	2.830986       	2.8276625      	2.8282936      	2.828506       	2.827919       	2.8301103      	2.8270588      	2.8264885      	2.8288128      	2.8295758      	2.8299394      	2.827613       	2.8288517      	2.8283489      	2.826811       	2.8277614      	2.8296556      	2.8285234      	2.8277664      	2.828881       	2.8274941      	2.829973       	2.8292089      	2.828912       	2.827011       	2.8279624      	2.82653        	2.8298607      	2.8268495      	2.8264647      	2.825592       	2.8279738      	2.8264103      	2.8281698      	2.8277383      	2.8297427      	2.8301363      	2.830799       	2.8283443      	2.8289082      	2.8268626      	2.827025       	2.8271837      	2.8279724      	2.8274832      	2.830705       	2.8280687      	2.8285284      	2.8287134      	2.829951       	2.8305087      	2.8286624      	2.8286228      	2.8295417      	2.8291497      	2.8304543      	2.8290737      	2.8298402      	2.8296177      	2.8263288      	2.8284764      	2.8286605      	2.8300393      	2.8282025      	2.829123       	2.830659       	
2.8294785      	2.8299801      	2.8289382      	2.8269248      	2.82542        	2.827966       	2.8285549      	2.829283       	2.8286731      	2.829452       	2.8301044      	2.8279598      	2.8281817      	2.8268628      	2.828524       	2.828829       	2.8285854      	2.8281257      	2.8273463      	2.829503       	2.8277194      	2.8272114      	2.8277245      	2.8278396      	2.828752       	2.8271475      	2.829302       	2.8279414      	2.827001       	2.8274257      	2.8271875      	2.8283994      	2.8267324      	2.83032        	2.8279288      	2.8270252      	2.83005        	2.8278856      	2.8290954      	2.8283174      	2.827813       	2.82961        	2.8303976      	2.8289297      	2.828179       	2.830189       	2.8282318      	2.8282094      	2.8296938      	2.8293576      	2.8294141      	2.8269954      	2.8302503      	2.82803        	2.8276937      	2.8271909      	2.8280733      	2.8288996      	2.827816       	2.8299189      	2.8267934      	2.8309722      	2.826927       	2.8272862      	2.829132       	2.8300774      	2.829707       	2.8262494      	2.827663       	2.82971        	2.8292713      	2.8271914      	2.8294835      	2.829169       	2.8279366      	2.828777       	2.8288002      	2.8289785      	2.8276966      	2.8313031      	2.8284962      	2.8288813      	2.8274374      	2.8282702      	2.827739       	2.8284569      	2.8269885      	2.8280983      	2.8299274      	2.8279643      	2.8277495      	2.8276439      	2.8281155      	2.8267717      	2.827217       	2.82962        	2.829251       	2.8279426      	2.8280926      	2.8288038      	
2.8298278      	2.8296392      	2.8273304      	2.8277657      	2.8290718      	2.8287745      	2.8279028      	2.8283803      	2.8280149      	2.8287032      	2.8301358      	2.8280814      	2.8280177      	2.827923       	2.8280354      	2.830211       	2.8301513      	2.8295987      	2.8269935      	2.8272116      	2.8302414      	2.8283625      	2.82866        	2.8296876      	2.8283997      	2.8270578      	2.8269033      	2.8292327      	2.8286386      	2.8271825      	2.827982       	2.826976       	2.8298867      	2.8289292      	2.8294106      	2.8283763      	2.8282237      	2.8266323      	2.8291252      	2.8296514      	2.8309815      	2.8289614      	2.8292267      	2.8288372      	2.8282318      	2.8280182      	2.8284862      	2.827126       	2.8291583      	2.8279557      	2.831361       	2.8278146      	2.8282225      	2.8298192      	2.8284016      	2.8295188      	2.8281012      	2.8289363      	2.8294244      	2.8270702      	2.8294988      	2.8266118      	2.8284829      	2.8276641      	2.828089       	2.8279636      	2.8291595      	2.828642       	2.8272734      	2.8300788      	2.8311539      	2.8290725      	2.8281486      	2.8281372      	2.8292096      	2.8278859      	2.8263836      	2.8293104      	2.8285258      	2.8273351      	2.8305917      	2.8274255      	2.830232       	2.8255906      	2.8288302      	2.8271127      	2.8273654      	2.8319783      	2.8269262      	2.8284898      	2.8283575      	2.8282304      	2.8295681      	2.8299434      	2.827516       	2.830197       	2.8273695      	2.826292       	2.8312778      	2.8290586      	
2.828866       	2.8298717      	2.8291335      	2.8270779      	2.8275754      	2.8285704      	2.8270483      	2.8275025      	2.8273585      	2.8289902      	2.8295553      	2.8284104      	2.8273711      	2.8293772      	2.8279328      	2.830018       	2.8274975      	2.8293788      	2.827777       	2.8304088      	2.8288105      	2.8293457      	2.828531       	2.827624       	2.829067       	2.829636       	2.8290677      	2.8283746      	2.8286543      	2.827469       	2.8281786      	2.8288531      	2.8282661      	2.82905        	2.827328       	2.8279831      	2.8276405      	2.8310869      	2.8286803      	2.827371       	2.8286824      	2.8274295      	2.829671       	2.82828        	2.8286016      	2.830738       	2.8272164      	2.826935       	2.8254838      	2.827746       	2.8283439      	2.8284426      	2.8299644      	2.8292599      	2.828471       	2.8279815      	2.8267112      	2.8300884      	2.8297777      	2.8291285      	2.8290951      	2.8303547      	2.8290727      	2.8288815      	2.828252       	2.8282373      	2.8284807      	2.8258405      	2.8304832      	2.8275054      	2.8254619      	2.828078       	2.8267357      	2.8282092      	2.829973       	2.8281267      	2.8286138      	2.8252912      	2.8298883      	2.8273685      	2.826518       	2.8285162      	2.8261185      	2.828161       	2.8301618      	2.828597       	2.8265939      	2.8299599      	2.8270314      	2.828911       	2.829083       	2.8301706      	2.8287933      	2.8283825      	2.8294964      	2.829258       	2.8286161      	2.828805       	2.8292317      	2.8295047      	
2.8281817      	2.8283346      	2.8283715      	2.8272307      	2.8258014      	2.8285863      	2.8282967      	2.8280876      	2.8287597      	2.828155       	2.8268986      	2.8284345      	2.8285007      	2.8294313      	2.828065       	2.8290899      	2.8298311      	2.8298323      	2.8287022      	2.8281848      	2.8297307      	2.8271055      	2.8292537      	2.8299754      	2.8300776      	2.8292277      	2.8304174      	2.8273199      	2.8284829      	2.8270903      	2.8276634      	2.8279777      	2.8280187      	2.82709        	2.8269548      	2.8286128      	2.826915       	2.8280215      	2.8277304      	2.8292694      	2.829197       	2.8302655      	2.829265       	2.8265522      	2.8274157      	2.8278642      	2.8294904      	2.8261702      	2.829398       	2.8284001      	2.8278794      	2.8298361      	2.8276403      	2.827849       	2.8268766      	2.8290358      	2.8289952      	2.8275394      	2.826507       	2.829276       	2.8280241      	2.8263607      	2.830103       	2.828998       	2.8282657      	2.827612       	2.8287904      	2.8296049      	2.8295827      	2.8260255      	2.8288946      	2.8290465      	2.8281133      	2.8275197      	2.828807       	2.8276076      	2.8251348      	2.8298645      	2.826597       	2.8276901      	2.8290865      	2.8275344      	2.8277795      	2.8287454      	2.8278089      	2.8291087      	2.8295493      	2.827426       	2.8284569      	2.8284013      	2.8299568      	2.8313665      	2.831325       	2.8305485      	2.8286169      	2.8273845      	2.8279092      	2.8302         	2.8296657      	2.8281832      	
2.826425       	2.8282235      	2.8272164      	2.827849       	2.8275187      	2.8296971      	2.8279278      	2.8292825      	2.8299365      	2.828621       	2.828795       	2.827476       	2.8276718      	2.8288436      	2.8305366      	2.8271332      	2.827152       	2.830708       	2.8317862      	2.8275158      	2.8287258      	2.8281841      	2.8286507      	2.8292482      	2.8306203      	2.8299649      	2.8294673      	2.8288562      	2.8299365      	2.8298244      	2.8306062      	2.827747       	2.8286035      	2.827828       	2.8304503      	2.8306134      	2.8271868      	2.8278258      	2.8286176      	2.8290954      	2.8283825      	2.8284798      	2.8278632      	2.8282676      	2.8292642      	2.8287678      	2.8282826      	2.8277802      	2.8271968      	2.828277       	2.829088       	2.8289433      	2.8289835      	2.8269875      	2.8284898      	2.8281293      	2.8281696      	2.829194       	2.8292491      	2.8267703      	2.8294208      	2.8290308      	2.8295217      	2.83031        	2.8271163      	2.827728       	2.828329       	2.8270657      	2.8274708      	2.8301582      	2.8272328      	2.830239       	2.8275769      	2.8293417      	2.8303092      	2.826957       	2.8284252      	2.827276       	2.8292038      	2.8277693      	2.8283625      	2.8270535      	2.830337       	2.8273363      	2.8285716      	2.8305473      	2.8281069      	2.8255062      	2.829242       	2.8283503      	2.8280673      	2.828382       	2.828922       	2.8271863      	2.8276744      	2.8263974      	2.8274856      	2.8322244      	2.8280776      	2.8298552      	
2.826757       	2.826163       	2.827512       	2.8291385      	2.8280475      	2.8292322      	2.8308496      	2.830814       	2.8259902      	2.8282757      	2.82892        	2.8270094      	2.8280084      	2.8288503      	2.8256257      	2.8290477      	2.829542       	2.8300762      	2.8285744      	2.8272781      	2.8280604      	2.8286421      	2.8294156      	2.8296435      	2.8285441      	2.8282006      	2.82833        	2.8292038      	2.8300104      	2.8274245      	2.8285584      	2.8271217      	2.8262682      	2.8301609      	2.8258104      	2.8296428      	2.8298721      	2.829325       	2.8298132      	2.8283978      	2.8309548      	2.828623       	2.8273268      	2.8288062      	2.82762        	2.8291812      	2.8289726      	2.8305511      	2.8249705      	2.831438       	2.8275669      	2.8311539      	2.8282154      	2.8281069      	2.8267317      	2.830604       	2.8286731      	2.8267655      	2.8281822      	2.8284423      	2.829208       	2.8295581      	2.8304226      	2.826167       	2.827963       	2.824769       	2.8299043      	2.829876       	2.8262098      	2.8303454      	2.8304715      	2.826425       	2.8260863      	2.829831       	2.8280087      	2.8304873      	2.8292499      	2.8282948      	2.828197       	2.8276908      	2.8279142      	2.8296497      	2.8285317      	2.8267379      	2.8292341      	2.827698       	2.8288512      	2.8280582      	2.8299046      	2.8280423      	2.82957        	2.8298361      	2.8278186      	2.829554       	2.8320947      	2.828704       	2.828028       	2.8308992      	2.8269773      	2.830477       	
2.8277335      	2.8251877      	2.8272433      	2.829173       	2.8291023      	2.8278728      	2.830098       	2.8294008      	2.8287108      	2.8262234      	2.8303332      	2.829503       	2.8285735      	2.8276234      	2.829485       	2.8287876      	2.8271616      	2.8294373      	2.8284163      	2.8266945      	2.8271596      	2.8280432      	2.824245       	2.8281248      	2.828324       	2.8297424      	2.8283875      	2.8271837      	2.828993       	2.8271704      	2.8287783      	2.8299007      	2.8271537      	2.8274283      	2.8290873      	2.8293087      	2.8265903      	2.828434       	2.8263936      	2.826058       	2.8297572      	2.82842        	2.828058       	2.8296678      	2.8279061      	2.8297813      	2.8302908      	2.8272185      	2.827439       	2.8285623      	2.8300464      	2.8269334      	2.825265       	2.82632        	2.8298357      	2.8271477      	2.8254175      	2.8291726      	2.8290586      	2.8278265      	2.8275814      	2.8304331      	2.827743       	2.8302822      	2.82698        	2.8300645      	2.8296452      	2.8268437      	2.8264678      	2.8296404      	2.830685       	2.8254495      	2.828139       	2.8274817      	2.8284142      	2.8288543      	2.8289893      	2.8301458      	2.8285103      	2.828808       	2.830079       	2.8291554      	2.826975       	2.8281877      	2.8296127      	2.82773        	2.8265073      	2.82619        	2.8281388      	2.8254244      	2.8284152      	2.8286672      	2.828837       	2.8280292      	2.8268642      	2.825342       	2.8279016      	2.8271253      	2.8295016      	2.8300753      	
2.8281753      	2.8297153      	2.8286676      	2.8292         	2.830719       	2.828947       	2.8275704      	2.8307343      	2.8283653      	2.8289185      	2.8279862      	2.8280091      	2.827518       	2.8280194      	2.8266673      	2.829808       	2.8302245      	2.830123       	2.8286424      	2.8275404      	2.8270633      	2.8286834      	2.8258264      	2.827683       	2.8258145      	2.829089       	2.8290806      	2.8301725      	2.8289247      	2.8287287      	2.827079       	2.8286085      	2.8279676      	2.8287897      	2.8276958      	2.8269055      	2.8279176      	2.8268182      	2.8260374      	2.8291419      	2.828546       	2.8294008      	2.828167       	2.8297195      	2.827293       	2.8297963      	2.8281689      	2.827626       	2.827287       	2.829753       	2.82795        	2.8263743      	2.8296003      	2.828958       	2.8291988      	2.8306024      	2.8288498      	2.8317347      	2.8299804      	2.8264756      	2.8300457      	2.8293285      	2.828441       	2.8289728      	2.8270845      	2.8276112      	2.829521       	2.8263829      	2.8276746      	2.8308117      	2.826865       	2.8278902      	2.8290703      	2.82868        	2.826821       	2.8285675      	2.828381       	2.8290534      	2.8297088      	2.8296194      	2.8300438      	2.829605       	2.82824        	2.8290472      	2.8281124      	2.8269289      	2.830039       	2.8289         	2.829421       	2.8268962      	2.830285       	2.8284674      	2.8284063      	2.8298542      	2.8291972      	2.8301785      	2.8281207      	2.8276968      	2.8292165      	2.8276901      	
2.826767       	2.8285546      	2.8279893      	2.827063       	2.8281338      	2.8274655      	2.829326       	2.828274       	2.8281405      	2.8287268      	2.8288145      	2.8288941      	2.8288627      	2.827743       	2.8288724      	2.8291783      	2.8300924      	2.8290906      	2.830553       	2.8275344      	2.8280652      	2.8283932      	2.8284607      	2.8286445      	2.8287213      	2.8291636      	2.8293564      	2.8258858      	2.8276758      	2.8286319      	2.8278265      	2.828146       	2.8282824      	2.8254128      	2.8275123      	2.8314564      	2.829724       	2.826019       	2.8285215      	2.8273373      	2.8317358      	2.829108       	2.827422       	2.8259277      	2.828646       	2.82766        	2.8248713      	2.8285255      	2.8278203      	2.827603       	2.829801       	2.8299127      	2.829961       	2.8269248      	2.8287272      	2.8275664      	2.8275325      	2.8311844      	2.8302128      	2.8296547      	2.8297372      	2.8298407      	2.8285038      	2.8286726      	2.8262434      	2.8258462      	2.828871       	2.8297832      	2.8287277      	2.8272278      	2.8295         	2.829437       	2.8293257      	2.8292563      	2.831001       	2.8279164      	2.8281052      	2.827434       	2.827631       	2.8280113      	2.8281748      	2.8280182      	2.8295124      	2.8283584      	2.8279662      	2.8294728      	2.8290594      	2.826828       	2.8272219      	2.8273008      	2.828351       	2.82647        	2.8276815      	2.826767       	2.8307133      	2.8295512      	2.8288972      	2.8299732      	2.828468       	2.8278224      	
2.8294594      	2.8276465      	2.8265822      	2.8280008      	2.8284729      	2.831471       	2.828852       	2.8290532      	2.8277566      	2.8267717      	2.8275955      	2.8257494      	2.8287387      	2.827867       	2.8285122      	2.8283486      	2.828954       	2.8271422      	2.825881       	2.8294277      	2.8284836      	2.8302443      	2.8289762      	2.8267598      	2.8280451      	2.8281865      	2.8252296      	2.8314478      	2.8266587      	2.829364       	2.82959        	2.8276565      	2.8316936      	2.8276124      	2.8296843      	2.8288715      	2.8290412      	2.8266435      	2.8269548      	2.831663       	2.829369       	2.8248138      	2.8269517      	2.8283522      	2.826675       	2.8287916      	2.8268864      	2.8276274      	2.8303518      	2.8294072      	2.827126       	2.8287082      	2.8277814      	2.8277678      	2.8274376      	2.8258886      	2.8279755      	2.828144       	2.831392       	2.8287506      	2.8285298      	2.8308496      	2.831571       	2.8316536      	2.8298287      	2.8293374      	2.8306334      	2.8262315      	2.8322613      	2.8277829      	2.8304126      	2.8275928      	2.8293707      	2.8280544      	2.8268745      	2.829839       	2.828676       	2.8298678      	2.8295112      	2.8265357      	2.8288448      	2.827401       	2.8286538      	2.8269355      	2.8294137      	2.8299363      	2.8298972      	2.8312511      	2.830327       	2.8287778      	2.8292394      	2.8281698      	2.828322       	2.8280544      	2.8280818      	2.8295152      	2.8291745      	2.8264053      	2.8275626      	2.827452       	
2.8278937      	2.8287902      	2.826651       	2.8282652      	2.828108       	2.8274822      	2.8278234      	2.827282       	2.8280156      	2.8275115      	2.828298       	2.830226       	2.8262749      	2.8303857      	2.8277125      	2.829188       	2.8277938      	2.8297796      	2.8289967      	2.8288846      	2.8288975      	2.8294907      	2.8275905      	2.8259683      	2.8298645      	2.8287692      	2.8309898      	2.8284535      	2.827882       	2.8307385      	2.8287783      	2.8283613      	2.8281794      	2.829497       	2.8269966      	2.8310802      	2.827322       	2.8287144      	2.8291757      	2.8256161      	2.8282688      	2.825665       	2.8296525      	2.8286402      	2.8297937      	2.829696       	2.8269432      	2.8286967      	2.8306777      	2.8283365      	2.827309       	2.8260343      	2.8304696      	2.8302374      	2.829106       	2.829158       	2.829924       	2.828528       	2.827901       	2.8289301      	2.8297663      	2.8276699      	2.830432       	2.8305707      	2.828288       	2.827692       	2.8283901      	2.8269682      	2.8305101      	2.827701       	2.8288457      	2.8307848      	2.8301232      	2.8266726      	2.827577       	2.8271286      	2.8266025      	2.826407       	2.8300183      	2.8297677      	2.8293982      	2.8277235      	2.8289475      	2.8270109      	2.8285074      	2.827136       	2.8277857      	2.8285265      	2.8274937      	2.8309073      	2.825945       	2.825265       	2.8276825      	2.8271825      	2.8268301      	2.8276894      	2.8293557      	2.8284676      	2.829798       	2.8287234      	
2.8281183      	2.8282437      	2.8278449      	2.8279395      	2.8295255      	2.8284855      	2.8296015      	2.8298037      	2.8276906      	2.8313031      	2.8295321      	2.8291357      	2.8291934      	2.8279011      	2.828942       	2.8255653      	2.8295586      	2.8298602      	2.8256676      	2.827465       	2.826818       	2.8269944      	2.8300636      	2.8285084      	2.828495       	2.8276033      	2.827498       	2.8261797      	2.8294034      	2.8272862      	2.8285172      	2.8312528      	2.8265789      	2.8297253      	2.8285875      	2.826714       	2.8303037      	2.8281918      	2.8235033      	2.8314414      	2.8287718      	2.8302457      	2.8277981      	2.827135       	2.831137       	2.8268895      	2.82987        	2.829866       	2.8299208      	2.8266459      	2.8297567      	2.82871        	2.826872       	2.8296335      	2.827424       	2.8298075      	2.8293183      	2.8294442      	2.8277833      	2.8278835      	2.8284287      	2.829041       	2.8286977      	2.827938       	2.8289385      	2.830146       	2.8275843      	2.826584       	2.826462       	2.8300958      	2.8282814      	2.8289275      	2.8290434      	2.8281255      	2.8280902      	2.8278081      	2.8258727      	2.8253503      	2.830144       	2.8277981      	2.8285604      	2.8301368      	2.830256       	2.8292794      	2.8255408      	2.8272185      	2.8307016      	2.8297665      	2.8285542      	2.8306065      	2.8279576      	2.827729       	2.8278754      	2.8293257      	2.8281271      	2.828341       	2.8268797      	2.8284998      	2.8262732      	2.8285658      	
2.827786       	2.8263683      	2.8270466      	2.8278484      	2.8282344      	2.8286195      	2.8258734      	2.829163       	2.8307002      	2.827065       	2.8306816      	2.8281713      	2.8283575      	2.8269107      	2.8291228      	2.8289998      	2.8289657      	2.8304276      	2.8282068      	2.8289926      	2.8281786      	2.8305354      	2.8322172      	2.8265247      	2.8291183      	2.8295908      	2.8288784      	2.8279586      	2.8267949      	2.8265467      	2.829155       	2.827846       	2.8278563      	2.8283656      	2.827207       	2.829698       	2.827479       	2.8257895      	2.8292313      	2.8276796      	2.8280685      	2.8262763      	2.830255       	2.8306525      	2.830696       	2.830925       	2.828122       	2.8298724      	2.8303463      	2.830611       	2.8281565      	2.8287625      	2.8307142      	2.8273842      	2.828306       	2.8297508      	2.828627       	2.8282778      	2.8267803      	2.8265705      	2.828679       	2.829331       	2.8290458      	2.8279352      	2.82697        	2.8285177      	2.825405       	2.8302205      	2.828544       	2.828136       	2.8298287      	2.8287199      	2.8266814      	2.828238       	2.8273134      	2.8305094      	2.8266554      	2.8263674      	2.829192       	2.8281696      	2.8278358      	2.8301728      	2.8290882      	2.82857        	2.828836       	2.8286736      	2.8250132      	2.8290062      	2.8260567      	2.829066       	2.82713        	2.828323       	2.830315       	2.825939       	2.8292544      	2.8282855      	2.8304174      	2.8295736      	2.8296237      	2.8288128      	
2.830373       	2.8272092      	2.8290877      	2.8298972      	2.8323777      	2.8308809      	2.828574       	2.8273313      	2.8265073      	2.8275692      	2.8255477      	2.8298168      	2.828488       	2.826849       	2.8297844      	2.8276672      	2.8289654      	2.831389       	2.8279934      	2.8309314      	2.8278375      	2.827429       	2.8305054      	2.8298285      	2.8288765      	2.8270016      	2.8296058      	2.8251927      	2.8288379      	2.829845       	2.8279169      	2.8303523      	2.8298097      	2.8270373      	2.8286767      	2.8301826      	2.8285677      	2.827888       	2.828712       	2.825958       	2.832233       	2.8262389      	2.8283         	2.827105       	2.830194       	2.8266323      	2.8274517      	2.8286886      	2.8280368      	2.8309367      	2.8295648      	2.8320389      	2.8288417      	2.8289707      	2.8298206      	2.828702       	2.8280506      	2.8271892      	2.8313658      	2.8272805      	2.829021       	2.8302746      	2.828597       	2.827973       	2.824605       	2.828628       	2.8298268      	2.8283749      	2.8295896      	2.8308768      	2.827375       	2.8287737      	2.8281965      	2.8303025      	2.8290653      	2.8283935      	2.8265722      	2.8266854      	2.8284402      	2.8306496      	2.8305836      	2.8277216      	2.8313243      	2.827363       	2.8299377      	2.8262923      	2.8282878      	2.8297086      	2.8267481      	2.8274937      	2.8288493      	2.8285615      	2.8292308      	2.8281813      	2.8289142      	2.8282464      	2.8311787      	2.8268106      	2.8280458      	2.8306708      	
2.8301003      	2.8278117      	2.8309612      	2.8304768      	2.8292584      	2.8301504      	2.8292387      	2.8281417      	2.8309007      	2.8297482      	2.828534       	2.826971       	2.8291843      	2.8285868      	2.8292336      	2.8283637      	2.8293595      	2.8289194      	2.828077       	2.8308475      	2.828039       	2.8284988      	2.8278668      	2.8274908      	2.828402       	2.8281152      	2.8297973      	2.8292484      	2.8284018      	2.8288155      	2.8326883      	2.8306131      	2.8308518      	2.8299754      	2.8294327      	2.8272817      	2.827754       	2.8284395      	2.8268378      	2.8288188      	2.8294406      	2.8283074      	2.8292422      	2.826893       	2.8275378      	2.8322058      	2.8300974      	2.8284307      	2.8280296      	2.8279839      	2.8274925      	2.8306959      	2.8290203      	2.827259       	2.8269906      	2.8278182      	2.8294413      	2.8267694      	2.825832       	2.8290024      	2.8292704      	2.829448       	2.829813       	2.8301635      	2.8267388      	2.8293643      	2.8250754      	2.8269114      	2.828051       	2.8273664      	2.8274639      	2.8274426      	2.828693       	2.8284943      	2.828145       	2.8260694      	2.8279295      	2.8268166      	2.8287206      	2.8290982      	2.8288884      	2.8278062      	2.8275814      	2.829078       	2.8289096      	2.8290784      	2.8277686      	2.8278248      	2.827899       	2.828384       	2.830139       	2.8298552      	2.8294237      	2.83047        	2.8280778      	2.8281868      	2.8286219      	2.8257105      	2.8284447      	2.8296127      	
2.8300743      	2.8299005      	2.8287747      	2.825789       	2.8277578      	2.826888       	2.8271425      	2.8275235      	2.8293698      	2.8286135      	2.8284163      	2.8288078      	2.8281944      	2.8289292      	2.828832       	2.8282776      	2.8282886      	2.8294237      	2.827679       	2.8300557      	2.8297098      	2.828264       	2.8289778      	2.8279326      	2.8280506      	2.828928       	2.8270733      	2.825859       	2.8276157      	2.828537       	2.8288946      	2.8290823      	2.8265219      	2.8271682      	2.8284318      	2.8287451      	2.8278723      	2.8300579      	2.829302       	2.8295557      	2.8273935      	2.8281589      	2.8253503      	2.8278053      	2.8306515      	2.8304644      	2.8302922      	2.8301313      	2.8256845      	2.8294213      	2.829071       	2.8275928      	2.8269186      	2.8287659      	2.8280432      	2.824873       	2.8291485      	2.8274732      	2.828301       	2.8293772      	2.8280845      	2.8280485      	2.8298569      	2.8284502      	2.8265913      	2.8266194      	2.8308907      	2.8294146      	2.8288503      	2.8279355      	2.829413       	2.8301487      	2.8291688      	2.8294654      	2.8294437      	2.8309698      	2.8280005      	2.8262947      	2.8283784      	2.8246708      	2.827506       	2.8293114      	2.8284786      	2.8302202      	2.8271878      	2.8288803      	2.8313663      	2.8293483      	2.8294413      	2.8298423      	2.8287416      	2.8259091      	2.8306313      	2.8300028      	2.8269458      	2.827504       	2.8300889      	2.8314443      	2.8281066      	2.8284252      	
2.8298557      	2.8321414      	2.8313003      	2.8305087      	2.8301942      	2.8297224      	2.831789       	2.8297057      	2.8310323      	2.8326454      	2.8310852      	2.8295457      	2.8291872      	2.8291912      	2.829087       	2.8293056      	2.8259983      	2.828785       	2.8278093      	2.8292124      	2.8286076      	2.8300889      	2.829498       	2.829452       	2.8294165      	2.8299577      	2.827281       	2.8277433      	2.8271465      	2.8282537      	2.8261044      	2.8276281      	2.8294373      	2.8300052      	2.8297791      	2.826233       	2.8296416      	2.8280504      	2.828107       	2.828348       	2.8271809      	2.828704       	2.8298528      	2.8271408      	2.8265152      	2.8295267      	2.8260584      	2.828742       	2.8245494      	2.829167       	2.8303297      	2.8271728      	2.829588       	2.8278825      	2.8285913      	2.828492       	2.8276086      	2.8275006      	2.8274941      	2.8277686      	2.828353       	2.8277364      	2.8288171      	2.830738       	2.8264005      	2.828446       	2.8282762      	2.8299744      	2.8293817      	2.8277748      	2.8302681      	2.8294413      	2.8276281      	2.829463       	2.8271968      	2.8267803      	2.8301983      	2.8275752      	2.8288155      	2.8282635      	2.8294077      	2.829938       	2.829413       	2.827502       	2.8281808      	2.8273354      	2.8308625      	2.8302417      	2.8282568      	2.8267708      	2.8284233      	2.8293376      	2.82823        	2.8299396      	2.829351       	2.827935       	2.82976        	2.828352       	2.829728       	2.8290553      	
2.8264875      	2.8285255      	2.8293488      	2.830383       	2.8304558      	2.8301935      	2.8273213      	2.8285286      	2.8296113      	2.8286076      	2.8307135      	2.8286576      	2.8263292      	2.8272934      	2.8276734      	2.830526       	2.82779        	2.8272052      	2.8280344      	2.8266225      	2.8279674      	2.8300467      	2.830404       	2.8271508      	2.8285441      	2.8302712      	2.8259187      	2.8282597      	2.8278615      	2.827122       	2.8280985      	2.8291996      	2.8285322      	2.8289695      	2.8260787      	2.8273683      	2.8297582      	2.8259444      	2.8300023      	2.8275886      	2.8263724      	2.8274553      	2.831121       	2.8287904      	2.8284364      	2.8307948      	2.8281078      	2.827653       	2.8282464      	2.8277578      	2.8292687      	2.829735       	2.8288803      	2.829039       	2.8273802      	2.8270493      	2.8316002      	2.8287504      	2.8282762      	2.8285472      	2.8272443      	2.8275042      	2.8289897      	2.8289125      	2.828243       	2.8299882      	2.8288164      	2.8290143      	2.827284       	2.8286352      	2.828368       	2.828341       	2.829747       	2.829214       	2.826408       	2.8286886      	2.8270783      	2.8291519      	2.8291361      	2.825956       	2.8295195      	2.8283918      	2.828846       	2.8265424      	2.8297753      	2.828525       	2.8286994      	2.8271444      	2.8276312      	2.8270354      	2.827248       	2.826452       	2.830909       	2.82914        	2.829513       	2.8308837      	2.8281438      	2.8290741      	2.8288126      	2.8263865      	
