# www.neaspec.com
# Scan:	 	AFM
# Project:	 	20251007_PS
# Description:	 	
# Date:	 	10/07/2025 10:43:47
# Scanner Center Position (X, Y):	[µm]	49.99	50.01	 
# Rotation:	[°]	0	 	 
# Scan Area (X, Y, Z):	[µm]	5.000	5.000	0.000
# Pixel Area (X, Y, Z):	[px]	100	50	1
# Averaging:	 	1	 	 
# Integration time:	[ms]	5	 	 
# Laser Source:	 	4.5-15 µm nano-FTIR laser
# Detector:	 	R
# Target Wavelength:	[µm]	7.502	 	 
# Demodulation Mode:	 	Fourier
# Tip Frequency:	[Hz]	241,340.500	 	 
# Tip Amplitude:	[mV]	45.700	 	 
# Tapping Amplitude:	[nm]	79.665	 	 
# Modulation Frequency:	[Hz]	0.000	 	 
# Modulation Amplitude:	[mV]	0.000	 	 
# Modulation Offset:	[mV]	0.000	 	 
# Setpoint:	[%]	79.75	 	 
# Regulator (P, I, D):	 	4.206850	8.625812	1.000000
# Tip Potential:	[mV]	0.000	 	 
# M1A Scaling:	[nm/V]	0.426	 	 
# M1A Cantilever Factor:	 	1,000	 	 
# Q-Factor:	 	487.4	 	 
# Version:	 	2.1.11536.0
667.73804      	667.7236       	667.6812       	667.6878       	667.70435      	667.70123      	667.7001       	667.7227       	667.71735      	667.6637       	667.6598       	667.62305      	667.629        	667.609        	667.68335      	667.7057       	667.6601       	667.6771       	667.6863       	667.6561       	667.6572       	667.63513      	667.7013       	667.664        	667.6415       	667.6889       	667.67944      	667.70886      	667.7323       	667.6915       	667.6462       	667.7071       	667.6859       	667.6935       	667.671        	667.649        	667.66284      	667.6557       	667.64026      	667.63965      	667.6656       	667.62866      	667.6508       	667.66205      	667.6537       	667.68274      	667.6628       	667.676        	667.7051       	667.72235      	667.6816       	667.66235      	667.69586      	667.7164       	667.73047      	667.709        	667.69055      	667.70496      	667.7357       	667.7361       	667.695        	667.74963      	667.7462       	667.70605      	667.74817      	667.7464       	667.7257       	667.7087       	667.66754      	667.7119       	667.73895      	667.7008       	667.71136      	667.7744       	667.7721       	667.709        	667.7187       	667.7366       	667.7234       	667.71783      	667.7143       	667.7221       	667.69244      	667.7208       	667.72614      	667.38684      	667.5241       	667.45703      	667.4714       	667.4724       	667.5139       	667.55206      	667.5166       	667.537        	667.5831       	667.6183       	667.6974       	667.7266       	667.7396       	667.77344      	
667.7267       	667.7183       	667.6983       	667.697        	667.691        	667.6812       	667.7024       	667.6592       	667.6748       	667.71643      	667.71423      	667.76764      	667.74207      	667.69244      	667.68976      	667.6986       	667.6683       	667.6732       	667.6823       	667.66693      	667.71704      	667.6888       	667.6923       	667.6843       	667.691        	667.66895      	667.6791       	667.6651       	667.6455       	667.6507       	667.68164      	667.6942       	667.6995       	667.65894      	667.6599       	667.69244      	667.6861       	667.71387      	667.7126       	667.67847      	667.70844      	667.732        	667.69476      	667.7151       	667.6992       	667.70795      	667.71387      	667.70825      	667.70337      	667.68805      	667.7135       	667.7003       	667.6733       	667.69226      	667.6654       	667.68176      	667.7682       	667.7642       	667.72894      	667.748        	667.7715       	667.7567       	667.7115       	667.7476       	667.7309       	667.7044       	667.7457       	667.7172       	667.70856      	667.7298       	667.73376      	667.7097       	667.7655       	667.72504      	667.73987      	667.7211       	667.71423      	667.7527       	667.71         	667.72534      	667.7346       	667.72266      	667.73987      	667.78314      	667.37573      	667.40076      	667.4975       	667.62933      	667.622        	667.6837       	667.7567       	667.76605      	667.7721       	667.76263      	667.78         	667.75         	667.76465      	667.76636      	667.7753       	667.7543       	
667.8284       	667.7728       	667.80725      	667.838        	667.87915      	667.8606       	667.8603       	667.8214       	667.8398       	667.8342       	667.8233       	667.7888       	667.7945       	667.82416      	667.8265       	667.8168       	667.84265      	667.8492       	667.8245       	667.8278       	667.7743       	667.8353       	667.87274      	667.82605      	667.8492       	667.8448       	667.84875      	667.8379       	667.8439       	667.8432       	667.8499       	667.8493       	667.8185       	667.8484       	667.79974      	667.8121       	667.80914      	667.8267       	667.78064      	667.76575      	667.78766      	667.8196       	667.81354      	667.80945      	667.8419       	667.79144      	667.80444      	667.834        	667.8607       	667.8207       	667.824        	667.8021       	667.8238       	667.8496       	667.82776      	667.8434       	667.83746      	667.83203      	667.83295      	667.8448       	667.84094      	667.82855      	667.8385       	667.83325      	667.8054       	667.8184       	667.82745      	667.8022       	667.79504      	667.8104       	667.8164       	667.8259       	667.7908       	667.82153      	667.8342       	667.79114      	667.80554      	667.832        	667.7949       	667.80334      	667.87213      	667.67426      	667.58374      	667.6504       	667.7548       	667.8109       	667.8746       	667.8597       	667.8828       	667.88666      	667.839        	667.8438       	667.8762       	667.8292       	667.82587      	667.85815      	667.8569       	667.8372       	667.83997      	667.84436      	
667.8948       	667.86597      	667.8844       	667.87103      	667.8942       	667.90985      	667.8954       	667.90344      	667.9185       	667.9021       	667.8943       	667.91833      	667.88245      	667.9061       	667.9118       	667.9193       	667.9124       	667.9271       	667.9086       	667.90326      	667.93726      	667.9013       	667.9703       	667.93024      	667.9234       	667.92523      	667.9131       	667.93445      	667.90466      	667.9228       	667.9283       	667.914        	667.9249       	667.89453      	667.9161       	667.8939       	667.92413      	667.8976       	667.90796      	667.8597       	667.9007       	667.92065      	667.902        	667.90344      	667.88513      	667.8951       	667.8808       	667.90094      	667.90485      	667.9108       	667.9039       	667.9086       	667.9395       	667.9241       	667.9141       	667.91565      	667.8942       	667.89655      	667.9085       	667.9026       	667.9034       	667.898        	667.93036      	667.9078       	667.917        	667.8581       	667.8874       	667.89746      	667.8701       	667.9378       	667.9617       	667.9518       	667.9708       	667.9593       	667.9446       	667.91376      	667.9472       	667.92834      	667.9111       	667.9547       	667.9669       	667.78345      	667.7065       	667.8298       	667.8642       	667.90906      	667.91504      	667.9648       	667.9852       	667.9483       	667.9775       	667.9687       	667.95074      	667.96246      	667.946        	667.94305      	667.9414       	667.9252       	667.92535      	667.942        	
668.0391       	668.0522       	668.02454      	668.0486       	668.03265      	668.04785      	668.0586       	668.0121       	668.06213      	668.04034      	668.02466      	668.079        	668.05927      	668.0621       	668.0582       	668.0325       	668.0709       	668.06287      	668.0536       	668.0406       	668.074        	668.0263       	668.03546      	668.07104      	668.02625      	668.0658       	668.0622       	668.0807       	668.05664      	668.03796      	668.0505       	668.0716       	668.03754      	668.0626       	668.0544       	668.0257       	668.0611       	668.0806       	668.0486       	668.0782       	668.0624       	668.0353       	668.04785      	668.0608       	668.0147       	668.0392       	668.037        	668.02313      	668.04517      	668.02856      	668.0787       	668.12274      	667.7509       	667.7501       	667.8407       	667.99426      	668.0636       	668.05664      	668.0932       	668.08716      	668.0954       	668.05884      	668.06866      	668.042        	668.0382       	668.0131       	668.0115       	668.0195       	668.01294      	668.0153       	668.0248       	668.01495      	668.01654      	668.0374       	668.0257       	668.03406      	667.9923       	668.0115       	668.0188       	668.0089       	668.05005      	667.6591       	667.7348       	667.9815       	668.00073      	668.0273       	668.07947      	668.1339       	668.1257       	668.1023       	668.1407       	668.11884      	668.10455      	668.08997      	668.11176      	668.08325      	668.0978       	668.1093       	668.0651       	668.07623      	
668.13196      	668.14813      	668.1058       	668.09955      	668.10425      	668.0958       	668.12805      	668.1303       	668.12115      	668.11414      	668.11926      	668.0857       	668.0703       	668.0953       	668.07605      	668.0709       	668.11316      	668.11914      	668.0777       	668.0748       	668.0746       	668.06085      	668.0958       	668.11         	668.1227       	668.13226      	668.1211       	668.1645       	668.1288       	668.1272       	668.10315      	668.0995       	668.10486      	668.11005      	668.0812       	668.10284      	668.1096       	668.07214      	668.10974      	668.09436      	668.1399       	668.09235      	668.0958       	668.0612       	668.089        	667.8666       	667.74567      	667.8002       	667.91394      	667.8447       	667.87213      	667.86194      	667.85254      	667.83374      	667.85516      	667.8489       	667.7897       	668.01996      	668.1758       	668.1368       	668.1119       	668.106        	668.0995       	668.10803      	668.1081       	668.148        	668.0969       	668.1288       	668.1162       	668.10004      	668.13153      	668.1201       	668.12177      	668.12146      	668.1476       	668.0892       	668.06714      	668.0663       	668.0882       	668.08954      	668.11005      	667.88586      	667.8106       	667.88324      	668.03235      	668.0577       	668.11334      	668.16473      	668.1927       	668.2354       	668.1975       	668.19855      	668.17053      	668.19916      	668.21277      	668.20404      	668.2182       	668.2398       	668.21094      	668.2426       	
668.4746       	668.4921       	668.4685       	668.4977       	668.4605       	668.4724       	668.49146      	668.49133      	668.52014      	668.5056       	668.45374      	668.47943      	668.476        	668.5114       	668.5069       	668.4809       	668.4862       	668.499        	668.50104      	668.48785      	668.4944       	668.47974      	668.4327       	668.4822       	668.46747      	668.45386      	668.5015       	668.45905      	668.4509       	668.5022       	668.47015      	668.46765      	668.50415      	668.473        	668.48883      	668.4387       	668.45306      	668.4817       	668.12054      	668.1176       	668.1233       	668.2126       	668.16656      	668.12854      	668.16614      	668.17883      	668.1604       	668.0985       	668.1645       	668.3034       	668.332        	668.3877       	668.44305      	668.45447      	668.47906      	668.5208       	668.5498       	668.57886      	668.4973       	668.4411       	668.45636      	668.4625       	668.4478       	668.4727       	668.4566       	668.43835      	668.45715      	668.46747      	668.47656      	668.4671       	668.4481       	668.432        	668.41144      	668.4322       	668.4304       	668.4394       	668.38086      	668.417        	668.4029       	668.3851       	668.3929       	668.45306      	668.02985      	668.043        	668.22864      	668.2828       	668.3276       	668.33295      	668.4336       	668.3636       	668.40094      	668.4144       	668.3734       	668.3894       	668.3997       	668.4229       	668.3905       	668.38824      	668.3851       	668.3813       	
668.7802       	668.74274      	668.78906      	668.7717       	668.81433      	668.77026      	668.7881       	668.8077       	668.78314      	668.82434      	668.7982       	668.8109       	668.81744      	668.8109       	668.7955       	668.79724      	668.79535      	668.8154       	668.82043      	668.7838       	668.81665      	668.80365      	668.7952       	668.79224      	668.795        	668.8161       	668.80005      	668.83655      	668.7899       	668.79626      	668.5808       	668.47         	668.5481       	668.569        	668.55695      	668.5323       	668.5276       	668.49164      	668.5317       	668.51685      	668.496        	668.62604      	668.5969       	668.73926      	668.7616       	668.7988       	668.8282       	668.8174       	668.8379       	668.82965      	668.8173       	668.8365       	668.8388       	668.8125       	668.7921       	668.82684      	668.8676       	668.8962       	668.80286      	668.8857       	668.64935      	668.7478       	668.7532       	668.76965      	668.7276       	668.77014      	668.7364       	668.7239       	668.7094       	668.7017       	668.7057       	668.71027      	668.7346       	668.7275       	668.7086       	668.73047      	668.72906      	668.6985       	668.7113       	668.7152       	668.7156       	668.69855      	668.67523      	668.291        	668.45544      	668.62177      	668.59796      	668.6601       	668.7399       	668.7374       	668.7633       	668.767        	668.6861       	668.7392       	668.7282       	668.7018       	668.6946       	668.7232       	668.70496      	668.70026      	
668.67163      	668.6894       	668.68524      	668.68054      	668.69434      	668.6773       	668.6928       	668.7156       	668.7411       	668.67         	668.7052       	668.7011       	668.7108       	668.7063       	668.69604      	668.7312       	668.7296       	668.7311       	668.7599       	668.75226      	668.7721       	668.75885      	668.7774       	668.75714      	668.78485      	668.4518       	668.50885      	668.51086      	668.5028       	668.5466       	668.5325       	668.51355      	668.5414       	668.5003       	668.5553       	668.70105      	668.7807       	668.7768       	668.7712       	668.82947      	668.8183       	668.8394       	668.8337       	668.8279       	668.8479       	668.8558       	668.8267       	668.8087       	668.8389       	668.8314       	668.8562       	668.8681       	668.8297       	668.8236       	668.8457       	668.80505      	668.8596       	668.9107       	668.84955      	668.86096      	668.7704       	668.69977      	668.75793      	668.7699       	668.78546      	668.76715      	668.7474       	668.7789       	668.78485      	668.79755      	668.797        	668.79236      	668.7945       	668.808        	668.79626      	668.82196      	668.7992       	668.8116       	668.7976       	668.79675      	668.7945       	668.80505      	668.81287      	668.4479       	668.4778       	668.6503       	668.73834      	668.753        	668.7806       	668.8399       	668.8315       	668.8735       	668.8516       	668.8389       	668.8513       	668.8834       	668.86694      	668.88776      	668.8881       	668.8669       	
668.6322       	668.68835      	668.61035      	668.6148       	668.62335      	668.6295       	668.6524       	668.62506      	668.655        	668.6774       	668.6783       	668.6914       	668.6772       	668.64966      	668.63617      	668.6497       	668.6524       	668.63275      	668.65094      	668.65045      	668.64514      	668.6784       	668.629        	668.6848       	668.66174      	668.2252       	668.38074      	668.5277       	668.4932       	668.58264      	668.6113       	668.6507       	668.66705      	668.6718       	668.70087      	668.7183       	668.7272       	668.7313       	668.74927      	668.7447       	668.7662       	668.7611       	668.7389       	668.73987      	668.7623       	668.7091       	668.7485       	668.73755      	668.75366      	668.7384       	668.73285      	668.76294      	668.72076      	668.7267       	668.7558       	668.71765      	668.703        	668.7754       	668.75653      	668.69183      	668.7484       	668.5653       	668.6218       	668.663        	668.6387       	668.6631       	668.636        	668.67975      	668.6656       	668.6289       	668.6595       	668.66986      	668.6565       	668.65393      	668.64624      	668.68097      	668.684        	668.66205      	668.66565      	668.6827       	668.66187      	668.6752       	668.694        	668.5944       	668.25714      	668.3731       	668.58386      	668.5774       	668.5811       	668.66125      	668.6755       	668.6995       	668.68646      	668.73364      	668.7089       	668.69586      	668.7062       	668.6744       	668.67834      	668.69324      	
668.69867      	668.68134      	668.69696      	668.69183      	668.70416      	668.6663       	668.7147       	668.65814      	668.69977      	668.7135       	668.6859       	668.6986       	668.68695      	668.6342       	668.6959       	668.6829       	668.68976      	668.69434      	668.6905       	668.68976      	668.74976      	668.69556      	668.3708       	668.4994       	668.6021       	668.68414      	668.71027      	668.7654       	668.71814      	668.695        	668.7489       	668.7145       	668.7662       	668.7462       	668.7282       	668.75037      	668.76825      	668.6682       	668.5613       	668.6148       	668.5622       	668.72754      	668.75726      	668.74554      	668.74255      	668.7402       	668.7393       	668.725        	668.76306      	668.74713      	668.7269       	668.76373      	668.7642       	668.7597       	668.7744       	668.7765       	668.7781       	668.77747      	668.7923       	668.78937      	668.8261       	668.83014      	668.6787       	668.6911       	668.71484      	668.68286      	668.6562       	668.7077       	668.6931       	668.6641       	668.67096      	668.67395      	668.7177       	668.7118       	668.69574      	668.6744       	668.70825      	668.6835       	668.6573       	668.64624      	668.64734      	668.6303       	668.68945      	668.70465      	668.34344      	668.31964      	668.52484      	668.60095      	668.615        	668.6026       	668.6895       	668.7017       	668.69446      	668.70953      	668.7568       	668.7346       	668.72424      	668.7067       	668.69696      	668.69305      	
668.77893      	668.8305       	668.82056      	668.8023       	668.80927      	668.7859       	668.79126      	668.7814       	668.7781       	668.805        	668.8279       	668.8074       	668.85925      	668.80896      	668.8235       	668.80084      	668.80145      	668.781        	668.7926       	668.7556       	668.8217       	668.6709       	668.50287      	668.64545      	668.6705       	668.75616      	668.7708       	668.8379       	668.82996      	668.7359       	668.77856      	668.7856       	668.7856       	668.80383      	668.7521       	668.8202       	668.80383      	668.79626      	668.73425      	668.6684       	668.7944       	668.81555      	668.794        	668.8196       	668.81824      	668.77625      	668.8148       	668.77515      	668.7589       	668.8183       	668.7776       	668.7613       	668.79285      	668.7888       	668.7734       	668.7454       	668.78876      	668.74817      	668.77637      	668.7882       	668.7392       	668.8086       	668.67175      	668.678        	668.7814       	668.7237       	668.7493       	668.7294       	668.74445      	668.74207      	668.7196       	668.7289       	668.71344      	668.7296       	668.7147       	668.7207       	668.7452       	668.7313       	668.7097       	668.745        	668.74945      	668.7291       	668.7352       	668.7226       	668.6914       	668.3202       	668.4173       	668.60376      	668.6721       	668.61487      	668.67914      	668.72455      	668.75165      	668.72815      	668.72327      	668.7501       	668.7564       	668.7462       	668.72485      	668.74097      	
668.9016       	668.9324       	668.91364      	668.934        	668.9591       	668.95056      	668.9281       	668.9596       	668.9337       	668.9809       	668.9513       	668.96606      	668.9479       	668.9863       	668.9562       	668.91205      	668.9059       	668.8969       	668.8903       	668.8863       	668.91864      	668.72095      	668.5912       	668.73285      	668.80457      	668.831        	668.88696      	668.943        	668.9731       	668.97363      	668.976        	669.0049       	669.01794      	669.0167       	669.0485       	669.0475       	669.0368       	668.9869       	669.05035      	669.0151       	669.0263       	669.0024       	669.00446      	669.01715      	669.0003       	668.94995      	668.9857       	668.977        	668.9544       	668.9413       	668.96747      	668.9365       	668.94867      	668.9723       	668.9486       	668.98706      	669.00336      	668.9819       	668.9781       	669.02747      	669.0629       	669.0121       	668.986        	668.8974       	668.9372       	668.9343       	668.88403      	668.88715      	668.8725       	668.8535       	668.885        	668.8574       	668.8347       	668.85944      	668.8356       	668.82996      	668.89813      	668.846        	668.8821       	668.89996      	668.9021       	668.88605      	668.8983       	668.90845      	668.94763      	668.74347      	668.519        	668.70337      	668.82874      	668.8469       	668.8532       	668.9479       	668.9617       	668.9197       	668.92816      	668.9222       	668.91736      	668.922        	668.8895       	668.893        	
669.06323      	669.0729       	669.02386      	669.0785       	669.0406       	669.0854       	669.0969       	669.04016      	669.07056      	669.0868       	669.055        	669.077        	669.043        	669.0629       	669.0808       	669.0518       	669.0558       	669.00806      	669.0437       	669.05786      	669.0266       	669.0674       	668.7079       	668.7717       	668.9112       	668.9661       	668.97424      	669.04285      	669.0762       	669.10425      	669.03937      	669.09705      	669.12067      	669.11646      	669.1013       	669.0939       	669.13214      	669.1061       	669.1013       	669.1433       	669.1361       	669.0788       	669.1188       	669.0967       	669.1212       	669.10583      	669.111        	669.10614      	669.1143       	669.1215       	669.10065      	669.16187      	669.11127      	669.1119       	669.1325       	669.0964       	669.0909       	669.11005      	669.08075      	669.1029       	669.1456       	669.1227       	669.0766       	669.0289       	668.9434       	668.982        	668.9971       	668.9976       	668.9964       	669.0156       	669.0289       	669.0374       	669.03314      	669.0058       	669.0069       	669.0001       	668.9718       	668.99896      	669.016        	669.0123       	668.9864       	669.01794      	668.99945      	668.9847       	669.03546      	669.0567       	668.69476      	668.6962       	668.81714      	668.9685       	668.96204      	669.0279       	669.08875      	669.0414       	669.0372       	669.0117       	669.0286       	669.0121       	669.01105      	669.0173       	
669.0891       	669.0904       	669.0431       	669.0449       	669.065        	669.07086      	669.07587      	669.13934      	669.1303       	669.08167      	669.05804      	669.0582       	669.1235       	669.08716      	669.0964       	669.0966       	669.09235      	669.0818       	669.11224      	669.09985      	669.1264       	669.1246       	668.7548       	668.7907       	668.9097       	669.0113       	669.04694      	669.07886      	669.14075      	669.125        	669.1571       	669.1308       	669.1239       	669.15344      	669.15045      	669.13666      	669.0945       	669.12335      	669.1199       	669.14355      	669.10223      	669.12976      	669.13367      	669.11383      	669.12573      	669.125        	669.10004      	669.12823      	669.1176       	669.1419       	669.14215      	669.1173       	669.1316       	669.14996      	669.15485      	669.1038       	669.1051       	669.12885      	669.095        	669.12213      	669.1777       	669.1617       	669.196        	669.2623       	669.0322       	669.0858       	669.0699       	669.0469       	669.0717       	669.0615       	669.0426       	669.056        	669.1024       	669.0527       	669.0217       	669.03864      	669.07294      	669.0399       	669.04175      	669.03906      	669.0398       	669.0243       	669.0314       	669.0375       	669.06964      	669.064        	669.06635      	668.676        	668.77563      	669.0004       	668.9824       	669.0199       	669.03687      	669.1156       	669.1124       	669.10315      	669.1146       	669.1504       	669.11725      	669.11194      	
668.851        	668.9086       	668.9628       	668.9489       	668.9818       	668.9515       	668.96497      	668.9452       	668.9579       	668.98334      	668.97235      	668.9767       	669.0003       	668.9949       	669.03375      	669.00024      	669.0033       	668.9818       	669.0131       	669.0365       	669.0311       	668.9986       	669.0609       	668.6247       	668.80536      	668.9608       	668.9553       	669.0035       	669.0384       	669.08777      	669.09467      	669.0434       	669.07654      	669.0361       	669.1156       	669.08746      	669.0676       	669.12085      	669.0598       	669.07544      	669.1148       	669.0559       	669.08563      	669.07623      	669.08887      	669.1276       	669.08276      	669.0934       	669.0941       	669.0601       	669.0391       	669.0753       	669.09674      	669.1366       	669.1272       	669.0929       	669.11975      	669.0778       	669.13275      	669.0982       	669.10254      	669.15625      	669.1327       	669.2069       	669.1328       	668.94434      	669.01605      	668.98236      	668.99164      	669.002        	668.9815       	669.00885      	669.0004       	669.03485      	669.00085      	669.02875      	669.0393       	669.02136      	669.0554       	669.05994      	669.06805      	669.0565       	669.0505       	669.0311       	669.0308       	669.02155      	669.04254      	668.94214      	668.7258       	668.92645      	668.9579       	668.94556      	668.9825       	669.06165      	669.0728       	669.0434       	669.0445       	669.03845      	669.0117       	669.03033      	
669.0398       	668.91223      	668.9557       	668.98425      	668.96515      	668.96216      	668.96576      	668.9324       	668.91736      	668.9415       	668.9166       	668.9586       	668.97485      	668.9104       	668.9023       	668.9365       	668.8876       	668.927        	668.9307       	668.915        	668.9133       	668.9294       	668.9131       	668.65656      	668.5938       	668.79675      	668.8336       	668.84155      	668.90424      	668.9144       	668.9056       	668.94403      	668.92847      	668.9823       	668.9283       	668.8853       	668.9262       	668.9018       	668.92413      	668.9552       	668.9701       	668.9592       	668.98724      	668.9781       	668.96844      	669.0046       	668.96704      	668.9579       	668.9587       	668.949        	668.97394      	668.9799       	668.94366      	668.95386      	668.9776       	668.9528       	668.9658       	668.95496      	668.8891       	668.9312       	668.9554       	668.9731       	668.97986      	668.9379       	668.9326       	668.85284      	668.7741       	668.8394       	668.8904       	668.86316      	668.88116      	668.84283      	668.8802       	668.88794      	668.8735       	668.8651       	668.88824      	668.89264      	668.90094      	668.8816       	668.8588       	668.90063      	668.9196       	668.9013       	668.8747       	668.9138       	668.8893       	668.8715       	668.5407       	668.60516      	668.8241       	668.83734      	668.881        	668.9354       	668.9944       	668.98083      	668.9808       	668.9394       	668.94653      	668.95276      	
669.1373       	669.1967       	669.0271       	669.1253       	669.15955      	669.1481       	669.1381       	669.1479       	669.1624       	669.09674      	669.1459       	669.1105       	669.1214       	669.1325       	669.1218       	669.12854      	669.11523      	669.1067       	669.1074       	669.09894      	669.09467      	669.1078       	669.10065      	669.1057       	668.8229       	668.8098       	669.0502       	669.0294       	669.06055      	669.0511       	669.1231       	669.1501       	669.08105      	669.15375      	669.1618       	669.13464      	669.13086      	669.113        	669.1095       	669.17017      	669.1614       	669.1649       	669.15955      	669.1303       	669.12604      	669.1458       	669.14154      	669.14136      	669.15027      	669.1794       	669.1558       	669.11786      	669.13586      	669.1485       	669.12396      	669.139        	669.1395       	669.12164      	669.12836      	669.1122       	669.09766      	669.11926      	669.1598       	669.1817       	669.12756      	669.2249       	668.9415       	669.055        	669.05493      	669.0504       	669.06647      	669.05145      	669.0823       	669.06244      	669.0714       	669.0589       	669.08215      	669.07837      	669.1267       	669.13806      	669.1009       	669.10016      	669.10486      	669.0819       	669.0729       	669.1062       	669.0859       	669.1041       	668.92084      	668.70746      	668.91113      	669.05066      	669.0606       	669.038        	669.12085      	669.1855       	669.14514      	669.16864      	669.16113      	669.1937       	
669.0997       	669.15717      	669.0024       	669.0063       	669.0797       	669.07166      	669.0719       	669.07153      	669.0745       	669.0634       	669.06824      	669.09644      	669.08435      	669.0685       	669.0501       	669.11664      	669.11176      	669.05023      	669.06116      	669.08435      	669.0409       	669.05756      	669.0432       	669.06635      	668.9788       	668.70514      	668.80707      	669.0033       	668.9935       	668.9893       	669.10547      	669.07886      	669.09595      	669.121        	669.1271       	669.1179       	669.1218       	669.1467       	669.1428       	669.1752       	669.17975      	669.21783      	669.20087      	669.1786       	669.15894      	669.1778       	669.16644      	669.17163      	669.1618       	669.13         	669.1423       	669.19275      	669.16376      	669.1456       	669.18164      	669.17786      	669.15485      	669.1452       	669.1596       	669.1882       	669.15015      	669.15826      	669.2188       	669.2235       	669.1829       	669.1518       	669.1988       	669.0372       	669.0996       	669.1528       	669.11914      	669.0984       	669.0946       	669.0961       	669.1107       	669.0915       	669.1031       	669.0531       	669.08093      	669.0685       	669.08984      	669.11096      	669.0697       	669.07074      	669.08496      	669.0717       	669.0961       	669.10913      	669.11523      	668.8315       	668.871        	668.8627       	668.9122       	669.0733       	669.1018       	669.2116       	669.19446      	669.236        	669.2439       	669.2115       	
669.2648       	669.3017       	669.2579       	669.1112       	669.17114      	669.14166      	669.1633       	669.2133       	669.1749       	669.1973       	669.2182       	669.1854       	669.15015      	669.15735      	669.18933      	669.17505      	669.13293      	669.15735      	669.1737       	669.17804      	669.1598       	669.14185      	669.149        	669.1863       	669.1928       	668.8951       	668.847        	668.9515       	669.0966       	669.1236       	669.1631       	669.2159       	669.22504      	669.2203       	669.2284       	669.2038       	669.1851       	669.21454      	669.22015      	669.17554      	669.1851       	669.1956       	669.1978       	669.2274       	669.18805      	669.1942       	669.1858       	669.1964       	669.18854      	669.18884      	669.20935      	669.2009       	669.20355      	669.19836      	669.1557       	669.1962       	669.1902       	669.17163      	669.2005       	669.1479       	669.1572       	669.18787      	669.16785      	669.2003       	669.1976       	669.15173      	669.29         	669.069        	669.11676      	669.11273      	669.07294      	669.06213      	669.055        	669.04205      	669.0961       	669.06683      	669.0933       	669.115        	669.08746      	669.102        	669.1123       	669.11145      	669.09094      	669.1049       	669.11523      	669.07776      	669.0692       	669.0753       	669.03064      	669.0592       	669.08563      	668.9097       	668.86597      	669.0677       	669.04095      	669.1147       	668.9105       	668.9259       	669.06213      	669.1006       	
669.2263       	669.2279       	669.31165      	669.1364       	669.10583      	669.1862       	669.19055      	669.1695       	669.1666       	669.13763      	669.1492       	669.18365      	669.14325      	669.15265      	669.1705       	669.13257      	669.21735      	669.1854       	669.19446      	669.20276      	669.1611       	669.1836       	669.1752       	669.1429       	669.16614      	669.19635      	668.7577       	668.85114      	669.0636       	669.0771       	669.1064       	669.13416      	669.21136      	669.20215      	669.21277      	669.18726      	669.2279       	669.23474      	669.18427      	669.2006       	669.2074       	669.1953       	669.21704      	669.1762       	669.227        	669.19586      	669.1646       	669.1942       	669.1599       	669.1882       	669.2029       	669.19653      	669.1836       	669.1734       	669.19165      	669.2355       	669.17706      	669.1826       	669.1832       	669.18915      	669.16003      	669.1926       	669.1812       	669.25616      	669.23645      	669.23004      	669.22644      	669.0932       	669.0821       	669.13684      	669.1059       	669.1191       	669.1023       	669.0889       	669.09644      	669.1054       	669.144        	669.148        	669.1147       	669.14655      	669.14185      	669.12634      	669.1998       	669.14954      	669.1231       	669.1565       	669.16144      	669.1494       	669.12305      	669.1349       	669.166        	669.15845      	669.13855      	669.1415       	669.14557      	669.15204      	669.1099       	669.1274       	669.1403       	669.09485      	
669.11285      	669.14185      	669.12396      	669.13245      	669.0023       	669.0431       	669.05493      	669.03485      	669.03375      	669.02997      	669.0179       	669.04913      	668.9952       	669.0517       	669.044        	669.01105      	669.0116       	669.0049       	669.0118       	669.02466      	669.02234      	669.0631       	669.1109       	669.08777      	669.1367       	669.12823      	668.914        	668.77747      	668.9015       	669.0452       	669.0043       	669.0182       	669.07874      	669.09985      	669.1229       	669.11914      	669.1283       	669.1249       	669.0997       	669.1126       	669.094        	669.1296       	669.1108       	669.09534      	669.09204      	669.0878       	669.094        	669.13745      	669.1516       	669.1199       	669.131        	669.14246      	669.1598       	669.1269       	669.1081       	669.1505       	669.1327       	669.1229       	669.11176      	669.1593       	669.11786      	669.0992       	669.1214       	669.1511       	669.08215      	669.1454       	669.0258       	669.0361       	669.00854      	669.0619       	669.0562       	669.0473       	668.99646      	669.05383      	669.05347      	669.06         	669.04645      	669.05334      	669.06226      	669.0523       	669.0665       	669.0572       	669.03296      	669.039        	669.0601       	669.04645      	669.0387       	669.05054      	669.015        	669.05786      	669.0299       	669.0432       	669.08344      	669.07654      	669.0797       	669.07367      	669.1145       	669.15015      	669.07916      	669.1119       	
669.1985       	669.2657       	669.21594      	669.2451       	669.1471       	669.09705      	669.1445       	669.1875       	669.19604      	669.1833       	669.22064      	669.20154      	669.15924      	669.1827       	669.1768       	669.1621       	669.15326      	669.12964      	669.1659       	669.1669       	669.16907      	669.16724      	669.1471       	669.14545      	669.14886      	669.125        	669.1422       	668.8092       	668.8192       	669.03644      	669.0921       	669.0976       	669.11707      	669.19965      	669.1604       	669.1758       	669.16473      	669.2162       	669.20044      	669.14856      	669.1764       	669.1646       	669.17255      	669.1491       	669.1459       	669.155        	669.13336      	669.10834      	669.1204       	669.1186       	669.12836      	669.1367       	669.1234       	669.13763      	669.18195      	669.1482       	669.16016      	669.1736       	669.1658       	669.17896      	669.1953       	669.08795      	669.12067      	669.12494      	669.16736      	669.10443      	669.17377      	669.04755      	668.9345       	669.08356      	669.0746       	669.06537      	669.0717       	669.06085      	669.02826      	669.0358       	669.0221       	669.0592       	669.0447       	669.0272       	669.05426      	669.00385      	669.08746      	669.0647       	669.0547       	669.0696       	669.05304      	669.0492       	669.06323      	669.0417       	669.07294      	669.038        	669.03235      	669.02155      	669.0116       	669.00055      	668.99713      	669.01794      	669.03094      	669.01324      	
669.48474      	669.5134       	669.48956      	669.44855      	669.46         	669.28766      	669.3583       	669.3604       	669.3689       	669.3585       	669.3698       	669.3749       	669.3043       	669.32446      	669.3747       	669.32574      	669.3303       	669.3281       	669.3103       	669.3583       	669.3495       	669.3599       	669.3351       	669.3308       	669.3268       	669.302        	669.3346       	669.2315       	668.9801       	669.1057       	669.2538       	669.2353       	669.32715      	669.3463       	669.33203      	669.35785      	669.3552       	669.36145      	669.33923      	669.3375       	669.3503       	669.36633      	669.3425       	669.32574      	669.35516      	669.38336      	669.3521       	669.34216      	669.36         	669.3901       	669.39624      	669.3451       	669.32074      	669.3463       	669.4297       	669.2909       	669.32416      	669.2898       	669.3457       	669.3684       	669.33765      	669.3383       	669.338        	669.31616      	669.37604      	669.21814      	669.20026      	669.27313      	669.2742       	669.2906       	669.2588       	669.2256       	669.27576      	669.2683       	669.2412       	669.2572       	669.23004      	669.2396       	669.2563       	669.2369       	669.2487       	669.2606       	669.29407      	669.2676       	669.2983       	669.25854      	669.27014      	669.2783       	669.20386      	669.219        	669.2307       	669.2165       	669.22876      	669.23627      	669.23987      	669.21875      	669.21094      	669.26294      	669.2741       	669.25323      	
669.7778       	669.76715      	669.8275       	669.74927      	669.7934       	669.7455       	669.6603       	669.67316      	669.75696      	669.7125       	669.7154       	669.71         	669.7024       	669.71576      	669.73175      	669.6851       	669.66364      	669.6254       	669.6266       	669.63745      	669.6514       	669.65717      	669.6862       	669.67926      	669.6394       	669.66016      	669.6503       	669.6972       	669.4082       	669.3323       	669.59644      	669.5893       	669.6083       	669.6321       	669.6589       	669.6826       	669.71497      	669.7172       	669.7464       	669.7341       	669.6465       	669.76044      	669.68134      	669.6931       	669.7006       	669.6452       	669.64355      	669.60266      	669.6428       	669.60876      	669.6351       	669.6316       	669.651        	669.6417       	669.6355       	669.6597       	669.67224      	669.61487      	669.5299       	669.5866       	669.6159       	669.6325       	669.5905       	669.55304      	669.61945      	669.60376      	669.58215      	669.5651       	669.5351       	669.5274       	669.54755      	669.5474       	669.52045      	669.54047      	669.57227      	669.5867       	669.5729       	669.596        	669.5632       	669.5637       	669.5562       	669.5349       	669.57587      	669.5013       	669.50183      	669.5564       	669.538        	669.5374       	669.5062       	669.5416       	669.5624       	669.52026      	669.53613      	669.5565       	669.49304      	669.5185       	669.5051       	669.5078       	669.4957       	669.50476      	
670.05133      	670.0048       	670.0606       	670.1185       	670.0485       	670.0765       	669.86395      	669.9571       	669.9822       	669.9775       	670.0289       	670.0296       	669.9948       	670.0653       	670.07196      	670.0641       	670.0024       	670.00415      	669.997        	669.99426      	669.98676      	669.97797      	669.9823       	669.97687      	669.93097      	669.96277      	669.9848       	669.9643       	669.9618       	669.6078       	669.7357       	669.9203       	669.94666      	669.96576      	669.9762       	670.05145      	670.06146      	670.0849       	670.09973      	670.0357       	669.99243      	670.0339       	669.96027      	670.02344      	670.0247       	669.96484      	669.98663      	669.9662       	669.9789       	669.9521       	669.93616      	669.8744       	669.9145       	669.9423       	669.89484      	669.8997       	669.9019       	669.91547      	669.9228       	669.94635      	669.962        	669.89935      	669.9091       	669.91345      	669.8884       	669.8854       	669.90875      	669.8912       	669.8684       	669.87463      	669.8629       	669.90247      	669.8662       	669.87305      	669.86536      	669.87506      	669.857        	669.89417      	669.89355      	669.87177      	669.8919       	669.8637       	669.86694      	669.8876       	669.87866      	669.8763       	669.8894       	669.89484      	669.91394      	669.88635      	669.9209       	669.87415      	669.90826      	669.91406      	669.8884       	669.8753       	669.9061       	669.8856       	669.84644      	669.8479       	
670.35925      	670.39154      	670.3806       	670.41705      	670.40063      	670.44324      	670.35675      	670.20483      	670.3066       	670.32355      	670.2936       	670.3089       	670.29987      	670.30304      	670.27765      	670.2523       	670.2913       	670.29895      	670.2543       	670.2682       	670.2859       	670.2646       	670.2959       	670.30634      	670.2872       	670.3001       	670.3025       	670.3015       	670.3238       	670.0304       	670.0458       	670.0936       	670.07947      	670.2157       	670.29535      	670.3261       	670.35443      	670.3303       	670.27344      	670.3036       	670.2814       	670.3385       	670.33264      	670.2354       	670.27344      	670.28864      	670.3007       	670.27844      	670.266        	670.2543       	670.25964      	670.3106       	670.3114       	670.2465       	670.2428       	670.25336      	670.2497       	670.2256       	670.22906      	670.2689       	670.2721       	670.2488       	670.2556       	670.2675       	670.23047      	670.25104      	670.25165      	670.25903      	670.22266      	670.1713       	670.2514       	670.237        	670.2213       	670.2162       	670.2276       	670.2474       	670.2189       	670.181        	670.2108       	670.2341       	670.2266       	670.20245      	670.22003      	670.214        	670.2274       	670.23303      	670.2138       	670.2503       	670.2195       	670.2052       	670.2507       	670.2083       	670.2162       	670.227        	670.1914       	670.186        	670.155        	670.1451       	670.15027      	670.17114      	
670.3367       	670.3369       	670.3406       	670.35114      	670.3832       	670.3487       	670.4277       	670.22723      	670.3062       	670.2706       	670.2679       	670.30066      	670.28613      	670.317        	670.3396       	670.3122       	670.3319       	670.32477      	670.29         	670.3419       	670.3212       	670.3241       	670.345        	670.3316       	670.30273      	670.3057       	670.31964      	670.3119       	670.3297       	670.3171       	670.3323       	670.1109       	670.08887      	670.26605      	670.26984      	670.32623      	670.3066       	670.3402       	670.3368       	670.33636      	670.28235      	670.25         	670.28796      	670.3148       	670.31805      	670.31665      	670.2953       	670.2966       	670.3096       	670.3095       	670.31085      	670.3163       	670.32385      	670.2852       	670.29004      	670.32935      	670.3223       	670.34515      	670.3419       	670.28784      	670.31616      	670.29895      	670.3295       	670.3074       	670.3065       	670.297        	670.28015      	670.3253       	670.32513      	670.34375      	670.2856       	670.3478       	670.3119       	670.3347       	670.3603       	670.3272       	670.33466      	670.3858       	670.3297       	670.4192       	670.39954      	670.3568       	670.3699       	670.3471       	670.3291       	670.3394       	670.3581       	670.3673       	670.39624      	670.39514      	670.3522       	670.38214      	670.3578       	670.3463       	670.38293      	670.39844      	670.38794      	670.3425       	670.3675       	670.3668       	
670.26556      	670.2903       	670.291        	670.2744       	670.32654      	670.2754       	670.2735       	670.24414      	670.09644      	670.14655      	670.20776      	670.15515      	670.17535      	670.15894      	670.16376      	670.17523      	670.1811       	670.2097       	670.1748       	670.1829       	670.1985       	670.1972       	670.20374      	670.2113       	670.2002       	670.20465      	670.2211       	670.19275      	670.1915       	670.2071       	670.19         	670.1931       	670.1738       	670.1617       	670.20703      	670.1942       	670.1836       	670.17065      	670.16187      	670.2187       	670.1651       	670.1674       	670.19086      	670.1871       	670.1806       	670.15784      	670.17944      	670.1846       	670.18695      	670.1589       	670.20306      	670.1428       	670.1793       	670.16797      	670.1732       	670.19995      	670.1698       	670.16345      	670.18463      	670.204        	670.1974       	670.2168       	670.2005       	670.21454      	670.2217       	670.2195       	670.2188       	670.2299       	670.2069       	670.1931       	670.2214       	670.2126       	670.2289       	670.22595      	670.22034      	670.18823      	670.2275       	670.18317      	670.2019       	670.24677      	670.25385      	670.23315      	670.22473      	670.2499       	670.2148       	670.2119       	670.238        	670.2187       	670.2168       	670.2181       	670.226        	670.2488       	670.2631       	670.24255      	670.2237       	670.2157       	670.1985       	670.2025       	670.23206      	670.1887       	
670.41925      	670.3904       	670.4095       	670.401        	670.4144       	670.4061       	670.36957      	670.3343       	670.2977       	670.34863      	670.34314      	670.3316       	670.3637       	670.337        	670.34503      	670.3278       	670.33624      	670.3477       	670.31433      	670.32556      	670.3362       	670.3111       	670.3548       	670.3529       	670.35315      	670.33203      	670.32935      	670.3157       	670.3212       	670.2971       	670.3112       	670.29694      	670.33466      	670.2819       	670.3108       	670.3256       	670.2903       	670.3015       	670.31323      	670.2773       	670.3267       	670.29285      	670.25977      	670.2952       	670.2841       	670.2909       	670.3092       	670.2688       	670.2946       	670.2813       	670.28375      	670.267        	670.26697      	670.30145      	670.2726       	670.27704      	670.2763       	670.28345      	670.23376      	670.2169       	670.26337      	670.24554      	670.2856       	670.29785      	670.3151       	670.29645      	670.3376       	670.3124       	670.29004      	670.3109       	670.2826       	670.3138       	670.3405       	670.3099       	670.335        	670.3544       	670.34924      	670.3273       	670.3342       	670.3232       	670.31256      	670.3419       	670.3114       	670.2623       	670.3058       	670.27374      	670.30304      	670.32367      	670.23425      	670.282        	670.3129       	670.2859       	670.28674      	670.2823       	670.31476      	670.29456      	670.27606      	670.29144      	670.1747       	669.9973       	
670.7971       	670.8502       	670.8101       	670.7862       	670.8101       	670.7995       	670.8066       	670.804        	670.69965      	670.663        	670.79675      	670.7521       	670.75183      	670.77277      	670.7263       	670.73413      	670.68396      	670.71216      	670.7787       	670.75006      	670.725        	670.7354       	670.7185       	670.7356       	670.70337      	670.74817      	670.73425      	670.7455       	670.7184       	670.75494      	670.76166      	670.74445      	670.68         	670.74023      	670.7384       	670.73254      	670.70184      	670.72534      	670.7494       	670.7077       	670.72394      	670.7073       	670.7084       	670.6888       	670.69366      	670.6716       	670.6976       	670.6469       	670.6839       	670.67194      	670.65094      	670.68225      	670.6878       	670.7027       	670.6895       	670.7138       	670.68384      	670.70337      	670.69543      	670.6531       	670.70844      	670.66144      	670.67346      	670.6725       	670.6642       	670.65173      	670.69604      	670.62573      	670.6712       	670.69135      	670.6594       	670.681        	670.63434      	670.6405       	670.6482       	670.6371       	670.639        	670.6427       	670.6718       	670.6633       	670.6643       	670.6608       	670.68225      	670.6604       	670.696        	670.6862       	670.6872       	670.6299       	670.69305      	670.68463      	670.65955      	670.6384       	670.6312       	670.66797      	670.6614       	670.68066      	670.66644      	670.54034      	670.23376      	670.13806      	
670.9665       	671.2358       	671.17975      	671.1754       	671.181        	671.07715      	671.15564      	671.154        	671.1113       	671.1039       	671.13306      	671.1493       	671.1621       	671.14856      	671.1563       	671.1445       	671.1915       	671.1709       	671.1728       	671.1254       	671.15027      	671.18774      	671.1646       	671.182        	671.1215       	671.15924      	671.1614       	671.1214       	671.15857      	671.14197      	671.14166      	671.11975      	671.1682       	671.1427       	671.1354       	671.12585      	671.10156      	671.1108       	671.102        	671.1026       	671.0938       	671.11615      	671.1405       	671.13403      	671.14526      	671.1285       	671.1788       	671.177        	671.1354       	671.1547       	671.137        	671.15137      	671.1426       	671.165        	671.15344      	671.17377      	671.18677      	671.1483       	671.13873      	671.1907       	671.14264      	671.14453      	671.16724      	671.1378       	671.09766      	671.1241       	671.11237      	671.10785      	671.10516      	671.10254      	671.15436      	671.1537       	671.12787      	671.1309       	671.1386       	671.10815      	671.09015      	671.11957      	671.11237      	671.0895       	671.083        	671.0618       	671.0904       	671.0693       	671.0558       	671.07886      	671.07495      	671.0677       	671.0601       	671.05475      	671.0767       	671.0382       	671.0488       	671.086        	671.0798       	671.1363       	671.02124      	670.59094      	670.6483       	670.83264      	
671.42804      	671.4379       	671.4641       	671.4638       	671.44147      	671.42633      	671.49207      	671.44434      	671.42926      	671.4391       	671.45013      	671.40247      	671.43616      	671.4286       	671.4335       	671.4389       	671.4107       	671.44995      	671.42017      	671.4219       	671.44586      	671.4156       	671.4554       	671.43744      	671.4114       	671.456        	671.4264       	671.4141       	671.41675      	671.4015       	671.43713      	671.4483       	671.3764       	671.4064       	671.4096       	671.398        	671.386        	671.3907       	671.3778       	671.3902       	671.3805       	671.40356      	671.38745      	671.3858       	671.37695      	671.39557      	671.391        	671.3873       	671.40173      	671.38586      	671.3841       	671.3818       	671.3816       	671.39777      	671.3699       	671.3818       	671.3861       	671.371        	671.3363       	671.37885      	671.35895      	671.35974      	671.33844      	671.3485       	671.3347       	671.33746      	671.32745      	671.36224      	671.3558       	671.35944      	671.3697       	671.3775       	671.3457       	671.34576      	671.37036      	671.31946      	671.3523       	671.3786       	671.3733       	671.36426      	671.3509       	671.3926       	671.36536      	671.3414       	671.35315      	671.3622       	671.3477       	671.35284      	671.35144      	671.37634      	671.34186      	671.34973      	671.3457       	671.3665       	671.3811       	671.37134      	671.2871       	670.9189       	670.8842       	671.08325      	
671.3687       	671.4232       	671.40076      	671.4103       	671.4027       	671.4085       	671.46094      	671.39996      	671.40814      	671.4105       	671.41565      	671.3949       	671.4095       	671.4096       	671.41296      	671.3984       	671.3975       	671.4101       	671.4387       	671.4276       	671.42004      	671.462        	671.40765      	671.44464      	671.4363       	671.43884      	671.4342       	671.43054      	671.4092       	671.4124       	671.4142       	671.41223      	671.442        	671.43805      	671.4156       	671.41547      	671.43524      	671.44403      	671.4179       	671.44214      	671.4288       	671.4557       	671.4349       	671.457        	671.45886      	671.4708       	671.457        	671.4796       	671.4721       	671.4274       	671.46155      	671.44635      	671.42505      	671.4629       	671.431        	671.4401       	671.48425      	671.3446       	671.13544      	671.2522       	671.2864       	671.3212       	671.3558       	671.4756       	671.49713      	671.4685       	671.45245      	671.42737      	671.2333       	671.20416      	671.2035       	671.3355       	671.41736      	671.50586      	671.5113       	671.5444       	671.55505      	671.5494       	671.5742       	671.55945      	671.57367      	671.5472       	671.5524       	671.56226      	671.5706       	671.5576       	671.5526       	671.5393       	671.5648       	671.5383       	671.5261       	671.52747      	671.5485       	671.5527       	671.5775       	671.6187       	671.46484      	671.06775      	671.11664      	671.2548       	
670.7872       	670.80035      	670.8277       	670.8723       	670.83105      	670.81586      	670.8214       	670.86523      	670.85925      	670.8845       	670.85486      	670.8464       	670.824        	670.8236       	670.856        	670.8712       	670.88715      	670.8561       	670.8656       	670.8411       	670.8666       	670.8712       	670.8563       	670.88         	670.8945       	670.91296      	670.9314       	670.8893       	670.90247      	670.9208       	670.93195      	670.9311       	670.94525      	670.9655       	670.9481       	670.9293       	670.9353       	670.9501       	670.9493       	670.9339       	670.9112       	670.96716      	670.9308       	670.93036      	670.9391       	670.93945      	670.9268       	670.92883      	670.9364       	670.9401       	670.9414       	670.9154       	670.9413       	670.9693       	670.9897       	670.81287      	670.7058       	670.7532       	670.82227      	670.8135       	670.875        	670.87866      	670.71643      	670.75354      	670.72437      	670.7626       	670.7577       	670.7591       	670.79065      	670.7841       	670.7715       	670.8164       	670.8861       	670.9161       	670.83014      	670.9444       	671.0609       	671.0765       	671.0583       	671.0697       	671.0897       	671.10895      	671.0738       	671.09674      	671.1015       	671.08453      	671.0836       	671.0917       	671.1364       	671.0892       	671.07214      	671.1249       	671.1054       	671.08887      	671.09674      	671.07324      	671.07294      	670.7768       	670.6315       	670.8231       	
670.7901       	670.81506      	670.78546      	670.77734      	670.76715      	670.7549       	670.7667       	670.76355      	670.79987      	670.7383       	670.7521       	670.7308       	670.76373      	670.7473       	670.69434      	670.7467       	670.7475       	670.7398       	670.73865      	670.75385      	670.71246      	670.75793      	670.7475       	670.71454      	670.7422       	670.7465       	670.7426       	670.77246      	670.7403       	670.7145       	670.71155      	670.7646       	670.71674      	670.76         	670.7139       	670.7133       	670.72375      	670.7178       	670.7307       	670.72986      	670.7501       	670.73834      	670.73895      	670.75555      	670.75824      	670.7041       	670.71515      	670.70636      	670.70764      	670.6935       	670.7016       	670.50433      	670.3004       	670.3587       	670.4109       	670.40625      	670.3972       	670.4187       	670.4267       	670.47534      	670.4215       	670.4352       	670.39996      	670.4069       	670.5997       	670.62805      	670.71295      	670.68805      	670.67474      	670.73444      	670.7056       	670.7411       	670.73083      	670.74054      	670.75         	670.5686       	670.60394      	670.64215      	670.6695       	670.6998       	670.6888       	670.68823      	670.6549       	670.63776      	670.6999       	670.6575       	670.6829       	670.6682       	670.6475       	670.697        	670.6604       	670.6573       	670.69604      	670.6651       	670.6439       	670.7005       	670.7392       	670.4698       	670.2105       	670.2696       	
671.3002       	671.3009       	671.26697      	671.2841       	671.3095       	671.27966      	671.3425       	671.361        	671.365        	671.33777      	671.2937       	671.2914       	671.2582       	671.2966       	671.2958       	671.24915      	671.2794       	671.2777       	671.27527      	671.2433       	671.24194      	671.2538       	671.25946      	671.24927      	671.27985      	671.2782       	671.2553       	671.2521       	671.2312       	671.2288       	671.2175       	671.2409       	671.2704       	671.2301       	671.212        	671.21643      	671.1925       	671.22095      	671.2563       	671.22644      	671.20667      	671.2129       	671.24164      	671.26886      	670.8316       	670.887        	670.90875      	670.87463      	670.975        	670.93427      	670.99524      	670.96136      	670.9363       	670.9473       	670.9388       	670.9834       	671.0733       	671.1262       	671.2307       	671.22437      	671.25195      	671.30896      	671.29266      	671.3282       	671.3185       	671.3041       	671.33606      	671.2416       	671.2797       	671.2369       	671.2399       	671.25916      	671.2513       	671.30524      	671.32153      	671.2484       	671.254        	671.07825      	671.17316      	671.1776       	671.15826      	671.1872       	671.20056      	671.17535      	671.15894      	671.19214      	671.19995      	671.1465       	671.1654       	671.166        	671.13776      	671.15063      	671.1048       	671.09247      	671.1214       	671.1075       	671.1437       	670.94635      	670.72296      	670.67834      	
671.2178       	671.17255      	671.2175       	671.2172       	671.19727      	671.17413      	671.19336      	671.1979       	671.21686      	671.275        	671.2182       	671.2359       	671.2595       	671.2457       	671.23914      	671.265        	671.2415       	671.231        	671.25256      	671.2366       	671.2412       	671.26624      	671.2461       	671.23444      	671.2734       	671.2591       	671.23724      	671.2155       	671.2034       	671.21         	671.26276      	671.2312       	671.2138       	671.22327      	671.22815      	671.25476      	671.26953      	671.22614      	671.227        	671.264        	671.25397      	670.90454      	670.97394      	670.97546      	670.93524      	670.9746       	670.97437      	670.87787      	670.92737      	671.1057       	671.2076       	671.2892       	671.28265      	671.3047       	671.3349       	671.329        	671.32117      	671.3407       	671.3428       	671.35345      	671.3868       	671.34863      	671.361        	671.3534       	671.3509       	671.3583       	671.3415       	671.3968       	671.39105      	671.39105      	671.3798       	671.38306      	671.3563       	671.41705      	671.4401       	671.3705       	671.4522       	671.3206       	671.2214       	671.2901       	671.309        	671.3034       	671.2936       	671.3131       	671.3023       	671.30145      	671.3115       	671.3079       	671.3292       	671.3262       	671.3101       	671.33234      	671.31946      	671.327        	671.3354       	671.3525       	671.3463       	671.3542       	671.0294       	670.94666      	
670.82074      	670.79095      	670.81903      	670.8263       	670.8024       	670.8407       	670.8393       	670.79877      	670.8356       	670.83356      	670.8227       	670.8629       	670.83203      	670.8481       	670.8581       	670.84344      	670.8575       	670.87146      	670.8584       	670.86847      	670.8717       	670.9219       	670.87244      	670.87054      	670.90424      	670.8639       	670.89514      	670.8992       	670.88837      	670.8937       	670.8995       	670.91504      	670.88763      	670.88745      	670.89417      	670.8922       	670.9042       	670.8725       	670.9294       	670.47565      	670.48834      	670.7952       	670.8105       	670.89545      	670.9294       	670.9408       	670.9758       	670.96106      	670.997        	671.0053       	671.0051       	670.97253      	670.9912       	670.9555       	670.9827       	670.97986      	670.983        	670.96246      	670.97473      	670.9906       	671.0012       	670.9788       	670.99097      	670.9508       	670.99664      	670.9987       	670.99646      	670.9958       	671.0347       	670.98425      	671.00745      	671.02765      	670.99866      	671.02856      	671.07855      	671.0614       	671.07465      	671.07587      	670.9361       	671.0058       	670.97327      	670.98773      	670.9677       	671.0027       	671.00793      	670.9756       	671.01636      	670.96234      	670.96814      	671.0309       	671.0069       	670.99146      	671.00006      	670.988        	670.9906       	671.01526      	671.0384       	671.02014      	670.8905       	670.73694      	
670.7909       	670.7988       	670.7562       	670.7566       	670.79987      	670.79517      	670.76117      	670.7638       	670.8095       	670.8149       	670.79626      	670.79694      	670.7745       	670.8075       	670.75964      	670.7688       	670.7643       	670.77606      	670.77014      	670.8232       	670.7647       	670.7897       	670.7829       	670.782        	670.7774       	670.7911       	670.7597       	670.77435      	670.78156      	670.8087       	670.7974       	670.793        	670.78674      	670.7903       	670.78253      	670.8036       	670.81354      	670.6485       	670.34076      	670.2103       	670.4349       	670.6754       	670.8476       	670.8481       	670.8507       	670.85614      	670.83527      	670.83484      	670.81683      	670.82837      	670.831        	670.8009       	670.8197       	670.8483       	670.84625      	670.8336       	670.8675       	670.84125      	670.86237      	670.88116      	670.828        	670.8549       	670.83374      	670.86523      	670.80634      	670.83826      	670.8456       	670.8699       	670.86914      	670.8627       	670.838        	670.86566      	670.8892       	670.89575      	670.9352       	670.9672       	670.8982       	670.93353      	670.8407       	670.7154       	670.8108       	670.84564      	670.791        	670.8271       	670.8141       	670.84985      	670.86316      	670.8616       	670.8253       	670.82117      	670.8305       	670.83704      	670.7975       	670.8138       	670.8302       	670.8074       	670.83435      	670.87506      	670.7191       	670.49915      	
670.76184      	670.7815       	670.7893       	670.76556      	670.7682       	670.71985      	670.7533       	670.76917      	670.735        	670.77155      	670.75714      	670.7539       	670.73737      	670.73047      	670.7281       	670.70935      	670.70795      	670.73267      	670.7052       	670.72375      	670.7346       	670.74         	670.71814      	670.71375      	670.74054      	670.7479       	670.7523       	670.75446      	670.7457       	670.75964      	670.73035      	670.74316      	670.7761       	670.77875      	670.7832       	670.8214       	670.30676      	670.3596       	670.3778       	670.5583       	670.6096       	670.7733       	670.8646       	670.8256       	670.89594      	670.9708       	670.82434      	670.82416      	670.8213       	670.8191       	670.7884       	670.79785      	670.80786      	670.8294       	670.80725      	670.7767       	670.7883       	670.7952       	670.80023      	670.8285       	670.78784      	670.81323      	670.81445      	670.8175       	670.84564      	670.7794       	670.7743       	670.7549       	670.70447      	670.6972       	670.7275       	670.7429       	670.7672       	670.7472       	670.782        	670.80676      	670.8242       	670.7988       	670.80707      	670.6769       	670.66046      	670.7307       	670.7158       	670.6729       	670.69543      	670.67487      	670.67145      	670.7256       	670.6624       	670.7257       	670.74744      	670.67847      	670.67163      	670.6927       	670.6889       	670.69653      	670.6869       	670.6816       	670.7141       	670.6644       	
671.25696      	671.276        	671.26135      	671.2255       	671.25433      	671.26526      	670.961        	670.89124      	670.9148       	670.9359       	670.9804       	670.9496       	671.0686       	671.19446      	671.2307       	671.22327      	671.2056       	671.24243      	671.19934      	671.2267       	671.1895       	671.13806      	671.16656      	671.2132       	671.1891       	671.17         	671.1635       	671.16736      	671.1708       	671.17615      	671.18976      	671.18134      	671.2037       	671.2186       	671.25134      	670.70807      	670.6272       	670.8327       	671.12933      	671.06         	671.1428       	671.21136      	671.27124      	671.2828       	671.27466      	671.2913       	671.34235      	671.4158       	671.22034      	671.1751       	671.18176      	671.1706       	671.2132       	671.2019       	671.2017       	671.1565       	671.18677      	671.1703       	671.14343      	671.18884      	671.14874      	671.1598       	671.13214      	671.1703       	671.1582       	671.14514      	671.1544       	671.14124      	671.1578       	671.12067      	671.12317      	671.12665      	671.12115      	671.1025       	671.0928       	671.12         	671.1399       	671.14233      	671.1532       	671.1204       	670.9551       	671.0209       	671.0508       	671.0069       	671.0394       	671.0317       	671.0342       	670.99286      	670.99963      	671.0021       	671.0169       	670.99634      	670.9872       	671.0072       	670.99866      	670.95984      	670.98004      	671.02155      	671.00525      	671.005        	
671.4274       	671.473        	671.4856       	671.4869       	671.49066      	671.5025       	671.48926      	671.4747       	671.5244       	671.44525      	671.4928       	671.5694       	671.6396       	671.67633      	671.65045      	671.65234      	671.68616      	671.7467       	671.75006      	671.736        	671.7595       	671.76337      	671.7501       	671.75085      	671.7575       	671.7768       	671.77826      	671.75977      	671.72473      	671.7441       	671.7337       	671.7315       	671.7175       	671.76764      	671.748        	671.0996       	671.32367      	671.51715      	671.6485       	671.7389       	671.8082       	671.76526      	671.80054      	671.844        	671.85455      	671.6529       	671.7448       	671.79596      	671.91754      	671.72516      	671.7094       	671.6859       	671.6963       	671.69244      	671.695        	671.69         	671.709        	671.71875      	671.7217       	671.6967       	671.6896       	671.67645      	671.6671       	671.65063      	671.66266      	671.65094      	671.6694       	671.6783       	671.66754      	671.66925      	671.6621       	671.6848       	671.67456      	671.6777       	671.68463      	671.6809       	671.6542       	671.69293      	671.66284      	671.77966      	671.5414       	671.5767       	671.5974       	671.58826      	671.5613       	671.547        	671.583        	671.56415      	671.5522       	671.5869       	671.5445       	671.5413       	671.56335      	671.54193      	671.5661       	671.5509       	671.5495       	671.4798       	671.49445      	671.50323      	
671.7359       	671.70074      	671.6679       	671.8362       	671.9552       	671.943        	671.9697       	671.99225      	672.0383       	672.0391       	672.0289       	671.9902       	672.0137       	672.0919       	672.0673       	671.93933      	671.8848       	671.9974       	671.9908       	671.97986      	671.98834      	671.98206      	672.01733      	671.9886       	671.9818       	671.9972       	671.9853       	672.0106       	671.9897       	671.9733       	671.9755       	671.98425      	671.9736       	672.0089       	671.34265      	671.54694      	671.5396       	671.89215      	671.86304      	671.78326      	671.9313       	671.9625       	672.0482       	672.12103      	672.17804      	671.93176      	672.0526       	672.14685      	672.18695      	672.0147       	671.9453       	671.99084      	672.00867      	671.9739       	671.95056      	671.96704      	671.9784       	671.9626       	671.97485      	671.96204      	671.97626      	671.9905       	671.9739       	671.98016      	671.9905       	671.9734       	671.97205      	671.94617      	671.9825       	671.9639       	671.9436       	672.00183      	671.9544       	671.9324       	671.99805      	671.9893       	672.0071       	672.05804      	672.0235       	672.0089       	671.89215      	671.80835      	671.918        	671.9234       	671.8936       	671.916        	671.9094       	671.9226       	671.8993       	671.9058       	671.8975       	671.8777       	671.88574      	671.856        	671.85895      	671.8789       	671.8779       	671.8694       	671.85126      	671.8601       	
672.18646      	672.2273       	672.21735      	672.22565      	672.24164      	672.2395       	672.2657       	672.2218       	672.2652       	672.25977      	672.22327      	672.2392       	672.247        	672.25726      	672.304        	672.26917      	672.3119       	672.10156      	672.168        	672.1854       	672.1845       	672.1633       	672.18414      	672.1803       	672.18976      	672.153        	672.13715      	672.16626      	672.1725       	672.2426       	672.18665      	672.1731       	672.1985       	672.1511       	671.53064      	671.71783      	671.8098       	671.74023      	671.90686      	672.0244       	672.18835      	672.1573       	672.23315      	672.2897       	672.22156      	671.9913       	672.17664      	672.2228       	672.13214      	672.1716       	672.1553       	672.13416      	672.1265       	672.1735       	672.13684      	672.15076      	672.15137      	672.12317      	672.13855      	672.15076      	672.1243       	672.18463      	672.17316      	672.15015      	672.1603       	672.1589       	672.17285      	672.14905      	672.1482       	672.14655      	672.1295       	672.1482       	672.1388       	672.11847      	672.13727      	672.13965      	672.1286       	672.14966      	672.1728       	672.14453      	672.24115      	672.03394      	672.11316      	672.09656      	672.08563      	672.0918       	672.1045       	672.0918       	672.0927       	672.11816      	672.0812       	672.0546       	672.0719       	672.11365      	672.1428       	672.09753      	672.0724       	672.0245       	672.0313       	672.0137       	
672.72473      	672.7458       	672.70703      	672.68695      	672.6364       	672.6482       	672.64996      	672.64526      	672.65796      	672.63745      	672.6351       	672.71265      	672.6865       	672.66534      	672.7799       	672.6739       	672.72235      	672.64056      	672.53125      	672.6406       	672.55896      	672.5531       	672.5746       	672.57715      	672.57874      	672.56604      	672.58606      	672.564        	672.5133       	672.55347      	672.5687       	672.53033      	672.5419       	672.5179       	672.5712       	672.3425       	672.3595       	672.4176       	672.46906      	672.20966      	672.35583      	672.56775      	672.5763       	672.3044       	672.4556       	672.33307      	672.5644       	672.5543       	672.5235       	672.5317       	672.53937      	672.5456       	672.5321       	672.4978       	672.53064      	672.5316       	672.49774      	672.50934      	672.52045      	672.5056       	672.4895       	672.5325       	672.5266       	672.5035       	672.49817      	672.52405      	672.5616       	672.50714      	672.5035       	672.52026      	672.5042       	672.52466      	672.4929       	672.50104      	672.51575      	672.5283       	672.4952       	672.49567      	672.5014       	672.5071       	672.49945      	672.5248       	672.38806      	672.39996      	672.4118       	672.41223      	672.4028       	672.38086      	672.38153      	672.3998       	672.3887       	672.3909       	672.3977       	672.3977       	672.3678       	672.381        	672.3838       	672.3673       	672.36334      	672.3759       	
673.03906      	673.0068       	672.9827       	673.0245       	673.0362       	673.0342       	673.01733      	673.01715      	673.0439       	673.0651       	673.0476       	673.0201       	673.03424      	673.06665      	673.0776       	673.0978       	673.0383       	673.05676      	672.9153       	672.968        	672.9733       	672.9579       	672.9527       	672.95996      	672.9238       	672.9671       	672.9827       	672.9668       	672.946        	672.8958       	672.96326      	672.97614      	672.9807       	672.9374       	672.9646       	672.96216      	672.96063      	672.9747       	673.0036       	673.0098       	672.69965      	672.6751       	672.786        	672.90656      	672.88666      	672.9158       	673.01654      	673.02673      	673.0033       	673.0051       	673.0146       	672.9898       	672.9819       	673.0127       	673.0146       	672.98895      	672.9854       	673.016        	673.02734      	673.02185      	673.02313      	673.0243       	673.05334      	673.01886      	673.0046       	673.0322       	673.0175       	673.0039       	673.026        	673.01215      	673.01526      	673.0187       	673.0387       	673.0092       	673.00073      	672.99634      	672.9955       	673.0286       	673.0264       	673.05756      	673.0272       	673.0866       	672.98663      	672.8969       	672.94574      	672.93317      	672.9495       	672.9424       	672.90466      	672.92017      	672.94336      	672.9464       	672.9213       	672.92706      	672.8952       	672.90485      	672.9209       	672.8905       	672.8929       	672.9011       	
672.9061       	672.9135       	672.93024      	672.92377      	672.92065      	672.94543      	672.9267       	672.913        	672.95734      	672.96906      	672.9312       	672.9633       	672.9789       	672.985        	672.9973       	673.0084       	672.9887       	673.0446       	672.9067       	672.84753      	672.91003      	672.872        	672.89185      	672.8887       	672.91956      	672.912        	672.86176      	672.9034       	672.9356       	672.9297       	672.91754      	672.9464       	672.93585      	672.91364      	672.92914      	672.9057       	672.9206       	672.9296       	672.94794      	672.9653       	672.9622       	672.53687      	672.6236       	672.7291       	672.8623       	672.86487      	672.92426      	672.9895       	672.97876      	673.0209       	673.0199       	673.02924      	673.04126      	672.9696       	673.03064      	673.0248       	673.00415      	673.0391       	672.9866       	673.0219       	673.0205       	673.015        	673.03357      	673.03125      	673.0357       	673.02875      	672.9763       	673.0048       	672.99554      	672.99835      	673.0176       	673.0016       	673.06335      	673.05133      	673.06824      	673.04956      	673.0729       	673.05994      	673.0333       	673.0901       	673.1149       	673.0592       	673.0278       	672.89777      	673.00824      	673.00745      	672.96497      	672.9778       	672.9782       	672.9788       	672.998        	672.9845       	672.9961       	672.97516      	672.9884       	672.99316      	672.9809       	672.96204      	673.0016       	672.99994      	
672.3972       	672.41174      	672.4109       	672.41345      	672.4019       	672.405        	672.41705      	672.4345       	672.43787      	672.43585      	672.446        	672.46216      	672.4381       	672.39777      	672.4291       	672.4156       	672.44666      	672.44525      	672.44934      	672.2514       	672.3695       	672.3718       	672.377        	672.35913      	672.3334       	672.3663       	672.33356      	672.3701       	672.3844       	672.37054      	672.35114      	672.4262       	672.389        	672.3603       	672.38025      	672.3662       	672.39905      	672.38184      	672.352        	672.3692       	672.3724       	672.3367       	671.9452       	672.0977       	672.28125      	672.329        	672.3687       	672.40015      	672.4369       	672.47205      	672.4261       	672.43787      	672.46655      	672.4186       	672.44574      	672.4557       	672.4352       	672.4362       	672.44507      	672.4322       	672.4434       	672.4462       	672.4361       	672.43646      	672.46313      	672.44934      	672.4483       	672.4887       	672.463        	672.41864      	672.4792       	672.4649       	672.458        	672.4884       	672.5526       	672.486        	672.48535      	672.46906      	672.46606      	672.5035       	672.52606      	672.53424      	672.5179       	672.4395       	672.38324      	672.4701       	672.4498       	672.4076       	672.4397       	672.43726      	672.4544       	672.47266      	672.45465      	672.48706      	672.4763       	672.4697       	672.485        	672.4981       	672.4678       	672.5137       	
672.097        	672.1095       	672.109        	672.07465      	672.1096       	672.11676      	672.10767      	672.11273      	672.11383      	672.1645       	672.1169       	672.14856      	672.1544       	672.1144       	672.2051       	672.1915       	672.1806       	672.22925      	672.2614       	672.16437      	672.06946      	672.12866      	672.10657      	672.1349       	672.123        	672.1588       	672.12787      	672.1254       	672.14514      	672.13837      	672.1313       	672.1376       	672.13434      	672.13043      	672.12305      	672.1105       	672.125        	672.09076      	672.14417      	672.1412       	672.17053      	672.1982       	671.9808       	671.8577       	672.0335       	672.08466      	672.1034       	672.14636      	672.17523      	672.1926       	672.25323      	672.2087       	672.1747       	672.24646      	672.22516      	672.1874       	672.19836      	672.2257       	672.2399       	672.2081       	672.16644      	672.233        	672.2288       	672.1839       	672.25256      	672.24164      	672.23035      	672.2374       	672.2306       	672.2621       	672.28033      	672.25714      	672.26917      	672.28723      	672.2732       	672.28         	672.26965      	672.2849       	672.30005      	672.27893      	672.2988       	672.32916      	672.28516      	672.30457      	672.13544      	672.1546       	672.2016       	672.1664       	672.2309       	672.21844      	672.21326      	672.2029       	672.2211       	672.2222       	672.2397       	672.2512       	672.23724      	672.2493       	672.238        	672.25055      	
