# www.neaspec.com
# Scan:	 	AFM
# Project:	 	20251007_PS
# Description:	 	
# Date:	 	10/07/2025 10:43:47
# Scanner Center Position (X, Y):	[µm]	49.99	50.01	 
# Rotation:	[°]	0	 	 
# Scan Area (X, Y, Z):	[µm]	5.000	5.000	0.000
# Pixel Area (X, Y, Z):	[px]	100	50	1
# Averaging:	 	1	 	 
# Integration time:	[ms]	5	 	 
# Laser Source:	 	4.5-15 µm nano-FTIR laser
# Detector:	 	R
# Target Wavelength:	[µm]	7.502	 	 
# Demodulation Mode:	 	Fourier
# Tip Frequency:	[Hz]	241,340.500	 	 
# Tip Amplitude:	[mV]	45.700	 	 
# Tapping Amplitude:	[nm]	79.665	 	 
# Modulation Frequency:	[Hz]	0.000	 	 
# Modulation Amplitude:	[mV]	0.000	 	 
# Modulation Offset:	[mV]	0.000	 	 
# Setpoint:	[%]	79.75	 	 
# Regulator (P, I, D):	 	4.206850	8.625812	1.000000
# Tip Potential:	[mV]	0.000	 	 
# M1A Scaling:	[nm/V]	0.426	 	 
# M1A Cantilever Factor:	 	1,000	 	 
# Q-Factor:	 	487.4	 	 
# Version:	 	2.1.11536.0
9.108167       	9.1430645      	9.303271       	9.257811       	9.18079        	9.247959       	9.121168       	9.253215       	9.142218       	9.301502       	9.142941       	9.237673       	9.178133       	9.166137       	9.157029       	9.301096       	9.310219       	9.201436       	9.197968       	9.223176       	9.090842       	9.1748705      	8.937321       	9.001621       	8.97346        	9.153723       	9.200801       	9.181858       	9.269702       	9.142054       	9.168635       	9.262874       	9.1886835      	8.957579       	9.054032       	9.296849       	9.061049       	9.086753       	9.143636       	9.1143         	9.127216       	9.279119       	9.148189       	9.123012       	9.187378       	9.1585245      	9.053447       	8.855939       	9.170539       	9.262614       	9.267657       	9.2020035      	9.208493       	8.963631       	9.158439       	9.3115425      	9.253537       	9.167242       	9.2661705      	9.172405       	9.073449       	9.225298       	9.230695       	9.315429       	9.184015       	8.983998       	8.991809       	9.27453        	9.271081       	9.223611       	9.279197       	9.302378       	9.320505       	9.198915       	9.208591       	9.091624       	9.329052       	9.139589       	9.236166       	9.237983       	9.323337       	9.353795       	9.253723       	9.160151       	9.234695       	9.189016       	8.514108       	8.427551       	8.586651       	8.307266       	8.199691       	8.386161       	8.22269        	8.304783       	7.7529683      	7.2015495      	7.0444837      	6.8745623      	6.601128       	6.5959287      	
9.165916       	9.203478       	9.173688       	9.067313       	9.130941       	9.214176       	9.20344        	9.077399       	9.1022415      	9.161383       	9.021362       	9.171604       	8.962769       	9.043565       	9.050269       	9.017553       	9.064352       	9.107877       	9.097515       	9.136593       	9.184301       	9.122402       	9.017655       	9.076674       	9.053275       	9.191412       	9.160868       	9.081647       	9.183878       	9.0979595      	9.008657       	9.248245       	9.137291       	9.25334        	9.127775       	9.205084       	9.166994       	9.155745       	9.019564       	9.234243       	9.150001       	9.164522       	9.127399       	9.336436       	9.086996       	9.179363       	9.26734        	9.071732       	9.124405       	9.160497       	9.204996       	9.1235075      	9.221368       	9.271508       	9.19519        	9.295473       	9.283871       	9.150997       	9.183629       	9.421814       	9.35509        	9.20483        	9.315207       	9.217599       	9.212954       	9.230841       	9.357217       	9.231729       	9.317823       	9.427076       	9.132508       	9.199052       	9.243827       	9.019119       	9.346258       	9.19993        	9.258523       	9.341886       	9.3159075      	9.255723       	9.285254       	9.282833       	9.269398       	9.195495       	9.138427       	9.030179       	7.694025       	7.6355515      	7.3685985      	6.848587       	6.769986       	6.498473       	6.5078406      	6.782634       	6.6734548      	6.652795       	6.643775       	6.559522       	6.7737308      	6.581426       	
9.21549        	9.290562       	9.166303       	9.014907       	9.024994       	9.218569       	9.127361       	9.29247        	9.096847       	9.15702        	9.163845       	9.202923       	9.368354       	9.236644       	9.060279       	9.217887       	9.088845       	9.432028       	9.285611       	9.111423       	9.102874       	9.231291       	8.954243       	9.068198       	9.044333       	9.140288       	9.301971       	9.079917       	9.187959       	9.076522       	9.274656       	9.039928       	9.092524       	9.202968       	9.221956       	9.16988        	9.185714       	9.104491       	9.1034775      	9.087665       	9.310903       	9.172392       	9.139807       	9.218091       	9.2590275      	9.086698       	9.271607       	9.2173195      	9.146126       	9.104978       	9.149364       	9.125409       	9.119619       	9.100645       	9.282332       	9.097336       	9.414151       	9.278041       	9.198677       	9.141674       	9.201967       	9.213006       	9.337663       	9.149913       	9.1584215      	9.17047        	9.337327       	9.123595       	9.233784       	9.262321       	9.171868       	9.155645       	9.200771       	9.255692       	9.355228       	9.158713       	9.226595       	9.100461       	9.223904       	9.089681       	9.268795       	9.217101       	9.129661       	8.434789       	7.3711905      	6.710171       	6.555355       	6.4371834      	6.5815597      	6.6522646      	6.6372457      	6.739156       	6.768833       	6.791688       	6.69277        	6.6578946      	6.881109       	6.674764       	6.731106       	6.723353       	
9.072589       	9.11402        	9.240444       	9.451036       	9.177269       	9.10973        	9.02312        	9.322764       	9.240095       	9.237793       	9.138628       	9.369189       	9.258583       	9.345663       	9.229887       	9.063295       	9.222444       	9.319668       	9.320169       	9.2152195      	9.183151       	9.299609       	9.225806       	8.913541       	9.129479       	9.143602       	9.255651       	9.292424       	9.241374       	9.1519985      	9.110573       	9.240764       	9.110282       	9.224638       	9.143708       	9.229331       	9.119125       	9.110169       	9.095659       	9.276589       	9.412932       	9.145596       	9.30026        	9.242259       	9.139869       	9.341525       	9.3242035      	9.323191       	9.311805       	9.371102       	9.200323       	9.333997       	9.1157675      	9.2608185      	9.288547       	9.278599       	9.294488       	9.288568       	9.276938       	9.342197       	9.096482       	9.230165       	9.351033       	9.079939       	9.137622       	9.1307         	9.208799       	9.312836       	9.283183       	9.253126       	9.245483       	9.202534       	9.115045       	9.180776       	9.30897        	9.227753       	9.1796255      	9.141409       	9.257394       	9.134773       	9.367941       	9.221695       	9.246692       	8.216068       	7.2796264      	6.8913603      	6.700437       	6.507103       	6.8608704      	6.938416       	6.7836576      	6.90711        	6.8615184      	6.8197484      	6.831715       	6.8935905      	6.874318       	6.7973156      	6.7094646      	6.68946        	
9.33776        	9.228446       	9.239799       	9.254681       	9.109886       	9.083067       	9.299333       	9.22331        	9.140677       	9.227848       	9.149243       	9.231388       	9.111227       	9.092538       	9.090945       	9.2473         	9.119401       	9.095958       	9.117345       	9.265169       	9.229176       	9.286149       	9.338914       	9.045045       	9.138419       	9.167156       	9.246076       	9.236978       	9.182577       	9.252895       	9.222206       	9.164715       	9.13481        	9.171078       	9.269004       	9.119698       	9.228035       	9.18337        	9.057923       	9.2914095      	9.298671       	9.157466       	9.244185       	9.250307       	9.313005       	9.325197       	9.276291       	9.266618       	9.197253       	9.289153       	9.219736       	9.2751465      	9.203469       	9.352153       	9.098766       	9.057725       	9.70814        	9.321773       	9.468563       	9.254884       	9.316165       	9.255702       	9.263772       	9.440392       	9.235409       	9.299498       	9.230479       	9.299241       	9.336827       	9.275873       	9.237879       	9.203587       	9.193869       	9.411555       	9.359211       	9.412177       	9.259779       	9.189541       	9.401848       	9.33726        	9.307427       	9.275086       	9.1384945      	7.830111       	7.8233542      	7.296535       	6.9429274      	6.7254333      	6.784637       	6.9219036      	6.852243       	6.8923025      	6.868895       	6.844701       	6.9960456      	6.891494       	6.8744564      	6.7837553      	6.897694       	6.7973127      	
9.216684       	9.287457       	9.392951       	9.330829       	9.203248       	9.292446       	9.379019       	9.364632       	9.207184       	9.259193       	9.3581505      	9.125038       	9.152539       	9.138728       	9.248166       	9.270896       	9.223703       	9.246259       	9.126968       	9.091886       	9.157419       	9.259508       	9.28082        	9.242772       	9.1053295      	9.208055       	9.410823       	9.308164       	9.313611       	9.367949       	9.363556       	9.198975       	9.245904       	9.340517       	9.232767       	9.275329       	9.424878       	9.287161       	9.214813       	9.354691       	9.400075       	9.256252       	9.18098        	9.197001       	9.297672       	9.471477       	9.142644       	9.125105       	8.967601       	8.823415       	8.545208       	8.156934       	8.267886       	8.312654       	8.309603       	8.355207       	8.326502       	8.567352       	8.363763       	9.956166       	9.50107        	9.278563       	9.367129       	9.31999        	9.435337       	9.39589        	9.313225       	9.311297       	9.1976385      	9.38563        	9.326213       	9.338389       	9.448346       	9.283245       	9.240968       	9.446155       	9.165066       	9.5011835      	9.4380865      	9.22493        	9.16735        	9.302208       	9.271697       	8.1924515      	7.6953         	7.66185        	7.2335796      	6.818998       	6.745758       	6.900293       	6.874165       	6.842761       	6.8322864      	6.874129       	6.7692018      	6.782396       	6.8233232      	6.6910114      	6.763921       	6.829379       	
9.205761       	9.174318       	9.144596       	9.179041       	9.258354       	9.202716       	9.205971       	9.147676       	9.312981       	9.35424        	9.054085       	9.27187        	9.342825       	9.194975       	9.081823       	9.282423       	9.2853565      	9.01328        	9.221346       	9.285604       	9.227214       	9.272401       	9.234815       	9.359073       	9.166729       	9.121557       	9.232872       	9.482736       	9.266695       	9.279559       	9.370697       	9.305367       	9.42834        	9.21638        	9.172036       	9.298953       	9.290293       	9.113782       	9.25325        	9.2384         	9.337079       	8.89597        	8.673729       	8.464559       	8.070093       	8.367716       	8.231665       	8.158031       	8.2522135      	8.129151       	7.7437525      	7.2228923      	6.8099885      	6.634201       	6.5089803      	6.6893544      	6.423451       	6.5594397      	6.6345625      	6.976014       	9.016597       	9.941857       	9.51845        	9.362182       	9.493893       	9.357495       	9.300379       	9.338754       	9.171564       	9.440195       	9.345849       	9.614484       	9.386885       	9.417981       	9.294382       	9.221295       	9.339444       	9.547325       	9.192847       	9.180765       	9.237625       	9.293576       	9.094006       	8.9835825      	7.8381987      	7.740344       	7.177766       	6.9080863      	6.6577873      	6.661788       	6.853087       	6.8356824      	6.784885       	6.8260784      	6.8216662      	6.747937       	6.7732472      	6.842234       	6.7659326      	6.7464476      	
9.21612        	9.203206       	9.168761       	9.233716       	9.1855755      	9.278407       	9.3179035      	9.209467       	9.15677        	9.253719       	9.151942       	9.205017       	9.097935       	9.229964       	9.21483        	9.151921       	9.1373         	9.327073       	9.212326       	9.228124       	9.408999       	9.1188345      	9.266067       	9.083825       	9.075078       	9.194315       	9.124785       	9.017223       	9.162978       	9.150235       	9.324644       	9.290545       	9.237954       	9.077614       	8.736764       	8.744738       	8.138434       	8.269209       	8.351035       	8.21526        	8.231468       	8.180214       	8.045719       	7.0605683      	6.8980927      	6.689381       	6.6746583      	6.661408       	6.778697       	6.603296       	6.6348233      	6.7850246      	6.7399936      	6.6674786      	6.606961       	6.8288445      	6.7067714      	6.4856477      	6.6751876      	6.7090592      	7.3753743      	8.234612       	10.028467      	9.511992       	9.409932       	9.582139       	9.505241       	9.468221       	9.346607       	9.461158       	9.376055       	9.406411       	9.4511385      	9.352376       	9.389447       	9.460106       	9.319018       	9.367829       	9.286334       	9.343661       	9.360031       	9.418332       	9.287072       	9.224193       	8.534107       	7.6904054      	7.5283184      	7.1392727      	6.791083       	6.8130574      	6.875647       	6.8691664      	6.825638       	6.8013525      	6.7573724      	6.9756923      	6.7508974      	6.7271013      	6.75655        	6.7077017      	
9.041377       	9.098382       	9.2654505      	9.262859       	9.394839       	9.144182       	9.394964       	9.36444        	9.236627       	9.226512       	9.3524275      	9.360084       	9.163263       	9.37193        	9.151311       	9.1987505      	9.333849       	9.319424       	9.360365       	9.199342       	9.2896         	9.342938       	9.334878       	9.146469       	9.280195       	9.246308       	8.957452       	8.61401        	8.478669       	8.120249       	8.25527        	8.196817       	8.262922       	8.143784       	8.165751       	7.8192677      	7.137125       	6.8290944      	6.6550875      	6.7237296      	6.559799       	6.6471486      	6.700899       	6.6330705      	6.7449822      	6.6668463      	6.710655       	6.7076383      	6.695342       	6.817752       	6.7404675      	6.8147273      	6.767736       	6.8258147      	6.7399783      	6.754181       	6.858372       	6.7137046      	6.6702075      	6.8091908      	7.0579295      	7.6246257      	9.326155       	9.85944        	9.613742       	9.563775       	9.46546        	9.600493       	9.306721       	9.467923       	9.357228       	9.519912       	9.345292       	9.414559       	9.365473       	9.526076       	9.418042       	9.404563       	9.108326       	9.268076       	9.123177       	9.281044       	9.247261       	9.287189       	8.840755       	7.5947485      	7.7914753      	7.22711        	7.071214       	6.6037493      	6.668973       	6.861245       	6.8451934      	7.0346084      	6.8770285      	6.6563334      	6.68853        	6.7621994      	6.8518667      	6.695678       	
9.259559       	9.097174       	9.174927       	9.220844       	9.288144       	9.304022       	9.175999       	9.181744       	9.151958       	9.253185       	9.31111        	9.342213       	9.321767       	9.462166       	9.231944       	9.252089       	9.195945       	9.201726       	9.154412       	9.260634       	9.200598       	9.088604       	9.255178       	9.250567       	9.256014       	9.23291        	9.077895       	7.879228       	7.6283073      	7.150438       	7.008595       	6.814356       	6.5336957      	6.661425       	6.5642433      	6.707142       	6.6035542      	6.6933         	6.789007       	6.6083183      	6.6558747      	6.7322574      	6.8097167      	6.7797604      	6.6449766      	6.5116553      	6.7820125      	6.6054945      	6.8094516      	6.721179       	6.828772       	6.911809       	6.85016        	6.8905935      	6.9422703      	6.901036       	6.6366987      	6.638438       	6.7898655      	6.8909836      	6.945622       	7.394198       	7.9679112      	10.060561      	9.544432       	9.628736       	9.631264       	9.519353       	9.320555       	9.399836       	9.512589       	9.447134       	9.433933       	9.38014        	9.307542       	9.2847805      	9.449134       	9.370134       	9.328065       	9.39736        	9.196095       	9.321529       	9.169612       	9.327492       	9.264706       	8.307611       	7.803835       	7.4638166      	7.0925083      	6.747593       	6.6532335      	6.693643       	6.8055806      	6.8716407      	6.8128076      	6.782661       	6.843118       	6.8580313      	6.8305726      	6.7837315      	
9.239196       	9.300884       	9.447781       	9.411709       	9.329093       	9.234379       	9.26865        	9.291653       	9.27947        	9.313706       	9.252245       	9.385035       	9.338491       	9.187241       	9.106835       	9.209193       	9.253384       	9.252998       	9.20592        	9.254306       	9.061581       	9.244614       	9.1741085      	8.775225       	8.016259       	6.8900437      	6.5683875      	6.445428       	6.6622763      	6.7602406      	6.6986237      	6.636908       	6.7484765      	6.701959       	6.841497       	6.686051       	6.842046       	6.633281       	6.814578       	6.733018       	6.561939       	6.6328797      	6.857552       	6.994626       	7.2135754      	6.8432407      	6.9771266      	6.847163       	6.7246437      	6.985066       	6.8352337      	6.770746       	6.9045124      	6.7497244      	6.7554793      	6.7338243      	6.676244       	6.7000346      	6.7518554      	6.7039156      	6.883261       	7.019673       	7.708902       	9.236118       	9.866709       	9.67225        	9.383874       	9.340858       	9.296561       	9.444877       	9.297853       	9.481312       	9.393892       	9.425425       	9.186361       	9.169598       	9.331179       	9.38365        	9.411954       	9.298852       	9.34618        	9.24769        	9.189647       	9.15128        	9.373186       	9.171682       	7.992858       	7.7716665      	7.3770695      	6.9711185      	6.856227       	6.7563286      	6.813377       	6.765245       	6.7692723      	6.808831       	6.779858       	6.777646       	6.824716       	6.777033       	
9.272267       	9.266758       	9.28545        	9.392107       	9.274098       	9.403649       	9.212698       	9.315796       	9.2124815      	9.327374       	9.264738       	9.2971115      	9.237485       	9.409314       	9.036379       	9.224475       	9.242596       	9.12053        	9.446812       	9.19896        	9.322776       	9.197641       	9.185348       	8.526403       	7.5789604      	7.2070894      	6.924928       	6.8181515      	6.483202       	6.581361       	6.770751       	6.7863083      	6.907146       	6.945871       	6.876754       	6.842546       	6.902346       	6.7267976      	6.78778        	6.8580403      	6.8489494      	6.9240813      	7.0958915      	6.750319       	6.909812       	6.832773       	6.917084       	6.8717365      	6.867674       	6.822157       	6.9017744      	6.849404       	6.9277706      	6.8897176      	6.8950667      	6.784178       	6.802178       	6.7487936      	6.669611       	6.736634       	6.6675167      	7.0441127      	7.1546464      	8.066972       	9.603152       	9.221641       	9.578096       	9.527314       	9.513171       	9.529128       	9.204009       	9.484895       	9.454313       	9.343454       	9.228707       	9.227784       	9.520182       	9.356247       	9.298277       	9.371041       	9.3349285      	9.31993        	9.412426       	9.409978       	9.299509       	9.269844       	8.506345       	7.7030277      	7.863093       	7.326046       	7.1055574      	6.5767384      	6.6074324      	6.8142614      	6.8681974      	6.68457        	6.7194705      	6.82742        	6.7080564      	6.794778       	
9.340912       	9.308775       	9.318512       	9.261003       	9.329113       	9.297713       	9.262877       	9.26689        	9.253298       	9.248255       	9.212658       	9.245437       	9.27776        	9.348145       	9.142017       	9.191062       	9.310179       	9.371568       	9.2985115      	9.225649       	9.279911       	9.085411       	9.267011       	8.388268       	7.7933707      	7.462063       	6.985047       	6.6769834      	6.8481317      	6.813107       	6.9825416      	6.7811203      	6.8530416      	6.921936       	6.86543        	6.830537       	6.77313        	6.813322       	6.656192       	6.830691       	6.7719064      	6.7967596      	6.657702       	6.614606       	6.8424354      	6.801576       	6.6480217      	6.641697       	6.8977523      	6.8285236      	6.8016667      	6.9251466      	6.9548345      	6.7127495      	6.7470098      	6.7282495      	6.577339       	6.768186       	6.8297105      	6.548053       	6.4074154      	6.805681       	6.9690204      	7.576163       	8.001466       	10.094781      	9.549132       	9.367946       	9.516572       	9.382366       	9.515829       	9.454864       	9.516301       	9.3375635      	9.506603       	9.3870735      	9.378416       	9.350361       	9.334175       	9.469089       	9.471011       	9.379533       	9.3222475      	9.308724       	9.217476       	9.148506       	9.155612       	7.933867       	7.7737784      	7.3866224      	6.984895       	6.7655125      	6.6185517      	6.6668215      	6.6640816      	6.571261       	6.970344       	6.891392       	6.662686       	6.872239       	
9.158373       	9.368697       	9.384491       	9.343639       	9.3308325      	9.223432       	9.282934       	9.340026       	9.318378       	9.238275       	9.295573       	9.359695       	9.254411       	9.253019       	9.240704       	9.235327       	9.285636       	9.2982235      	9.227629       	9.208534       	9.333509       	9.119971       	9.196734       	8.871317       	7.7731647      	7.5845785      	7.2204194      	6.9679475      	6.856575       	6.7788763      	6.721294       	6.8274913      	6.8512254      	6.8731937      	6.8345428      	6.8491445      	6.920898       	6.7943234      	6.9974804      	6.7204924      	6.7670865      	6.813265       	6.643839       	6.738298       	6.6591587      	6.5985813      	6.793401       	6.767825       	6.606543       	6.868966       	6.860241       	6.8465962      	6.748233       	6.8390107      	6.592906       	6.656603       	6.8560143      	6.847406       	6.800798       	6.692428       	6.7580833      	6.73239        	6.8893886      	7.256182       	7.851134       	9.358502       	9.605049       	9.759523       	9.616508       	9.365606       	9.406153       	9.472774       	9.402891       	9.397909       	9.373469       	9.457168       	9.274336       	9.36868        	9.330597       	9.542898       	9.451215       	9.414016       	9.348438       	9.242377       	9.244086       	9.26143        	9.152239       	8.989526       	7.9167056      	7.7312455      	7.407302       	7.208606       	6.69863        	6.6265616      	6.796979       	6.8211474      	6.812464       	6.79199        	6.848261       	6.799842       	
8.594347       	9.602611       	9.831773       	9.449049       	9.386764       	9.383858       	9.455173       	9.344227       	9.269116       	9.340278       	9.400929       	9.340596       	9.245442       	9.209258       	9.213396       	9.490535       	9.4537525      	9.315901       	9.420477       	9.2291155      	9.463828       	9.279225       	9.102675       	9.052596       	7.9834886      	7.9799957      	7.542031       	7.000294       	6.84165        	6.8291235      	6.957354       	6.942279       	6.8650312      	6.7975607      	6.880752       	6.9195285      	6.7832255      	6.8106413      	6.8659296      	6.588759       	6.8553443      	6.8957148      	6.8102474      	6.7429285      	6.7654643      	6.878464       	6.7103386      	6.8383527      	6.8088365      	6.8534408      	6.8324575      	6.602707       	6.707217       	6.7355824      	6.792324       	6.638498       	6.6582885      	6.754734       	6.689051       	6.6423993      	6.7461205      	6.528775       	6.5640993      	6.851095       	7.389472       	8.3725395      	10.025712      	9.513089       	9.552609       	9.543232       	9.454954       	9.286667       	9.238523       	9.505564       	9.307237       	9.486514       	9.403246       	9.352536       	9.303728       	9.363905       	9.34568        	9.236347       	9.143721       	9.355593       	9.239284       	9.203677       	9.320753       	9.258041       	8.73607        	7.6505866      	7.704797       	7.361167       	6.8738055      	6.7400703      	6.6912804      	6.7632484      	6.781878       	6.6314464      	6.746751       	6.6791883      	
7.2081137      	7.778411       	9.264291       	10.4263935     	9.788142       	9.590614       	9.760138       	9.580442       	9.4405775      	9.415062       	9.529981       	9.642018       	9.322797       	9.422386       	9.337932       	9.45472        	9.508007       	9.405301       	9.359263       	9.402461       	9.514044       	9.479373       	9.175789       	9.128695       	9.027419       	7.868979       	7.7167373      	7.2929263      	7.0787015      	6.8088145      	6.7990384      	6.8510046      	6.9682217      	6.889851       	6.9562206      	6.7969313      	6.857338       	6.7858605      	6.793612       	6.7899256      	6.81069        	6.711818       	6.7656336      	6.9055305      	6.7375493      	6.665713       	6.612445       	6.8586574      	6.8189654      	6.750067       	6.864456       	6.7155533      	6.824341       	6.8150935      	6.6755195      	6.8053794      	6.7371945      	6.83111        	6.66858        	6.6967373      	6.835583       	6.6421337      	6.6934834      	6.8382416      	6.9830236      	7.6756916      	9.191909       	9.624214       	9.574891       	9.439356       	9.451716       	9.413579       	9.330016       	9.343068       	9.320353       	9.332715       	9.339549       	9.472577       	9.386852       	9.329634       	9.328794       	9.464355       	9.360074       	9.297512       	9.28192        	9.223365       	9.410088       	9.223535       	9.1981         	8.383982       	7.7221365      	7.251024       	6.8945627      	6.701306       	6.617865       	6.699797       	6.883258       	6.6956854      	6.7637086      	6.8743544      	
7.2265334      	7.335842       	8.548355       	10.355799      	10.0720825     	9.632649       	9.625298       	9.496977       	9.510295       	9.566749       	9.556054       	9.499286       	9.489666       	9.495197       	9.526658       	9.391191       	9.480713       	9.3783045      	9.480628       	9.469511       	9.332963       	9.301477       	9.450979       	9.322527       	9.2759         	8.333002       	7.7695084      	7.5478563      	7.1898317      	6.7807493      	6.8392763      	6.866458       	6.8269444      	6.881444       	6.758082       	6.7274113      	6.898416       	6.7420287      	6.6931553      	6.711215       	6.629757       	6.7845216      	6.752663       	6.7394         	6.7181244      	6.8564944      	6.672981       	6.7438602      	6.6607013      	6.844362       	6.806004       	6.868388       	6.778275       	6.8226933      	6.58913        	6.6974206      	6.8595076      	6.645246       	6.5648594      	6.726042       	6.743127       	6.6292615      	6.4923058      	6.6619897      	6.834374       	7.3421583      	7.89787        	9.813667       	9.4491415      	9.561818       	9.505304       	9.316151       	9.491234       	9.424265       	9.409679       	9.435772       	9.346296       	9.340708       	9.464363       	9.371255       	9.406666       	9.377256       	9.252949       	9.204713       	9.3552685      	9.1568985      	9.174893       	9.308332       	9.2432785      	8.91625        	7.6547246      	7.5798855      	7.3214226      	6.7548676      	6.7104063      	6.7827606      	6.8513236      	6.898729       	6.7937675      	6.711747       	
6.8648715      	6.979669       	7.934847       	9.83523        	9.916705       	9.565964       	9.667896       	9.518578       	9.567143       	9.489541       	9.632525       	9.539348       	9.464447       	9.452363       	9.445406       	9.620331       	9.4278965      	9.435655       	9.502764       	9.486334       	9.227898       	9.361552       	9.240983       	9.377632       	9.224816       	8.907408       	7.883067       	7.8035145      	7.329249       	6.997296       	6.9467573      	6.7270865      	6.7442017      	6.786402       	6.9876356      	6.654379       	6.8365397      	6.93052        	6.865858       	6.675372       	6.6376123      	6.8065524      	6.8055496      	6.674312       	6.72557        	6.8263         	6.741136       	6.6053047      	6.8616076      	6.773056       	6.676564       	6.730031       	6.7365627      	6.8379264      	6.8262973      	6.90044        	6.733901       	6.663668       	6.735284       	6.7156596      	6.7899523      	6.6985903      	6.578489       	6.654219       	6.7390165      	6.8311896      	7.4640665      	9.144105       	9.888212       	9.541864       	9.483309       	9.557456       	9.38971        	9.55423        	9.476883       	9.281345       	9.49274        	9.331088       	9.392396       	9.295764       	9.448634       	9.393828       	9.452363       	9.334687       	9.27037        	9.228654       	9.461511       	9.421525       	9.28282        	9.235041       	8.233162       	7.6896305      	7.151142       	7.189967       	6.8990293      	6.6844816      	6.7206464      	6.828462       	6.873216       	6.8791995      	
6.880484       	6.864558       	7.123913       	8.048223       	9.782471       	9.639434       	9.67102        	9.49062        	9.638106       	9.45714        	9.407954       	9.453109       	9.455758       	9.570744       	9.58398        	9.37982        	9.503459       	9.363979       	9.494996       	9.393529       	9.294688       	9.502771       	9.289106       	9.3111925      	9.304638       	9.214295       	8.719059       	7.7207603      	7.6501846      	7.216295       	6.933312       	6.7986293      	7.000338       	6.732913       	6.761637       	6.913555       	6.777581       	6.6794705      	6.655362       	6.9169817      	6.6048594      	6.7507935      	6.841165       	6.579604       	6.68372        	6.6248465      	6.8086643      	6.7084374      	6.6911583      	6.712479       	6.65555        	6.8708153      	6.8057666      	6.8712807      	6.764269       	6.7446747      	6.6888685      	6.817295       	6.641304       	6.8897085      	6.883369       	6.8898177      	6.616139       	6.5308146      	6.6764607      	6.9308815      	7.267874       	7.8554697      	9.058219       	9.769822       	9.411327       	9.63679        	9.511139       	9.487859       	9.4177885      	9.438936       	9.395185       	9.341764       	9.084138       	9.372886       	9.42343        	9.3239565      	9.251813       	9.460026       	9.297489       	9.301651       	9.433512       	9.364776       	9.357129       	9.1449585      	8.841836       	7.69543        	7.7636695      	7.81822        	7.7769895      	7.2824345      	7.329447       	7.513112       	7.5629797      	7.838208       	
6.714981       	6.8630753      	7.0496593      	7.709975       	9.593332       	10.0154295     	9.737523       	9.249654       	9.419203       	9.452713       	9.588184       	9.321233       	9.4270735      	9.402064       	9.342352       	9.367404       	9.418862       	9.363778       	9.360249       	9.505175       	9.34174        	9.487637       	9.403507       	9.439044       	9.2480135      	9.207601       	8.960953       	8.08552        	7.899787       	7.542933       	7.2493467      	6.6870465      	6.761877       	6.963639       	6.871558       	6.9457674      	6.808964       	6.8532453      	6.8277264      	6.6518526      	6.9258504      	6.5443096      	6.636548       	6.689468       	6.645825       	6.650321       	6.630871       	6.581886       	6.6216245      	6.772731       	6.7609215      	6.7366023      	6.635796       	6.756312       	6.7797217      	6.5848236      	6.7496095      	6.726955       	6.718362       	6.6651006      	6.6935716      	6.8416934      	6.7401867      	6.7718935      	6.637405       	6.7530203      	6.940565       	7.512808       	8.542526       	10.107495      	9.588374       	9.464956       	9.545438       	9.445281       	9.442701       	9.293221       	9.412148       	9.517325       	9.528545       	9.431294       	9.442029       	9.318271       	9.43244        	9.451627       	9.403108       	9.462761       	9.458901       	9.333538       	9.432854       	9.489526       	9.374289       	9.130687       	9.275199       	9.166108       	8.9789505      	8.829789       	8.851225       	9.154517       	9.312821       	9.382228       	
6.6643806      	6.808542       	7.0677776      	7.488662       	8.18388        	9.783051       	9.527466       	9.4269085      	9.407071       	9.298166       	9.519929       	9.5239315      	9.362236       	9.236708       	9.344342       	9.430811       	9.364124       	9.527977       	9.342991       	9.446531       	9.367934       	9.367487       	9.320387       	9.389167       	9.2798815      	9.212886       	9.159254       	8.995278       	7.9088955      	7.7734594      	7.258747       	6.7822747      	6.7361846      	6.841632       	6.742309       	6.8765163      	6.86722        	6.8514385      	6.9051895      	6.6798406      	6.9326096      	6.8116074      	6.7415304      	6.7112384      	6.7481         	6.6476655      	6.658182       	6.8658876      	6.679494       	6.702666       	6.754131       	6.5446525      	6.7961245      	6.7020802      	6.6331935      	6.6002812      	6.701971       	6.7539153      	6.751569       	6.7619576      	6.8461084      	6.7854033      	6.7896376      	6.8505263      	6.547147       	6.618097       	6.848594       	7.169634       	7.849143       	9.421457       	9.748027       	9.456849       	9.505035       	9.450142       	9.516961       	9.559607       	9.416019       	9.361521       	9.497927       	9.440012       	9.24236        	9.497207       	9.541959       	9.36192        	9.293061       	9.289224       	9.547168       	9.274158       	9.265664       	9.360777       	9.330935       	9.368003       	9.243701       	9.4041815      	9.239427       	9.201373       	9.299181       	9.212526       	9.34076        	9.153874       	
6.732932       	6.7115374      	6.7457643      	7.0246305      	7.604438       	9.013329       	9.966423       	9.503115       	9.493567       	9.472028       	9.420873       	9.470884       	9.344792       	9.437869       	9.306921       	9.345704       	9.635387       	9.524984       	9.297185       	9.532943       	9.414719       	9.311938       	9.247635       	9.408018       	9.309216       	9.361344       	9.323526       	9.14007        	8.4517565      	7.791833       	7.510373       	7.1855803      	6.8547077      	6.69002        	6.8388333      	6.732419       	6.8070416      	6.9619374      	6.7128596      	6.9032817      	6.7510543      	6.619741       	6.7488074      	6.8950467      	6.730226       	6.652946       	6.854696       	6.6808214      	6.68886        	6.6817713      	6.8199344      	6.7134986      	6.6963124      	6.7053742      	6.832353       	6.970025       	6.7231174      	6.8256364      	6.865772       	6.7096853      	6.955311       	6.659298       	6.7232113      	6.688954       	6.752169       	6.705905       	7.106168       	7.2964406      	7.201635       	7.923689       	10.138513      	9.642743       	9.570894       	9.653698       	9.476514       	9.439179       	9.418422       	9.549691       	9.523659       	9.4240675      	9.442816       	9.374466       	9.315546       	9.455235       	9.484287       	9.521233       	9.450508       	9.507839       	9.374008       	9.377044       	9.391441       	9.405086       	9.24876        	9.392288       	9.4236555      	9.431427       	9.143413       	9.259712       	9.090398       	9.249919       	
6.6218753      	6.5920625      	6.808366       	7.050675       	7.503206       	7.8899813      	9.595817       	9.614801       	9.565187       	9.518322       	9.42939        	9.545842       	9.25537        	9.3894825      	9.239432       	9.461321       	9.443371       	9.508329       	9.367336       	9.484318       	9.334389       	9.373924       	9.545981       	9.365266       	9.383806       	9.365785       	9.364117       	9.220585       	9.023444       	7.816581       	7.736341       	7.2556148      	7.087059       	6.746904       	6.6401753      	6.68129        	6.798483       	6.8725414      	6.8573933      	6.8111734      	6.7869167      	6.922069       	6.7905183      	6.768103       	6.7480855      	6.808098       	6.6876674      	6.759905       	6.833517       	6.8103323      	6.826446       	6.8757005      	6.834583       	6.82713        	6.6670156      	6.683688       	6.806511       	6.677156       	6.878598       	6.8127117      	6.8723764      	6.905459       	6.9907646      	6.831701       	7.0377045      	7.209747       	7.6857095      	7.616847       	7.579258       	8.119431       	10.2548        	9.662117       	9.587852       	9.587188       	9.465275       	9.443258       	9.427614       	9.4718075      	9.466732       	9.283561       	9.411773       	9.31711        	9.354923       	9.277651       	9.442184       	9.443023       	9.163032       	9.414087       	9.516231       	9.482096       	9.475368       	9.336505       	9.5019865      	9.3762865      	9.327395       	9.4293         	9.220369       	9.282721       	9.324545       	9.292395       	
6.7516003      	6.6328926      	6.65988        	6.9261675      	7.042877       	7.810472       	9.334485       	9.724681       	9.553894       	9.652129       	9.726196       	9.5641         	9.430414       	9.447762       	9.364747       	9.3257065      	9.418699       	9.423894       	9.351751       	9.308001       	9.228427       	9.312652       	9.362427       	9.4163475      	9.431131       	9.402951       	9.145265       	9.253116       	9.242787       	8.576018       	7.5925727      	7.664531       	7.28276        	6.813717       	6.7207913      	6.839563       	6.725601       	6.864832       	6.9198394      	6.9771404      	6.78105        	6.77772        	6.6496034      	6.7969694      	6.6703405      	6.9118176      	6.7328787      	6.7864323      	6.7393947      	6.721237       	6.6827283      	6.555082       	6.722946       	6.71691        	6.7947493      	6.8101416      	6.8262177      	6.883571       	7.153345       	7.196594       	7.448245       	7.5369687      	8.106427       	8.066157       	8.253346       	8.494477       	9.0531225      	9.106929       	9.410241       	9.986549       	9.680203       	9.735516       	9.600899       	9.505941       	9.535289       	9.511085       	9.355133       	9.507899       	9.44442        	9.316971       	9.511753       	9.555036       	9.405736       	9.234865       	9.445144       	9.193771       	9.427795       	9.335403       	9.361012       	9.365333       	9.336221       	9.513926       	9.409021       	9.307034       	9.317051       	9.262811       	9.437472       	9.352396       	9.24496        	9.269867       	
6.829556       	6.7414145      	6.658089       	6.648477       	6.907973       	7.2165895      	7.877016       	9.864842       	9.615797       	9.37619        	9.5117         	9.526011       	9.498762       	9.571789       	9.471154       	9.44911        	9.371974       	9.302544       	9.262538       	9.287299       	9.329775       	9.3326845      	9.488616       	10.031478      	9.493505       	9.405176       	9.339875       	9.36236        	9.354028       	9.25949        	8.197833       	7.794609       	7.3928347      	7.2379255      	6.749441       	6.6486793      	6.782654       	6.8148065      	6.860694       	6.721793       	6.9379826      	6.7497263      	6.7205515      	6.6649194      	6.8475757      	6.700292       	6.876517       	6.947998       	6.969431       	7.1016765      	7.2067122      	7.165352       	7.413726       	7.424894       	7.665385       	7.650477       	7.928718       	8.234387       	8.491344       	8.560174       	8.965195       	9.137453       	9.772083       	9.81922        	9.558234       	9.461301       	9.435788       	9.490025       	9.6111965      	9.501512       	9.415852       	9.436603       	9.346067       	9.382268       	9.458757       	9.429502       	9.247364       	9.355452       	9.281584       	9.461705       	9.447918       	9.334171       	9.429327       	9.318082       	9.057916       	9.2903185      	9.346562       	9.2729845      	9.462203       	9.376169       	9.340774       	9.404609       	9.319714       	9.260488       	9.391346       	9.295821       	9.491228       	9.454361       	9.332544       	9.263067       	
6.7936234      	6.8315687      	6.7928348      	6.8260946      	6.866178       	7.146799       	7.5955677      	8.45214        	9.854684       	9.394149       	9.627415       	9.432815       	9.331862       	9.629417       	9.515429       	9.499461       	9.4906         	9.416522       	9.462634       	9.501724       	9.313552       	9.258825       	9.306603       	9.45576        	9.2928915      	9.214175       	9.280918       	9.190821       	9.279009       	9.350383       	8.806623       	7.742004       	7.581463       	7.2291317      	6.9904685      	6.7665515      	6.689371       	6.828176       	6.891671       	6.940091       	7.163332       	7.1220613      	6.8056884      	7.1264844      	7.1708455      	7.2354474      	7.6653395      	7.736362       	8.112231       	8.283558       	8.604284       	8.959894       	9.082251       	9.081323       	9.4893055      	9.64239        	9.825411       	9.681093       	9.404368       	9.606127       	9.479645       	9.324832       	9.3373165      	9.278422       	9.448287       	9.360994       	9.31672        	9.247868       	9.247178       	9.350421       	9.3872175      	9.425961       	9.47114        	9.418946       	9.391614       	9.323961       	9.279015       	9.281509       	9.444173       	9.210685       	9.456376       	9.321507       	9.350759       	9.252574       	9.373266       	9.431103       	9.39407        	9.336305       	9.504827       	9.438645       	9.208603       	9.209541       	9.379256       	9.369081       	9.274957       	9.461918       	9.373226       	9.325671       	9.404719       	9.362155       	
6.780257       	6.7616205      	6.7527556      	6.633412       	6.8242216      	7.0897355      	7.2071905      	7.99619        	9.807711       	9.601962       	9.374893       	9.586469       	9.461703       	9.388386       	9.469752       	9.353          	9.3209505      	9.437107       	9.428138       	9.396719       	9.19856        	9.30166        	9.512688       	9.351848       	9.25033        	9.319464       	9.353802       	9.278865       	9.337584       	9.242635       	9.243262       	8.078473       	7.7023664      	7.977888       	7.7432313      	7.176138       	7.26195        	7.4465113      	7.580321       	7.724878       	8.033117       	8.209193       	8.470331       	8.682044       	8.872324       	9.037601       	9.260673       	9.490165       	9.828501       	9.59991        	9.575853       	9.52959        	9.424864       	9.192346       	9.53768        	9.4757595      	9.388787       	9.369791       	9.258683       	9.33274        	9.294424       	9.3894         	9.231324       	9.313037       	9.358424       	9.271807       	9.413432       	9.411263       	9.297706       	9.382882       	9.444203       	9.362752       	9.570929       	9.393781       	9.35434        	9.524373       	9.412839       	9.274275       	9.410068       	9.189211       	9.443033       	9.469774       	9.4001465      	9.330788       	9.23318        	9.294548       	9.423409       	9.359713       	9.355815       	9.326966       	9.420457       	9.407705       	9.262363       	9.254623       	9.303508       	9.35669        	9.403191       	9.443152       	9.662224       	9.293709       	
6.7619457      	6.717117       	6.7992535      	6.6795855      	6.7475057      	6.7678413      	7.0071135      	7.6717057      	8.453256       	10.206169      	9.628803       	9.644273       	9.518895       	9.627366       	9.54178        	9.403519       	9.5322275      	9.501361       	9.305697       	9.536329       	9.4273         	9.47461        	9.290768       	9.331998       	9.444319       	9.337886       	9.322738       	9.430956       	9.209934       	9.361188       	9.352815       	9.21697        	9.157016       	9.202363       	8.922723       	8.737274       	8.584063       	8.866546       	9.121044       	9.350879       	9.656555       	9.991238       	9.461583       	9.469797       	9.449867       	9.248963       	9.477484       	9.405534       	9.260528       	9.22135        	9.257952       	9.407408       	9.249347       	9.300253       	9.405978       	9.301228       	9.211613       	9.323486       	9.1823225      	9.379484       	9.296111       	9.312925       	9.37343        	9.339794       	9.238507       	9.248291       	9.281096       	9.155866       	9.279162       	9.370037       	9.218815       	9.347654       	9.358596       	9.293339       	9.278842       	9.141845       	9.278304       	9.21841        	9.235032       	9.286535       	9.313941       	9.350922       	9.3030405      	9.321634       	9.278069       	9.333094       	9.448867       	9.356614       	9.234439       	9.372114       	9.100455       	9.375134       	9.236591       	9.118592       	9.280949       	9.366654       	9.403007       	9.202495       	9.405086       	9.161544       	
6.811439       	6.8729405      	6.9818892      	7.0701966      	6.9095607      	6.756059       	6.9695444      	7.1600013      	7.738452       	9.104981       	9.973245       	9.412121       	9.663081       	9.620598       	9.512709       	9.463305       	9.616004       	9.46843        	9.483315       	9.442043       	9.314579       	9.470096       	9.481646       	9.236766       	9.388735       	9.491019       	9.460458       	9.458511       	9.281915       	9.292335       	9.117262       	9.385384       	9.31096        	9.316955       	9.325154       	9.028618       	9.187913       	9.186669       	9.248326       	8.951258       	8.9879055      	9.174687       	9.223261       	9.090363       	9.130397       	9.098248       	9.023388       	9.163249       	9.24265        	9.29656        	9.126592       	9.198845       	9.23535        	9.189969       	9.249202       	9.235852       	9.26196        	9.267541       	9.283667       	9.227699       	9.2123575      	9.115466       	9.366327       	9.358605       	9.319282       	9.176947       	9.313598       	9.153844       	9.276041       	9.317154       	9.378149       	9.38341        	9.355142       	9.229666       	9.342417       	9.280242       	9.26498        	9.415589       	9.350466       	9.449014       	9.399696       	9.115128       	9.311602       	9.262073       	9.118876       	9.341925       	9.342665       	9.440479       	9.376621       	9.452323       	9.227594       	9.345069       	9.346113       	9.255167       	9.388424       	9.44028        	9.358144       	9.325752       	9.36013        	9.219082       	
6.7331944      	6.7250576      	6.788657       	6.778981       	6.6816754      	6.670461       	7.124004       	7.4195294      	7.1668463      	8.248914       	10.334379      	9.740946       	9.595702       	9.671944       	9.557186       	9.556797       	9.44879        	9.5008745      	9.394692       	9.464697       	9.645051       	9.552793       	9.49239        	9.510244       	9.445237       	9.549735       	9.455679       	9.476425       	9.365869       	9.2654295      	9.509356       	9.329388       	9.386097       	9.254051       	9.237766       	9.380185       	9.147106       	9.187025       	9.238779       	9.292004       	9.289623       	9.390457       	9.175085       	9.333946       	9.395674       	9.171918       	9.158612       	9.287467       	9.218588       	9.218557       	9.347014       	9.390907       	9.302181       	9.182346       	9.358111       	9.1466465      	9.356076       	9.312451       	9.268531       	9.411939       	9.297147       	9.300402       	9.358706       	9.373044       	9.196365       	9.4770975      	9.45447        	9.203031       	9.327199       	9.307636       	9.205771       	9.300948       	9.520775       	9.214559       	9.281086       	9.179755       	9.363781       	9.285365       	9.172403       	9.17826        	9.282014       	9.307308       	9.341471       	9.252926       	9.375419       	9.341588       	9.241329       	9.411154       	9.323304       	9.38036        	9.271232       	9.290079       	9.470474       	9.393475       	9.228232       	9.335683       	9.279983       	9.328584       	9.363488       	9.2181015      	
6.8915854      	7.002849       	7.0034695      	7.1390963      	7.147805       	7.165087       	7.668424       	7.729386       	7.7162633      	8.062002       	9.468026       	9.747237       	9.868954       	9.722169       	9.570542       	9.415636       	9.488104       	9.406312       	9.646262       	9.6637745      	9.629467       	9.464901       	9.587902       	9.592933       	9.380995       	9.560808       	9.520252       	9.210612       	9.546481       	9.36535        	9.469436       	9.525358       	9.358942       	9.397166       	9.237736       	9.263656       	9.3738165      	9.310081       	9.232742       	9.328423       	9.221952       	9.312401       	9.194119       	9.347394       	9.272151       	9.4365         	9.357051       	9.238196       	9.419266       	9.331916       	9.31297        	9.412645       	9.29007        	9.366267       	9.3069515      	9.165869       	9.100294       	9.234017       	9.36111        	9.231037       	9.313528       	9.335514       	9.288161       	9.386708       	9.425854       	9.403056       	9.349243       	9.352141       	9.497491       	9.36299        	9.305241       	9.280809       	9.519116       	9.42207        	9.335351       	9.282827       	9.367709       	9.322222       	9.45745        	9.333592       	9.301812       	9.356681       	9.302899       	9.470554       	9.350183       	9.210092       	9.383092       	9.329737       	9.200825       	9.347192       	9.3834305      	9.376925       	9.1508665      	9.356815       	9.157638       	9.3756075      	9.346193       	9.416361       	9.552781       	9.29554        	
7.739751       	7.6285944      	8.013973       	8.28952        	8.56223        	8.73367        	8.815487       	9.281933       	9.896003       	9.841909       	9.834311       	9.514729       	9.591216       	9.533867       	9.627643       	9.368008       	9.536916       	9.455169       	9.248738       	9.451986       	9.390602       	9.534915       	9.37993        	9.421773       	9.367775       	9.271162       	9.335994       	9.337796       	9.438363       	9.400424       	9.548867       	9.510501       	9.408524       	9.285709       	9.345285       	9.183005       	9.3492         	9.457676       	9.269998       	9.260769       	9.308112       	9.414105       	9.517245       	9.43033        	9.453029       	9.435406       	9.363259       	9.470132       	9.327526       	9.351419       	9.30231        	9.458615       	9.504957       	9.215112       	9.163505       	9.151356       	9.258484       	9.202205       	9.420806       	9.394011       	9.42698        	9.470984       	9.308576       	9.383843       	9.281336       	9.36847        	9.3057         	9.317263       	9.035955       	9.30208        	9.297901       	9.365828       	9.362831       	9.415549       	9.378306       	9.489687       	9.456982       	9.509701       	9.455303       	9.350094       	9.425691       	9.458554       	9.284175       	9.358991       	9.20209        	9.447365       	9.548524       	9.259019       	9.347841       	9.2360115      	9.198501       	9.472346       	9.227529       	9.33779        	9.200001       	9.341614       	9.271831       	9.233404       	9.285887       	8.119912       	
9.460012       	9.8097925      	9.917404       	9.832136       	9.795019       	9.527361       	9.419618       	9.385364       	9.553698       	9.460106       	9.601935       	9.501876       	9.596694       	9.5095415      	9.4173355      	9.475615       	9.540454       	9.439073       	9.403053       	9.694078       	9.474712       	9.301353       	9.551132       	9.478446       	9.302105       	9.358951       	9.397445       	9.591615       	9.514442       	9.358097       	9.426871       	9.385796       	9.48912        	9.470772       	9.442402       	9.298575       	9.3889475      	9.384923       	9.417911       	9.275088       	9.315942       	9.347744       	9.289838       	9.272672       	9.357062       	9.438416       	9.444111       	9.383203       	9.395189       	9.428647       	9.288008       	9.506854       	9.447334       	9.568905       	9.403996       	9.58221        	9.381862       	9.291905       	9.692362       	9.5131035      	9.421381       	9.498644       	9.415783       	9.4313         	9.454338       	9.368247       	9.509661       	9.325985       	9.264959       	9.41407        	9.360161       	9.369424       	9.355516       	9.397026       	9.447785       	9.308341       	9.338895       	9.358214       	9.294291       	9.357619       	9.374018       	9.337288       	9.193124       	9.370824       	9.404746       	9.323909       	9.523564       	9.462379       	9.3171015      	9.354952       	9.477722       	9.369856       	9.300459       	9.288573       	9.471922       	9.394616       	9.422419       	9.176533       	9.321429       	8.564134       	
9.210385       	9.326753       	9.250672       	9.301513       	9.323557       	9.399353       	9.308392       	9.49911        	9.411727       	9.474362       	9.575515       	9.461647       	9.247776       	9.518804       	9.417306       	9.424085       	9.183764       	9.45833        	9.430729       	9.375747       	9.279962       	9.423963       	9.549544       	9.354404       	9.380409       	9.629659       	9.386645       	9.29433        	9.465114       	9.5672245      	9.294859       	9.366565       	9.384757       	9.336874       	9.336574       	9.378773       	9.28995        	9.322266       	9.312582       	9.389739       	9.486967       	9.474911       	9.38123        	9.3589115      	9.329617       	9.533245       	9.35926        	9.445614       	9.508242       	9.432395       	9.54676        	9.475813       	9.38414        	9.612668       	9.417385       	9.466415       	9.437047       	9.422439       	9.325957       	9.0514555      	8.741236       	8.780677       	8.988381       	10.058706      	10.066412      	9.733998       	9.756825       	9.738955       	9.645167       	9.594426       	8.94864        	8.801867       	8.236095       	9.7523365      	9.936006       	9.650387       	9.617438       	9.596258       	9.657381       	9.645719       	9.639939       	9.503771       	9.598049       	9.557345       	9.423399       	9.533021       	9.471777       	9.587662       	9.508799       	9.538683       	9.567576       	9.5092535      	9.549317       	9.481362       	9.576508       	9.3765745      	9.413597       	9.463489       	9.204025       	7.97382        	
9.301569       	9.303422       	9.176357       	9.199203       	9.240605       	9.298692       	9.335628       	9.334166       	9.326927       	9.401113       	9.39562        	9.384037       	9.41624        	9.459615       	9.4245405      	9.558209       	9.358221       	9.424678       	9.336301       	9.484987       	9.4829645      	9.513703       	9.463727       	9.4592085      	9.372503       	9.5132         	9.382525       	9.44206        	9.465628       	9.39211        	9.559645       	9.637671       	9.444614       	9.529001       	9.402376       	9.397567       	9.598009       	9.473487       	9.330825       	9.501244       	9.628018       	9.576876       	9.372085       	9.338751       	9.272071       	9.549888       	9.402853       	9.661179       	9.501105       	9.556509       	9.451255       	9.539006       	9.430368       	9.5562525      	9.425907       	9.615962       	9.520027       	9.033568       	8.475344       	8.182673       	7.937171       	8.006852       	8.798691       	9.247817       	8.621844       	8.372977       	8.355079       	8.438502       	8.273034       	8.395921       	8.498079       	7.8204226      	7.1619887      	7.2669935      	7.6771317      	7.794955       	8.522112       	10.068135      	9.590686       	9.72675        	9.626659       	9.68138        	9.5595665      	9.661138       	9.639395       	9.503998       	9.702734       	9.608341       	9.545008       	9.662172       	9.468487       	9.568933       	9.458045       	9.527097       	9.43752        	9.527682       	9.533879       	9.536582       	9.412563       	8.903582       	
9.154727       	9.292257       	9.349948       	9.415198       	9.40602        	9.53153        	9.31441        	9.34881        	9.471071       	9.331758       	9.631615       	9.365261       	9.44037        	9.468713       	9.380395       	9.580141       	9.321078       	9.370406       	9.29373        	9.40037        	9.485758       	9.592393       	9.365935       	9.477965       	9.579172       	9.453248       	9.473624       	9.482263       	9.351383       	9.417499       	9.368831       	9.281479       	9.460979       	9.472838       	9.322729       	9.40879        	9.413566       	9.439083       	9.405139       	9.576492       	9.520125       	9.450597       	9.166198       	9.332482       	9.521117       	9.281402       	9.300842       	9.35789        	9.456588       	9.405917       	9.28682        	9.491498       	9.29982        	9.121311       	9.181553       	8.817192       	8.7014         	8.499085       	8.355252       	8.526648       	8.353796       	8.389846       	8.357241       	8.429235       	8.117793       	7.389527       	7.0720434      	6.866872       	6.8352704      	6.903481       	6.5992556      	6.7522984      	6.6365128      	6.6134315      	6.896272       	6.9107285      	7.616854       	9.629102       	9.651089       	9.523693       	9.340454       	9.459592       	9.43822        	9.522827       	9.397147       	9.418175       	9.488274       	9.503404       	9.6077385      	9.519986       	9.48527        	9.488645       	9.441445       	9.369835       	9.562398       	9.482257       	9.495424       	9.390271       	9.2701025      	9.252944       	
9.349604       	9.298916       	9.301118       	9.431246       	9.31107        	9.393465       	9.45561        	9.439087       	9.250623       	9.306195       	9.2703         	9.381324       	9.30757        	9.270938       	9.387454       	9.366474       	9.341247       	9.302736       	9.48911        	9.338454       	9.399058       	9.460282       	9.31845        	9.340606       	9.569431       	9.363863       	9.222019       	9.596565       	9.373409       	9.439889       	9.327871       	9.40372        	9.327798       	9.302666       	9.289373       	9.377427       	9.3503475      	9.332519       	9.418391       	9.366957       	9.432294       	9.467908       	9.303608       	9.269071       	9.192631       	9.317907       	9.381801       	9.150122       	9.134977       	8.477535       	8.467565       	8.327254       	8.317609       	8.340984       	8.217783       	8.089372       	7.9326406      	7.264639       	7.2934117      	6.965188       	6.80285        	6.760272       	6.6113343      	6.859266       	6.5805316      	6.6972613      	6.718679       	6.903192       	6.8382244      	6.8535757      	6.8464985      	6.7755055      	6.7363625      	6.6416903      	6.5936728      	6.938826       	7.094572       	7.7841244      	9.936594       	9.804527       	9.832982       	9.553211       	9.594844       	9.5748825      	9.602883       	9.563174       	9.487213       	9.600192       	9.449006       	9.495112       	9.525401       	9.424519       	9.350811       	9.549201       	9.581278       	9.364834       	9.439874       	9.449755       	9.473028       	9.56145        	
9.507552       	9.3421955      	9.298491       	9.270018       	9.2906475      	9.380063       	9.272218       	9.166299       	9.360385       	9.373719       	9.257095       	9.494747       	9.470073       	9.401616       	9.47719        	9.377207       	9.178672       	9.253561       	9.376597       	9.365964       	9.406238       	9.367761       	9.440831       	9.498857       	9.345136       	9.395294       	9.359424       	9.33149        	9.550549       	9.427129       	9.272711       	9.410876       	9.293271       	9.534608       	9.441626       	9.448052       	9.240352       	9.34286        	9.373379       	9.280768       	9.415569       	9.502275       	9.277135       	8.199415       	8.385533       	8.4068985      	8.356961       	8.281912       	8.525701       	7.8733277      	7.5502915      	6.853917       	6.8090205      	6.7425838      	6.5016003      	6.7965946      	6.829369       	6.7627873      	6.798123       	6.7751913      	6.781412       	6.9335732      	6.8001127      	6.994077       	6.8737803      	6.7510395      	6.97662        	6.7792788      	6.7970476      	6.827937       	6.9195027      	6.9630694      	6.839387       	6.7371287      	6.755798       	6.867969       	7.174279       	7.3984714      	8.007789       	10.211139      	9.805063       	9.552562       	9.747937       	9.584087       	9.481456       	9.478357       	9.595674       	9.46991        	9.421902       	9.331459       	9.584081       	9.590938       	9.384951       	9.371928       	9.493295       	9.435303       	9.271655       	9.223424       	9.453324       	9.40248        	
9.453801       	9.45717        	9.420704       	9.502961       	9.335497       	9.543023       	9.347173       	9.346855       	9.169036       	9.321165       	9.424075       	9.367305       	9.489544       	9.405635       	9.41964        	9.529687       	9.513168       	9.304898       	9.453033       	9.498851       	9.470781       	9.308634       	9.382922       	9.3200865      	9.377147       	9.416161       	9.382127       	9.38528        	9.357227       	9.373926       	9.251438       	9.384228       	9.280398       	9.337131       	9.346654       	9.375927       	9.303177       	9.429363       	9.400165       	9.363875       	9.327344       	8.087701       	7.38965        	7.063575       	7.0095468      	6.840588       	6.7878647      	6.7356257      	6.6977196      	6.632177       	6.7761946      	6.9294915      	6.7335553      	6.674591       	6.8555856      	6.7483463      	6.829142       	6.795814       	7.0137987      	6.8800964      	6.8234367      	6.820012       	7.037288       	6.982732       	6.869589       	7.00733        	7.0601025      	6.9071674      	6.844606       	7.0095143      	6.898154       	7.0674996      	6.90613        	6.88891        	6.8159943      	6.715748       	6.897998       	7.0339885      	7.6072474      	9.169625       	9.862243       	9.804772       	9.618274       	9.579691       	9.508006       	9.634321       	9.497108       	9.4846945      	9.630147       	9.489148       	9.567554       	9.680621       	9.6928215      	9.448648       	9.565955       	9.602471       	9.435534       	9.471314       	9.649611       	9.387202       	
9.388185       	9.19658        	9.252465       	9.403731       	9.444235       	9.2844305      	9.396545       	9.325717       	9.380881       	9.334451       	9.437038       	9.466023       	9.319434       	9.48237        	9.398091       	9.49059        	9.374023       	9.525706       	9.427939       	9.503892       	9.378583       	9.43854        	9.339276       	9.367629       	9.487255       	9.533548       	9.466746       	9.353833       	9.376556       	9.460964       	9.412233       	9.380504       	9.394181       	9.341291       	9.43045        	9.282038       	9.395514       	9.173299       	9.45799        	8.825998       	7.3745236      	5.2672296      	5.242977       	5.60562        	6.9556613      	7.209486       	6.977706       	6.826011       	7.054989       	6.9206996      	6.8510385      	6.877656       	6.894749       	6.952764       	6.974076       	6.9982758      	6.8390393      	6.832318       	6.951286       	6.891484       	6.8605466      	6.962936       	6.9751706      	6.9347258      	7.039431       	6.8149667      	7.062722       	6.887084       	7.002241       	6.9338512      	6.947826       	6.867742       	6.84265        	7.0204406      	6.8347063      	6.829687       	6.7263174      	6.995167       	7.287488       	7.9756107      	9.915592       	9.6769         	9.742433       	9.8328285      	9.577554       	9.58998        	9.582511       	9.555244       	9.79778        	9.702351       	9.511882       	9.619435       	9.587879       	9.482912       	9.46242        	9.664209       	9.641613       	9.495915       	9.560012       	9.4804         	
9.45133        	9.392918       	9.248698       	9.289839       	9.524444       	9.624193       	9.30616        	9.32244        	9.4612465      	9.478598       	9.459539       	9.319595       	9.515855       	9.480241       	9.493799       	9.416375       	9.373996       	9.377664       	9.362612       	9.404906       	9.335768       	9.538891       	9.317593       	9.437787       	9.497403       	9.541897       	9.55108        	9.399171       	9.439687       	9.320589       	9.338751       	9.422853       	9.477053       	9.51346        	9.406399       	9.418298       	9.326793       	9.217778       	7.2272534      	6.623843       	5.8303766      	5.48593        	5.0597315      	5.1345935      	5.4796023      	5.5210924      	5.9396067      	6.753094       	7.47973        	6.9982095      	7.0785227      	6.9810405      	7.0502143      	6.935296       	6.984749       	6.948273       	7.031386       	6.904966       	7.018142       	7.0784354      	6.8457036      	6.861908       	6.950987       	7.080747       	6.783833       	6.9102573      	6.8854733      	6.954714       	6.8715105      	6.8626676      	6.875536       	6.785349       	6.840699       	6.9035883      	6.750417       	6.795738       	6.73135        	7.0776176      	7.0362744      	7.4512534      	8.150664       	10.177472      	9.765748       	9.594551       	9.65364        	9.482237       	9.694631       	9.621456       	9.596163       	9.649681       	9.549884       	9.437123       	9.571566       	9.643334       	9.576918       	9.692001       	9.5001335      	9.478226       	9.613437       	9.526156       	
9.401477       	9.356377       	9.358205       	9.47421        	9.600472       	9.692475       	9.410406       	9.27833        	9.277809       	9.170194       	8.860467       	8.777924       	8.397741       	8.681303       	10.251087      	9.718523       	9.6902485      	9.662063       	9.625268       	9.538573       	9.545061       	9.47771        	9.646119       	9.489501       	9.462062       	9.491316       	9.493314       	9.533681       	9.481183       	9.315052       	9.360622       	9.38987        	9.551194       	9.606553       	9.486395       	9.438808       	9.098855       	5.653152       	5.2293143      	5.116209       	4.6652694      	4.70807        	4.6670146      	4.6733         	4.845842       	4.913241       	5.094118       	5.341398       	6.179355       	7.7354884      	7.065893       	6.8110795      	7.1447415      	6.964324       	7.0082436      	6.9184527      	7.03142        	6.857507       	6.8895707      	6.9643526      	6.85482        	6.7652783      	7.0262394      	7.0409346      	6.816615       	6.8449063      	6.9152637      	6.8032975      	7.0245504      	6.9244785      	6.974254       	7.012716       	6.9139395      	6.7793617      	6.8145247      	6.947474       	6.756588       	6.9058642      	6.9209704      	7.2681026      	8.058345       	9.874695       	9.752002       	9.8433275      	9.737461       	9.562379       	9.5599575      	9.774256       	9.648878       	9.703833       	9.558712       	9.696192       	9.506213       	9.67669        	9.631275       	9.6097         	9.609714       	9.532836       	9.722117       	9.61778        	
9.135874       	9.078123       	9.012463       	8.638319       	8.267936       	8.263656       	8.3316765      	8.268605       	8.384015       	8.495469       	8.451095       	7.8698535      	7.264851       	7.42989        	7.33672        	7.7153087      	7.9675655      	10.1289015     	9.842022       	9.741124       	9.704182       	9.519661       	9.776411       	9.702021       	9.546326       	9.687189       	9.75494        	9.632955       	9.549705       	9.725466       	9.515938       	9.617484       	9.484728       	9.581298       	9.496642       	9.533785       	8.793541       	5.5819297      	5.0687294      	4.974274       	4.816393       	4.86575        	4.902094       	4.9239154      	4.8601146      	5.264138       	5.3537297      	5.1163287      	5.544538       	5.915481       	7.4270277      	6.8842297      	7.02666        	7.046476       	6.789406       	7.033099       	7.0796695      	6.855041       	7.021158       	6.9665275      	7.049141       	6.998284       	6.890311       	7.0012584      	6.8720274      	6.9504495      	6.884317       	6.9702654      	7.044065       	6.773786       	6.824696       	6.9284143      	7.034033       	6.890745       	6.8423195      	6.954626       	6.7877054      	6.7374744      	6.9008183      	7.0355005      	7.3776207      	8.3623295      	10.195661      	9.5723095      	9.513342       	9.7540045      	9.683198       	9.61033        	9.542039       	9.710564       	9.611449       	9.645051       	9.469832       	9.531185       	9.654589       	9.671279       	9.600655       	9.575913       	9.457713       	9.730817       	
8.388842       	8.251649       	8.161964       	7.438024       	7.0657296      	7.0468516      	6.8915925      	6.8057237      	6.692597       	6.655064       	6.720449       	6.7287183      	6.66285        	6.6591077      	6.7576194      	6.9355807      	7.3125815      	8.606054       	10.257104      	9.825327       	9.841515       	9.820786       	9.787959       	9.556747       	9.641918       	9.622598       	9.7041         	9.708619       	9.586718       	9.698783       	9.664096       	9.64353        	9.64109        	9.686788       	9.6352005      	8.719916       	6.2229123      	5.5110865      	5.062648       	5.1487074      	5.4292264      	4.998123       	4.895286       	4.8809648      	5.183169       	5.669673       	5.852288       	5.4165626      	5.4626675      	6.1051073      	7.6284122      	7.1608357      	6.9930496      	7.057841       	6.8522024      	6.9643626      	6.778457       	6.915469       	7.025721       	6.9178724      	6.975984       	6.8555236      	6.9837947      	6.9326067      	6.976965       	6.971694       	6.7606277      	6.924159       	6.833956       	6.838605       	6.965722       	6.8958273      	6.8329945      	6.9051228      	7.033189       	6.9704075      	6.7205667      	6.8650107      	6.938644       	7.0872416      	7.2566724      	7.6641374      	8.841358       	10.277518      	9.861136       	9.719477       	9.716697       	9.694848       	9.869717       	9.995688       	9.74221        	9.685705       	9.819731       	9.702659       	9.724089       	9.550941       	9.698629       	9.526484       	9.573993       	9.491155       	
6.7278647      	6.6412854      	6.686192       	6.7903557      	6.7914386      	6.863242       	6.992622       	6.731996       	6.813879       	6.8403864      	6.762417       	6.9576883      	6.783679       	6.7920566      	6.8234644      	6.909307       	7.1134486      	7.490269       	8.657801       	10.13153       	9.742206       	9.612963       	9.787117       	9.537593       	9.587254       	9.669505       	9.484458       	9.605344       	9.626188       	9.6988325      	9.52664        	9.4555235      	9.597319       	9.556177       	9.500389       	8.354578       	5.9322023      	5.8498735      	5.4160256      	4.973831       	5.1786537      	5.5671697      	5.344063       	5.3470263      	5.34768        	5.905774       	5.81675        	6.0335455      	6.094009       	7.180379       	7.5278873      	7.00789        	6.9116383      	6.9909883      	6.8759804      	6.897502       	6.7973704      	6.8508387      	6.821825       	6.9482265      	6.8542056      	6.8362455      	6.8958974      	6.9521847      	6.7423067      	6.8544497      	6.921035       	6.8803573      	6.9003243      	6.932918       	6.8786354      	6.868068       	6.9730077      	6.974532       	6.883524       	6.840592       	6.898437       	6.8176827      	6.7667465      	6.782029       	6.9165025      	7.6050825      	8.524446       	9.988178       	9.52763        	9.629013       	9.620198       	9.578133       	9.682951       	9.594828       	9.636596       	9.6926565      	9.5592375      	9.631838       	9.645171       	9.784933       	9.680194       	9.596016       	9.700073       	9.505504       	
6.6399684      	6.8304677      	6.961893       	6.7875137      	6.8470263      	6.871108       	6.8879757      	6.8642955      	7.022045       	6.9345202      	6.9418654      	6.9531593      	6.893746       	6.6805687      	6.903548       	6.6727767      	7.10439        	7.1747417      	8.091941       	9.652461       	9.970002       	9.690668       	9.68425        	9.874535       	9.734313       	9.602398       	9.724078       	9.71718        	9.645396       	9.57045        	9.618489       	9.680276       	9.406447       	9.72741        	9.470159       	9.45069        	9.5199         	8.570454       	7.8872123      	7.3432784      	6.5988865      	6.2655125      	6.218111       	6.365602       	6.1885753      	6.399814       	6.786305       	7.331144       	7.089913       	7.047297       	7.100288       	7.050766       	6.944457       	6.978075       	6.8856516      	6.806435       	6.9189925      	6.924972       	6.9958043      	6.8249335      	6.7467966      	6.727206       	6.68093        	6.8467703      	6.880995       	6.675056       	6.737098       	6.823697       	6.970786       	6.8306785      	6.8939953      	6.9224625      	6.927915       	6.7747626      	7.0687675      	6.765216       	6.896297       	6.804554       	6.689355       	6.845037       	6.8311906      	7.1894526      	7.7815814      	9.274368       	9.6567545      	9.635521       	9.610664       	9.398505       	9.429084       	9.598532       	9.650435       	9.531763       	9.477748       	9.596082       	9.596295       	9.523635       	9.702833       	9.723721       	9.554855       	9.371677       	
6.961801       	6.9125457      	6.860576       	6.934735       	6.9753213      	6.955541       	6.9034333      	7.0138006      	7.0197268      	6.9703193      	7.037756       	7.0165577      	6.963168       	6.966558       	6.854542       	6.6456647      	7.0529203      	7.2352123      	7.5195613      	8.152511       	10.303929      	9.844272       	9.685612       	9.74592        	9.611065       	9.64363        	9.640037       	9.672965       	9.653218       	9.525148       	9.586143       	9.529426       	9.497621       	9.863003       	9.578477       	9.47676        	9.503452       	9.436044       	9.678321       	9.4032545      	9.724607       	9.287975       	7.836901       	8.09916        	7.818747       	7.368753       	6.9174933      	6.733697       	6.900344       	6.977746       	6.8768044      	6.775087       	6.823874       	6.8300195      	6.8882976      	6.901267       	6.8049264      	6.826665       	6.900834       	6.7002926      	6.973078       	6.8504033      	6.784769       	6.808145       	6.816182       	6.7230215      	6.9086123      	6.8380556      	6.8357143      	6.6948304      	6.9393463      	6.94663        	6.873239       	6.779518       	7.0404997      	6.9186945      	6.9457846      	6.8092203      	6.875556       	6.767113       	6.7718887      	6.946704       	7.1616364      	8.096073       	9.902508       	9.686961       	9.589523       	9.711207       	9.651977       	9.603716       	9.506759       	9.807855       	9.584981       	9.651068       	9.682867       	9.694886       	9.524138       	9.669951       	9.567778       	9.569253       	
6.929067       	6.9684067      	6.986113       	6.9922214      	7.059579       	7.000108       	6.95274        	7.0172625      	7.1443634      	6.8905663      	7.016592       	6.969233       	6.8888617      	6.8879514      	6.7690578      	6.735848       	6.845257       	7.050725       	7.2410545      	7.806288       	9.929916       	9.776453       	9.80321        	9.905419       	9.660008       	9.687058       	9.574196       	9.583184       	9.776449       	9.585322       	9.646572       	9.501923       	9.562789       	9.60011        	9.600425       	9.604526       	9.622594       	9.534719       	9.552535       	9.569012       	9.455235       	9.453833       	9.088926       	7.9929047      	7.8516693      	7.4059606      	7.12141        	6.7134767      	6.7298007      	6.9480386      	6.8285246      	6.8062677      	6.903015       	6.8035874      	6.873731       	6.9554954      	6.7939744      	6.8790827      	6.9644194      	6.79232        	6.7420754      	6.850443       	6.861869       	6.8429155      	6.794122       	6.8400655      	6.8414636      	6.965851       	6.7770214      	6.766872       	6.9765334      	6.80601        	6.8290153      	6.8202014      	6.840418       	6.84641        	6.902924       	6.839283       	6.874691       	6.8857393      	6.6206183      	6.9124756      	7.094695       	7.6141295      	8.025274       	9.979307       	9.70542        	9.8664         	9.678314       	9.746846       	9.573154       	9.555437       	9.516039       	9.5203905      	9.577516       	9.665029       	9.524712       	9.515046       	9.512602       	9.588856       	
6.845493       	6.9654565      	6.984409       	6.996354       	7.029914       	7.0014014      	6.9200535      	6.946594       	6.927067       	6.982803       	6.8412013      	6.9025626      	7.0597687      	6.9550447      	6.72244        	6.6799326      	6.746786       	6.7280498      	7.0252433      	7.633969       	8.117365       	10.2823105     	9.91585        	9.776235       	9.80175        	9.527758       	9.495354       	9.692802       	9.508896       	9.777408       	9.516022       	9.539665       	9.476482       	9.481822       	9.60593        	9.397114       	9.498207       	9.425601       	9.479261       	9.42962        	9.323519       	9.250594       	9.414085       	8.828633       	7.8237386      	7.8518176      	7.323817       	6.84453        	6.745768       	6.7371006      	6.711798       	6.8078136      	6.979371       	6.9284053      	6.9430423      	6.714009       	6.6991115      	6.8050194      	6.8118668      	6.842481       	6.86803        	6.798693       	6.921863       	6.7711663      	6.813777       	6.6211443      	6.8785357      	6.817622       	6.781498       	6.8358407      	6.7859163      	6.856503       	6.83335        	6.875038       	6.7199736      	6.7068253      	6.78783        	6.723535       	6.8404136      	6.8632746      	6.772317       	6.792527       	6.965823       	7.3420234      	7.992296       	9.731349       	9.98551        	9.730452       	9.628961       	9.6843195      	9.762065       	9.704162       	9.630359       	9.606029       	9.556631       	9.584208       	9.568508       	9.605785       	9.557764       	9.592964       	
6.7867613      	6.7944446      	6.9273744      	6.9048543      	7.08361        	6.713332       	6.9369607      	6.958467       	6.725464       	6.8990984      	6.927747       	6.9575734      	6.9878416      	6.842744       	6.773697       	6.814191       	6.739508       	6.82469        	7.0282283      	7.1051188      	7.662151       	9.362669       	9.687118       	9.692979       	9.612265       	9.496794       	9.587121       	9.464941       	9.583665       	9.600082       	9.652008       	9.5088005      	9.517735       	9.613807       	9.334356       	9.446831       	9.490406       	9.528612       	9.351883       	9.510318       	9.34424        	9.396612       	9.445225       	9.433312       	8.642199       	7.6596847      	7.3758316      	7.26549        	6.803368       	6.6864514      	6.8799944      	6.784437       	6.9696126      	6.850931       	6.8843336      	6.9457917      	6.9435644      	6.961343       	6.7727532      	6.977328       	6.8588967      	6.934525       	6.907886       	7.0191107      	6.919311       	6.7183075      	6.827659       	7.02294        	6.7734804      	6.777464       	6.870421       	6.899117       	6.7223034      	6.724889       	6.839355       	6.9364476      	6.9292564      	6.802797       	6.915775       	6.8616943      	6.8275185      	6.656119       	6.7163486      	7.0784607      	7.434778       	8.366524       	10.194559      	9.72829        	9.761474       	9.628389       	9.579481       	9.686362       	9.644693       	9.605329       	9.65776        	9.447249       	9.638125       	9.705055       	9.603466       	9.595005       	
