# www.neaspec.com
# Scan:	 	AFM
# Project:	 	20251007_PS
# Description:	 	
# Date:	 	10/07/2025 10:43:47
# Scanner Center Position (X, Y):	[µm]	49.99	50.01	 
# Rotation:	[°]	0	 	 
# Scan Area (X, Y, Z):	[µm]	5.000	5.000	0.000
# Pixel Area (X, Y, Z):	[px]	100	50	1
# Averaging:	 	1	 	 
# Integration time:	[ms]	5	 	 
# Laser Source:	 	4.5-15 µm nano-FTIR laser
# Detector:	 	R
# Target Wavelength:	[µm]	7.502	 	 
# Demodulation Mode:	 	Fourier
# Tip Frequency:	[Hz]	241,340.500	 	 
# Tip Amplitude:	[mV]	45.700	 	 
# Tapping Amplitude:	[nm]	79.665	 	 
# Modulation Frequency:	[Hz]	0.000	 	 
# Modulation Amplitude:	[mV]	0.000	 	 
# Modulation Offset:	[mV]	0.000	 	 
# Setpoint:	[%]	79.75	 	 
# Regulator (P, I, D):	 	4.206850	8.625812	1.000000
# Tip Potential:	[mV]	0.000	 	 
# M1A Scaling:	[nm/V]	0.426	 	 
# M1A Cantilever Factor:	 	1,000	 	 
# Q-Factor:	 	487.4	 	 
# Version:	 	2.1.11536.0
1.1697699      	1.1706755      	1.1661404      	1.1718575      	1.1628561      	1.1663738      	1.170924       	1.1699098      	1.1636674      	1.1603966      	1.1641014      	1.1667448      	1.1618236      	1.1615784      	1.1736091      	1.1683762      	1.1689103      	1.167521       	1.1660055      	1.1707091      	1.1722809      	1.1768303      	1.1655369      	1.1650656      	1.172308       	1.1691276      	1.1564645      	1.1652176      	1.1588649      	1.1686808      	1.164114       	1.1596088      	1.1704698      	1.1588451      	1.161973       	1.1702217      	1.1672598      	1.1638778      	1.1666024      	1.1602275      	1.1562084      	1.1622051      	1.1569234      	1.1625893      	1.1733661      	1.1678957      	1.159529       	1.1633087      	1.1595126      	1.1640886      	1.1661059      	1.1691178      	1.1639644      	1.1588953      	1.1595281      	1.1663414      	1.1668963      	1.1610036      	1.1720138      	1.169647       	1.1578757      	1.1699407      	1.1721691      	1.1792365      	1.1573534      	1.1532512      	1.1694971      	1.167062       	1.1622616      	1.1704503      	1.1740793      	1.1646738      	1.1625507      	1.1627777      	1.1624237      	1.15897        	1.168265       	1.1690922      	1.1590203      	1.157315       	1.1616101      	1.1534727      	1.1532947      	1.1492267      	1.1641617      	1.706338       	1.7766134      	1.7573565      	1.7894369      	1.8092562      	1.7840878      	1.8020506      	1.790164       	1.3947837      	1.3644716      	1.2860489      	1.2254636      	1.2022907      	1.1819216      	1.1606919      	
1.164193       	1.1689786      	1.1618559      	1.1625587      	1.1634203      	1.1617743      	1.1670218      	1.1576504      	1.1671594      	1.1737081      	1.1678187      	1.1626338      	1.1587538      	1.1653906      	1.1562222      	1.1605957      	1.1621262      	1.1629641      	1.1639392      	1.1696588      	1.1730765      	1.1645104      	1.1621497      	1.1671368      	1.1621932      	1.1694949      	1.1648023      	1.1636109      	1.1640984      	1.1587837      	1.1596975      	1.1620424      	1.1609651      	1.1594201      	1.1662472      	1.1718984      	1.1570752      	1.1696733      	1.1606584      	1.1613572      	1.1676655      	1.1638138      	1.1619364      	1.1599693      	1.170792       	1.1822602      	1.1638712      	1.1615865      	1.1641719      	1.1606177      	1.1659654      	1.1651088      	1.1696819      	1.1614513      	1.1671501      	1.1719579      	1.1647718      	1.1602862      	1.1718729      	1.1596712      	1.1678284      	1.1649879      	1.15707        	1.1632853      	1.1629777      	1.1629555      	1.1612786      	1.1596515      	1.1650414      	1.1648711      	1.1684479      	1.1623603      	1.1637994      	1.1714507      	1.169586       	1.1662523      	1.1577345      	1.1714683      	1.1672997      	1.1568311      	1.1675802      	1.1638792      	1.1586604      	1.1323482      	1.6765599      	1.7438384      	1.5366808      	1.3368962      	1.3388144      	1.2587789      	1.1989641      	1.1797123      	1.1921862      	1.170681       	1.1639352      	1.165872       	1.1664591      	1.1647152      	1.172176       	1.1687992      	
1.1649367      	1.1644077      	1.1700271      	1.1624621      	1.154538       	1.1611311      	1.1614369      	1.1695209      	1.1622645      	1.161211       	1.1635499      	1.1673096      	1.1614093      	1.1682619      	1.1670593      	1.1567873      	1.1727754      	1.1627209      	1.1625645      	1.1683109      	1.1625532      	1.1647222      	1.1704309      	1.1517662      	1.1616243      	1.1645225      	1.1627308      	1.1601652      	1.1621435      	1.1597595      	1.1623312      	1.1721535      	1.1644837      	1.1666448      	1.1666666      	1.1635936      	1.1674943      	1.1639427      	1.1600121      	1.1650345      	1.1622357      	1.1609403      	1.1671355      	1.1597787      	1.1568433      	1.1668861      	1.1560112      	1.1511252      	1.1599523      	1.1652833      	1.1631675      	1.1561496      	1.1674803      	1.161806       	1.1582838      	1.1591545      	1.1672795      	1.1574945      	1.1631309      	1.1590726      	1.1599593      	1.1662226      	1.1576248      	1.1619194      	1.1554615      	1.1631746      	1.1658692      	1.160822       	1.1558908      	1.1657939      	1.1609461      	1.163037       	1.1603678      	1.166458       	1.1645309      	1.1566441      	1.163305       	1.163058       	1.1619487      	1.1557558      	1.1545278      	1.2285063      	1.3320948      	1.3146578      	1.2218323      	1.1898875      	1.1670783      	1.1658925      	1.1713176      	1.170637       	1.1632084      	1.166779       	1.1686416      	1.17132        	1.1718228      	1.1731187      	1.1759973      	1.1676307      	1.166845       	1.1662585      	
1.1668237      	1.1607628      	1.1625243      	1.1662666      	1.1672496      	1.1674026      	1.1646099      	1.1723751      	1.1643897      	1.160185       	1.1666044      	1.1674937      	1.1595823      	1.1646873      	1.1641837      	1.1577888      	1.1650597      	1.1644849      	1.172064       	1.1604241      	1.1611503      	1.1766641      	1.1727695      	1.1573995      	1.1604187      	1.1634177      	1.162199       	1.1614977      	1.1579998      	1.1619688      	1.1582723      	1.1609402      	1.1670347      	1.163875       	1.1664232      	1.1639011      	1.1627163      	1.1606354      	1.1588943      	1.1699237      	1.1615757      	1.1607006      	1.1636249      	1.158787       	1.166546       	1.1639555      	1.1633321      	1.1696557      	1.1582823      	1.1647401      	1.1673857      	1.156918       	1.1657022      	1.1684809      	1.1615223      	1.1658309      	1.1549425      	1.1659766      	1.168653       	1.1638808      	1.1656951      	1.1644846      	1.1673532      	1.1679704      	1.1635083      	1.1638329      	1.1649735      	1.1629659      	1.1641887      	1.1661112      	1.1680964      	1.1608794      	1.1616418      	1.1676328      	1.1601672      	1.1601651      	1.1681508      	1.1620536      	1.155154       	1.1590214      	1.1431011      	1.2348082      	1.309264       	1.2392007      	1.2287369      	1.2070578      	1.1800302      	1.1686244      	1.1767033      	1.1706358      	1.1644043      	1.1705488      	1.1674758      	1.1750023      	1.170191       	1.1699104      	1.1753633      	1.1837924      	1.1716362      	1.1792271      	
1.1643498      	1.1624395      	1.1592606      	1.1710017      	1.1605515      	1.1557652      	1.1589024      	1.1569843      	1.1704521      	1.16367        	1.1652973      	1.168615       	1.1550217      	1.1602123      	1.1661767      	1.1603273      	1.1616144      	1.1582856      	1.1605753      	1.1580222      	1.1598797      	1.1625795      	1.1602935      	1.1575727      	1.1617973      	1.1563402      	1.1625482      	1.1643012      	1.1708002      	1.1510388      	1.1571491      	1.1605715      	1.1547399      	1.1603316      	1.157717       	1.1545631      	1.1562738      	1.1511055      	1.1626545      	1.1592324      	1.159954       	1.1561204      	1.1593422      	1.1629457      	1.1517392      	1.1543677      	1.1619111      	1.1535753      	1.1494635      	1.1548737      	1.158355       	1.1484822      	1.8557775      	1.8407578      	1.7518224      	1.2778873      	1.1578999      	1.1583266      	1.1701467      	1.1603041      	1.1585346      	1.1655821      	1.1629514      	1.1608227      	1.1573044      	1.165688       	1.1611825      	1.1575799      	1.1611208      	1.1586415      	1.162142       	1.1556145      	1.1547905      	1.1600808      	1.1605192      	1.1599559      	1.1592506      	1.1493129      	1.1578035      	1.1565294      	1.1361798      	1.688403       	1.5687517      	1.2133856      	1.2145343      	1.2220004      	1.1937634      	1.1696688      	1.1650245      	1.1704432      	1.1674138      	1.1690879      	1.1572456      	1.1705152      	1.1799215      	1.1678632      	1.1707413      	1.1702349      	1.1711155      	1.1753975      	
1.1564865      	1.1595513      	1.1691542      	1.1638261      	1.1542729      	1.1565616      	1.165172       	1.1591572      	1.1609741      	1.1642097      	1.1602602      	1.1656077      	1.1598392      	1.1696646      	1.1658272      	1.160969       	1.1586589      	1.1650728      	1.1547112      	1.1550372      	1.1607965      	1.1670308      	1.1623971      	1.1668742      	1.1640081      	1.154586       	1.1493988      	1.1592994      	1.1571174      	1.1654246      	1.1575538      	1.153546       	1.1582168      	1.1591169      	1.1513418      	1.1601368      	1.161106       	1.1519461      	1.1589348      	1.1552145      	1.1512017      	1.1493683      	1.15787        	1.1509607      	1.1446445      	1.654186       	1.8683748      	1.7138891      	1.6449604      	1.7389312      	1.7566832      	1.7652942      	1.7982346      	1.801251       	1.7657942      	1.796982       	1.877069       	1.7486564      	1.158652       	1.1753508      	1.1664901      	1.1577708      	1.1523871      	1.1559974      	1.1622304      	1.1545632      	1.1599314      	1.1639854      	1.1654314      	1.1615658      	1.1544864      	1.1623905      	1.1521235      	1.1579313      	1.1612439      	1.1570135      	1.1569302      	1.1520685      	1.1550598      	1.1537924      	1.1408116      	1.4445716      	1.63641        	1.5079607      	1.2371664      	1.2289249      	1.2091832      	1.1837348      	1.1674495      	1.1743277      	1.1744773      	1.1673923      	1.1657242      	1.1699381      	1.1737387      	1.1809161      	1.1771497      	1.1769044      	1.1704799      	1.173561       	
1.170818       	1.1606953      	1.1693131      	1.1673262      	1.1593633      	1.1684606      	1.1601623      	1.1580387      	1.1703094      	1.1682823      	1.16028        	1.1614729      	1.1578145      	1.165163       	1.170234       	1.1641572      	1.1589979      	1.1598204      	1.1686428      	1.1568766      	1.1641841      	1.1638411      	1.16417        	1.1692454      	1.1601163      	1.163619       	1.161675       	1.1568396      	1.1630168      	1.1672351      	1.158429       	1.1601201      	1.1527884      	1.1608647      	1.1563388      	1.1572847      	1.1474551      	1.1586794      	1.841134       	1.8780434      	1.7471552      	1.6259176      	1.754123       	1.805368       	1.8045845      	1.8154501      	1.8414524      	1.7876229      	1.6495854      	1.3110143      	1.2960557      	1.2395544      	1.2229267      	1.186536       	1.1764774      	1.1555282      	1.1621369      	1.1990258      	1.5626673      	1.4455287      	1.16093        	1.1528212      	1.1594509      	1.1664418      	1.1586277      	1.158087       	1.1602979      	1.1640028      	1.1591506      	1.1568328      	1.1619823      	1.1631447      	1.1534362      	1.161429       	1.1610135      	1.1629457      	1.1501762      	1.1563461      	1.1498412      	1.149232       	1.1512828      	1.1272448      	1.68377        	1.7372849      	1.2699306      	1.2337111      	1.2285854      	1.2134852      	1.1664737      	1.1793996      	1.1798322      	1.164256       	1.1703234      	1.1733133      	1.1643342      	1.1627524      	1.1639899      	1.1651253      	1.1772429      	1.17845        	
1.1632943      	1.1596768      	1.1600852      	1.1652868      	1.1532096      	1.1582396      	1.1628529      	1.1680613      	1.1540873      	1.1640842      	1.16406        	1.1571105      	1.1584336      	1.1593943      	1.1706473      	1.1587131      	1.1520988      	1.1670074      	1.152273       	1.1549861      	1.1601187      	1.1585753      	1.1575874      	1.1590228      	1.1641129      	1.1584235      	1.1479114      	1.1607059      	1.1635404      	1.1490669      	1.5642648      	1.8383998      	1.7543129      	1.6716092      	1.6676307      	1.7746965      	1.7699865      	1.7997638      	1.783774       	1.8240085      	1.6620008      	1.3484532      	1.4075745      	1.3141854      	1.2505809      	1.227008       	1.1861185      	1.170998       	1.1764979      	1.1680837      	1.1645806      	1.161554       	1.159501       	1.166374       	1.1627879      	1.1560348      	1.1527563      	1.165167       	1.1413429      	1.3365506      	1.8018438      	1.1553402      	1.1537461      	1.1592451      	1.156062       	1.1583805      	1.1575215      	1.1529776      	1.1578703      	1.1616752      	1.1555258      	1.1587225      	1.1533507      	1.1590616      	1.1551954      	1.1566886      	1.1562912      	1.1530391      	1.1549166      	1.1599425      	1.1498421      	1.151034       	1.2948472      	1.7085912      	1.438256       	1.2187431      	1.2260379      	1.2004852      	1.1825037      	1.1604973      	1.1669819      	1.1756434      	1.157134       	1.1730429      	1.1715338      	1.1631594      	1.1611245      	1.1623311      	1.1668335      	1.1684669      	
1.1670007      	1.1668258      	1.1617692      	1.1564997      	1.1696459      	1.1630158      	1.1578366      	1.1584722      	1.1689718      	1.1583238      	1.1615577      	1.1557357      	1.165916       	1.167635       	1.1540942      	1.1618047      	1.1553348      	1.1511736      	1.1569829      	1.1500602      	1.1573861      	1.1595869      	1.1509807      	1.1413624      	1.1370986      	1.6178384      	1.7161322      	1.7616913      	1.7828128      	1.7980026      	1.7583301      	1.8145007      	1.8223006      	1.5845722      	1.3641059      	1.2985475      	1.2717345      	1.2295679      	1.1945344      	1.1771445      	1.1724484      	1.160711       	1.1575195      	1.159327       	1.1617556      	1.1581157      	1.1644872      	1.1612333      	1.1690722      	1.1626676      	1.1569972      	1.1608136      	1.1615742      	1.1649677      	1.1513655      	1.1619529      	1.1511604      	1.1601369      	1.1483464      	1.1822964      	1.6503396      	1.5201839      	1.1578714      	1.156227       	1.1557817      	1.1616215      	1.16157        	1.155233       	1.1621308      	1.1597356      	1.159712       	1.1574122      	1.1539309      	1.1514622      	1.1602201      	1.1587412      	1.1530269      	1.1633195      	1.1523107      	1.1530293      	1.1581975      	1.145983       	1.12411        	1.5831519      	1.7538087      	1.2459208      	1.2081075      	1.2075324      	1.1847509      	1.170216       	1.1623313      	1.1556025      	1.1767339      	1.1632901      	1.171992       	1.1579236      	1.1621252      	1.1658937      	1.17368        	1.1721234      	
1.1610086      	1.1619234      	1.1647409      	1.1597291      	1.1598977      	1.1641656      	1.1691834      	1.1568009      	1.1593642      	1.1621317      	1.1544822      	1.157716       	1.1599004      	1.1657605      	1.154838       	1.1541287      	1.1630856      	1.1625347      	1.1586548      	1.1613061      	1.1665527      	1.1636134      	1.1523807      	1.1517029      	1.205451       	1.6417421      	1.5622193      	1.3464488      	1.3614618      	1.2555994      	1.2141763      	1.1885834      	1.1770387      	1.1636803      	1.1612291      	1.1585268      	1.1638032      	1.1612207      	1.1615689      	1.1727682      	1.1614115      	1.1623273      	1.1654432      	1.1649097      	1.1649207      	1.1597091      	1.1598904      	1.1615009      	1.1658465      	1.1717305      	1.1638466      	1.1700907      	1.1622524      	1.1634808      	1.1632099      	1.1580873      	1.152889       	1.1496186      	1.1847545      	1.1238678      	1.283055       	1.8327572      	1.15379        	1.1578135      	1.1603161      	1.1635269      	1.1643053      	1.1502944      	1.1602952      	1.1581194      	1.1625777      	1.1609014      	1.1625695      	1.1695029      	1.1554244      	1.1628128      	1.1706358      	1.1581322      	1.1640553      	1.1574411      	1.1568879      	1.1556182      	1.1444213      	1.2670535      	1.7409095      	1.6422744      	1.2267748      	1.22647        	1.1954534      	1.177602       	1.1717924      	1.1633497      	1.1693662      	1.1580396      	1.1637498      	1.1676239      	1.1674149      	1.1742922      	1.1795267      	1.1721472      	
1.1524643      	1.1620135      	1.1617919      	1.156724       	1.1632366      	1.1633981      	1.161165       	1.1605052      	1.1602405      	1.1546113      	1.1644447      	1.1726483      	1.1548097      	1.1571916      	1.1559203      	1.1569982      	1.1560999      	1.1570616      	1.1521465      	1.1516211      	1.150379       	1.195447       	1.4184809      	1.3036835      	1.2463424      	1.1933415      	1.1625588      	1.1670563      	1.169384       	1.1590087      	1.1666214      	1.1658629      	1.1698091      	1.1621435      	1.1629994      	1.1702595      	1.155359       	1.2819008      	1.4983884      	1.5327339      	1.5660956      	1.1576289      	1.1439404      	1.1636828      	1.1609006      	1.1633031      	1.1665384      	1.1702666      	1.16011        	1.1598378      	1.1658629      	1.1676664      	1.1704336      	1.1592147      	1.1738808      	1.1634828      	1.165752       	1.161226       	1.1610875      	1.1860394      	1.1078321      	1.4857893      	1.4994941      	1.1490195      	1.1541381      	1.1600246      	1.1544718      	1.1544925      	1.1621529      	1.1532339      	1.1584287      	1.1582892      	1.1595099      	1.1599809      	1.1541735      	1.1610744      	1.1529378      	1.1507398      	1.1537069      	1.1514297      	1.1509492      	1.147526       	1.1335095      	1.1286268      	1.5668024      	1.7313623      	1.2596459      	1.2203864      	1.2229451      	1.2014241      	1.1736426      	1.171241       	1.1591197      	1.1629447      	1.1737214      	1.1707108      	1.1679453      	1.168066       	1.1720221      	1.1736947      	
1.1615018      	1.1586539      	1.1513253      	1.1634536      	1.1597811      	1.1583823      	1.1608322      	1.1612041      	1.1661026      	1.1587065      	1.1610769      	1.1640195      	1.1572952      	1.1599447      	1.1607927      	1.1694285      	1.1515045      	1.1481224      	1.1560858      	1.1429999      	1.134552       	1.1877424      	1.3105241      	1.2567717      	1.2217287      	1.2100861      	1.1914116      	1.1623851      	1.1645737      	1.161815       	1.1562908      	1.1619437      	1.1582776      	1.1561401      	1.1563097      	1.1483811      	1.132824       	1.1509778      	1.320884       	1.3263628      	1.1329384      	1.1690888      	1.1752548      	1.1531628      	1.1697109      	1.1771809      	1.1814153      	1.1645643      	1.1654531      	1.1861559      	1.1621608      	1.165823       	1.1651266      	1.1660002      	1.1743116      	1.1651181      	1.1675459      	1.1643031      	1.1562787      	1.158816       	1.1478643      	1.1390815      	1.786186       	1.256212       	1.1569576      	1.1622378      	1.1594541      	1.1590972      	1.1689851      	1.1608304      	1.1624029      	1.1589851      	1.1594927      	1.1669837      	1.1547009      	1.1557575      	1.1592574      	1.1528678      	1.1634846      	1.1565107      	1.1613594      	1.1559644      	1.1506841      	1.1553988      	1.2777432      	1.7252262      	1.81948        	1.2255771      	1.2254945      	1.2242337      	1.1961181      	1.175891       	1.1625721      	1.1724374      	1.1624715      	1.156603       	1.1584059      	1.1682013      	1.172168       	1.1743541      	
1.176315       	1.1612617      	1.1525277      	1.1677719      	1.1701146      	1.1597403      	1.1609205      	1.1624386      	1.1553848      	1.1596258      	1.1521171      	1.1666468      	1.1554878      	1.1549876      	1.1568227      	1.1564595      	1.1551125      	1.1544521      	1.1573195      	1.148037       	1.1420754      	1.403943       	1.6224209      	1.2883625      	1.2160274      	1.2048671      	1.1944056      	1.1662978      	1.1697185      	1.1691979      	1.1597377      	1.167499       	1.1779687      	1.1643509      	1.1593394      	1.1677065      	1.1627859      	1.1597717      	1.154164       	1.1659421      	1.1699917      	1.1592867      	1.1610837      	1.1645656      	1.1773679      	1.1839188      	1.1544017      	1.1637121      	1.1604664      	1.1674489      	1.160791       	1.1702795      	1.1702645      	1.1665605      	1.1627008      	1.1688613      	1.1615227      	1.1669955      	1.1538651      	1.1518627      	1.1708952      	1.1193055      	1.4163563      	1.6703473      	1.146421       	1.1608946      	1.1566547      	1.1587282      	1.1640128      	1.1533753      	1.15873        	1.1665982      	1.1515912      	1.1674163      	1.1563199      	1.155168       	1.1598985      	1.1604297      	1.1567615      	1.1597689      	1.1560234      	1.1597033      	1.1499057      	1.1499149      	1.1418138      	1.3935839      	1.7568523      	1.5066234      	1.2372338      	1.2235945      	1.1990725      	1.1827564      	1.1698413      	1.1652529      	1.1623349      	1.1668781      	1.1664766      	1.1687176      	1.168921       	1.1724876      	
1.1595225      	1.1661234      	1.160954       	1.1578076      	1.1652715      	1.1572989      	1.166876       	1.1639253      	1.1643219      	1.1551082      	1.16057        	1.1652377      	1.1533456      	1.1628491      	1.1712477      	1.1553711      	1.1551312      	1.1554533      	1.1598231      	1.150504       	1.1523448      	1.1827976      	1.511769       	1.5243626      	1.2375069      	1.2161052      	1.2110281      	1.1844558      	1.1703305      	1.1687168      	1.1596757      	1.1642116      	1.1627684      	1.1676939      	1.1676837      	1.1648574      	1.1732951      	1.1710807      	1.1675252      	1.1650739      	1.173807       	1.1645843      	1.1629517      	1.1580434      	1.1776464      	1.1645676      	1.1752535      	1.1694016      	1.1692603      	1.170634       	1.165457       	1.169057       	1.1755958      	1.1559086      	1.1576072      	1.165566       	1.1567721      	1.1615202      	1.1528025      	1.14547        	1.1511014      	1.1158234      	1.2436327      	1.7131863      	1.3487368      	1.1485307      	1.1659911      	1.1602812      	1.1512794      	1.1552297      	1.1581614      	1.1598222      	1.1547564      	1.1562138      	1.16484        	1.1570475      	1.1576085      	1.1553184      	1.1554253      	1.1540421      	1.15463        	1.1630168      	1.1516626      	1.1490678      	1.1538604      	1.1378174      	1.5618651      	1.6544586      	1.323294       	1.2247683      	1.2175827      	1.1944598      	1.184272       	1.1695436      	1.1618532      	1.1675239      	1.1602927      	1.1691581      	1.1808487      	1.1688325      	
1.1491069      	1.1586305      	1.16474        	1.1600462      	1.1601115      	1.1609355      	1.1577348      	1.1582526      	1.152171       	1.1664255      	1.1606902      	1.1460757      	1.1628271      	1.1572938      	1.151618       	1.1596637      	1.1442631      	1.1622891      	1.1467699      	1.1466514      	1.1554319      	1.1354265      	1.647131       	1.766787       	1.3309343      	1.2103136      	1.2112783      	1.1983935      	1.1772556      	1.1681769      	1.1732045      	1.1580578      	1.167909       	1.1635736      	1.1702543      	1.1710893      	1.1637247      	1.1657851      	1.1656929      	1.168129       	1.1652141      	1.1690365      	1.1730751      	1.1647507      	1.1715814      	1.1608735      	1.174021       	1.1681637      	1.1612664      	1.1688892      	1.1723537      	1.1729542      	1.1635289      	1.1668887      	1.1633776      	1.161952       	1.1601375      	1.163519       	1.1564373      	1.1542984      	1.1488239      	1.1584895      	1.1194503      	1.2905159      	1.6239873      	1.1709579      	1.1578914      	1.1564893      	1.1651758      	1.1553112      	1.1599563      	1.1733681      	1.1476246      	1.1585056      	1.1585238      	1.1486533      	1.1579689      	1.1632864      	1.1531025      	1.1558497      	1.1605943      	1.1596198      	1.1562964      	1.1536474      	1.1496438      	1.1546813      	1.1527002      	1.6338326      	1.625755       	1.2220399      	1.2338502      	1.2023736      	1.179526       	1.1635202      	1.1675683      	1.1664879      	1.1690319      	1.1709682      	1.1707064      	1.1694858      	
1.6442298      	1.321741       	1.1548196      	1.1685703      	1.1610568      	1.1581651      	1.1615891      	1.1634227      	1.1531484      	1.1547496      	1.1659045      	1.1719167      	1.1479214      	1.1609702      	1.1573784      	1.167829       	1.1566776      	1.1511678      	1.1718255      	1.1603148      	1.1430048      	1.149198       	1.1410743      	1.6615317      	1.4618995      	1.2446909      	1.2122166      	1.192381       	1.186937       	1.1656466      	1.1628528      	1.1681912      	1.1669239      	1.1606348      	1.161532       	1.162896       	1.1834704      	1.1742878      	1.1665775      	1.1680317      	1.17117        	1.1660742      	1.1676135      	1.1657287      	1.1661457      	1.1677812      	1.1612004      	1.1630412      	1.17232        	1.1705154      	1.1680847      	1.1731466      	1.1626253      	1.1728648      	1.1610969      	1.1643292      	1.1631382      	1.1635062      	1.1678802      	1.1515335      	1.1535981      	1.1665844      	1.1653483      	1.1344683      	1.4999684      	1.4752537      	1.1592902      	1.1575457      	1.1637068      	1.1615961      	1.1532812      	1.1612555      	1.1576627      	1.1534908      	1.1609118      	1.1546866      	1.1635003      	1.1552354      	1.1603116      	1.1538485      	1.15314        	1.1612911      	1.153236       	1.1474816      	1.1569867      	1.1495606      	1.1420805      	1.2756764      	1.4240179      	1.236243       	1.2252927      	1.2156329      	1.1966516      	1.1783028      	1.1707803      	1.1746453      	1.171043       	1.1644204      	1.1716034      	1.1695842      	
1.2429521      	1.577877       	1.1640207      	1.1615504      	1.1561921      	1.1594491      	1.1562643      	1.1516132      	1.1607025      	1.1598574      	1.1564094      	1.1596962      	1.1557858      	1.1501603      	1.1571676      	1.1559654      	1.148119       	1.1596303      	1.1552478      	1.1508183      	1.1439412      	1.1432819      	1.1258804      	1.4225332      	1.5814087      	1.2164562      	1.2299885      	1.2115148      	1.2112299      	1.1747261      	1.1718895      	1.1735069      	1.1637535      	1.1778         	1.1666348      	1.1699011      	1.1811205      	1.1608442      	1.1680301      	1.1698447      	1.1686785      	1.1689485      	1.1763613      	1.163973       	1.1716396      	1.1643722      	1.1651998      	1.1727142      	1.164085       	1.1664104      	1.164302       	1.1626399      	1.1670165      	1.1623278      	1.1691378      	1.160777       	1.1576633      	1.1663438      	1.1575707      	1.1601741      	1.1502417      	1.1496693      	1.1654625      	1.110697       	1.2771136      	1.8162777      	1.2070459      	1.1534717      	1.1623187      	1.1491429      	1.157272       	1.1599134      	1.1476789      	1.1626401      	1.1558992      	1.1530622      	1.1581566      	1.154916       	1.1635671      	1.1573716      	1.1525098      	1.1558336      	1.1574719      	1.1560664      	1.1557939      	1.1598032      	1.1575513      	1.2235801      	1.5615547      	1.6161385      	1.2327629      	1.2227046      	1.2122836      	1.1902894      	1.1657851      	1.1600134      	1.1620021      	1.1628071      	1.1683972      	1.1721189      	
1.2274035      	1.60377        	1.2838632      	1.1602936      	1.1606064      	1.151326       	1.1591547      	1.1590543      	1.1594923      	1.1552209      	1.1584516      	1.1621643      	1.1521463      	1.160052       	1.1582048      	1.1529294      	1.1557492      	1.1522386      	1.1483411      	1.1560878      	1.1458308      	1.1501864      	1.1447123      	1.1508673      	1.4317949      	1.6006087      	1.2246457      	1.2213049      	1.226557       	1.1930308      	1.1760944      	1.1690992      	1.1612912      	1.1741527      	1.1722248      	1.1652393      	1.1723422      	1.1700488      	1.1695124      	1.1708168      	1.1633159      	1.1761372      	1.1733785      	1.1713818      	1.1639318      	1.1676679      	1.1586989      	1.1678934      	1.1698906      	1.1707075      	1.1730565      	1.1601658      	1.1694531      	1.1659589      	1.1687576      	1.1700283      	1.1664785      	1.1691008      	1.1585405      	1.1669714      	1.161845       	1.1516098      	1.1504353      	1.1536877      	1.1187713      	1.3463525      	1.5048757      	1.1611502      	1.1522945      	1.1569875      	1.1598645      	1.1552036      	1.1555895      	1.1567194      	1.1480606      	1.1568043      	1.1507874      	1.1609769      	1.1507795      	1.1557792      	1.1612614      	1.1461141      	1.1575373      	1.1536921      	1.1466097      	1.157001       	1.1463048      	1.1462578      	1.4193492      	1.6554692      	1.3808024      	1.2363896      	1.2184423      	1.208786       	1.2000821      	1.1742396      	1.1772279      	1.1718718      	1.1710415      	1.1742865      	
1.1996129      	1.2943327      	1.809235       	1.2586998      	1.1553147      	1.1588724      	1.1594683      	1.1505975      	1.1631382      	1.1603442      	1.1617744      	1.160634       	1.1528376      	1.1640371      	1.1569269      	1.1622143      	1.1575809      	1.1569669      	1.1419989      	1.1547145      	1.1462945      	1.1562071      	1.151395       	1.1388539      	1.2953898      	1.6379842      	1.5228102      	1.2270397      	1.2143016      	1.1919667      	1.1851642      	1.1632743      	1.1598877      	1.1636404      	1.1649401      	1.171486       	1.1555411      	1.165732       	1.1697978      	1.1629533      	1.1613708      	1.1612337      	1.1586043      	1.1641833      	1.1619195      	1.1593852      	1.1643392      	1.1574467      	1.163245       	1.1605456      	1.1662292      	1.1630516      	1.1689324      	1.1645769      	1.1586176      	1.1620784      	1.155587       	1.1507285      	1.1564006      	1.1596606      	1.1590692      	1.1506382      	1.131166       	1.1175821      	1.1772891      	1.2738461      	1.5589767      	1.4537278      	1.1532097      	1.1543313      	1.1569718      	1.1587884      	1.1543055      	1.1548223      	1.156319       	1.1546288      	1.1661117      	1.1485238      	1.1533685      	1.1633424      	1.15313        	1.1580939      	1.1522052      	1.1548641      	1.1572539      	1.1489316      	1.1609703      	1.1561565      	1.1233871      	1.434934       	1.7449442      	1.7929436      	1.4020487      	1.2221035      	1.2301047      	1.1976523      	1.1902773      	1.1559399      	1.1743432      	1.1661836      	
1.1836876      	1.1117235      	1.5934786      	1.5047487      	1.164712       	1.1547738      	1.1693817      	1.166115       	1.1472353      	1.1506115      	1.1637329      	1.173197       	1.1623577      	1.1555793      	1.1696453      	1.157159       	1.1524705      	1.1548895      	1.1613486      	1.1580806      	1.1513318      	1.1486933      	1.1538075      	1.1456115      	1.1367804      	1.5678465      	1.7228628      	1.3901085      	1.2276692      	1.2105314      	1.1995075      	1.1715438      	1.1624506      	1.169988       	1.1716633      	1.1606674      	1.1683906      	1.1645731      	1.1656466      	1.1701372      	1.163895       	1.1734922      	1.1642898      	1.1596024      	1.1703858      	1.1638259      	1.1678908      	1.1674733      	1.1728643      	1.1682429      	1.1691333      	1.1700617      	1.1719242      	1.1669087      	1.1677685      	1.1717879      	1.1696451      	1.164668       	1.1762335      	1.1691012      	1.1611042      	1.1593109      	1.177782       	1.1595136      	1.176864       	1.1674758      	1.2563473      	1.6234254      	1.1567569      	1.1612549      	1.154038       	1.1543199      	1.1598221      	1.1575663      	1.1551908      	1.1574997      	1.1541718      	1.1609222      	1.1586906      	1.1549135      	1.1536837      	1.1559606      	1.1480633      	1.1616323      	1.1612173      	1.1530726      	1.15016        	1.1463138      	1.1504091      	1.1562191      	1.1358289      	1.4809147      	1.4955286      	1.1952544      	1.2104149      	1.31339        	1.5442971      	1.4071265      	1.2479762      	1.1662835      	
1.1706531      	1.1293395      	1.197936       	1.8270985      	1.2554296      	1.149486       	1.1609248      	1.1560435      	1.1556948      	1.154513       	1.1561053      	1.1555619      	1.1492966      	1.1563803      	1.1601212      	1.1520301      	1.1599481      	1.1543413      	1.1512322      	1.1565603      	1.1563774      	1.1563619      	1.1587871      	1.1601659      	1.1432528      	1.1892792      	1.7325727      	1.5178427      	1.256015       	1.2164695      	1.1954976      	1.1900296      	1.1591307      	1.1663378      	1.1704831      	1.1707199      	1.1761701      	1.167876       	1.1658621      	1.1737974      	1.1621339      	1.1650385      	1.1698221      	1.1616672      	1.1767628      	1.163337       	1.1686902      	1.1719764      	1.1658255      	1.1686026      	1.1701156      	1.1574557      	1.1789006      	1.1586407      	1.1643882      	1.1650125      	1.1639388      	1.1620911      	1.1614872      	1.1581186      	1.1626667      	1.1604351      	1.1610794      	1.147534       	1.1433829      	1.1189598      	1.2426014      	1.6776775      	1.4629482      	1.1561564      	1.1562523      	1.1550078      	1.1500138      	1.151913       	1.1531291      	1.1583227      	1.156626       	1.1550032      	1.1477236      	1.1564945      	1.1630601      	1.1479843      	1.1646864      	1.1578487      	1.1492722      	1.159211       	1.1525424      	1.1690806      	1.1601794      	1.1538453      	1.166844       	1.1572522      	1.1569812      	1.1557419      	1.1630943      	1.1563376      	1.1631793      	1.1603261      	1.1627392      	1.1631509      	
1.145712       	1.1720351      	1.1186393      	1.4345757      	1.6189364      	1.1522282      	1.1566379      	1.1617571      	1.1571964      	1.1555117      	1.1584361      	1.1510334      	1.1562043      	1.1570766      	1.1566659      	1.1544994      	1.1582465      	1.1486666      	1.1590726      	1.1629418      	1.1535442      	1.1624608      	1.1580772      	1.1382765      	1.144398       	1.1356628      	1.4178221      	1.615263       	1.3215634      	1.230516       	1.2145897      	1.2084368      	1.178046       	1.1708316      	1.1745274      	1.1637084      	1.1753682      	1.176391       	1.1651341      	1.1634012      	1.1614871      	1.1716759      	1.1619228      	1.1599835      	1.1743199      	1.1684018      	1.1645939      	1.1684188      	1.1669701      	1.1636306      	1.1615553      	1.1703902      	1.180397       	1.165822       	1.1638178      	1.1687703      	1.1625308      	1.1633297      	1.1627619      	1.155826       	1.1695316      	1.1652664      	1.1549127      	1.1598227      	1.2127272      	1.1649537      	1.2655953      	1.4279643      	1.6615486      	1.1464685      	1.1594247      	1.1608015      	1.1527956      	1.1526755      	1.1615095      	1.1525849      	1.1533699      	1.1518602      	1.1536578      	1.1620078      	1.1494216      	1.1568661      	1.1553754      	1.1497061      	1.1575419      	1.1605443      	1.1535743      	1.1590102      	1.1554927      	1.164225       	1.1554534      	1.1538264      	1.1589117      	1.1598583      	1.1534525      	1.1631114      	1.1578227      	1.1530892      	1.1530125      	1.1576546      	
1.1646924      	1.1697557      	1.1457248      	1.2670048      	1.7061999      	1.4396427      	1.1546628      	1.1627913      	1.1658214      	1.1537653      	1.1620985      	1.168754       	1.1592602      	1.1536499      	1.1553231      	1.1539918      	1.165971       	1.1545646      	1.1502262      	1.1635077      	1.1493672      	1.1617941      	1.1455863      	1.1529232      	1.1617146      	1.1348072      	1.1449242      	1.5147598      	1.6696588      	1.2382324      	1.2189115      	1.2104169      	1.2066106      	1.165323       	1.1757076      	1.1647714      	1.1661315      	1.1761452      	1.1802129      	1.173307       	1.1685816      	1.1786215      	1.1738135      	1.1693587      	1.1734537      	1.1703248      	1.1630447      	1.1675856      	1.1717792      	1.1688459      	1.1643797      	1.168001       	1.171644       	1.1707362      	1.1590397      	1.1821306      	1.1710241      	1.1823863      	1.211778       	1.1141896      	1.1710365      	1.219423       	1.2407756      	1.1797134      	1.146545       	1.2301946      	1.2265325      	1.4859607      	1.7858999      	1.1553402      	1.1633888      	1.1455725      	1.1617658      	1.1630018      	1.1538982      	1.1580012      	1.1588218      	1.1579139      	1.1533016      	1.1557739      	1.1691489      	1.1576443      	1.16876        	1.1655777      	1.1532625      	1.1575116      	1.1530267      	1.1681125      	1.1647444      	1.1554064      	1.1561604      	1.1609948      	1.1525942      	1.1607293      	1.1617534      	1.1566834      	1.1636713      	1.1586354      	1.1571181      	1.1580882      	
1.1576059      	1.1584089      	1.1796696      	1.1827797      	1.4694213      	1.5570636      	1.1591879      	1.1612138      	1.1568563      	1.1620398      	1.1554382      	1.1643806      	1.1605935      	1.150499       	1.1618662      	1.1572466      	1.153556       	1.1587358      	1.156358       	1.1566005      	1.155427       	1.1535484      	1.156067       	1.1605772      	1.1499848      	1.147982       	1.1489407      	1.2937309      	1.5817853      	1.4473997      	1.2337023      	1.2087436      	1.2078413      	1.1916591      	1.1668568      	1.1690664      	1.1677073      	1.1810794      	1.1692734      	1.165759       	1.1719522      	1.1731261      	1.1668496      	1.1608231      	1.1794438      	1.1618829      	1.1761032      	1.172903       	1.168115       	1.1831758      	1.1949837      	1.129079       	1.1195854      	1.118821       	1.145307       	1.2506471      	1.2383646      	1.3071849      	1.2122828      	1.186995       	1.2515745      	1.1561462      	1.1228389      	1.1099231      	1.1034398      	1.4703009      	1.2209688      	1.1232389      	1.1506208      	1.1651961      	1.1630169      	1.1576779      	1.1619579      	1.1537164      	1.1540973      	1.1588084      	1.160021       	1.1531761      	1.1506796      	1.160653       	1.1670018      	1.1592509      	1.1545516      	1.1547284      	1.1572318      	1.1608237      	1.1539018      	1.1594436      	1.1603419      	1.1587747      	1.164888       	1.1577865      	1.1572236      	1.160987       	1.1558571      	1.1546996      	1.164776       	1.1638076      	1.1598246      	1.1622174      	
1.1607101      	1.1574162      	1.1735399      	1.2041645      	1.1402494      	1.7574975      	1.3045031      	1.1583952      	1.1543359      	1.1536974      	1.1659789      	1.1565742      	1.1508319      	1.1601806      	1.1498244      	1.1365658      	1.1314954      	1.181384       	1.2220374      	1.2318333      	1.1572144      	1.1432884      	1.1622024      	1.145845       	1.1540092      	1.1437734      	1.1391858      	1.1329956      	1.4568894      	1.5406522      	1.2307         	1.2163316      	1.2102718      	1.2072371      	1.1756476      	1.1652635      	1.1707344      	1.1625333      	1.1822219      	1.1808059      	1.1835722      	1.1871731      	1.1897174      	1.1994925      	1.1835916      	1.1813478      	1.1927328      	1.1938065      	1.1903954      	1.2035062      	1.1613917      	1.1562023      	1.111231       	1.2777845      	1.1341798      	1.1074791      	1.1435075      	1.238752       	1.2374626      	1.1315693      	1.1262804      	1.1593316      	1.1594708      	1.1576539      	1.1634207      	1.1541781      	1.1489618      	1.1594876      	1.1617221      	1.1545624      	1.1576262      	1.157784       	1.1541293      	1.1592569      	1.161712       	1.168997       	1.1697947      	1.1572944      	1.1540765      	1.1690816      	1.1598781      	1.1586753      	1.1721298      	1.157408       	1.1529726      	1.1623611      	1.1552014      	1.1656963      	1.1562152      	1.1655492      	1.176724       	1.1629363      	1.1594433      	1.1632451      	1.1624823      	1.1622406      	1.1662569      	1.1714187      	1.1678039      	1.1568868      	
1.1607763      	1.1517072      	1.1436561      	1.1664482      	1.1170872      	1.3521744      	1.7942333      	1.1577774      	1.1633179      	1.1589799      	1.1636477      	1.157205       	1.1636617      	1.1593536      	1.1554829      	1.1663135      	1.1574067      	1.1504896      	1.1543888      	1.1479915      	1.1607151      	1.1576009      	1.1654533      	1.1732363      	1.1555871      	1.1509976      	1.1596062      	1.1380807      	1.1803669      	1.6257974      	1.4561132      	1.2483524      	1.2295955      	1.2231219      	1.2021446      	1.1801752      	1.1657791      	1.1336296      	1.1481123      	1.1973526      	1.218556       	1.1589528      	1.143587       	1.1101775      	1.1132307      	1.221396       	1.1762089      	1.1988493      	1.2128755      	1.1974472      	1.2185886      	1.1893929      	1.135306       	1.1405761      	1.1476741      	1.1596252      	1.1582463      	1.1575943      	1.1591942      	1.1612225      	1.151263       	1.1648452      	1.1536902      	1.158121       	1.1635108      	1.1575603      	1.1649916      	1.1548368      	1.1646168      	1.1686938      	1.1597701      	1.1512387      	1.1554953      	1.1599007      	1.1598507      	1.1645571      	1.1523082      	1.1670274      	1.1577597      	1.1516299      	1.1710953      	1.1595564      	1.1555905      	1.1632557      	1.1554519      	1.1692299      	1.1613187      	1.1660782      	1.168307       	1.1658261      	1.1622126      	1.1612567      	1.156948       	1.1627449      	1.1553609      	1.157545       	1.1558957      	1.169189       	1.1776847      	1.1731949      	
1.1512415      	1.1706077      	1.1515734      	1.1639512      	1.1858138      	1.1163025      	1.6619251      	1.4616315      	1.1664089      	1.1626638      	1.1611601      	1.1664801      	1.1543148      	1.171088       	1.1681666      	1.1481624      	1.1624726      	1.1648883      	1.149671       	1.1609963      	1.1521784      	1.1600076      	1.1621327      	1.1554849      	1.1531186      	1.1654408      	1.1480728      	1.1449243      	1.1419004      	1.4301922      	1.6355067      	1.7456325      	1.4720254      	1.2311684      	1.2445236      	1.2050004      	1.1850992      	1.2856188      	1.1777772      	1.2461871      	1.1709586      	1.1401438      	1.1636478      	1.1627765      	1.1827215      	1.1571327      	1.1471562      	1.1559435      	1.1612906      	1.163242       	1.1617464      	1.1593668      	1.1535763      	1.1634984      	1.1597092      	1.1633474      	1.1653003      	1.1562537      	1.1608523      	1.1613462      	1.1695147      	1.1521281      	1.1533805      	1.1685326      	1.1566073      	1.159888       	1.1533549      	1.1615804      	1.171727       	1.1635914      	1.164385       	1.1569157      	1.1597648      	1.1618052      	1.1496546      	1.1653167      	1.1596946      	1.1582643      	1.1543107      	1.1525874      	1.159499       	1.1571631      	1.162062       	1.1636577      	1.1587107      	1.16131        	1.1554993      	1.1657125      	1.167274       	1.1523205      	1.1635224      	1.1542757      	1.1536914      	1.1636827      	1.1594582      	1.1494058      	1.1587863      	1.1765102      	1.1756586      	1.1721894      	
1.1578215      	1.1563064      	1.1644799      	1.1600432      	1.1706711      	1.1874725      	1.2495865      	1.7575784      	1.1555498      	1.1624831      	1.1522317      	1.1635051      	1.1654468      	1.1515558      	1.1549975      	1.1540799      	1.1573702      	1.1505352      	1.1561018      	1.161813       	1.1564819      	1.1465784      	1.1632601      	1.1533906      	1.156025       	1.152333       	1.1562085      	1.149979       	1.1527345      	1.1464845      	1.1165358      	1.5524585      	1.5014782      	1.2122273      	1.2623082      	1.1573457      	1.1936399      	1.1549507      	1.133495       	1.1464596      	1.1637454      	1.1628749      	1.1624889      	1.1580069      	1.1589729      	1.1574525      	1.1554818      	1.1605215      	1.1639278      	1.1630157      	1.1608454      	1.1609741      	1.1650282      	1.158463       	1.1517613      	1.1642936      	1.1640162      	1.1605726      	1.1546534      	1.1616018      	1.1663722      	1.1568551      	1.1580858      	1.1567901      	1.1569815      	1.1621681      	1.1599226      	1.1580867      	1.157805       	1.1637702      	1.156899       	1.1612213      	1.1595097      	1.1637814      	1.1593355      	1.15803        	1.1623968      	1.1551493      	1.1506205      	1.1693003      	1.1617572      	1.1504061      	1.1679087      	1.1560595      	1.1617914      	1.1638833      	1.1523046      	1.158877       	1.1627487      	1.1527293      	1.1549284      	1.1703411      	1.1563342      	1.1544503      	1.1652454      	1.1604979      	1.1607645      	1.1702856      	1.1711738      	1.1634972      	
1.1596856      	1.166399       	1.1652749      	1.1506271      	1.1592923      	1.1794119      	1.1102027      	1.493336       	1.7001194      	1.1566007      	1.1672887      	1.1506327      	1.16435        	1.1604892      	1.157485       	1.1653901      	1.1583494      	1.1499445      	1.15931        	1.1572475      	1.1625435      	1.1647141      	1.1560118      	1.1659125      	1.1600238      	1.1590029      	1.1667213      	1.1570096      	1.1623462      	1.1565282      	1.1617239      	1.1692489      	1.1579689      	1.1597961      	1.1648699      	1.1625549      	1.1648762      	1.1601635      	1.1597798      	1.1678842      	1.1544768      	1.1585249      	1.1680044      	1.1648597      	1.162732       	1.168383       	1.1598784      	1.1598941      	1.1701877      	1.155152       	1.1646912      	1.1700714      	1.1597564      	1.1608771      	1.1618448      	1.1625891      	1.1644821      	1.1650252      	1.1604936      	1.165136       	1.1579016      	1.161176       	1.1638261      	1.1637113      	1.1623415      	1.1598175      	1.1691036      	1.1690987      	1.1555463      	1.1720645      	1.1573498      	1.1619098      	1.1685278      	1.1601872      	1.1631604      	1.1620318      	1.1558213      	1.1699221      	1.1533335      	1.1624861      	1.1679386      	1.1623435      	1.1596103      	1.1589602      	1.159663       	1.1649045      	1.1524544      	1.1653621      	1.1675977      	1.1592034      	1.1654911      	1.1682947      	1.1548027      	1.1636082      	1.1556414      	1.1559013      	1.1559583      	1.1619587      	1.185222       	1.1651633      	
1.1727477      	1.1617875      	1.1528493      	1.1701962      	1.2756187      	1.1894867      	1.2607499      	1.3880204      	1.7521912      	1.156747       	1.1601619      	1.1609976      	1.160162       	1.1597403      	1.1604882      	1.1594069      	1.1542149      	1.1634927      	1.1559004      	1.1644529      	1.1575786      	1.1590852      	1.1631737      	1.1693203      	1.1639097      	1.1600524      	1.1626658      	1.1689265      	1.158605       	1.160545       	1.1607919      	1.1568918      	1.1668115      	1.1595718      	1.1592293      	1.16643        	1.1579617      	1.1576293      	1.1717714      	1.1613009      	1.1599883      	1.1749933      	1.1590772      	1.1712953      	1.1637416      	1.16197        	1.163156       	1.1547848      	1.1660765      	1.1568733      	1.1611576      	1.1628301      	1.1614666      	1.1747339      	1.1657602      	1.1591295      	1.1592889      	1.1654989      	1.1705098      	1.1596942      	1.1592059      	1.1689014      	1.161527       	1.159993       	1.1679152      	1.1647029      	1.1568266      	1.1614785      	1.1662484      	1.1709218      	1.1550356      	1.1652135      	1.1683567      	1.1582984      	1.1537216      	1.1674075      	1.1645133      	1.1644388      	1.1579169      	1.1626953      	1.1668301      	1.1602573      	1.1589944      	1.161762       	1.1671774      	1.1530385      	1.1621901      	1.1720846      	1.1658686      	1.1569879      	1.1595334      	1.1605606      	1.1638842      	1.1542735      	1.1552335      	1.1562321      	1.1553111      	1.1524469      	1.2965575      	1.4689692      	
1.1685445      	1.1588736      	1.2322892      	1.2035547      	1.2010391      	1.2341449      	1.3009354      	1.2752031      	1.5966517      	1.4934764      	1.160588       	1.1643721      	1.1607009      	1.1461166      	1.1613642      	1.1646401      	1.1529269      	1.1580045      	1.167042       	1.1648397      	1.1542498      	1.1589112      	1.1711901      	1.1666089      	1.157571       	1.1601714      	1.162073       	1.1641334      	1.1625296      	1.1599293      	1.1703924      	1.160099       	1.1622736      	1.1646171      	1.1540585      	1.1663363      	1.1636202      	1.1618978      	1.1602904      	1.1603467      	1.1672287      	1.1581405      	1.1618272      	1.164281       	1.1623192      	1.1572783      	1.1631715      	1.164186       	1.160373       	1.1569993      	1.1623836      	1.171398       	1.1579722      	1.1642884      	1.1653801      	1.1584853      	1.1576515      	1.1641407      	1.1727165      	1.1598878      	1.165878       	1.158753       	1.1650797      	1.1656005      	1.1623359      	1.1618236      	1.1692035      	1.1573983      	1.1739619      	1.1693916      	1.1529421      	1.1656282      	1.161583       	1.1596082      	1.1610065      	1.166381       	1.1679064      	1.1631473      	1.1552565      	1.1647725      	1.1683717      	1.1574087      	1.162823       	1.1620191      	1.1562579      	1.1623539      	1.1621462      	1.1556525      	1.1579722      	1.1564364      	1.1627929      	1.1663553      	1.1618255      	1.1549658      	1.164116       	1.164031       	1.150151       	1.2312708      	1.3651         	1.4420369      	
1.5085706      	1.1292033      	1.1550316      	1.1563622      	1.170796       	1.2347124      	1.1275603      	1.1435759      	1.1567358      	1.1714939      	1.1573659      	1.166369       	1.1536947      	1.1582333      	1.1623856      	1.1577207      	1.1552417      	1.158595       	1.1621344      	1.158951       	1.1589284      	1.1614665      	1.159641       	1.1666437      	1.1554892      	1.1663424      	1.1616838      	1.1645523      	1.1705233      	1.1599005      	1.1618675      	1.1662943      	1.1672357      	1.1637726      	1.1570927      	1.1663834      	1.1624854      	1.1680834      	1.1635334      	1.1603663      	1.1700546      	1.1559924      	1.1595888      	1.1635481      	1.1646826      	1.16362        	1.1613543      	1.1615494      	1.1665742      	1.1547819      	1.1566528      	1.1680084      	1.1642865      	1.1608268      	1.1543305      	1.1557444      	1.1604016      	1.1576285      	1.1541301      	1.165053       	1.1617925      	1.1537248      	1.1623669      	1.1565276      	1.1668         	1.1614417      	1.1540955      	1.1647211      	1.1599089      	1.1516055      	1.1616342      	1.155135       	1.1576046      	1.152331       	1.1569469      	1.1592193      	1.1531968      	1.1540158      	1.1656373      	1.1504676      	1.1568806      	1.1580403      	1.1704578      	1.1573375      	1.1557319      	1.1650468      	1.1568605      	1.1574007      	1.1549046      	1.1521657      	1.1608019      	1.1583816      	1.1523093      	1.1520826      	1.152196       	1.1451336      	1.21178        	1.3729789      	1.332512       	1.2622739      	
1.1474612      	1.1361122      	1.1529944      	1.1629201      	1.1575894      	1.160817       	1.1598693      	1.1536033      	1.1501006      	1.1581328      	1.1603962      	1.16396        	1.1585927      	1.1561973      	1.1608725      	1.1665947      	1.1647822      	1.1519991      	1.1623956      	1.1578946      	1.1684057      	1.1609702      	1.1601397      	1.1675361      	1.1579309      	1.1591495      	1.1615833      	1.165699       	1.1601425      	1.159201       	1.1652448      	1.1598023      	1.1572106      	1.1656679      	1.1611965      	1.15911        	1.1579893      	1.1671585      	1.1644816      	1.1615871      	1.1592271      	1.1644607      	1.1578476      	1.1553396      	1.1574312      	1.1627146      	1.1612535      	1.1575952      	1.154912       	1.1594732      	1.1547552      	1.1586485      	1.1568391      	1.1546524      	1.1625344      	1.1595695      	1.1592659      	1.152535       	1.1447484      	1.1451125      	1.1575813      	1.1562439      	1.1543822      	1.1657114      	1.1586728      	1.1573745      	1.1642375      	1.1591418      	1.157891       	1.1634538      	1.1618617      	1.1511737      	1.1534061      	1.1503848      	1.1678468      	1.1679106      	1.1532751      	1.1600878      	1.1599787      	1.1544111      	1.1686599      	1.1540445      	1.1619515      	1.172034       	1.1590359      	1.1640273      	1.1679283      	1.1580421      	1.1565795      	1.1534132      	1.1643542      	1.1606035      	1.1474876      	1.1618946      	1.1502217      	1.1520836      	1.2055444      	1.3479798      	1.3526427      	1.2900109      	
1.1590347      	1.1569877      	1.157237       	1.1619942      	1.1532073      	1.1518431      	1.1694815      	1.151622       	1.1454579      	1.1632018      	1.1557907      	1.1547111      	1.1564068      	1.1565602      	1.1569432      	1.161981       	1.1552281      	1.1586846      	1.1568617      	1.1524335      	1.1581498      	1.1570582      	1.1617105      	1.1547021      	1.1540173      	1.1657656      	1.1518999      	1.1565742      	1.1624736      	1.1648762      	1.1551528      	1.1589546      	1.1542155      	1.1598037      	1.1645992      	1.156598       	1.1583294      	1.1651047      	1.1523355      	1.157823       	1.1572087      	1.1579711      	1.1626517      	1.1491477      	1.1510035      	1.1539773      	1.1524487      	1.153423       	1.1568625      	1.1489849      	1.155108       	1.1558675      	1.1582847      	1.1674258      	1.1431448      	1.1447119      	1.1493593      	1.2994522      	1.683874       	1.69872        	1.6738201      	1.7061902      	1.4166014      	1.1572222      	1.1569303      	1.1549932      	1.1578822      	1.3706121      	1.6988742      	1.7654662      	1.717757       	1.9092536      	1.351664       	1.1594195      	1.1570582      	1.1578404      	1.1575962      	1.1509668      	1.1623902      	1.1631058      	1.1581482      	1.1604931      	1.1523347      	1.1584642      	1.162128       	1.1561356      	1.1519601      	1.155042       	1.1542368      	1.1539346      	1.1557522      	1.1574428      	1.1613631      	1.1566054      	1.155935       	1.1392521      	1.2321194      	1.5853477      	1.5013226      	1.3682529      	
1.156061       	1.1611426      	1.1543186      	1.1655874      	1.1537926      	1.1589873      	1.1676222      	1.1542325      	1.155195       	1.160563       	1.1659544      	1.1549605      	1.1589643      	1.153625       	1.164419       	1.1599587      	1.1564555      	1.1621561      	1.1554916      	1.1512662      	1.167614       	1.1536112      	1.1631004      	1.1495289      	1.1594659      	1.1638346      	1.1529562      	1.1580727      	1.154021       	1.1564664      	1.1656678      	1.1501944      	1.1541861      	1.1557724      	1.151567       	1.15968        	1.1585455      	1.1532817      	1.1640444      	1.1600161      	1.1605752      	1.1596856      	1.1550014      	1.1585398      	1.1487908      	1.1587634      	1.1543751      	1.1577061      	1.1555825      	1.1454326      	1.1564564      	1.1522651      	1.1614071      	1.1498771      	1.1357105      	1.3594077      	1.5846858      	1.5588841      	1.5444548      	1.6096145      	1.6927233      	1.5993067      	1.7127116      	1.728195       	1.7854083      	1.8228775      	1.8014388      	1.8262019      	1.840092       	1.4602549      	1.5438578      	1.7224953      	1.6883439      	1.6488589      	1.8195161      	1.7724297      	1.1591419      	1.1562082      	1.1572143      	1.1548424      	1.1592978      	1.1551527      	1.1554378      	1.1535027      	1.1541063      	1.1516203      	1.1590613      	1.150906       	1.1595974      	1.1570524      	1.1498733      	1.1603501      	1.149654       	1.1568116      	1.1615303      	1.1510158      	1.1722552      	1.4393283      	1.5245132      	1.4179628      	
1.1570696      	1.1703612      	1.1608227      	1.1564046      	1.1678516      	1.1654898      	1.1584852      	1.1548616      	1.1624228      	1.1574312      	1.1550196      	1.1589018      	1.1590832      	1.1621693      	1.1653615      	1.1659644      	1.1746029      	1.1600889      	1.1616454      	1.1691661      	1.1608285      	1.1609058      	1.1541312      	1.1677732      	1.1665787      	1.1527488      	1.1639338      	1.165396       	1.160228       	1.1500638      	1.1618764      	1.1571293      	1.1602979      	1.1658046      	1.1562005      	1.1676159      	1.1655937      	1.1598682      	1.1569601      	1.1655339      	1.1625177      	1.1577784      	1.153909       	1.1570206      	1.1635076      	1.1533742      	1.1489149      	1.1647682      	1.1615531      	1.1503149      	1.1733937      	1.5673155      	1.8727249      	1.7844381      	1.7196095      	1.7449007      	1.8033036      	1.7812368      	1.7244138      	1.6473323      	1.7892939      	1.8084524      	1.751558       	1.7098565      	1.2938359      	1.302065       	1.2653877      	1.2137048      	1.2061421      	1.1757303      	1.1591634      	1.1718955      	1.1743834      	1.1918147      	1.346919       	1.7946464      	1.4353393      	1.1588082      	1.1367073      	1.1594931      	1.1503904      	1.1594102      	1.1601785      	1.1543761      	1.170575       	1.1569622      	1.157202       	1.1640944      	1.1550674      	1.1630388      	1.1545027      	1.1598239      	1.1613492      	1.1479461      	1.1507462      	1.1602588      	1.1547168      	1.2983403      	1.4395624      	1.4281452      	
1.1607804      	1.1601247      	1.1579566      	1.1633648      	1.1542498      	1.1640577      	1.1742516      	1.1604264      	1.1614738      	1.1569387      	1.1614833      	1.1623315      	1.1550223      	1.159758       	1.1633347      	1.161579       	1.1557059      	1.1638529      	1.1615206      	1.1604481      	1.1538717      	1.1672019      	1.1543449      	1.1595215      	1.1648382      	1.1510153      	1.1567523      	1.1627411      	1.1639231      	1.1666086      	1.1602693      	1.1637292      	1.1629138      	1.159782       	1.1565998      	1.1646341      	1.1574776      	1.164174       	1.1565942      	1.1577775      	1.1696615      	1.1557528      	1.1535368      	1.1923993      	1.9041094      	1.8747066      	1.8737924      	1.7590916      	1.7741783      	1.7962238      	1.801458       	1.819428       	1.82386        	1.8289083      	1.5237864      	1.6250641      	1.4492714      	1.3246777      	1.250583       	1.2331246      	1.2021048      	1.1792042      	1.1764623      	1.1688633      	1.1597328      	1.176612       	1.1752985      	1.165806       	1.1683627      	1.1705794      	1.1609043      	1.1591967      	1.156315       	1.1533084      	1.1677519      	1.1180408      	1.6137233      	1.3135314      	1.1598785      	1.1677232      	1.165543       	1.1563479      	1.1627297      	1.1553226      	1.1552528      	1.1601218      	1.1680951      	1.1650767      	1.1567972      	1.1640152      	1.1640282      	1.1660295      	1.155961       	1.1637386      	1.1615285      	1.164961       	1.1557924      	1.2404212      	1.4570605      	1.6412629      	
1.1556455      	1.1649253      	1.1618111      	1.1651328      	1.1705629      	1.1637784      	1.1593539      	1.1608007      	1.1572372      	1.1617277      	1.1557254      	1.1596547      	1.160839       	1.159492       	1.1704868      	1.1589636      	1.1652819      	1.161985       	1.1607322      	1.1710863      	1.1587586      	1.1628673      	1.158289       	1.1572245      	1.1659079      	1.1631215      	1.1617146      	1.1682868      	1.1595639      	1.1646914      	1.1569978      	1.1598068      	1.1542313      	1.155594       	1.1560112      	1.1494844      	1.1568846      	1.1675538      	1.1581721      	1.153904       	1.1458839      	1.5309085      	1.8233768      	1.7933288      	1.8154135      	1.807433       	1.8328946      	1.7424204      	1.7998245      	1.2859843      	1.2479234      	1.2178996      	1.1923273      	1.1742721      	1.1648614      	1.1761872      	1.1684507      	1.171748       	1.1702456      	1.1676499      	1.1714958      	1.166672       	1.1680405      	1.1644593      	1.1703849      	1.1655058      	1.169334       	1.1714842      	1.1685599      	1.1697956      	1.1624625      	1.172464       	1.1673343      	1.1465409      	1.1561015      	1.1579478      	1.1551889      	1.7859861      	1.2009155      	1.1589069      	1.17066        	1.1590492      	1.16279        	1.1579728      	1.1631241      	1.1670966      	1.1650813      	1.1638664      	1.1600077      	1.1628548      	1.1570599      	1.1617174      	1.164316       	1.1622968      	1.160838       	1.1707357      	1.1633257      	1.1734219      	1.3753873      	1.55283        	
1.1686625      	1.1540159      	1.1603222      	1.1692668      	1.171963       	1.1570174      	1.1584188      	1.1634316      	1.1563587      	1.1529425      	1.1592188      	1.1647981      	1.1740597      	1.1644698      	1.1651459      	1.1653869      	1.163743       	1.1663469      	1.167682       	1.1528289      	1.1543806      	1.1605024      	1.1586396      	1.1591835      	1.171165       	1.1624323      	1.1671038      	1.1582551      	1.1636511      	1.1627913      	1.158263       	1.1632314      	1.1607338      	1.1588919      	1.1622138      	1.1567683      	1.1617638      	1.153777       	1.1811781      	1.7466929      	1.648692       	1.3152041      	1.3416549      	1.2393571      	1.2117642      	1.1763469      	1.1762708      	1.167912       	1.1701005      	1.1718836      	1.164144       	1.1772525      	1.1646793      	1.1598489      	1.1637124      	1.1617892      	1.1644953      	1.1625445      	1.1626685      	1.1689535      	1.1641695      	1.1594474      	1.1735785      	1.1687933      	1.1647388      	1.1686791      	1.1651794      	1.1641455      	1.163134       	1.1598661      	1.165097       	1.1571451      	1.1580518      	1.1444615      	1.1568284      	1.1658919      	1.1171387      	1.4462405      	1.5587915      	1.1609464      	1.1580682      	1.1541778      	1.155452       	1.1572146      	1.1716137      	1.1510001      	1.1530293      	1.162177       	1.1586746      	1.1445347      	1.1615682      	1.1598895      	1.1632062      	1.1541356      	1.1509677      	1.1526246      	1.1555015      	1.147438       	1.2167301      	1.3074459      	
1.1586137      	1.1550322      	1.1623011      	1.1623904      	1.1541519      	1.1662177      	1.1616219      	1.1630336      	1.1615564      	1.1537263      	1.1591496      	1.1587098      	1.1554283      	1.1612775      	1.1667222      	1.1602635      	1.1668326      	1.1613307      	1.1610458      	1.1652248      	1.1604053      	1.1573526      	1.1621932      	1.1569048      	1.1542709      	1.1611899      	1.1579868      	1.1577784      	1.1582332      	1.1558901      	1.1628472      	1.1624951      	1.1608521      	1.1536801      	1.1514218      	1.1561923      	1.1268463      	1.4085068      	1.7546158      	1.4242479      	1.5000765      	1.6894058      	1.8267103      	1.3279628      	1.1638829      	1.1670897      	1.1614892      	1.1635901      	1.1660154      	1.1627278      	1.165701       	1.1684493      	1.1602741      	1.1659702      	1.16331        	1.1683127      	1.1657666      	1.1664144      	1.1662946      	1.1627607      	1.1711806      	1.1663657      	1.1682705      	1.1694496      	1.1700717      	1.1640874      	1.1714631      	1.1674651      	1.1610879      	1.1577108      	1.1644522      	1.1578074      	1.1596806      	1.1569109      	1.1541148      	1.1569285      	1.1584889      	1.1236188      	1.7606028      	1.2915239      	1.1601385      	1.1542512      	1.1535668      	1.1625724      	1.1593198      	1.1594263      	1.1632131      	1.1559939      	1.1549753      	1.15541        	1.1594849      	1.162057       	1.1556292      	1.1512837      	1.1529331      	1.1541651      	1.1517807      	1.1397147      	1.2485433      	1.4169017      	
1.1582888      	1.1598135      	1.1502854      	1.1516553      	1.1690875      	1.155183       	1.1563894      	1.157455       	1.1530677      	1.1558242      	1.153619       	1.152126       	1.1566986      	1.1617384      	1.1586958      	1.1548687      	1.1562657      	1.1586865      	1.157545       	1.1562214      	1.1572815      	1.155244       	1.1557689      	1.1578037      	1.159712       	1.1534885      	1.1628271      	1.1598706      	1.1503066      	1.154309       	1.1552522      	1.1467346      	1.1527424      	1.1545238      	1.1469582      	1.144628       	1.5190423      	1.7957524      	1.4372436      	1.3556705      	1.2916285      	1.2550715      	1.2030371      	1.3119904      	1.2911419      	1.5500839      	1.3871205      	1.1649877      	1.1755346      	1.1737363      	1.1610566      	1.1691816      	1.1724073      	1.1656932      	1.1625321      	1.168084       	1.1706346      	1.1683857      	1.1658921      	1.1674691      	1.1649063      	1.1659482      	1.1680546      	1.1642116      	1.1656717      	1.1658977      	1.1714661      	1.1611526      	1.1558075      	1.1654832      	1.1688405      	1.1647863      	1.1605786      	1.1578108      	1.1519256      	1.1583034      	1.1732095      	1.1181766      	1.355911       	1.8510498      	1.1643989      	1.1500103      	1.1573865      	1.154215       	1.1603239      	1.1651155      	1.1532576      	1.1629858      	1.1655384      	1.1589589      	1.1645434      	1.1528664      	1.1541238      	1.1544816      	1.1604083      	1.1513418      	1.1487387      	1.1575513      	1.159032       	1.2341508      	
1.1416849      	1.1518108      	1.1566576      	1.151345       	1.1539077      	1.1315781      	1.7157375      	1.8749443      	1.8176547      	1.7801635      	1.7357297      	1.8014518      	1.7594328      	1.1614655      	1.1579667      	1.1488256      	1.1588039      	1.1597556      	1.1602349      	1.1686542      	1.1643066      	1.1590968      	1.1530616      	1.1439228      	1.1639649      	1.1534346      	1.1508633      	1.1578264      	1.1507457      	1.1552869      	1.1484461      	1.1498867      	1.161802       	1.1454477      	1.1258433      	1.4524406      	1.6271532      	1.616194       	1.244451       	1.2597213      	1.2419449      	1.2079488      	1.1819241      	1.1836339      	1.1968176      	1.3308035      	1.5967015      	1.3887199      	1.1641665      	1.1628128      	1.1597162      	1.1596129      	1.1576442      	1.1629708      	1.1645292      	1.1607962      	1.1604922      	1.1670574      	1.1672089      	1.1663145      	1.1644888      	1.173026       	1.1596935      	1.164916       	1.1672146      	1.1722586      	1.1670653      	1.1677815      	1.169778       	1.1601855      	1.158433       	1.1640536      	1.169207       	1.1587468      	1.1684542      	1.1647334      	1.1642479      	1.1937419      	1.1362016      	1.6996744      	1.2891072      	1.1640233      	1.1560138      	1.1557057      	1.1416446      	1.1502043      	1.164635       	1.1544602      	1.1530501      	1.156475       	1.1594379      	1.1474106      	1.1437771      	1.1559173      	1.1527321      	1.1546174      	1.1602569      	1.1645828      	1.152166       	1.1624514      	
1.8994896      	1.7902555      	1.6981846      	1.7814177      	1.8185337      	1.7989028      	1.8056539      	1.815724       	1.8163542      	1.7779319      	1.655408       	1.6363851      	1.5882798      	1.5486574      	1.660303       	1.9173526      	1.2864814      	1.1550264      	1.148367       	1.157725       	1.1476587      	1.144448       	1.1570426      	1.1490935      	1.1551787      	1.1615794      	1.1531346      	1.1558746      	1.1537651      	1.1468216      	1.1439503      	1.1492593      	1.1426939      	1.1385273      	1.1384879      	1.4197891      	1.3788073      	1.3038622      	1.259744       	1.2103264      	1.1842983      	1.1946491      	1.1843214      	1.2108057      	1.1452712      	1.351355       	1.3842714      	1.5318137      	1.585673       	1.1622432      	1.1644521      	1.1674539      	1.1624187      	1.1691265      	1.1647547      	1.1619995      	1.1645999      	1.1575713      	1.1702635      	1.1731061      	1.1687623      	1.1687754      	1.1756902      	1.1688982      	1.1633816      	1.1598424      	1.1636244      	1.1642822      	1.1686785      	1.1623485      	1.1635106      	1.1631361      	1.1658523      	1.1585821      	1.156199       	1.1636022      	1.1553155      	1.1590818      	1.1564187      	1.2259429      	1.7293814      	1.1405488      	1.1578777      	1.1559203      	1.163589       	1.1706331      	1.166195       	1.1452408      	1.1608593      	1.1577373      	1.169764       	1.1475369      	1.1461701      	1.171276       	1.1490937      	1.1526239      	1.1553409      	1.1591804      	1.1598345      	1.1466522      	
1.840542       	1.6718173      	1.542819       	1.4098778      	1.2662271      	1.2443653      	1.2120014      	1.1844409      	1.1731682      	1.1655273      	1.1554226      	1.1655         	1.1580551      	1.1663173      	1.224719       	1.5601209      	1.8487803      	1.1621553      	1.1588198      	1.1583172      	1.1607078      	1.1638536      	1.1543138      	1.1583521      	1.1626805      	1.1538726      	1.160375       	1.1578081      	1.1585453      	1.1555555      	1.1503572      	1.154325       	1.1504387      	1.116786       	1.7019916      	1.7493653      	1.560378       	1.2753395      	1.7121593      	1.4842101      	1.191446       	1.2056112      	1.1998385      	1.1735524      	1.1452421      	1.1963894      	1.1790919      	1.3804535      	1.5789804      	1.1541475      	1.1658636      	1.1621329      	1.1617773      	1.1646532      	1.1633095      	1.17502        	1.1642385      	1.1677586      	1.1690366      	1.1610073      	1.1676815      	1.1668931      	1.1586832      	1.1614587      	1.1699742      	1.155146       	1.1705754      	1.1691979      	1.1650134      	1.16598        	1.1501589      	1.1572345      	1.1687646      	1.1601065      	1.1626607      	1.1615354      	1.143085       	1.1533424      	1.1419563      	1.1437633      	1.6086484      	1.6882138      	1.155482       	1.1523205      	1.1513844      	1.1619594      	1.1499673      	1.1444148      	1.1571804      	1.1589296      	1.1543794      	1.148078       	1.1508241      	1.1610881      	1.1546954      	1.1465075      	1.1426722      	1.1486216      	1.1465641      	1.1550001      	
1.208405       	1.1771305      	1.1680279      	1.1654552      	1.172652       	1.1796347      	1.1613011      	1.1634098      	1.17147        	1.159693       	1.1524642      	1.1602987      	1.1670119      	1.1507634      	1.1781403      	1.1170924      	1.3190112      	1.7253337      	1.1562989      	1.1550035      	1.1561748      	1.157622       	1.1538421      	1.1618445      	1.1568167      	1.1579657      	1.1554029      	1.1531105      	1.1607695      	1.1543278      	1.1526698      	1.158821       	1.1498933      	1.1181667      	1.6464506      	1.8033836      	1.8285236      	1.7117697      	1.6752528      	1.6488383      	1.1764169      	1.2016281      	1.1839266      	1.1317469      	1.3343341      	1.6344925      	1.3825065      	1.6206601      	1.3620297      	1.1668221      	1.1711655      	1.1639109      	1.1626459      	1.1703991      	1.1629837      	1.1659839      	1.1759076      	1.1592214      	1.1608427      	1.1625164      	1.1670207      	1.1709425      	1.1595023      	1.1660484      	1.1706958      	1.1656128      	1.163978       	1.1649067      	1.1677626      	1.1654195      	1.1608276      	1.1667966      	1.1731309      	1.1575924      	1.166374       	1.1633499      	1.157601       	1.1613506      	1.1679623      	1.1991384      	1.2758542      	1.7118406      	1.1845552      	1.1858014      	1.1481105      	1.1510106      	1.1553578      	1.1628957      	1.144127       	1.1599057      	1.1745008      	1.1553643      	1.1675148      	1.1638688      	1.1652174      	1.1485157      	1.1501118      	1.152589       	1.1612298      	1.1485953      	
1.163825       	1.175809       	1.1613535      	1.1562921      	1.1635294      	1.1705894      	1.1679521      	1.1586785      	1.1689525      	1.164665       	1.1560462      	1.1521685      	1.1629895      	1.149956       	1.15066        	1.1433151      	1.1757436      	1.6111999      	1.5082883      	1.1681975      	1.1697743      	1.1561874      	1.1608291      	1.1586353      	1.1512971      	1.1521662      	1.1618619      	1.1608912      	1.1618308      	1.1508963      	1.1593509      	1.1603923      	1.1538744      	1.1437395      	1.1395894      	1.3163195      	1.1854401      	1.2560936      	1.207603       	1.4959881      	1.43812        	1.2276824      	1.2257265      	1.7311919      	1.6922514      	1.5922874      	1.151954       	1.1611319      	1.1693896      	1.1629261      	1.160704       	1.1713576      	1.1614747      	1.1678352      	1.1557143      	1.1629279      	1.1622933      	1.1605686      	1.170662       	1.1643941      	1.159501       	1.1694936      	1.1695393      	1.1689715      	1.1701115      	1.1662426      	1.1679344      	1.1665771      	1.1637408      	1.1672094      	1.1833643      	1.1751641      	1.1543887      	1.1605291      	1.1772755      	1.1539605      	1.1527611      	1.1582317      	1.164669       	1.1707988      	1.1118795      	1.4226726      	1.5116433      	1.1435323      	1.1496639      	1.167003       	1.1506741      	1.1639228      	1.1594552      	1.1509401      	1.1770018      	1.1437705      	1.1501137      	1.1488063      	1.1544707      	1.1500386      	1.1486588      	1.1502743      	1.1556753      	1.1508976      	
1.1574458      	1.1680645      	1.1657357      	1.1586375      	1.1627873      	1.1599008      	1.1738746      	1.156285       	1.1564395      	1.168266       	1.1670574      	1.1632817      	1.1614997      	1.1690526      	1.1687168      	1.1990256      	1.1522115      	1.3550501      	1.8018895      	1.1549561      	1.1521081      	1.1542475      	1.1592853      	1.153259       	1.1568245      	1.1637458      	1.1599087      	1.1507273      	1.1565588      	1.1524987      	1.1598271      	1.1602161      	1.1566101      	1.1493597      	1.1582752      	1.1601062      	1.1519443      	1.1513833      	1.1403363      	1.1321893      	1.4144218      	1.671814       	1.4732847      	1.246308       	1.2118511      	1.2004875      	1.1831468      	1.1633966      	1.1612747      	1.1684908      	1.1677527      	1.1675568      	1.1679974      	1.1634885      	1.1658869      	1.1626433      	1.163607       	1.1680306      	1.1704656      	1.1723821      	1.1681414      	1.1664944      	1.1680037      	1.1669006      	1.1639962      	1.1642017      	1.1662464      	1.1639346      	1.1551158      	1.1663148      	1.1692101      	1.1666529      	1.1679922      	1.1708667      	1.1652751      	1.1593988      	1.1633295      	1.1590686      	1.1450446      	1.1655339      	1.1699708      	1.1298207      	1.7263553      	1.3309264      	1.1642085      	1.1564257      	1.1530031      	1.1629077      	1.149311       	1.146802       	1.1545091      	1.1579964      	1.1523435      	1.1462034      	1.1553394      	1.1527438      	1.1557201      	1.1507348      	1.155743       	1.1550789      	
1.1651018      	1.1645906      	1.1693859      	1.1636642      	1.165125       	1.1664934      	1.1694121      	1.1654975      	1.1578988      	1.1740925      	1.1682369      	1.1603433      	1.161442       	1.1600177      	1.1645699      	1.1616639      	1.2541481      	1.1338952      	1.7011565      	1.4092742      	1.1624023      	1.1604813      	1.166282       	1.1613331      	1.172574       	1.1605103      	1.156782       	1.1682742      	1.1551627      	1.1590272      	1.1596586      	1.1600301      	1.1688099      	1.1550281      	1.1624589      	1.1616913      	1.1465265      	1.1506857      	1.1569632      	1.1483867      	1.1308073      	1.7145816      	1.7875792      	1.3476875      	1.245279       	1.2200198      	1.1987528      	1.1727825      	1.1748155      	1.168404       	1.1681951      	1.1703789      	1.1737671      	1.1749798      	1.1686491      	1.1746906      	1.1743103      	1.1630754      	1.1692951      	1.1753014      	1.1704261      	1.1674609      	1.1748525      	1.1719083      	1.1690427      	1.1684226      	1.1675714      	1.169297       	1.1673722      	1.1728083      	1.1752717      	1.1694098      	1.1679544      	1.1711828      	1.1723206      	1.1680199      	1.1643652      	1.1698321      	1.1533517      	1.1539823      	1.1734909      	1.1318278      	1.4140627      	1.8705039      	1.1597565      	1.1566465      	1.1544783      	1.1641167      	1.1542176      	1.1619072      	1.1678861      	1.1585165      	1.1623933      	1.1556207      	1.1545545      	1.1610163      	1.1604738      	1.1539913      	1.1635647      	1.1548525      	
1.1832516      	1.1713188      	1.1748582      	1.1730334      	1.1686562      	1.1669948      	1.1707352      	1.1707009      	1.1681322      	1.1647927      	1.1769847      	1.1730051      	1.1644315      	1.1554806      	1.1563686      	1.154634       	1.158083       	1.181265       	1.3229913      	1.8667427      	1.1633824      	1.1637211      	1.1609292      	1.1586618      	1.1700946      	1.1586728      	1.1654348      	1.1540642      	1.1606674      	1.1564944      	1.1556184      	1.1581376      	1.1593497      	1.1535511      	1.167492       	1.1594633      	1.1567179      	1.1598046      	1.151862       	1.1481519      	1.1451063      	1.2250187      	1.7220217      	1.6225016      	1.2393869      	1.2324082      	1.2025949      	1.18555        	1.1720567      	1.1753296      	1.176449       	1.1723613      	1.17483        	1.1752118      	1.1766812      	1.1644137      	1.1799042      	1.171248       	1.1648371      	1.1740928      	1.1639739      	1.1629986      	1.1655668      	1.1579015      	1.167734       	1.1640894      	1.1643339      	1.1737725      	1.163941       	1.1714244      	1.1727057      	1.169338       	1.173302       	1.1730086      	1.1647836      	1.1691049      	1.1583904      	1.157397       	1.1598315      	1.1532247      	1.1520697      	1.1902745      	1.1291075      	1.6454598      	1.3919293      	1.1603801      	1.1571482      	1.1566726      	1.1655663      	1.1580175      	1.1543856      	1.1584568      	1.1477622      	1.1581706      	1.156698       	1.1501837      	1.152073       	1.1592034      	1.1516076      	1.1634717      	
1.1693668      	1.1710591      	1.1655406      	1.1801358      	1.1749884      	1.1621121      	1.1829714      	1.1568456      	1.165664       	1.1590117      	1.1595284      	1.1772327      	1.1652535      	1.1586077      	1.1591856      	1.159491       	1.1618354      	1.180438       	1.1197159      	1.5707949      	1.4916698      	1.1556858      	1.1595141      	1.1609153      	1.1562172      	1.1611243      	1.1615803      	1.1595113      	1.1508139      	1.1621387      	1.1578466      	1.1602144      	1.1686288      	1.1578475      	1.1554589      	1.1574179      	1.1583266      	1.1598924      	1.1531577      	1.15053        	1.1509442      	1.151744       	1.4316148      	1.6543838      	1.2941326      	1.2249649      	1.2313199      	1.2080891      	1.1732378      	1.169456       	1.1712044      	1.1762611      	1.165943       	1.1721592      	1.1763319      	1.1767883      	1.1711491      	1.1597492      	1.1799041      	1.1701639      	1.1639167      	1.1786307      	1.1649964      	1.1672193      	1.168081       	1.1615548      	1.173306       	1.1650158      	1.1680752      	1.171916       	1.1680593      	1.1648083      	1.1698015      	1.1718025      	1.1648515      	1.1677831      	1.1643596      	1.162591       	1.1533982      	1.1633596      	1.1459992      	1.1584299      	1.1443291      	1.2895067      	1.7998338      	1.1520473      	1.1561974      	1.1629452      	1.1603063      	1.1640543      	1.1661891      	1.1613631      	1.1537863      	1.1619123      	1.1609418      	1.1608016      	1.1589292      	1.1542417      	1.1663815      	1.1617348      	
