# www.neaspec.com
# Scan:	 	AFM
# Project:	 	20251007_PS
# Description:	 	
# Date:	 	10/07/2025 10:43:47
# Scanner Center Position (X, Y):	[µm]	49.99	50.01	 
# Rotation:	[°]	0	 	 
# Scan Area (X, Y, Z):	[µm]	5.000	5.000	0.000
# Pixel Area (X, Y, Z):	[px]	100	50	1
# Averaging:	 	1	 	 
# Integration time:	[ms]	5	 	 
# Laser Source:	 	4.5-15 µm nano-FTIR laser
# Detector:	 	R
# Target Wavelength:	[µm]	7.502	 	 
# Demodulation Mode:	 	Fourier
# Tip Frequency:	[Hz]	241,340.500	 	 
# Tip Amplitude:	[mV]	45.700	 	 
# Tapping Amplitude:	[nm]	79.665	 	 
# Modulation Frequency:	[Hz]	0.000	 	 
# Modulation Amplitude:	[mV]	0.000	 	 
# Modulation Offset:	[mV]	0.000	 	 
# Setpoint:	[%]	79.75	 	 
# Regulator (P, I, D):	 	4.206850	8.625812	1.000000
# Tip Potential:	[mV]	0.000	 	 
# M1A Scaling:	[nm/V]	0.426	 	 
# M1A Cantilever Factor:	 	1,000	 	 
# Q-Factor:	 	487.4	 	 
# Version:	 	2.1.11536.0
1.1626599      	1.1597373      	1.1560092      	1.1540416      	1.1486312      	1.1574388      	1.152531       	1.1504774      	1.1518465      	1.156272       	1.1507549      	1.1608641      	1.149089       	1.151791       	1.1574167      	1.150921       	1.1518668      	1.148882       	1.1626738      	1.1492274      	1.1480061      	1.150603       	1.1496954      	1.1538916      	1.1576029      	1.150295       	1.1643568      	1.150361       	1.1524253      	1.150329       	1.162891       	1.1555579      	1.153519       	1.1525589      	1.1565444      	1.1588576      	1.1508019      	1.1529979      	1.1581724      	1.155627       	1.1533462      	1.1569275      	1.1444248      	1.1476821      	1.1545671      	1.1553069      	1.14881        	1.1567774      	1.1641526      	1.1552113      	1.1571139      	1.1520866      	1.1580834      	1.1584076      	1.1606959      	1.1578385      	1.1615633      	1.155117       	1.1520457      	1.1577008      	1.158636       	1.1556935      	1.154879       	1.1568533      	1.1506263      	1.1564367      	1.1639211      	1.1648144      	1.1519333      	1.156144       	1.1605419      	1.1519088      	1.1580368      	1.1579641      	1.155162       	1.1521206      	1.1583487      	1.1564894      	1.1519471      	1.1541917      	1.1522373      	1.1517241      	1.1466978      	1.154179       	1.1514522      	1.1558094      	1.5095905      	1.7676295      	1.7190689      	1.7805752      	1.7939284      	1.7695959      	1.7828276      	1.7650561      	1.4923831      	1.5527738      	1.4766315      	1.2949591      	1.2151209      	1.2019647      	
1.1561468      	1.1582481      	1.162379       	1.1626822      	1.1561786      	1.1566372      	1.1595571      	1.156761       	1.1541119      	1.1586277      	1.1658612      	1.1574349      	1.1560045      	1.1556765      	1.1550099      	1.150063       	1.1564192      	1.163873       	1.1549023      	1.1557907      	1.1560069      	1.1580168      	1.1626066      	1.1492542      	1.1595805      	1.168482       	1.1566559      	1.1570829      	1.1691964      	1.15128        	1.1623067      	1.1618035      	1.1542683      	1.1575892      	1.1528393      	1.1541902      	1.1535136      	1.1519991      	1.159148       	1.1617845      	1.1514612      	1.1586273      	1.1550313      	1.1590602      	1.1477926      	1.1547129      	1.1553001      	1.1592324      	1.1562301      	1.1509455      	1.1573355      	1.1528546      	1.1582894      	1.1604993      	1.1644852      	1.1604878      	1.1529796      	1.1570748      	1.1529056      	1.1525072      	1.1507162      	1.156133       	1.155192       	1.1452308      	1.1617064      	1.1550082      	1.1491466      	1.1495043      	1.1576432      	1.1591303      	1.1556679      	1.1559446      	1.150308       	1.1555314      	1.1594862      	1.1501795      	1.1621112      	1.1577709      	1.1477717      	1.1577325      	1.1482431      	1.1552104      	1.1568574      	1.1559132      	1.1575887      	1.2180853      	1.9073261      	1.6766936      	1.4261771      	1.5427837      	1.3263224      	1.205965       	1.1800959      	1.1706021      	1.1627243      	1.1539786      	1.1615571      	1.1561309      	1.1594913      	1.1584489      	
1.155809       	1.1634147      	1.1629174      	1.1521807      	1.1463712      	1.1580982      	1.1607631      	1.1537224      	1.1536108      	1.158211       	1.1582417      	1.1642147      	1.1509941      	1.1530505      	1.1594204      	1.154478       	1.1488748      	1.1641883      	1.1454864      	1.1539598      	1.1564814      	1.1434829      	1.1531814      	1.1520056      	1.1536769      	1.1627328      	1.1517844      	1.1501433      	1.1653904      	1.1478766      	1.1493366      	1.1542125      	1.1564568      	1.1527971      	1.1577836      	1.158165       	1.1501216      	1.155976       	1.1483178      	1.163959       	1.1593515      	1.1531038      	1.1508648      	1.1571116      	1.1512728      	1.1510954      	1.1588523      	1.152774       	1.1482147      	1.1557935      	1.1632245      	1.1563559      	1.1553669      	1.1591843      	1.1565835      	1.1638098      	1.1550183      	1.156306       	1.1554314      	1.1582148      	1.1524081      	1.1592427      	1.1632885      	1.1477008      	1.1553781      	1.1599263      	1.1562555      	1.1575003      	1.151767       	1.1533667      	1.157571       	1.1490139      	1.1560081      	1.1516639      	1.1593076      	1.15392        	1.1537615      	1.1577156      	1.1565834      	1.1568806      	1.1593205      	1.1511453      	1.1501684      	1.4122171      	1.5508054      	1.2629958      	1.1601825      	1.1552701      	1.1520861      	1.1574527      	1.1606171      	1.1622164      	1.1617458      	1.1560847      	1.1598576      	1.1617516      	1.1569916      	1.1592958      	1.1580124      	1.1586177      	
1.1619467      	1.1670389      	1.1573646      	1.1544772      	1.1538106      	1.1569122      	1.1473062      	1.161513       	1.1467743      	1.1594336      	1.1517041      	1.153717       	1.1564182      	1.1579174      	1.1509974      	1.1528941      	1.1553842      	1.1540718      	1.1484106      	1.1509439      	1.1591861      	1.1546652      	1.143214       	1.1567299      	1.166108       	1.152964       	1.1528333      	1.1549234      	1.1586998      	1.1442015      	1.1525241      	1.1580414      	1.1516823      	1.153345       	1.1508999      	1.1560533      	1.1534652      	1.1548048      	1.1549228      	1.158499       	1.1648053      	1.1486526      	1.1478188      	1.1575147      	1.1542262      	1.152365       	1.1580501      	1.1474476      	1.1479979      	1.1586075      	1.1539255      	1.1598566      	1.1578068      	1.1528012      	1.159628       	1.1636045      	1.1522646      	1.1533543      	1.1536766      	1.1603143      	1.152209       	1.1545868      	1.153308       	1.1541891      	1.1501887      	1.1553012      	1.1540743      	1.1505973      	1.1483389      	1.1483737      	1.1592151      	1.1561434      	1.1514109      	1.1594231      	1.1603502      	1.1449132      	1.152754       	1.1565132      	1.1585273      	1.1487232      	1.1628137      	1.1558912      	1.1397672      	1.3830227      	1.2824419      	1.1787009      	1.178431       	1.1697193      	1.1780739      	1.1594341      	1.1561486      	1.1562771      	1.1566926      	1.1517187      	1.1565303      	1.1680441      	1.1569035      	1.1547667      	1.1673181      	1.1623006      	
1.1569291      	1.1563957      	1.1580945      	1.1617106      	1.1526562      	1.157682       	1.1619765      	1.1445576      	1.156897       	1.1531506      	1.1498951      	1.1577942      	1.15159        	1.1624095      	1.1481626      	1.1517096      	1.1559004      	1.1604644      	1.1595112      	1.1501685      	1.1541042      	1.1540744      	1.1554705      	1.1497824      	1.1593658      	1.1504945      	1.1570102      	1.15581        	1.1526655      	1.1548942      	1.1537427      	1.1505381      	1.1487446      	1.1516634      	1.1484371      	1.1573194      	1.1555952      	1.145324       	1.162127       	1.1668179      	1.1540343      	1.1462208      	1.1475657      	1.1495737      	1.147276       	1.1531988      	1.154728       	1.1543479      	1.1491399      	1.1515551      	1.1462611      	1.1565257      	1.1596484      	1.143968       	1.13479        	1.4183382      	1.6585561      	1.1195362      	1.1415136      	1.1470213      	1.1496227      	1.1473725      	1.1421452      	1.1548337      	1.1500217      	1.1449915      	1.1496145      	1.1497012      	1.1477566      	1.1554941      	1.1500721      	1.1494792      	1.1490843      	1.1460757      	1.1509023      	1.148895       	1.1458323      	1.1543713      	1.1552421      	1.1508784      	1.1516707      	1.152208       	1.3968358      	1.8464357      	1.5139674      	1.1556139      	1.2102667      	1.1833154      	1.1615515      	1.1609497      	1.1628077      	1.1680903      	1.1586139      	1.1633593      	1.1656859      	1.1662966      	1.1596014      	1.1683084      	1.1640123      	1.1552005      	
1.1532407      	1.1529782      	1.1520975      	1.15273        	1.1530479      	1.1498514      	1.1523725      	1.1489668      	1.1544834      	1.1517164      	1.1586158      	1.1521175      	1.147727       	1.1628557      	1.1565154      	1.1566547      	1.1554295      	1.1531348      	1.1568294      	1.158582       	1.1498638      	1.1486847      	1.1519947      	1.1541967      	1.1539423      	1.1635144      	1.167262       	1.149259       	1.1549973      	1.153272       	1.151079       	1.1508231      	1.1537455      	1.1592131      	1.1419473      	1.1507715      	1.1547465      	1.1414322      	1.1525123      	1.1509341      	1.1449682      	1.1483763      	1.1510121      	1.153849       	1.1480541      	1.1525707      	1.15062        	1.13945        	1.2414446      	1.6926693      	1.6753008      	1.7085416      	1.7326448      	1.7189591      	1.723423       	1.7457535      	1.7017154      	1.8553431      	1.9040617      	1.3030041      	1.1484728      	1.1871073      	1.1625607      	1.1407474      	1.1459048      	1.1468974      	1.1481255      	1.1495144      	1.1514661      	1.1585484      	1.1486295      	1.1574796      	1.1586847      	1.144206       	1.1516463      	1.1509514      	1.1629236      	1.1556151      	1.1524159      	1.1583421      	1.1532212      	1.15212        	1.1458094      	1.6499971      	1.8112061      	1.3808461      	1.1834708      	1.1787965      	1.1681069      	1.1557703      	1.1526842      	1.1601133      	1.155657       	1.1575738      	1.1639936      	1.1643486      	1.157657       	1.1611819      	1.1595608      	1.1603503      	
1.158862       	1.157247       	1.1549447      	1.158574       	1.1553977      	1.1546277      	1.150837       	1.1535872      	1.1558102      	1.1583672      	1.1504639      	1.1546922      	1.1523515      	1.1498915      	1.1538398      	1.1586176      	1.1508547      	1.1503764      	1.1626079      	1.1613699      	1.1563942      	1.1525224      	1.1521395      	1.1471798      	1.1550777      	1.1528325      	1.1578172      	1.1639029      	1.151494       	1.1529732      	1.1523662      	1.1510357      	1.1511132      	1.1468949      	1.1587323      	1.1606479      	1.1566107      	1.1482749      	1.1570653      	1.1442734      	1.2592524      	1.3251364      	1.7380478      	1.7157345      	1.7642691      	1.7513353      	1.7680072      	1.7696826      	1.7841599      	1.7472148      	1.4799247      	1.5227659      	1.2947761      	1.2241715      	1.2059983      	1.1710885      	1.1638088      	1.1769801      	1.1984816      	1.2350955      	1.4999813      	1.1811781      	1.1552556      	1.1479461      	1.1530502      	1.1428248      	1.1564045      	1.1476047      	1.1533685      	1.1542419      	1.1530417      	1.1557391      	1.1527722      	1.14723        	1.150303       	1.1535591      	1.1621172      	1.1552073      	1.1501403      	1.1509106      	1.1524215      	1.1480175      	1.1555432      	1.3781157      	1.845379       	1.6153997      	1.1598165      	1.1968654      	1.1953546      	1.171836       	1.1668515      	1.1517389      	1.1702166      	1.1621903      	1.1549542      	1.1573877      	1.155227       	1.1620442      	1.1521761      	1.161094       	
1.16378        	1.1621239      	1.1591939      	1.1508822      	1.1469154      	1.1592375      	1.1543375      	1.1508895      	1.1530812      	1.1599363      	1.1515585      	1.1600666      	1.1508262      	1.1535419      	1.1655905      	1.154073       	1.1536493      	1.1530191      	1.1544427      	1.1564246      	1.1649933      	1.1511241      	1.1563833      	1.1524695      	1.1533087      	1.1509817      	1.1549861      	1.1577913      	1.1520728      	1.1513615      	1.1665081      	1.1561073      	1.165232       	1.6646395      	1.7938485      	1.7190523      	1.748706       	1.7303909      	1.7570705      	1.774565       	1.7610135      	1.7451612      	1.4980873      	1.8271582      	1.6249936      	1.3405639      	1.2671854      	1.2299659      	1.18356        	1.1678871      	1.1709266      	1.157845       	1.1536642      	1.1553321      	1.155069       	1.1554666      	1.1458097      	1.1662526      	1.1864923      	1.2049015      	1.3125576      	1.6339836      	1.393803       	1.1266667      	1.1415043      	1.1427002      	1.1396582      	1.148645       	1.1495997      	1.149419       	1.1531029      	1.1463506      	1.1452603      	1.1542106      	1.1410306      	1.1489086      	1.1459485      	1.1434515      	1.1574477      	1.1467054      	1.1438348      	1.155766       	1.1498774      	1.1496282      	1.6850363      	1.7881336      	1.1934326      	1.1940775      	1.1901841      	1.1610532      	1.163413       	1.1544611      	1.1566052      	1.1547325      	1.1515268      	1.1640846      	1.1512085      	1.1577716      	1.1583676      	1.1514176      	
1.1481494      	1.1515129      	1.1518157      	1.1549016      	1.1540445      	1.1471256      	1.1537768      	1.1603502      	1.1514715      	1.1465073      	1.1582587      	1.1479417      	1.1494325      	1.1693397      	1.1414759      	1.1469134      	1.1542591      	1.1533939      	1.1491733      	1.1535103      	1.1587564      	1.1459134      	1.1520952      	1.1510073      	1.1505615      	1.1481425      	1.276501       	1.7167029      	1.732588       	1.7558429      	1.7483835      	1.7666973      	1.7811657      	1.7656356      	1.7437367      	1.4961746      	1.5787772      	1.3219393      	1.3396657      	1.2341251      	1.1881359      	1.1741005      	1.1660223      	1.1533152      	1.1442715      	1.1630067      	1.1569726      	1.1545256      	1.1607685      	1.1566998      	1.1633414      	1.1598641      	1.1514649      	1.1610137      	1.1512911      	1.1576707      	1.1601967      	1.1509818      	1.1712453      	1.1959004      	1.2269585      	1.316761       	1.5833632      	1.1224765      	1.1443633      	1.1432495      	1.1418959      	1.1401634      	1.1526731      	1.1476074      	1.1440189      	1.155796       	1.1407964      	1.1573155      	1.1514286      	1.146534       	1.1524745      	1.1481396      	1.1503317      	1.1539756      	1.1434668      	1.1557063      	1.146755       	1.1467649      	1.3596299      	1.8050727      	1.6491624      	1.1626939      	1.1848524      	1.176009       	1.1572789      	1.1543593      	1.1603148      	1.1550647      	1.1592069      	1.1557754      	1.1567216      	1.1536573      	1.1600646      	1.1634159      	
1.1622189      	1.1563836      	1.1566931      	1.159518       	1.1624427      	1.1571903      	1.1504729      	1.1559936      	1.1555958      	1.146439       	1.1595951      	1.150644       	1.1576371      	1.1514088      	1.1475681      	1.1499239      	1.1474608      	1.1504287      	1.1574924      	1.1542269      	1.1547241      	1.145964       	1.1559757      	1.1540437      	1.1510376      	1.1551989      	1.1528682      	1.7782174      	1.5612671      	1.5527378      	1.3823204      	1.2360674      	1.1906139      	1.1766728      	1.1631429      	1.1542897      	1.1565782      	1.1536437      	1.1565043      	1.1518778      	1.1576694      	1.1599509      	1.1583446      	1.1551251      	1.1513425      	1.1627854      	1.1628062      	1.1481527      	1.1635647      	1.1604642      	1.1505517      	1.1639733      	1.1549146      	1.1545517      	1.1629103      	1.1558378      	1.1527997      	1.1508261      	1.1569637      	1.1935685      	1.2104448      	1.2955067      	1.5450346      	1.4076204      	1.1312591      	1.1408625      	1.144414       	1.1403134      	1.1482533      	1.1477464      	1.1454401      	1.1434351      	1.1470528      	1.1501509      	1.1434513      	1.1500679      	1.1494601      	1.1441759      	1.152847       	1.1516874      	1.1518799      	1.1444768      	1.1434945      	1.1604261      	1.1535883      	1.7747914      	1.8325707      	1.3890182      	1.1681378      	1.1716236      	1.1556904      	1.1565785      	1.1618394      	1.1604347      	1.1533753      	1.1572951      	1.1530528      	1.1643237      	1.1648637      	1.1544704      	
1.1581564      	1.1517347      	1.1543307      	1.1592834      	1.1533002      	1.1580858      	1.1560255      	1.1544353      	1.1485735      	1.1531203      	1.1535733      	1.1499103      	1.15942        	1.1543823      	1.1480216      	1.1516391      	1.154095       	1.1528872      	1.1451291      	1.1545005      	1.1550727      	1.1572847      	1.147937       	1.1982067      	1.4810033      	1.3408331      	1.1801125      	1.1592737      	1.1629634      	1.15376        	1.1497518      	1.1600635      	1.152163       	1.1579498      	1.1610644      	1.152396       	1.1635058      	1.1592263      	1.1508353      	1.3497633      	1.4922472      	1.2998984      	1.2559807      	1.2770374      	1.1637081      	1.1275736      	1.149679       	1.1610119      	1.1548197      	1.1562462      	1.1503526      	1.157075       	1.1607592      	1.1554905      	1.1664938      	1.1615026      	1.162866       	1.1568519      	1.1623181      	1.1723604      	1.2096466      	1.2217686      	1.3027223      	1.6501001      	1.1524761      	1.1431193      	1.1489278      	1.1497209      	1.1510605      	1.1418301      	1.1479645      	1.1517738      	1.1461395      	1.1524442      	1.1533767      	1.1491973      	1.1518012      	1.1460615      	1.1478944      	1.1474965      	1.1536471      	1.1489775      	1.1483324      	1.1562722      	1.1598513      	1.3432665      	1.829854       	1.6745013      	1.1550442      	1.1890095      	1.189038       	1.1751037      	1.1626424      	1.1539814      	1.1638249      	1.1529049      	1.1573781      	1.1657537      	1.160273       	1.1549362      	
1.158619       	1.1603935      	1.1536763      	1.1501405      	1.1473459      	1.1485196      	1.1458486      	1.1578534      	1.1518782      	1.148617       	1.1572814      	1.1500258      	1.1480653      	1.1527795      	1.1494642      	1.161749       	1.1518742      	1.1490831      	1.1518854      	1.1516571      	1.1473961      	1.1521096      	1.1563214      	1.3674974      	1.4365983      	1.2233961      	1.1721395      	1.170067       	1.1581477      	1.1511165      	1.156862       	1.1546687      	1.1571587      	1.147705       	1.1568305      	1.1633828      	1.1493351      	1.1544317      	1.151397       	1.1532341      	1.2574472      	1.5278014      	1.2148534      	1.1528485      	1.1420777      	1.1571779      	1.1543398      	1.1559725      	1.1656178      	1.1634979      	1.1565162      	1.1515177      	1.1586574      	1.1580716      	1.1585535      	1.1620755      	1.1477027      	1.1563882      	1.1656679      	1.1562405      	1.1785326      	1.200036       	1.2152264      	1.3675241      	1.5236313      	1.1414033      	1.1495956      	1.1544125      	1.1481429      	1.1435325      	1.1508914      	1.15366        	1.1477638      	1.1515406      	1.1421316      	1.1667664      	1.1591918      	1.1485151      	1.1547629      	1.1581938      	1.1530478      	1.1471517      	1.1534296      	1.1514419      	1.1449152      	1.1516778      	1.705048       	1.8032243      	1.5741649      	1.147153       	1.1933101      	1.1650585      	1.1604344      	1.1619103      	1.1540173      	1.1510434      	1.1598577      	1.1557294      	1.1524358      	1.1619544      	
1.1637495      	1.1614629      	1.1514944      	1.146026       	1.1536522      	1.1572024      	1.158632       	1.1531222      	1.155979       	1.1537262      	1.1548743      	1.1481736      	1.1529363      	1.1480439      	1.1513156      	1.1489168      	1.1578727      	1.1540596      	1.1446946      	1.1563731      	1.1618161      	1.1522549      	1.1479689      	1.6360613      	1.6480771      	1.1806945      	1.1679026      	1.1681168      	1.1681108      	1.1604191      	1.1543689      	1.1593735      	1.1631587      	1.1576737      	1.1644359      	1.1622088      	1.1646821      	1.1533455      	1.1625282      	1.1595793      	1.172231       	1.1738522      	1.1580794      	1.1534998      	1.1785996      	1.1581078      	1.151158       	1.1784159      	1.1791695      	1.152013       	1.1639992      	1.1569939      	1.169797       	1.1646025      	1.1597661      	1.1623656      	1.1614816      	1.1574116      	1.1608169      	1.1501687      	1.1699232      	1.1962477      	1.2056433      	1.2845663      	1.5171793      	1.3046237      	1.1325374      	1.1360394      	1.1501008      	1.1380448      	1.15572        	1.1429864      	1.1518464      	1.1488507      	1.1501102      	1.1534048      	1.1494601      	1.1474566      	1.1543988      	1.1540567      	1.1490451      	1.151275       	1.1507387      	1.1542764      	1.1494305      	1.159563       	1.1821302      	1.8191569      	1.78449        	1.290683       	1.2064207      	1.1699909      	1.1674144      	1.1561898      	1.150594       	1.1687514      	1.1633011      	1.150458       	1.1596806      	1.1727685      	
1.1634808      	1.1598753      	1.1598648      	1.1582294      	1.150653       	1.152229       	1.1533647      	1.1535237      	1.1470919      	1.1560664      	1.1540096      	1.1527877      	1.1496935      	1.1539131      	1.1564271      	1.1467667      	1.1537971      	1.1502473      	1.1467829      	1.1522682      	1.1505009      	1.1519792      	1.1499263      	1.2269014      	1.7392992      	1.3778112      	1.1544702      	1.1826475      	1.1670407      	1.1650952      	1.1717201      	1.163405       	1.1520821      	1.156979       	1.1624335      	1.1634319      	1.161744       	1.1570785      	1.1716069      	1.16118        	1.15516        	1.1710558      	1.1603581      	1.153174       	1.1598693      	1.1658179      	1.1660773      	1.1609826      	1.1627842      	1.1647764      	1.1641439      	1.1573339      	1.1607691      	1.1687369      	1.1527497      	1.1652744      	1.1618092      	1.1554102      	1.1475359      	1.1557765      	1.1597492      	1.1758654      	1.2106119      	1.250215       	1.367487       	1.6387367      	1.1118187      	1.1351044      	1.1417955      	1.1349899      	1.1532357      	1.1464186      	1.1450102      	1.1538236      	1.1501131      	1.1491747      	1.1474696      	1.1462618      	1.1570076      	1.1530303      	1.1431165      	1.1620358      	1.1418827      	1.1499237      	1.1481261      	1.1483946      	1.1529025      	1.2346787      	1.7905354      	1.6442102      	1.1800193      	1.1767049      	1.1674136      	1.1658713      	1.1586887      	1.1573611      	1.1622716      	1.1515036      	1.1599511      	1.1528798      	
1.893116       	1.5047867      	1.1898316      	1.1326958      	1.1426667      	1.1552787      	1.1490196      	1.1519302      	1.1477615      	1.1482018      	1.1602796      	1.1495196      	1.1500809      	1.1443671      	1.1450825      	1.1563556      	1.1526154      	1.1484917      	1.1496735      	1.1529388      	1.1657972      	1.1456091      	1.1505444      	1.2005668      	1.8224828      	1.7520902      	1.2568094      	1.1782376      	1.1681854      	1.1689703      	1.1624237      	1.1515552      	1.1546724      	1.1479875      	1.1710666      	1.1652596      	1.1543301      	1.1624135      	1.1640321      	1.1507353      	1.1536553      	1.1516055      	1.1611115      	1.1515032      	1.1756973      	1.165474       	1.1584806      	1.1651181      	1.1599164      	1.1587845      	1.1522353      	1.1581892      	1.1597819      	1.1552986      	1.153173       	1.1567698      	1.1574041      	1.1565008      	1.1549176      	1.1499529      	1.1644607      	1.153676       	1.1909295      	1.2090125      	1.2657118      	1.6099074      	1.2336808      	1.1364022      	1.149688       	1.1391582      	1.1440474      	1.142653       	1.1478451      	1.1707195      	1.1632727      	1.1514634      	1.1474733      	1.1498834      	1.1501256      	1.1475104      	1.156748       	1.1513573      	1.1464627      	1.1678735      	1.1512827      	1.1506582      	1.1545644      	1.1526736      	1.618562       	1.7901402      	1.4935066      	1.17846        	1.1722724      	1.1603837      	1.1572033      	1.1601086      	1.154442       	1.1552805      	1.1623265      	1.1517192      	
1.3143736      	1.3594347      	1.4784975      	1.3188251      	1.127119       	1.1480157      	1.147566       	1.142194       	1.1434975      	1.1633679      	1.1523327      	1.1470039      	1.1391848      	1.1517591      	1.1482687      	1.147704       	1.1463568      	1.1522319      	1.1564308      	1.1458583      	1.148314       	1.1476195      	1.1497707      	1.1501464      	1.392193       	1.8145152      	1.4845955      	1.1651499      	1.1642671      	1.1632248      	1.1547028      	1.1610014      	1.1499918      	1.1623943      	1.1574537      	1.1502895      	1.164412       	1.1596471      	1.1646417      	1.1746725      	1.1631764      	1.1588303      	1.1576184      	1.1671957      	1.1538476      	1.1636477      	1.164883       	1.156357       	1.1617565      	1.1577033      	1.1621697      	1.160844       	1.1591346      	1.1620449      	1.154413       	1.1613472      	1.1568606      	1.1606845      	1.162986       	1.1497291      	1.1591058      	1.1521087      	1.1771374      	1.2060869      	1.2353028      	1.3648651      	1.6379639      	1.1530226      	1.1318195      	1.135725       	1.1550666      	1.1375868      	1.1439198      	1.1396371      	1.149329       	1.1561538      	1.1421748      	1.1632262      	1.1540592      	1.1430851      	1.1504         	1.1531137      	1.1468645      	1.1531814      	1.1496212      	1.1473417      	1.1544381      	1.1485919      	1.1379036      	1.4148517      	1.6539491      	1.1678904      	1.1989594      	1.160579       	1.1701467      	1.1567345      	1.1527148      	1.1551335      	1.1633955      	1.1617494      	
1.2343048      	1.270729       	1.4124113      	1.3340857      	1.0978128      	1.1224072      	1.1358904      	1.1447775      	1.144135       	1.1525328      	1.1448572      	1.1538755      	1.1454884      	1.1511743      	1.1439346      	1.1504678      	1.1607739      	1.1406231      	1.1447009      	1.1645153      	1.1438307      	1.1428943      	1.1522137      	1.156129       	1.150694       	1.6373144      	1.7923353      	1.2400976      	1.174383       	1.1638399      	1.1781801      	1.1628419      	1.155709       	1.166333       	1.1597941      	1.1645327      	1.154857       	1.1579643      	1.1659784      	1.1588908      	1.1607156      	1.1635481      	1.156884       	1.1583575      	1.1671617      	1.1729372      	1.1541562      	1.1525149      	1.1649244      	1.1557121      	1.163964       	1.1586189      	1.156946       	1.1559321      	1.1556467      	1.1593832      	1.157081       	1.1573788      	1.1556666      	1.1524757      	1.1563275      	1.1502252      	1.1586803      	1.1905527      	1.2059405      	1.2832062      	1.4760423      	1.4462528      	1.1147962      	1.1331445      	1.1459764      	1.139998       	1.1440312      	1.1500442      	1.1453828      	1.1423055      	1.1584896      	1.1419675      	1.1491396      	1.1511643      	1.1482432      	1.1572343      	1.1383321      	1.1533633      	1.1524751      	1.149093       	1.1505314      	1.1521024      	1.1548445      	1.358154       	1.7708719      	1.4608145      	1.1594021      	1.1661625      	1.1738272      	1.1607604      	1.1495268      	1.155364       	1.1600726      	1.1564008      	
1.1974258      	1.2214637      	1.354048       	1.4037929      	1.1444331      	1.1477548      	1.1522534      	1.1420199      	1.1415603      	1.1429324      	1.1478013      	1.1445911      	1.1421615      	1.1454006      	1.1478095      	1.1434529      	1.1555861      	1.1439734      	1.1545978      	1.145981       	1.1426829      	1.1569196      	1.1370144      	1.1483307      	1.1542062      	1.2726132      	1.7505771      	1.6198713      	1.1527021      	1.1893909      	1.1642206      	1.1552463      	1.1505431      	1.1621379      	1.1582998      	1.1528319      	1.1595699      	1.1650715      	1.1549325      	1.1518615      	1.157259       	1.1622679      	1.1554663      	1.1574521      	1.1643918      	1.165166       	1.1551983      	1.1561623      	1.1575707      	1.1634628      	1.1524689      	1.1584655      	1.1563705      	1.1515423      	1.1634047      	1.1586877      	1.1536514      	1.1603839      	1.1528815      	1.1570206      	1.155609       	1.1506288      	1.1553512      	1.1626748      	1.1862949      	1.19881        	1.2820592      	1.6387775      	1.1884441      	1.1306692      	1.1431643      	1.1494133      	1.1404202      	1.151853       	1.1459122      	1.1476719      	1.1558126      	1.1441035      	1.1485615      	1.1509753      	1.1494263      	1.1390293      	1.1529081      	1.1514138      	1.1440442      	1.1501436      	1.1485274      	1.1446863      	1.1565361      	1.1836878      	1.7754529      	1.7076894      	1.1975803      	1.2175362      	1.195531       	1.2059425      	1.2026939      	1.2210702      	1.1986414      	1.1928072      	
1.181819       	1.2059288      	1.266887       	1.5243683      	1.5571382      	1.1176927      	1.1339666      	1.1415392      	1.1520563      	1.1453681      	1.1412772      	1.1473124      	1.1525537      	1.1531518      	1.140031       	1.1495041      	1.1456301      	1.1571357      	1.1493019      	1.1411382      	1.1484613      	1.1588848      	1.144902       	1.1447704      	1.1627606      	1.1461135      	1.4688098      	1.8122475      	1.4980913      	1.1695174      	1.162869       	1.164414       	1.1655729      	1.1487246      	1.1549525      	1.1633024      	1.1557837      	1.1524634      	1.1572821      	1.1678473      	1.1511332      	1.1558808      	1.1609815      	1.1574109      	1.1539757      	1.1574124      	1.1662056      	1.1584927      	1.1660513      	1.180557       	1.1504438      	1.1607889      	1.1586974      	1.1664282      	1.1678792      	1.1471237      	1.1694279      	1.160065       	1.1454633      	1.1603726      	1.1551955      	1.1657046      	1.1512363      	1.1576381      	1.1804228      	1.1936437      	1.2532579      	1.3002279      	1.5214514      	1.1240058      	1.1378927      	1.1515708      	1.1443247      	1.1474408      	1.1391526      	1.1554737      	1.1515386      	1.1502106      	1.1465944      	1.1565787      	1.1667076      	1.1521819      	1.1441339      	1.1654569      	1.1527677      	1.1499811      	1.1594794      	1.1611351      	1.1582588      	1.1508437      	1.3676516      	1.8210604      	1.8066778      	1.8056117      	1.529751       	1.2223198      	1.2329783      	1.1977619      	1.1973596      	1.233545       	
1.1795616      	1.1992471      	1.2342653      	1.3725168      	1.528498       	1.1464295      	1.1493804      	1.1358938      	1.1483396      	1.1477339      	1.1477041      	1.1492044      	1.1569422      	1.1601485      	1.1472049      	1.1554216      	1.1581287      	1.1423552      	1.1480775      	1.1579987      	1.1543597      	1.1496763      	1.1488763      	1.1553751      	1.1515262      	1.146417       	1.2824811      	1.8552314      	1.7960327      	1.2473161      	1.1760964      	1.1600727      	1.173213       	1.1617595      	1.1619871      	1.1671962      	1.1465597      	1.1641971      	1.1583644      	1.1535718      	1.1612835      	1.1550179      	1.1632328      	1.1561937      	1.1584728      	1.1654793      	1.15492        	1.1635232      	1.1638919      	1.157612       	1.1677614      	1.1555033      	1.1603404      	1.1711546      	1.1596063      	1.1578025      	1.156453       	1.16078        	1.1587476      	1.1561027      	1.1581359      	1.1555952      	1.1575544      	1.1561735      	1.1601353      	1.1932609      	1.2156544      	1.3036789      	1.4774048      	1.3104323      	1.12504        	1.1530354      	1.1434524      	1.1419232      	1.1414022      	1.1474637      	1.151619       	1.1419162      	1.1593865      	1.1561642      	1.1457609      	1.1479291      	1.1567681      	1.1553888      	1.1494055      	1.1560146      	1.1455995      	1.150853       	1.1433197      	1.1453658      	1.1491284      	1.1468718      	1.1963966      	1.4618996      	1.2990007      	1.236538       	1.1874319      	1.2615135      	1.5117154      	1.6880031      	
1.1596082      	1.177078       	1.2115126      	1.2839512      	1.5685568      	1.4212803      	1.1344131      	1.1472461      	1.1406065      	1.1388564      	1.1529664      	1.1513678      	1.1421053      	1.1442052      	1.1545776      	1.1548444      	1.1420839      	1.1509423      	1.1478878      	1.1550996      	1.15387        	1.14519        	1.1605707      	1.1525564      	1.1448753      	1.1496514      	1.150568       	1.5870581      	1.8344989      	1.5174007      	1.20613        	1.1694245      	1.1716253      	1.1630228      	1.1629053      	1.1561772      	1.1527318      	1.1585662      	1.1681699      	1.1582255      	1.1647019      	1.1539212      	1.1653895      	1.1534882      	1.1600287      	1.1563374      	1.1609982      	1.1651262      	1.1541402      	1.1639248      	1.1661232      	1.154505       	1.1573598      	1.1566161      	1.1594595      	1.1633911      	1.1512474      	1.1537839      	1.1608799      	1.1502757      	1.1623111      	1.1507683      	1.150221       	1.170554       	1.1535141      	1.1763141      	1.1924073      	1.2375021      	1.4461567      	1.5597979      	1.1211437      	1.15073        	1.1407529      	1.1465505      	1.1658394      	1.1515949      	1.1376907      	1.1508237      	1.1488421      	1.147133       	1.1426526      	1.1514184      	1.153657       	1.1468234      	1.1418805      	1.1573188      	1.1643779      	1.1414798      	1.1487505      	1.1522182      	1.1498232      	1.1521304      	1.1547924      	1.1534258      	1.1508732      	1.1500158      	1.1644857      	1.1476865      	1.1446742      	1.1493701      	
1.1540158      	1.1642768      	1.188545       	1.2253656      	1.2987487      	1.6263511      	1.1564184      	1.1449679      	1.1473377      	1.1392386      	1.1444553      	1.1538522      	1.1423523      	1.1373518      	1.1513095      	1.150358       	1.1506693      	1.1463144      	1.1470568      	1.1659541      	1.1472578      	1.144999       	1.1507158      	1.1485107      	1.1494328      	1.1491091      	1.1513665      	1.1426126      	1.6380006      	1.7636985      	1.2215201      	1.1842535      	1.1618229      	1.164677       	1.1542935      	1.161507       	1.1629913      	1.1527905      	1.1624118      	1.1713053      	1.1509331      	1.1596872      	1.1574578      	1.1624334      	1.1613711      	1.1572344      	1.1682563      	1.1584799      	1.1571639      	1.1702371      	1.1703029      	1.1609674      	1.1729286      	1.1593484      	1.1638943      	1.158778       	1.1583343      	1.1705697      	1.1595494      	1.1540083      	1.1673062      	1.1581737      	1.1726211      	1.1686734      	1.1739178      	1.2008946      	1.2549244      	1.2123917      	1.2663082      	1.3741617      	1.3209897      	1.1330281      	1.1350945      	1.1391916      	1.1499637      	1.1417663      	1.1450671      	1.1414067      	1.1427989      	1.1480787      	1.1409557      	1.1561458      	1.1506181      	1.1415914      	1.1560491      	1.1493931      	1.1475675      	1.1443964      	1.1463643      	1.161299       	1.1534667      	1.142332       	1.1569861      	1.1444081      	1.1534964      	1.1442232      	1.1508334      	1.1577078      	1.1523452      	1.1462901      	
1.1478173      	1.1568047      	1.1804402      	1.2197145      	1.2726475      	1.4880246      	1.501158       	1.1212251      	1.1335132      	1.1463418      	1.1446532      	1.1519917      	1.1460965      	1.1456833      	1.1514244      	1.150695       	1.1521503      	1.1480184      	1.1493051      	1.1526023      	1.1455894      	1.1479146      	1.1575364      	1.1412028      	1.1538105      	1.1586523      	1.1461321      	1.1516919      	1.3324393      	1.7508332      	1.5915251      	1.1524792      	1.1662514      	1.1741494      	1.1674404      	1.1567956      	1.1550359      	1.167447       	1.1494554      	1.1569545      	1.1644543      	1.1595042      	1.1605161      	1.1684855      	1.1590675      	1.1581228      	1.1704521      	1.157195       	1.1671575      	1.1603503      	1.1598251      	1.1645077      	1.1603703      	1.1608343      	1.1581317      	1.173639       	1.1843841      	1.1678967      	1.2032301      	1.2113403      	1.2131131      	1.21302        	1.2013338      	1.1892056      	1.1889391      	1.2219607      	1.2105772      	1.202486       	1.2247853      	1.4665103      	1.456342       	1.1248295      	1.1424204      	1.1465878      	1.143071       	1.1401595      	1.1506057      	1.1626345      	1.1353073      	1.1563406      	1.1725289      	1.1533178      	1.152381       	1.1621035      	1.1665306      	1.1438744      	1.1454502      	1.1553222      	1.1499223      	1.1494704      	1.1492492      	1.1520978      	1.1630753      	1.1434388      	1.1515129      	1.1523329      	1.1551371      	1.148341       	1.1495908      	1.1614131      	
1.1487409      	1.1522412      	1.1597146      	1.201788       	1.2301065      	1.3716347      	1.6399424      	1.136559       	1.132355       	1.1489669      	1.150756       	1.1417297      	1.1592845      	1.15002        	1.1459805      	1.1491618      	1.1449777      	1.1647172      	1.1509657      	1.1460527      	1.1568695      	1.1565888      	1.1525142      	1.1564443      	1.1465791      	1.153318       	1.1420796      	1.1490909      	1.1578077      	1.6823095      	1.7903582      	1.3224909      	1.1797417      	1.1667951      	1.1724789      	1.1706523      	1.1513232      	1.157707       	1.1629584      	1.15958        	1.1642504      	1.1647604      	1.1597302      	1.1634263      	1.1581457      	1.1636254      	1.1611793      	1.1747501      	1.1868217      	1.1869128      	1.2152956      	1.2207804      	1.2102282      	1.2060422      	1.1996369      	1.2049156      	1.2094196      	1.2077717      	1.1901547      	1.1703994      	1.2187368      	1.2003324      	1.1733297      	1.147104       	1.1796129      	1.1835762      	1.3041668      	1.4258081      	1.5045513      	1.5737962      	1.1364005      	1.1416963      	1.1558515      	1.144191       	1.1521734      	1.1434942      	1.1455058      	1.1532584      	1.1527618      	1.1495408      	1.1672221      	1.1518943      	1.1522545      	1.1499366      	1.1625391      	1.1475574      	1.1580454      	1.146869       	1.1543732      	1.1596745      	1.1480606      	1.1589794      	1.1565795      	1.1508809      	1.1575404      	1.1506661      	1.1495174      	1.1474944      	1.1499335      	1.1613026      	
1.170689       	1.1774492      	1.1668735      	1.1767588      	1.2155623      	1.2600248      	1.4805032      	1.4104027      	1.1430082      	1.1396441      	1.1464282      	1.1398711      	1.1491555      	1.1490854      	1.1485938      	1.1560581      	1.15271        	1.1510167      	1.140631       	1.1737151      	1.2297416      	1.2029608      	1.1670609      	1.1516415      	1.12644        	1.1513487      	1.1418197      	1.1527721      	1.1553577      	1.1530372      	1.6519787      	1.6472721      	1.148378       	1.1694659      	1.1701335      	1.1813813      	1.1621691      	1.1541163      	1.1573766      	1.1613053      	1.1765808      	1.1922592      	1.1844494      	1.2110465      	1.215396       	1.2063128      	1.2227006      	1.2036276      	1.2034228      	1.2116672      	1.2149438      	1.2033784      	1.2161981      	1.2201835      	1.1986817      	1.2441165      	1.2516185      	1.1934503      	1.1980565      	1.143498       	1.1643777      	1.2602274      	1.3948427      	1.3377727      	1.1264049      	1.1555318      	1.1499963      	1.1442786      	1.1454989      	1.1435888      	1.1545568      	1.1488125      	1.1430464      	1.1586304      	1.1514506      	1.1469126      	1.1406537      	1.1604806      	1.1560593      	1.1491898      	1.1544454      	1.1455986      	1.151274       	1.1517062      	1.1488593      	1.1614804      	1.1426389      	1.1530768      	1.1635119      	1.1428121      	1.1539738      	1.1442714      	1.1454114      	1.1536412      	1.1452048      	1.1519437      	1.1540481      	1.146751       	1.1429194      	1.1412215      	
1.1605725      	1.1564512      	1.1489297      	1.165238       	1.2023435      	1.223247       	1.2960911      	1.6709236      	1.276776       	1.1406544      	1.155225       	1.1469647      	1.1504602      	1.1543199      	1.1459993      	1.1481403      	1.1499466      	1.1420887      	1.1555178      	1.1663384      	1.1418018      	1.1477076      	1.1635157      	1.1572509      	1.1512051      	1.1530931      	1.1565956      	1.1503094      	1.154987       	1.1491529      	1.4846082      	1.79212        	1.3589396      	1.2213218      	1.2091954      	1.2068785      	1.181937       	1.2074956      	1.2095902      	1.1855164      	1.1929728      	1.2007787      	1.1907684      	1.2103003      	1.19931        	1.2125669      	1.2203177      	1.2142596      	1.1994581      	1.1477753      	1.1630609      	1.3235508      	1.2008114      	1.2491663      	1.5822884      	1.680006       	1.5534908      	1.1252966      	1.1309587      	1.1475289      	1.1538408      	1.1421213      	1.1574241      	1.1618177      	1.1519841      	1.1598722      	1.156494       	1.1539047      	1.1548358      	1.152859       	1.1485201      	1.1552628      	1.153837       	1.1529506      	1.1523716      	1.1463255      	1.1479954      	1.1521833      	1.1548258      	1.1503627      	1.1550374      	1.1486741      	1.160953       	1.1444484      	1.152743       	1.1545377      	1.1543282      	1.1520308      	1.1563339      	1.1516379      	1.1503042      	1.151775       	1.1536314      	1.1472937      	1.1528959      	1.1518899      	1.1465992      	1.1506528      	1.1518543      	1.1506773      	
1.1637795      	1.1571239      	1.149391       	1.1508596      	1.1737988      	1.201543       	1.2529359      	1.4374428      	1.5377475      	1.13286        	1.1424003      	1.1517475      	1.1456552      	1.1544659      	1.1514137      	1.1516249      	1.1488302      	1.1434454      	1.146635       	1.1522169      	1.1510748      	1.1632583      	1.1487021      	1.1524854      	1.1570258      	1.15243        	1.1489414      	1.1467129      	1.1584389      	1.1542639      	1.2552229      	1.7843193      	1.7538697      	1.7944331      	1.6088535      	1.2715843      	1.2298594      	1.2264796      	1.1933211      	1.2053944      	1.2115123      	1.2034112      	1.2043813      	1.1743494      	1.19607        	1.2075645      	1.3379179      	1.4940459      	1.5721736      	1.1223525      	1.142312       	1.142389       	1.1378945      	1.1538467      	1.1670771      	1.1484442      	1.1516919      	1.1637527      	1.1510701      	1.1475686      	1.1524193      	1.1566882      	1.1531377      	1.1522155      	1.1518877      	1.151882       	1.1517859      	1.1517828      	1.1540309      	1.1554663      	1.1546804      	1.1527258      	1.1598262      	1.1569878      	1.1488926      	1.1528311      	1.1565379      	1.1470892      	1.1492625      	1.1549859      	1.1541694      	1.1535971      	1.1533105      	1.1533681      	1.1484689      	1.1569257      	1.1509516      	1.1559317      	1.14753        	1.1462055      	1.1598065      	1.1481884      	1.1518494      	1.152895       	1.146763       	1.1569139      	1.1559368      	1.1459639      	1.1563559      	1.144243       	
1.1673286      	1.161368       	1.1636947      	1.1599141      	1.1604221      	1.2008079      	1.2209226      	1.2837362      	1.6122156      	1.2410092      	1.1373184      	1.1423405      	1.1365027      	1.1533883      	1.1420174      	1.1461829      	1.1531501      	1.1427155      	1.1459857      	1.1480693      	1.1387031      	1.1500778      	1.1454939      	1.1578498      	1.150283       	1.1562651      	1.1468925      	1.151348       	1.1489         	1.1545937      	1.149911       	1.1475796      	1.2844086      	1.3687696      	1.2840829      	1.1874472      	1.2041548      	1.1758529      	1.2857596      	1.5027899      	1.635891       	1.3416325      	1.1303178      	1.1508282      	1.1371891      	1.1352955      	1.1514488      	1.141055       	1.1465702      	1.1462824      	1.1560681      	1.1558843      	1.1499802      	1.1520326      	1.1515632      	1.1483065      	1.1541876      	1.1466548      	1.1549894      	1.1555017      	1.150272       	1.1495911      	1.1492604      	1.1481743      	1.1514354      	1.1510414      	1.1549506      	1.1479561      	1.1462537      	1.162587       	1.1526142      	1.1517072      	1.1521914      	1.1512895      	1.1502234      	1.1461021      	1.1644928      	1.1496342      	1.1511738      	1.1577312      	1.1539302      	1.1512932      	1.1464932      	1.15895        	1.1554859      	1.1513988      	1.1513728      	1.1543324      	1.1630061      	1.1460172      	1.1484605      	1.1587721      	1.1430649      	1.1504045      	1.1516616      	1.1561073      	1.1521276      	1.1509342      	1.156833       	1.1518196      	
1.1633141      	1.1595685      	1.1577702      	1.1532512      	1.150527       	1.1762887      	1.2000911      	1.2462497      	1.4032549      	1.683424       	1.1287783      	1.1467397      	1.1511515      	1.1519679      	1.1574241      	1.1624237      	1.1584485      	1.1520517      	1.1534675      	1.149396       	1.1524307      	1.1539468      	1.1575         	1.1494538      	1.1692221      	1.1533446      	1.1537937      	1.1512614      	1.1570258      	1.1513283      	1.1514577      	1.157013       	1.1485852      	1.1574986      	1.1487895      	1.1499926      	1.1635953      	1.1539798      	1.1593995      	1.1538174      	1.1541915      	1.1512239      	1.1519617      	1.1551753      	1.1501667      	1.1519111      	1.1524612      	1.1579356      	1.1585652      	1.1611313      	1.1510668      	1.156261       	1.1519487      	1.148257       	1.1628107      	1.1654724      	1.1537572      	1.1558774      	1.1606975      	1.1525345      	1.1568661      	1.1515703      	1.1603732      	1.153078       	1.1496283      	1.1599911      	1.1577544      	1.1575983      	1.1578318      	1.1483177      	1.1724983      	1.1560707      	1.1530083      	1.163795       	1.153669       	1.1530766      	1.1531258      	1.1514447      	1.1622419      	1.1520795      	1.1448867      	1.1547805      	1.1515793      	1.148554       	1.153165       	1.1551174      	1.1674274      	1.1525376      	1.1453338      	1.1549203      	1.1543648      	1.1566924      	1.1471169      	1.1578064      	1.1551769      	1.1456686      	1.1552298      	1.1453428      	1.1543975      	1.1535637      	
1.1607121      	1.1664921      	1.1706281      	1.1791338      	1.1833023      	1.1965778      	1.2866211      	1.2238817      	1.2562122      	1.4605683      	1.2560089      	1.1122966      	1.1563147      	1.1436688      	1.1483736      	1.1462795      	1.149148       	1.1469184      	1.1454341      	1.1530052      	1.1478387      	1.1506524      	1.1445565      	1.1404983      	1.1569229      	1.1539563      	1.1575682      	1.1541389      	1.1557509      	1.1533835      	1.1588236      	1.1426208      	1.146413       	1.1535094      	1.1492381      	1.1577955      	1.1429708      	1.153292       	1.1605823      	1.1529438      	1.1576711      	1.149987       	1.1459745      	1.1604452      	1.1525284      	1.1412094      	1.1579002      	1.1491597      	1.1587993      	1.1595497      	1.1469294      	1.1548201      	1.1440912      	1.15404        	1.156151       	1.1520313      	1.1578863      	1.1478939      	1.1539992      	1.1532048      	1.1461099      	1.1596313      	1.1536331      	1.1522816      	1.1476909      	1.1622016      	1.1493442      	1.1488332      	1.1623152      	1.1520065      	1.1509223      	1.156887       	1.1531005      	1.1558311      	1.1521205      	1.1533828      	1.16125        	1.157846       	1.1478505      	1.1547767      	1.1531668      	1.1482351      	1.1605027      	1.1585889      	1.1581752      	1.1557752      	1.1551397      	1.1539146      	1.1524627      	1.1566116      	1.1559073      	1.1532127      	1.1611671      	1.1501222      	1.1518245      	1.1593479      	1.1588019      	1.146105       	1.1520258      	1.1547018      	
1.1874527      	1.193108       	1.1935854      	1.1977357      	1.1968473      	1.2177411      	1.2306793      	1.3035841      	1.2753551      	1.3498257      	1.6632686      	1.1280165      	1.1362592      	1.1365575      	1.1487378      	1.1375635      	1.1407267      	1.1516969      	1.1488794      	1.151971       	1.1498826      	1.1431626      	1.1566825      	1.1450504      	1.1494027      	1.1504054      	1.1450872      	1.1469445      	1.1589735      	1.1435083      	1.1613764      	1.1543044      	1.1472023      	1.1573528      	1.1444936      	1.1564509      	1.1531541      	1.1465217      	1.1525882      	1.1505363      	1.1565776      	1.1457258      	1.1505883      	1.1625869      	1.1482159      	1.1667118      	1.1500146      	1.1554056      	1.1514701      	1.1484644      	1.1516834      	1.1559082      	1.1454519      	1.1580008      	1.1571465      	1.1494664      	1.1540111      	1.1534489      	1.1581364      	1.1488302      	1.1524711      	1.162909       	1.1466826      	1.1601137      	1.1547287      	1.1487169      	1.1444799      	1.1525304      	1.1587087      	1.1538897      	1.1434273      	1.164086       	1.1545044      	1.1535758      	1.1544408      	1.1472312      	1.1602714      	1.1507529      	1.1608471      	1.1450701      	1.1505191      	1.1644225      	1.1538078      	1.1520447      	1.1421156      	1.1542296      	1.1523511      	1.1480054      	1.1552831      	1.1489851      	1.1492811      	1.153559       	1.144731       	1.1599082      	1.1513802      	1.1490352      	1.1533104      	1.1562196      	1.1478099      	1.1485883      	
1.2292025      	1.2357842      	1.2460345      	1.260447       	1.2797369      	1.2698196      	1.3410661      	1.3393165      	1.437941       	1.1259185      	1.1266499      	1.1479677      	1.1407281      	1.1530272      	1.145118       	1.144516       	1.1561134      	1.1420656      	1.1566755      	1.1600114      	1.1440836      	1.1420972      	1.1545253      	1.1468067      	1.1479788      	1.1498874      	1.1528358      	1.1525362      	1.1520284      	1.1474758      	1.1584133      	1.1563398      	1.1470541      	1.159055       	1.1584238      	1.1531466      	1.1564673      	1.156339       	1.1448376      	1.1548128      	1.1545178      	1.1576014      	1.1520071      	1.1563312      	1.1529838      	1.148685       	1.1554469      	1.1553768      	1.1534265      	1.1484857      	1.1567544      	1.160334       	1.1533722      	1.147611       	1.1427653      	1.1514791      	1.1605426      	1.1578646      	1.1625966      	1.1452606      	1.1511898      	1.153772       	1.1494243      	1.1612695      	1.1472307      	1.1481769      	1.1531518      	1.1502801      	1.1523547      	1.1534878      	1.1507752      	1.1556717      	1.1549524      	1.1565112      	1.1564779      	1.1577232      	1.1462772      	1.1509084      	1.1497444      	1.143954       	1.1596903      	1.1506197      	1.1517737      	1.1512003      	1.1514732      	1.165824       	1.1534002      	1.1465493      	1.1606164      	1.1476922      	1.1502193      	1.1491328      	1.1458737      	1.1549511      	1.1498197      	1.1601086      	1.1500094      	1.1474952      	1.144937       	1.6315264      	
1.5534753      	1.5823323      	1.5224146      	1.2348816      	1.144454       	1.1410382      	1.1403328      	1.1363388      	1.1555747      	1.1385759      	1.1507857      	1.1556735      	1.1525911      	1.1485786      	1.1463497      	1.1610404      	1.1489589      	1.1462408      	1.149212       	1.1527749      	1.1499836      	1.148428       	1.1530051      	1.1583866      	1.1475345      	1.1506003      	1.1572258      	1.1508006      	1.148086       	1.1537979      	1.1536064      	1.1466293      	1.1498001      	1.148441       	1.1551957      	1.1449982      	1.148967       	1.1629441      	1.1538388      	1.1419864      	1.1568278      	1.1526791      	1.1459265      	1.1477413      	1.155277       	1.159087       	1.1577917      	1.1456965      	1.146952       	1.1480628      	1.1471691      	1.1497575      	1.1450016      	1.1493875      	1.1501455      	1.1601914      	1.1480782      	1.1480789      	1.1663853      	1.1447486      	1.1426659      	1.1511645      	1.1489826      	1.1467812      	1.1433573      	1.1454363      	1.1584922      	1.143147       	1.1513672      	1.1562905      	1.1460747      	1.1519574      	1.1558399      	1.153657       	1.1460259      	1.1507412      	1.1544429      	1.1517476      	1.1443421      	1.1559211      	1.1606742      	1.1506126      	1.1511389      	1.1578666      	1.144658       	1.1528757      	1.1491611      	1.1448659      	1.1590762      	1.1548433      	1.1495787      	1.1539619      	1.1472846      	1.147061       	1.153844       	1.146894       	1.1474864      	1.1472535      	1.1508093      	1.4716779      	
1.1636847      	1.1705488      	1.1572832      	1.1469563      	1.142971       	1.1468259      	1.1526481      	1.1505295      	1.1519767      	1.1514442      	1.1499956      	1.1559335      	1.1512231      	1.1513959      	1.1560259      	1.1392925      	1.1630427      	1.1521986      	1.1462133      	1.1659988      	1.1563727      	1.1435992      	1.155159       	1.1579719      	1.1413743      	1.1627744      	1.1520392      	1.1531115      	1.1557767      	1.1496414      	1.1487195      	1.1570928      	1.1518875      	1.1494414      	1.1503356      	1.1449993      	1.1480807      	1.1540537      	1.1493871      	1.1511792      	1.1605483      	1.144873       	1.1499274      	1.1520538      	1.1492107      	1.1618756      	1.143454       	1.1508954      	1.163205       	1.1424607      	1.1580362      	1.1498196      	1.1465502      	1.1533564      	1.1478827      	1.1569371      	1.1586558      	1.1522166      	1.1576917      	1.4101764      	1.7157624      	1.6603022      	1.6762288      	1.6883985      	1.1606444      	1.1395974      	1.1491134      	1.148329       	1.1528499      	1.1485683      	1.8249754      	1.7349417      	1.828675       	1.6980778      	1.1305923      	1.1463292      	1.1504644      	1.1404762      	1.1441522      	1.1570975      	1.149814       	1.1484792      	1.1516504      	1.1483699      	1.1563449      	1.1441437      	1.1503088      	1.15272        	1.1382484      	1.1391935      	1.1537417      	1.1483201      	1.1433512      	1.1559358      	1.1451582      	1.1502607      	1.1509843      	1.1483778      	1.3068744      	1.889565       	
1.1595999      	1.1560141      	1.146664       	1.1489352      	1.1518         	1.1486161      	1.1506854      	1.1518263      	1.1486988      	1.1527551      	1.1554321      	1.1415626      	1.1616871      	1.1486878      	1.1441565      	1.1494844      	1.1466093      	1.1467474      	1.1501068      	1.1490924      	1.1545432      	1.1445458      	1.1487665      	1.1496876      	1.1454453      	1.1497964      	1.1424472      	1.1519511      	1.1541705      	1.138546       	1.1594673      	1.1502119      	1.1442711      	1.1520009      	1.1420459      	1.1578021      	1.1517514      	1.1389462      	1.1469761      	1.1461052      	1.1466377      	1.1521089      	1.1489164      	1.1489587      	1.1494145      	1.1538707      	1.1501613      	1.1594987      	1.1472601      	1.1465626      	1.1494635      	1.14519        	1.1458584      	1.1478599      	1.1503347      	1.1540183      	1.1443563      	1.4362935      	1.6687112      	1.6221188      	1.5962064      	1.6154315      	1.5156907      	1.4597056      	1.7753085      	1.763788       	1.7861854      	1.7996128      	1.8089571      	1.8144673      	1.7944125      	1.4473568      	1.8564731      	1.7842488      	1.7167853      	1.7587335      	1.8191943      	1.233176       	1.1398969      	1.1357313      	1.1563123      	1.1443334      	1.1422114      	1.1517626      	1.136719       	1.141128       	1.1454998      	1.1461867      	1.1431414      	1.1461262      	1.1449943      	1.1525811      	1.145871       	1.1465077      	1.1692057      	1.148551       	1.1434927      	1.1495237      	1.1479214      	1.5783936      	
1.165473       	1.1652298      	1.1635545      	1.1586189      	1.161178       	1.1542434      	1.1448674      	1.153309       	1.1628287      	1.1480104      	1.1564344      	1.1437818      	1.1619027      	1.1493727      	1.154737       	1.1589255      	1.1461695      	1.1504527      	1.1511495      	1.1535561      	1.1500939      	1.1489675      	1.1552713      	1.1473714      	1.1506175      	1.1430936      	1.1509233      	1.1531109      	1.1426672      	1.1638148      	1.147831       	1.1531494      	1.154011       	1.1522952      	1.1441344      	1.1555169      	1.1527735      	1.1510359      	1.1481102      	1.1451219      	1.1434325      	1.1548119      	1.1435944      	1.1547139      	1.1608887      	1.1388143      	1.1496844      	1.1523355      	1.1525815      	1.1538271      	1.1502316      	1.1484306      	1.146519       	1.1457883      	1.60459        	1.8312701      	1.7797397      	1.8066274      	1.8114196      	1.7569257      	1.5868003      	1.7267846      	1.7956135      	1.7962276      	1.7656595      	1.6568686      	1.3882952      	1.3424076      	1.2545155      	1.2083559      	1.1687605      	1.1613628      	1.1547266      	1.1688479      	1.1919109      	1.2276331      	1.4435986      	1.6249228      	1.1198263      	1.1215117      	1.176325       	1.1567239      	1.148346       	1.1724527      	1.1501559      	1.146171       	1.1565206      	1.1462343      	1.1497495      	1.1467956      	1.1497377      	1.1591516      	1.1395868      	1.1553593      	1.1597258      	1.1417892      	1.1500608      	1.1467683      	1.1463859      	1.1571611      	
1.1597885      	1.1564193      	1.1492949      	1.1471655      	1.1467555      	1.1520467      	1.1619534      	1.1488733      	1.1488626      	1.1566995      	1.1543028      	1.1535972      	1.1510075      	1.1569026      	1.152266       	1.1554438      	1.1567987      	1.1505735      	1.1609784      	1.1487359      	1.1541152      	1.1598501      	1.1441193      	1.1575794      	1.1590949      	1.1419784      	1.1581733      	1.1608824      	1.1439872      	1.1550338      	1.1491138      	1.1552153      	1.1552         	1.1425389      	1.1571038      	1.1531681      	1.1513644      	1.1542336      	1.1558765      	1.1442497      	1.1529366      	1.1590496      	1.1526803      	1.1566175      	1.1628008      	1.150988       	1.1486567      	1.624859       	1.7272207      	1.8246163      	1.7747259      	1.7722481      	1.8019116      	1.7916734      	1.7904546      	1.7513644      	1.5957383      	1.7475774      	1.5761425      	1.2998457      	1.3064802      	1.2150562      	1.1745553      	1.1658915      	1.1562572      	1.1570256      	1.1518755      	1.1632303      	1.1591663      	1.1561701      	1.1557503      	1.1499966      	1.1640458      	1.1515609      	1.1713885      	1.1988095      	1.2355263      	1.3117969      	1.4655613      	1.1187822      	1.1523433      	1.1349967      	1.1442823      	1.1501503      	1.1407027      	1.1482084      	1.1491282      	1.1566432      	1.1431862      	1.1501375      	1.149098       	1.1444329      	1.157648       	1.149          	1.145458       	1.1514163      	1.153709       	1.148736       	1.1502398      	1.1540371      	
1.1613306      	1.1548048      	1.1595291      	1.1633228      	1.1587176      	1.1577797      	1.1454436      	1.1469208      	1.1587718      	1.1475607      	1.1608033      	1.1633611      	1.1518706      	1.1564475      	1.1524884      	1.1509726      	1.1536235      	1.1592292      	1.1526891      	1.1505536      	1.1657387      	1.1575906      	1.1558142      	1.1557856      	1.1541042      	1.1504649      	1.1524832      	1.1615217      	1.1569641      	1.1487585      	1.1570333      	1.1553245      	1.1524088      	1.1551794      	1.1517618      	1.152696       	1.1514362      	1.1567281      	1.1526866      	1.1546049      	1.1561841      	1.1543115      	1.2634376      	1.8915145      	1.8265558      	1.8085827      	1.8190122      	1.7976259      	1.7943144      	1.8559631      	1.639927       	1.3566226      	1.2952696      	1.2141203      	1.172136       	1.1588393      	1.1540389      	1.149323       	1.1536298      	1.1470008      	1.1599991      	1.1621792      	1.1477469      	1.1616161      	1.1534415      	1.152871       	1.1521798      	1.1571122      	1.1557593      	1.1518637      	1.1573007      	1.1511397      	1.1558138      	1.1460384      	1.1641197      	1.1885499      	1.2010322      	1.3013124      	1.4428792      	1.3092967      	1.1374431      	1.1384751      	1.1557082      	1.1582061      	1.1455547      	1.1414701      	1.1511867      	1.1535107      	1.1517335      	1.1498555      	1.1542397      	1.1507914      	1.1487746      	1.1503772      	1.1560385      	1.1588401      	1.1549294      	1.1563265      	1.1570448      	1.1512271      	
1.1640414      	1.1579823      	1.1570796      	1.1577194      	1.1536368      	1.1562986      	1.1538279      	1.1550149      	1.1484383      	1.1536807      	1.1583546      	1.1502763      	1.1565706      	1.1581161      	1.1578903      	1.1693361      	1.1529707      	1.1469544      	1.1565878      	1.1500654      	1.1504617      	1.1474379      	1.1495534      	1.1558763      	1.152403       	1.1551471      	1.1480755      	1.1558609      	1.1543789      	1.151543       	1.1504166      	1.1566776      	1.1461843      	1.1477844      	1.1559275      	1.1485611      	1.1516466      	1.1482812      	1.149436       	1.1606526      	1.2393788      	1.9063048      	1.7556283      	1.6450194      	1.3393317      	1.1847144      	1.202082       	1.1694053      	1.169262       	1.1727728      	1.1592907      	1.1530895      	1.1464329      	1.1526251      	1.1528702      	1.1576672      	1.1540385      	1.1428401      	1.1566036      	1.1573462      	1.1539443      	1.1575446      	1.1589383      	1.1523216      	1.1599313      	1.1545479      	1.1552436      	1.1584557      	1.1521472      	1.1619725      	1.1567895      	1.1527827      	1.145962       	1.1495668      	1.1547127      	1.159108       	1.1849781      	1.2188915      	1.3393366      	1.6794317      	1.1496941      	1.1436766      	1.1355587      	1.1400975      	1.1417322      	1.1392497      	1.1438032      	1.1667664      	1.1488392      	1.1441724      	1.1539649      	1.1456985      	1.1491776      	1.1481348      	1.1432459      	1.1468477      	1.1454695      	1.1500397      	1.1451397      	1.1524817      	
1.1593165      	1.1553768      	1.1560789      	1.1629795      	1.1608435      	1.15059        	1.1631646      	1.148738       	1.155665       	1.150277       	1.1664344      	1.1542842      	1.1464684      	1.1580762      	1.1499563      	1.1582525      	1.1538547      	1.144598       	1.1494377      	1.1553185      	1.156656       	1.1470345      	1.147213       	1.1575724      	1.159807       	1.1469632      	1.149525       	1.1486762      	1.154809       	1.1468586      	1.14788        	1.1547426      	1.1443238      	1.1460422      	1.1586987      	1.1496149      	1.1521151      	1.1588675      	1.1505005      	1.5224564      	1.5849828      	1.7159841      	1.7370335      	1.6740547      	1.6249503      	1.1229633      	1.1368706      	1.1453964      	1.1482362      	1.1518695      	1.1481286      	1.1485089      	1.1527779      	1.1458968      	1.1452488      	1.1574897      	1.1567649      	1.146609       	1.1579708      	1.1558486      	1.1478143      	1.1527677      	1.1571048      	1.1572134      	1.1509054      	1.1698992      	1.1560777      	1.1504446      	1.1567743      	1.1507704      	1.1485999      	1.1514016      	1.1447185      	1.1517318      	1.1471465      	1.151303       	1.1761768      	1.1915995      	1.234698       	1.3836466      	1.5146391      	1.1053231      	1.1332055      	1.1403226      	1.1245911      	1.1369765      	1.1442858      	1.151395       	1.1573714      	1.1368834      	1.141081       	1.1478086      	1.1510246      	1.1487759      	1.1442486      	1.1486957      	1.1530129      	1.144036       	1.1398621      	1.1468843      	
1.1599311      	1.1541309      	1.1501467      	1.1496952      	1.1522213      	1.1582091      	1.1428617      	1.1513232      	1.1564251      	1.1540526      	1.1488433      	1.1515332      	1.1510661      	1.1554542      	1.1488223      	1.152336       	1.1565588      	1.1508965      	1.1577         	1.1452055      	1.1527543      	1.1528906      	1.1508424      	1.1530924      	1.1544399      	1.1498264      	1.1474776      	1.155407       	1.1480842      	1.1532774      	1.1529702      	1.1433421      	1.1564238      	1.1454607      	1.1511191      	1.1474788      	1.1421859      	1.1818455      	1.9301758      	1.7531124      	1.5430894      	1.3518089      	1.3821278      	1.7779459      	1.4546422      	1.3866886      	1.287053       	1.3571925      	1.1739239      	1.1539403      	1.1525706      	1.1528177      	1.1444592      	1.1500839      	1.1555405      	1.1532941      	1.1506368      	1.1590781      	1.1672269      	1.1533121      	1.1513773      	1.1489189      	1.153952       	1.1587226      	1.1551615      	1.1565392      	1.1557363      	1.1508778      	1.1531836      	1.1510421      	1.1520095      	1.149821       	1.1575077      	1.1533815      	1.1465371      	1.1536428      	1.1674026      	1.1938617      	1.2138965      	1.3204893      	1.6018598      	1.3445708      	1.1164137      	1.1396321      	1.1484399      	1.1375774      	1.1543281      	1.1484096      	1.1413499      	1.1455007      	1.138609       	1.1490784      	1.1461885      	1.1394455      	1.1527572      	1.1531744      	1.138971       	1.1449487      	1.1440617      	1.1452423      	
1.1588697      	1.1594576      	1.1553452      	1.1685108      	1.1623721      	1.1442765      	1.1510793      	1.1465155      	1.19739        	1.7574282      	1.8678174      	1.7625715      	1.7746229      	1.8106716      	1.2131798      	1.1551868      	1.1510923      	1.1358478      	1.1392502      	1.1493913      	1.1543791      	1.1532221      	1.1507821      	1.157604       	1.151435       	1.1530573      	1.148129       	1.1442022      	1.1504222      	1.1469781      	1.1520089      	1.1494504      	1.1505166      	1.1537604      	1.1464198      	1.1446104      	1.3303381      	1.9370582      	1.9390024      	1.5890578      	1.203001       	1.2482688      	1.2240312      	1.2056684      	1.1992308      	1.1961021      	1.2449305      	1.352449       	1.4536476      	1.3722224      	1.1397163      	1.1429086      	1.1417824      	1.1454667      	1.15342        	1.1472975      	1.1449937      	1.1470655      	1.1487916      	1.1525328      	1.1551017      	1.1525451      	1.1560909      	1.162334       	1.1502734      	1.1537828      	1.1549296      	1.1581475      	1.1592295      	1.1457317      	1.1471899      	1.1511636      	1.14268        	1.1538726      	1.1583197      	1.1500375      	1.1519724      	1.1789439      	1.2018675      	1.2568911      	1.4581529      	1.4419508      	1.1439269      	1.1399487      	1.1270779      	1.1367002      	1.1388445      	1.1308277      	1.1413916      	1.1466352      	1.1374608      	1.1502782      	1.1402631      	1.1407151      	1.1429936      	1.1475466      	1.1427907      	1.1385514      	1.1373311      	1.156971       	
1.814642       	1.882074       	1.8504819      	1.812592       	1.8080652      	1.8035054      	1.7913332      	1.7988707      	1.7833562      	1.7852942      	1.7737292      	1.737536       	1.8617469      	1.7055473      	1.6306888      	1.564048       	1.8015976      	1.4614927      	1.128537       	1.1382172      	1.1392927      	1.1345971      	1.151432       	1.1523111      	1.1415317      	1.1511103      	1.1473502      	1.1422276      	1.14486        	1.1441082      	1.1439993      	1.1460177      	1.1525935      	1.1474531      	1.1445733      	1.1515914      	1.1394552      	1.6277401      	1.4711945      	1.2493262      	1.2171025      	1.1741605      	1.1594377      	1.1787668      	1.2071954      	1.2279314      	1.1851085      	1.3516313      	1.3258015      	1.4256446      	1.4331034      	1.1375034      	1.1456361      	1.1477047      	1.1558614      	1.1589366      	1.1466926      	1.157972       	1.1558812      	1.1477635      	1.152928       	1.1585168      	1.1580281      	1.1643145      	1.1630696      	1.1554438      	1.1476083      	1.1553673      	1.1608905      	1.1455066      	1.1539927      	1.1527894      	1.1524235      	1.147938       	1.1582615      	1.1580553      	1.1486214      	1.1633502      	1.1830493      	1.2014785      	1.2938738      	1.5200459      	1.2506092      	1.1429238      	1.151464       	1.1491163      	1.1391541      	1.1519634      	1.1634792      	1.1412158      	1.137016       	1.1414212      	1.1568371      	1.1443446      	1.1440539      	1.1406572      	1.1409634      	1.1447101      	1.1426581      	1.1505371      	
1.764629       	1.7807565      	1.7756407      	1.805281       	1.6973028      	1.4011625      	1.2644472      	1.2016621      	1.1832849      	1.17047        	1.1684783      	1.1566695      	1.1464683      	1.1613469      	1.1839129      	1.2107693      	1.3107393      	1.7185173      	1.3066272      	1.1504121      	1.1417478      	1.144494       	1.1404468      	1.1490195      	1.143891       	1.1387063      	1.1483499      	1.1463324      	1.1427538      	1.1420738      	1.1460253      	1.1517497      	1.1493564      	1.1456832      	1.1583774      	1.506552       	1.9250337      	1.8684071      	1.5580355      	1.4624506      	1.7327826      	1.1385869      	1.1483738      	1.1927398      	1.1988225      	1.2151538      	1.1753782      	1.1454049      	1.2331413      	1.3407044      	1.3861841      	1.1302038      	1.1463338      	1.1438767      	1.1547332      	1.1588392      	1.1490574      	1.1489596      	1.15628        	1.1601931      	1.1559968      	1.1518763      	1.1549115      	1.154878       	1.1588038      	1.1513326      	1.1542779      	1.163102       	1.1515111      	1.1639698      	1.1525829      	1.1516341      	1.1457967      	1.1490381      	1.1583965      	1.146326       	1.1485538      	1.1617486      	1.1767756      	1.1943879      	1.2670561      	1.4206433      	1.640678       	1.1938803      	1.1218657      	1.1352973      	1.1417595      	1.137636       	1.1435671      	1.1436244      	1.1357222      	1.1331615      	1.1611396      	1.1381508      	1.1392622      	1.1501875      	1.1351609      	1.1409463      	1.1371336      	1.1367028      	
1.1941241      	1.1831286      	1.1595726      	1.1440787      	1.1473005      	1.1556338      	1.159962       	1.1468381      	1.1532571      	1.1489817      	1.1477624      	1.1551397      	1.1445         	1.1559099      	1.1625396      	1.192034       	1.2178562      	1.2861325      	1.5649505      	1.2139667      	1.1335618      	1.1577239      	1.1496925      	1.1450026      	1.1479877      	1.1368023      	1.1485949      	1.147296       	1.1441624      	1.1476862      	1.1462121      	1.1480596      	1.1487265      	1.1472929      	1.1507818      	1.5708343      	2.014827       	1.8809669      	1.8962079      	1.7619627      	1.7850004      	1.5573014      	1.1652099      	1.1942075      	1.2072543      	1.2140013      	1.5451696      	1.366403       	1.3819512      	1.4021682      	1.1911085      	1.1511946      	1.1573658      	1.1566007      	1.1499004      	1.1561384      	1.1656227      	1.1532565      	1.1658591      	1.1656593      	1.1566751      	1.1496423      	1.1549826      	1.1600522      	1.150517       	1.1571923      	1.167831       	1.1603483      	1.154554       	1.1597279      	1.150859       	1.1525133      	1.1527386      	1.1544348      	1.1556239      	1.1486452      	1.1501434      	1.1493523      	1.1642551      	1.1928304      	1.2070976      	1.3218124      	1.6030794      	1.2274369      	1.1468711      	1.1480768      	1.1286105      	1.1420144      	1.1533904      	1.1357045      	1.1368583      	1.15741        	1.1511551      	1.1476624      	1.163291       	1.1648545      	1.1408039      	1.1397474      	1.1392418      	1.1436496      	
1.1671287      	1.1714494      	1.1676142      	1.1570565      	1.1581283      	1.1481403      	1.1554208      	1.1558539      	1.1653103      	1.1538458      	1.1538697      	1.1602519      	1.1609666      	1.1504472      	1.1441975      	1.1775362      	1.2015694      	1.2606099      	1.4195398      	1.5420425      	1.1329933      	1.1429876      	1.1505917      	1.149808       	1.148527       	1.1521316      	1.1519628      	1.1403712      	1.1457647      	1.1497984      	1.1426607      	1.1433667      	1.1400881      	1.1488442      	1.1475189      	1.1503971      	1.1568452      	1.7114693      	1.4414797      	1.227628       	1.4582944      	1.7386378      	1.2915498      	1.2218064      	1.4763246      	1.6334999      	1.5533621      	1.7036933      	1.1557331      	1.1507956      	1.1543219      	1.1511766      	1.152653       	1.1468595      	1.1530612      	1.1523792      	1.1493747      	1.1507246      	1.1509749      	1.1527897      	1.1582147      	1.1551727      	1.1508976      	1.1558614      	1.1562499      	1.1526345      	1.159789       	1.1587653      	1.1536049      	1.1554526      	1.1592454      	1.151997       	1.1644554      	1.1513832      	1.1670841      	1.1456301      	1.1537344      	1.1506729      	1.1473571      	1.1679624      	1.1913527      	1.2234287      	1.2901244      	1.5765805      	1.1240273      	1.1260976      	1.1387265      	1.1380005      	1.1450918      	1.1688017      	1.1632094      	1.1615655      	1.147601       	1.1468389      	1.1450491      	1.1353358      	1.1472728      	1.154205       	1.134895       	1.1492604      	
1.1658282      	1.1625733      	1.1535518      	1.1551442      	1.1533006      	1.1506443      	1.150297       	1.1576622      	1.1536494      	1.1558459      	1.1489512      	1.1550034      	1.15458        	1.1580538      	1.1561081      	1.1767365      	1.2103616      	1.2396239      	1.3287252      	1.6329647      	1.3170924      	1.1272267      	1.1385223      	1.1392117      	1.1365111      	1.1465793      	1.1519997      	1.1461917      	1.1411031      	1.1432717      	1.146942       	1.1491619      	1.1500608      	1.1460534      	1.1534019      	1.1478176      	1.1453639      	1.1472481      	1.1487625      	1.1493025      	1.1589464      	1.1757517      	1.7832884      	1.6833106      	1.4963077      	1.1724695      	1.1790023      	1.1770631      	1.1570953      	1.165212       	1.1609888      	1.1495812      	1.1640247      	1.1637439      	1.158495       	1.1552515      	1.160212       	1.1552587      	1.1579335      	1.1582026      	1.1649913      	1.1701093      	1.1613305      	1.1650922      	1.1604356      	1.1540283      	1.1540555      	1.1668389      	1.1488581      	1.156186       	1.1610377      	1.1619213      	1.1564306      	1.1618786      	1.1677741      	1.1636521      	1.159612       	1.1515262      	1.1632125      	1.1586573      	1.1760269      	1.1922427      	1.259704       	1.3802103      	1.5002699      	1.1229888      	1.1520035      	1.1391082      	1.1421006      	1.1482542      	1.14671        	1.1411539      	1.1362101      	1.1401436      	1.1516279      	1.141815       	1.1450149      	1.151661       	1.1434186      	1.1331195      	
1.1645225      	1.1662219      	1.1577082      	1.1515183      	1.1578408      	1.1547207      	1.1580161      	1.1515032      	1.1593832      	1.1504614      	1.1552348      	1.152982       	1.1589589      	1.1564622      	1.1527276      	1.154988       	1.1713777      	1.1907973      	1.2678568      	1.4234048      	1.5205728      	1.1242119      	1.1436236      	1.1472757      	1.1388388      	1.1442732      	1.1461471      	1.1489977      	1.1505966      	1.1442757      	1.1442581      	1.1467165      	1.1508912      	1.1495733      	1.1544397      	1.1480716      	1.1480016      	1.151173       	1.1447387      	1.1417109      	1.1502398      	1.1476475      	1.5086825      	1.8826607      	1.7767438      	1.2584534      	1.1937792      	1.1642509      	1.183885       	1.1524948      	1.1520711      	1.1628402      	1.1651876      	1.159283       	1.158413       	1.1568489      	1.1600778      	1.1545682      	1.169647       	1.1623667      	1.1476007      	1.1598047      	1.1561828      	1.1567209      	1.1571852      	1.1554184      	1.1713598      	1.1568506      	1.1513078      	1.159048       	1.1549332      	1.1535734      	1.1551714      	1.1566979      	1.1585792      	1.1515018      	1.1481786      	1.1652707      	1.1522781      	1.1524918      	1.1713269      	1.1963376      	1.2152889      	1.3137445      	1.7142746      	1.3155544      	1.1282377      	1.134262       	1.1393008      	1.1346283      	1.1423454      	1.1442662      	1.1530287      	1.1559291      	1.1492965      	1.1512474      	1.1532556      	1.157426       	1.1476257      	1.145829       	
1.1779929      	1.180942       	1.1644076      	1.1519436      	1.1598165      	1.1525533      	1.1519614      	1.1622766      	1.1561034      	1.1506051      	1.1568816      	1.1565754      	1.170511       	1.1600165      	1.1415553      	1.1534964      	1.1675063      	1.1907426      	1.2050251      	1.2999648      	1.6501402      	1.3029754      	1.1101549      	1.1380858      	1.1576145      	1.1490548      	1.1572422      	1.1537234      	1.1472406      	1.1458524      	1.1456901      	1.153416       	1.1518219      	1.1559718      	1.1581129      	1.1424164      	1.1528786      	1.1487309      	1.160266       	1.149108       	1.1471659      	1.1513559      	1.1557221      	1.4762897      	1.8568419      	1.5392989      	1.1883652      	1.1791229      	1.1660548      	1.1791179      	1.1609969      	1.164417       	1.161409       	1.1645544      	1.1668103      	1.1618289      	1.1818004      	1.1612206      	1.1647296      	1.160496       	1.1637295      	1.1645927      	1.1530658      	1.1677334      	1.174373       	1.1548839      	1.1593331      	1.1587914      	1.1554563      	1.1526476      	1.1554098      	1.1693932      	1.1581331      	1.1540339      	1.169248       	1.1637665      	1.1579401      	1.1554357      	1.1550919      	1.1567627      	1.1474702      	1.1822182      	1.2051597      	1.251581       	1.4634844      	1.5621332      	1.1129813      	1.1302092      	1.1441244      	1.1424574      	1.1388999      	1.1406969      	1.1481045      	1.1452594      	1.1392775      	1.1395493      	1.1491692      	1.1536971      	1.1431378      	1.1550657      	
1.1497284      	1.1563146      	1.163618       	1.1617826      	1.1634414      	1.1605501      	1.1634461      	1.1526988      	1.1745808      	1.1640389      	1.1485195      	1.156839       	1.1627123      	1.1571224      	1.1547775      	1.1522897      	1.1535652      	1.1731361      	1.1989549      	1.2264951      	1.2649521      	1.6529467      	1.1439382      	1.1353382      	1.1478074      	1.1505374      	1.1458789      	1.1456652      	1.1524847      	1.1522205      	1.1478207      	1.1505417      	1.1453457      	1.1535834      	1.1505562      	1.1441582      	1.1606925      	1.148151       	1.1487492      	1.1541969      	1.1498766      	1.1587129      	1.1428453      	1.1516552      	1.6770579      	1.7717129      	1.2108669      	1.1769049      	1.2003013      	1.1709427      	1.1574035      	1.1633724      	1.1550559      	1.1496736      	1.163803       	1.1577412      	1.1528329      	1.1519364      	1.1699277      	1.1705167      	1.1574699      	1.1591299      	1.1619571      	1.1667049      	1.1546588      	1.151072       	1.1622847      	1.1532842      	1.1546966      	1.1610961      	1.1602287      	1.1542099      	1.1546694      	1.1580949      	1.1570894      	1.1535355      	1.158512       	1.16085        	1.1553887      	1.152376       	1.150625       	1.153718       	1.184484       	1.2055362      	1.2831571      	1.5549948      	1.3636243      	1.1393018      	1.1526976      	1.1501274      	1.1570348      	1.1464312      	1.139871       	1.1565812      	1.1529012      	1.1403526      	1.1584308      	1.1502563      	1.1472758      	1.1490647      	
