# www.neaspec.com
# Scan:	 	AFM
# Project:	 	20251007_PS
# Description:	 	
# Date:	 	10/07/2025 10:43:47
# Scanner Center Position (X, Y):	[µm]	49.99	50.01	 
# Rotation:	[°]	0	 	 
# Scan Area (X, Y, Z):	[µm]	5.000	5.000	0.000
# Pixel Area (X, Y, Z):	[px]	100	50	1
# Averaging:	 	1	 	 
# Integration time:	[ms]	5	 	 
# Laser Source:	 	4.5-15 µm nano-FTIR laser
# Detector:	 	R
# Target Wavelength:	[µm]	7.502	 	 
# Demodulation Mode:	 	Fourier
# Tip Frequency:	[Hz]	241,340.500	 	 
# Tip Amplitude:	[mV]	45.700	 	 
# Tapping Amplitude:	[nm]	79.665	 	 
# Modulation Frequency:	[Hz]	0.000	 	 
# Modulation Amplitude:	[mV]	0.000	 	 
# Modulation Offset:	[mV]	0.000	 	 
# Setpoint:	[%]	79.75	 	 
# Regulator (P, I, D):	 	4.206850	8.625812	1.000000
# Tip Potential:	[mV]	0.000	 	 
# M1A Scaling:	[nm/V]	0.426	 	 
# M1A Cantilever Factor:	 	1,000	 	 
# Q-Factor:	 	487.4	 	 
# Version:	 	2.1.11536.0
2.1543126      	-2.1975522     	-2.7772274     	2.5054457      	0.48134607     	1.2348765      	1.1607094      	1.4986268      	0.026170531    	-2.4851832     	1.0223073      	-2.7954056     	3.132256       	1.3439733      	-2.882767      	1.305946       	0.9357953      	-2.9392407     	1.5608127      	-0.6554092     	2.0463362      	-0.8179222     	2.6302464      	-2.7677088     	1.4423822      	0.7423834      	-0.09460317    	2.1966035      	2.9072802      	-2.6551578     	-3.1251287     	2.1046448      	-2.212009      	-2.775111      	-1.0377347     	0.6101512      	0.96822727     	-2.9010215     	0.013067947    	0.70694077     	2.1696281      	0.85725784     	1.8726538      	-1.5037007     	2.9958818      	0.6708785      	-2.157768      	-2.744876      	0.596178       	0.40683627     	-2.602164      	1.165216       	-3.141579      	-3.087859      	1.8300425      	0.34197226     	-2.6259198     	-0.11880934    	0.6392016      	1.3659601      	-0.50620407    	2.5150151      	-3.1306202     	0.7714728      	0.451901       	-2.9927278     	0.88014275     	1.9809262      	2.3019702      	0.24738        	0.33703828     	-2.3949778     	-2.8990335     	1.6390336      	1.0663456      	-2.5918543     	1.0099427      	0.018744873    	-3.100029      	-2.8088698     	0.13414034     	1.4676384      	2.2607884      	0.541091       	2.1951776      	0.75053316     	-2.3388007     	-2.2280054     	0.162809       	2.4135756      	2.3719015      	-2.524045      	2.9515193      	0.45327282     	2.263768       	1.4636261      	-0.31980455    	-1.77437       	-2.7543292     	-1.6788572     	
-0.1681698     	-2.9734402     	1.6011753      	-2.4878306     	-0.93896586    	-0.044785507   	-3.075866      	-2.829759      	2.4213634      	0.25257054     	-2.6276338     	1.1752193      	-2.4998412     	2.5618727      	1.0997988      	0.5848637      	-2.9420135     	0.18647137     	-2.812501      	2.7045012      	0.5259509      	0.18965241     	-2.577794      	3.0970466      	0.53055155     	-2.7723744     	-1.7114879     	-0.8420519     	-2.6501317     	-2.7278092     	-0.21854253    	0.34035045     	2.8079295      	0.7903322      	0.6397025      	2.5172544      	-1.0931419     	0.47265166     	-3.0874379     	-2.445042      	0.539759       	-2.420597      	-3.0300207     	0.6324664      	-0.33433202    	0.5808491      	0.38351044     	2.6578565      	2.5782318      	-2.2014012     	0.43197757     	-3.1259747     	2.378747       	1.5441678      	-2.639248      	0.7472051      	0.32048595     	-2.6461234     	-3.0491228     	0.7053166      	2.077489       	2.7740142      	0.25732198     	-0.3005781     	3.023297       	1.1061358      	2.6768558      	0.094232924    	-2.720484      	0.23235014     	-2.4968395     	2.419436       	0.86903286     	3.076861       	-0.8292399     	1.5129567      	-3.0929286     	2.6026807      	0.1186106      	-2.6365683     	1.5010213      	-0.0034801173  	3.02568        	0.93729246     	-0.3940354     	2.7431407      	0.17561997     	1.0748909      	2.2138805      	-0.576586      	0.35177457     	-3.0794764     	0.23211864     	-2.2044861     	2.6453092      	-0.5678287     	0.09927002     	0.6140318      	-3.112312      	2.9946556      	
0.7379987      	-2.7704964     	0.62863034     	1.8553896      	2.5911589      	0.9373235      	-2.6750922     	-1.9523625     	0.4973856      	0.84274083     	-2.7668285     	1.0240928      	0.70748645     	-2.7126126     	-2.597465      	0.5750557      	-2.708269      	0.7410937      	0.5333351      	-2.5687032     	-1.8540131     	0.835462       	-2.920617      	2.227648       	0.76774824     	-2.938491      	2.140005       	0.6235137      	-2.4814568     	0.633651       	1.0702627      	-2.4804678     	2.5361004      	0.79342437     	-2.728168      	-3.1309755     	0.6070905      	-0.3398546     	-2.5804875     	0.28871462     	0.7542264      	-2.7424319     	-0.25065613    	1.2849288      	2.593798       	-1.7760174     	0.26981756     	3.0861917      	-0.02245693    	-2.8100863     	-2.5832386     	1.0526868      	2.379298       	-2.979866      	1.1656501      	0.57690364     	0.76721674     	-2.820218      	1.198168       	-2.4363446     	1.1153171      	-0.27659202    	-2.395738      	3.1407394      	1.544904       	0.5744253      	-1.43607       	0.93715227     	0.36555037     	2.282115       	0.2781743      	-0.9195994     	-2.8043716     	0.54140985     	-1.4246792     	-2.4860246     	1.4963053      	-3.1055748     	-3.0291045     	2.959469       	-3.1121526     	2.350781       	-0.45056024    	-0.4057823     	3.005917       	-0.14039052    	2.6178079      	0.22162183     	-2.4095042     	0.632043       	-2.5000708     	0.69747853     	-2.979981      	2.696352       	1.7344894      	-2.8691392     	-2.706966      	-2.6380372     	0.2617445      	-2.6566153     	
-2.206046      	0.80532426     	-0.5075936     	-2.7599826     	0.5084891      	2.98424        	0.87480843     	2.916882       	0.27382776     	-2.9561992     	0.23554425     	3.0478446      	2.6485949      	0.41671023     	0.93097425     	-2.5986223     	1.1083512      	3.0880563      	-2.8518536     	-2.0243804     	0.7618274      	0.765448       	-3.074279      	0.4557505      	-2.711668      	1.7063844      	1.8654733      	-2.6783907     	1.6215286      	1.2353547      	-0.23561251    	2.629826       	-2.8801455     	-2.7193358     	0.24540737     	-0.7419533     	-2.669283      	0.3660229      	0.5131955      	3.0153215      	1.6863729      	-2.7885263     	1.2714293      	0.5874629      	1.8977745      	0.2490635      	-3.1005037     	0.08484615     	0.58027965     	-2.6861193     	1.2628044      	-2.6874187     	0.35365        	-2.6773274     	-2.7728448     	0.46550593     	-1.6996728     	0.14362943     	2.9081836      	-1.7221462     	0.49441606     	2.831725       	0.8130721      	-2.4726908     	3.0310533      	0.16021161     	3.1116276      	-2.9564059     	1.8443807      	-1.2242569     	-1.3186445     	-0.16055661    	0.6676647      	3.0679846      	2.135973       	3.0080748      	-2.0372562     	0.98922825     	0.9072414      	0.75671357     	-2.1524036     	1.4071964      	-0.81271505    	3.0954857      	0.15122794     	-2.4889185     	-1.3278621     	2.1849923      	0.9917079      	-2.4418964     	0.05010789     	0.7747072      	-2.7017956     	-2.797365      	2.9881637      	-2.4802096     	0.5399726      	0.6892141      	1.026464       	1.0178275      	
3.1313646      	0.176533       	1.480025       	-2.8581822     	1.0245146      	-1.4951237     	-2.915371      	-2.9368365     	0.09590822     	1.5040883      	-2.506253      	-0.015816087   	-2.638426      	1.2010853      	0.66260076     	2.7973711      	-2.0442934     	0.66935146     	-2.7862399     	2.9945848      	1.1498185      	1.6473258      	-3.072518      	0.8130725      	0.893498       	2.7388847      	0.63344264     	2.429953       	-2.5974271     	0.12166516     	0.086273536    	3.0746655      	-1.3988532     	-0.34533957    	-2.9480362     	-2.8053446     	0.38599756     	-2.728595      	1.283902       	0.6002916      	-2.784649      	1.4197882      	0.61878294     	-2.6087081     	-3.0399446     	0.5353267      	1.5161078      	-2.19837       	0.90927947     	-2.7089772     	2.8163524      	0.32619813     	-1.6347897     	0.06517826     	-1.6774417     	-3.0377104     	-0.79375875    	1.1527772      	3.131744       	2.8623185      	1.6171916      	0.434705       	-0.98899484    	-2.727779      	-0.110365406   	1.3262241      	-2.402236      	1.1631709      	-2.794146      	2.9574308      	0.00627321     	-2.975548      	1.8261952      	1.0327544      	2.9854395      	0.9075557      	0.40216625     	-2.5257487     	-2.7498994     	0.8709003      	1.3272605      	0.8189273      	0.6379312      	0.2727504      	3.1207778      	-2.6990733     	0.3986886      	2.3839722      	-2.594775      	-2.2713456     	2.5589056      	-1.7335442     	1.452541       	-0.14379275    	3.0811865      	-0.14606857    	0.3845361      	1.8464425      	1.2390945      	-3.1326332     	
1.2225187      	-2.9599164     	-2.0648422     	0.08075587     	0.34160078     	-2.2052982     	-3.0317984     	-1.309738      	-2.798629      	0.13239235     	-1.0106062     	-2.187763      	2.6925645      	1.3208759      	-3.0478506     	2.644576       	1.0860782      	-2.080505      	-2.5222955     	0.5439063      	2.7443585      	-0.47288054    	0.02747043     	3.0988448      	-2.9866412     	1.514508       	1.7005405      	-2.8447483     	0.76090795     	0.6048491      	-2.8108544     	-0.31244186    	-2.945692      	-2.4222074     	-0.1514688     	0.76413953     	-3.0632083     	-1.8995022     	0.49421486     	2.563436       	1.3385333      	1.6319635      	-2.7618191     	3.0738008      	0.44869933     	-1.7523601     	0.19708544     	-2.7760603     	0.9098715      	1.9403546      	-3.0833051     	1.6786811      	0.4243103      	-2.8091369     	0.7674559      	0.46560726     	2.8759525      	2.1135783      	2.9742029      	0.22120595     	-0.30298975    	-1.364034      	0.19178347     	0.86071354     	-2.719039      	-3.0054934     	0.7861932      	1.9231367      	-2.779963      	0.64814866     	-1.4847941     	2.811684       	0.300626       	-3.0479443     	2.670383       	0.5054156      	0.87485564     	-2.3449621     	0.89666736     	2.8976915      	1.4941424      	-0.3767451     	-1.9981217     	1.7238035      	0.54461527     	1.8663006      	3.0097303      	0.28645745     	0.69559985     	-2.4576135     	-1.2708297     	0.55883336     	-2.8416386     	-1.6394197     	1.9673381      	1.4645121      	2.5699468      	-2.9437501     	0.5714856      	2.7378051      	
-2.7868245     	0.3715875      	-3.1029644     	0.26824173     	0.08308005     	-2.9671772     	-0.31791627    	0.90579164     	-2.8279402     	2.987785       	0.689902       	-2.4179301     	-2.9966617     	0.13880709     	2.3019793      	2.2807996      	0.61239314     	3.135103       	-1.005217      	0.78532946     	-2.4940922     	2.5894046      	3.0053687      	-0.5724527     	-2.82569       	0.05361206     	0.8497476      	2.7737205      	1.6566929      	2.4759302      	-2.9290118     	2.99892        	-1.6323577     	-2.940744      	-2.401008      	0.424181       	-2.884729      	0.16602671     	-2.3184896     	-0.20843913    	-0.2761116     	-0.12119872    	2.200152       	-1.7824551     	-2.3644035     	1.681586       	0.86293554     	-2.3035874     	2.6304789      	-2.8436327     	-0.7252563     	3.134576       	2.8418913      	0.8405276      	-2.1583424     	-2.197141      	0.71312857     	-0.11737806    	-3.0488772     	0.50200766     	0.11735524     	2.998818       	-2.968733      	0.45663747     	-2.4419405     	1.8042583      	0.17263609     	2.2650156      	-1.3181936     	0.8512706      	-2.8919222     	1.6140497      	2.463159       	0.14399135     	3.0360632      	-0.54627       	2.7281425      	-2.738372      	0.304098       	1.9924976      	1.2712388      	0.2906187      	-0.5858597     	1.2588007      	1.588814       	-1.9454975     	3.0640755      	0.18682101     	2.9349768      	-2.770902      	0.25823426     	0.43860745     	-2.6534634     	2.9986246      	0.5933802      	-3.1078467     	-2.1248622     	-0.12747157    	0.45235395     	0.4433144      	
0.006836167    	0.7062594      	0.3660618      	-2.441101      	1.5993129      	-0.10791803    	-2.625923      	0.086893976    	0.4523406      	-2.2029314     	0.6397238      	0.9027736      	-1.8518147     	-2.6854322     	0.07512233     	1.8333617      	-3.1014469     	0.49420223     	1.4544507      	-2.4584918     	0.35530895     	1.9071985      	-2.2774372     	1.086603       	2.559345       	1.9851898      	1.8329083      	0.44884259     	0.69639367     	-0.21901265    	-1.5089579     	0.15111762     	0.780517       	-2.250591      	1.4089174      	-2.7192938     	0.33156258     	0.22594339     	-2.4639192     	2.987911       	1.5735009      	2.6067252      	-0.90313524    	2.622641       	-1.5873481     	0.43314946     	-2.9752975     	-2.637927      	0.9033477      	-1.9226445     	-3.0613816     	0.9188432      	1.7319527      	3.0642583      	1.4996122      	-2.8285537     	2.851986       	0.3831296      	-0.75491387    	-2.4984467     	-1.7067277     	-1.1655214     	-2.7929044     	0.96212107     	2.963761       	3.016118       	0.6312678      	-2.5380342     	1.2029852      	1.0353539      	1.6509237      	1.0696392      	1.0965636      	0.2836708      	-0.7118844     	1.1439275      	-0.0017487373  	-0.53020203    	-1.2029465     	-2.5869598     	0.5783062      	2.1470187      	0.113474034    	1.2391818      	2.4960961      	1.4731139      	0.85815626     	0.38597223     	2.6380527      	-2.1858668     	-0.9542289     	0.3995054      	-2.5140266     	0.4305011      	2.516891       	2.623623       	0.8757378      	0.45357707     	-2.8578176     	-2.642988      	
-2.8590078     	1.4187816      	-2.5668743     	-2.9366798     	-0.063944384   	2.8471427      	2.2019236      	0.26046145     	0.5391321      	0.29146114     	-2.8717015     	0.8540732      	-2.8746493     	1.594004       	-2.5887127     	2.9845731      	0.33938944     	-1.985749      	-1.9624469     	2.163316       	1.9301125      	-2.5248194     	-0.34855762    	1.4871885      	-2.8097005     	0.28922105     	-2.0423322     	0.0149277765   	-2.5889423     	-2.0927114     	0.43907654     	1.2259359      	-2.3919542     	2.3495612      	2.182463       	1.4395642      	2.9762347      	-3.0418215     	-0.7118987     	3.1133597      	0.730626       	-2.6839046     	-0.30542406    	-2.6940436     	0.69073546     	2.0679042      	-2.4118032     	0.46492818     	2.356974       	-2.721488      	-0.44784477    	-0.49056038    	-2.781207      	1.642636       	-2.527327      	2.2300787      	1.8167529      	1.1949407      	-2.0948396     	0.3567974      	-2.1550097     	0.46428728     	-1.6759464     	0.68246806     	2.9411488      	2.7478454      	0.31450558     	-2.6906493     	3.0954459      	1.3633988      	-2.8869066     	1.4737347      	1.0224732      	2.4786978      	-0.75107294    	0.11242546     	1.5354023      	1.9594094      	2.563829       	-2.7707164     	1.0108099      	0.9966835      	-0.38621575    	0.73356974     	3.0086899      	3.079818       	-2.2930083     	2.7577548      	1.1572646      	-2.2976558     	0.5934482      	-1.3549782     	2.8988068      	-2.5686483     	-0.8802534     	0.9086393      	-2.074795      	-2.7342272     	-2.8114831     	0.2985593      	
2.7416668      	2.8838887      	-0.15244271    	0.6173485      	2.8408837      	-2.7839596     	0.17038701     	-1.3832561     	-1.1888658     	2.6119108      	0.30303752     	0.32329822     	-2.4184954     	2.9118562      	3.0341816      	0.67892706     	-2.8406675     	0.8538902      	-2.844483      	0.42392772     	-1.6909136     	2.0943244      	1.9656682      	0.42627093     	-1.9632518     	-0.62006265    	2.8459892      	-0.62398386    	0.60919577     	-0.9634718     	0.13378482     	3.109152       	1.0505029      	-2.9794915     	-2.614704      	0.19746116     	0.44882306     	-2.599812      	0.17138936     	0.23828447     	-1.9870541     	0.7357401      	-1.5846043     	-2.724119      	-1.3381716     	0.03099422     	-3.00699       	-0.3003158     	0.39855975     	-2.524964      	-2.6451967     	0.6407738      	-2.553163      	0.22548671     	0.70815015     	-1.7535748     	3.056079       	0.8776933      	2.8928368      	0.0075227935   	-0.41804785    	-0.04528062    	0.17281115     	0.6269105      	-1.3361634     	-2.1463354     	0.5640637      	1.7745819      	-2.6688375     	0.7166864      	2.6068807      	-3.060273      	0.9312506      	-0.8723329     	-1.8577136     	0.10748618     	-0.21319854    	0.3125521      	1.4497617      	2.6859143      	-2.3571975     	0.4415397      	-2.7070084     	-2.2471066     	1.8143553      	2.017733       	-3.0899632     	0.35513085     	2.6233807      	-2.8216982     	-1.6416727     	0.2120266      	2.3119462      	-2.4209614     	0.4447355      	1.2288657      	-2.675219      	-1.3172343     	0.19744462     	-0.10225864    	
-2.9230542     	0.62889546     	0.21530858     	-2.3458333     	-0.32643637    	-1.5147437     	-2.4233203     	-2.9136295     	0.6969224      	-2.6540263     	1.3860828      	0.51121575     	-2.834894      	0.57926685     	0.46567184     	-1.8911446     	-1.7071406     	1.7745813      	-2.9077613     	-3.0957017     	0.5168947      	2.1251645      	2.92917        	1.0986205      	1.4010919      	-2.6135938     	0.525631       	-0.1253411     	-1.0033554     	0.5707014      	-3.098522      	2.906286       	-2.7628744     	0.26337162     	-2.2094452     	-0.33267593    	1.2036173      	2.8892639      	2.1391265      	-1.1905284     	0.54834455     	2.9934943      	0.49113622     	-2.272029      	0.9343499      	1.3756024      	-2.9671211     	-2.791057      	0.46280167     	-2.1657815     	-1.9281968     	0.14261898     	-0.89492166    	-2.3055625     	0.50517726     	1.5914627      	-2.6872282     	-0.2822683     	1.9961561      	2.8157725      	1.2720037      	-0.5869878     	0.816287       	1.5948408      	-2.2216845     	-1.8221277     	0.99831665     	1.2470949      	2.8100183      	2.504373       	-0.11285208    	-2.921218      	0.698912       	-0.35501       	-3.0039318     	0.5711354      	0.16199034     	-2.581469      	-2.062846      	0.70352584     	2.452705       	1.7894063      	0.53788567     	-3.1155343     	1.8856575      	1.2999274      	-3.0519524     	2.0192637      	0.092182636    	-2.988572      	-2.1630461     	0.25777367     	0.32836968     	-2.98456       	0.31848872     	-2.5613358     	2.4022558      	1.5120504      	-1.5343766     	0.20303902     	
1.6658472      	-3.057321      	-2.5236154     	-2.968764      	3.114354       	1.2416764      	2.789338       	-2.973842      	2.339025       	-1.1307387     	-1.9283733     	0.62719        	1.4938983      	-2.8119829     	0.34305757     	-0.16463186    	-2.810433      	-2.6492229     	0.6888643      	-2.67603       	0.11437884     	1.4058719      	2.5766435      	0.3885249      	0.7238725      	2.1571538      	1.2850833      	-2.0636325     	2.142951       	-2.8980446     	-2.855596      	2.852718       	0.2212342      	0.24796818     	-0.3798128     	-0.954816      	0.11238925     	-2.5496778     	-0.8095967     	-0.9448821     	2.6951218      	0.15011297     	3.0517673      	-2.5509431     	-0.061108105   	-2.9534345     	-0.029179491   	-2.215981      	-3.0045893     	0.24321665     	0.38705143     	-2.7380567     	0.26093316     	2.7483306      	-2.3230746     	-3.0902092     	-2.3548295     	0.38166675     	-3.1400802     	2.779492       	-2.584364      	1.0062003      	-1.8372552     	1.9177606      	0.21289718     	-3.0604174     	-0.55686146    	1.4094232      	-2.1106734     	-2.8975656     	0.9446312      	2.0057323      	-2.9613082     	0.8870385      	1.6804622      	1.3975855      	0.84912837     	-2.458579      	3.1258898      	1.3408409      	-3.0731835     	-2.2901373     	0.37507644     	1.3077941      	-2.3467352     	-0.4953603     	-2.654807      	2.68124        	0.030161152    	2.9914367      	-2.8138154     	1.2552352      	1.2993976      	-2.0314522     	0.58880305     	0.44204158     	-0.002870175   	0.31373826     	-0.706578      	2.7378745      	
-2.855148      	0.5776428      	-1.4912461     	0.68414927     	1.0941539      	-2.7352333     	1.4141865      	2.6259153      	-0.32660136    	-2.8732772     	0.7522305      	2.5074286      	-3.016485      	0.63883895     	3.0835748      	2.7681923      	1.7071971      	-2.456575      	2.4146554      	1.867308       	1.3039019      	-2.36006       	-2.6566446     	1.775343       	-2.3169103     	1.2501029      	-2.9747746     	3.092179       	0.025567964    	2.201049       	0.51436496     	1.6105034      	-2.653292      	1.237348       	1.8081709      	2.5633407      	0.5545056      	1.4546391      	3.1157806      	-2.1765838     	0.19604324     	-2.8842788     	2.8444207      	2.9283144      	0.40394098     	-3.1083703     	-0.029730257   	-1.0177715     	-2.6325283     	0.44444048     	-1.82298       	0.30278677     	0.20085986     	2.78561        	0.49002144     	-2.957766      	-2.0730035     	-0.61282206    	3.087876       	1.394385       	-0.41592062    	-1.5519559     	-0.32358456    	2.7754164      	0.7552629      	-2.522634      	1.1638759      	2.7819507      	2.5404687      	0.14041641     	-2.3318076     	3.0176017      	1.6184955      	-0.10368561    	-1.8905979     	1.1685843      	0.27033752     	-1.923882      	0.44826826     	-1.8470554     	3.104206       	-2.9332688     	-1.9052037     	2.908729       	0.16005242     	2.7071362      	-2.8398123     	1.1558013      	-2.530685      	0.12773596     	-2.5891657     	0.24356948     	-3.1264982     	0.59654576     	-0.16253884    	-2.8795676     	0.90201706     	0.9841189      	-2.325424      	-1.446255      	
-2.2375832     	0.079710566    	-2.9763608     	0.23686169     	-3.1249235     	-2.3529696     	0.08485562     	1.6791679      	0.8948232      	0.27602175     	-2.7317562     	0.41632736     	-2.2687569     	2.3417165      	1.5279834      	0.3491467      	-2.7744262     	0.56709605     	1.3003042      	-2.454205      	0.89448136     	0.836132       	1.3995895      	-1.9177961     	0.30665493     	2.9633992      	-2.121389      	-2.713659      	-2.1532905     	2.9544923      	0.9436154      	-2.2145817     	0.6147323      	0.46284828     	-2.2187943     	1.849044       	-1.4067379     	1.7313523      	-1.9308294     	-2.3548205     	3.1221437      	0.87345415     	0.44360784     	1.1462761      	-2.752803      	0.2953158      	-2.68822       	0.7862963      	0.6920404      	3.140403       	-1.5312563     	0.65574485     	-0.43411186    	1.5785642      	-2.8952777     	1.035976       	0.6321023      	-2.3689153     	3.041897       	-0.49103203    	1.2728364      	2.3785534      	-1.2515187     	-2.0321426     	2.3613856      	-1.0741909     	1.6499554      	1.6097851      	-0.89215374    	2.9613252      	-0.0658223     	0.21844761     	-2.6310077     	-3.1066391     	-0.09576708    	-2.3359532     	2.3347185      	-3.1172724     	1.1523101      	0.1341472      	0.6707963      	-2.9059772     	2.282349       	0.85268915     	3.0355039      	0.7912687      	-2.155867      	-0.44039       	0.24377406     	0.02314532     	0.78268266     	2.9750876      	0.096731246    	2.8134754      	0.43891305     	0.6367156      	0.80495167     	-2.3404634     	-2.635509      	-0.4139465     	
-3.0354438     	1.3730704      	3.0492885      	-2.9733505     	0.58403206     	0.47856852     	-1.5078365     	2.8578157      	0.8099767      	1.829426       	0.57238126     	1.7632214      	-2.8848393     	3.0239673      	3.0028021      	1.660031       	1.5440948      	-1.0096203     	0.5053478      	0.20926477     	-1.500173      	-2.6782038     	-1.0687351     	1.0669501      	2.0821435      	-2.7074037     	0.14116764     	2.8132312      	-1.9788042     	-2.3849006     	-1.5153071     	-0.89265156    	-2.1573517     	-2.2314813     	-2.6880836     	-0.67698777    	0.8735636      	-3.0588758     	2.7697628      	0.5070572      	2.2159486      	-1.0276282     	0.17416506     	-2.9201016     	0.54473233     	2.9092612      	-2.0622113     	3.1362457      	-0.2884371     	-1.2928715     	0.114418626    	2.142612       	-0.57110524    	-1.8768129     	3.1365576      	0.7809163      	-1.9962019     	1.1002398      	0.024098435    	-2.4167004     	-0.6449341     	-1.7165447     	0.19969071     	-1.5518575     	2.235832       	-2.2003553     	0.9426941      	2.630185       	-2.8216748     	1.7086633      	-1.6805357     	-0.36386266    	1.9506743      	-3.008608      	0.6058791      	0.9976439      	0.9645984      	3.0568995      	2.9212935      	1.376944       	-1.616233      	2.7655954      	1.1294467      	2.935667       	-2.3654008     	1.6761457      	0.11818293     	1.2411609      	-1.8219241     	1.3361568      	-1.0192146     	2.9804285      	-2.6068702     	-2.56403       	-2.883427      	0.61749375     	-0.06571653    	-1.8919244     	-0.003946117   	2.849134       	
-1.9269451     	-2.721574      	-1.1027622     	-0.6087292     	1.3148873      	3.012025       	0.324176       	-2.5890605     	0.55718076     	0.65068734     	2.5640912      	-2.6821814     	1.2345237      	-3.0532248     	-2.546735      	-2.6791086     	-2.4124546     	0.2698152      	0.4766616      	0.39952654     	1.9152443      	1.3163172      	-2.8915792     	-0.78662163    	1.5404569      	0.532758       	0.5264122      	-0.023679554   	-2.648379      	-2.218347      	0.845366       	-2.1696095     	-2.9916987     	-2.4839969     	-1.5208223     	-2.9628744     	-0.71569836    	0.6584701      	-0.73357064    	2.8206854      	-2.5836139     	0.6180982      	-0.5988398     	-0.6829706     	0.19496486     	0.14503191     	0.93784857     	1.3239378      	0.8633373      	-2.4137833     	0.46774176     	-2.2682226     	3.1281562      	0.5343615      	1.9971763      	2.1930153      	-0.017325915   	-2.969205      	1.5610394      	2.7186747      	1.9854454      	0.73972535     	0.22595775     	0.9999468      	-2.6437204     	-2.1165676     	2.67319        	-0.07825898    	-2.723808      	1.0221014      	3.1197126      	2.260697       	-2.3065913     	-1.3036803     	0.46160766     	-2.3798466     	0.46457425     	1.3586115      	-2.9282043     	2.1752236      	-0.35749543    	-2.8651729     	2.1417465      	0.0018510887   	3.1073623      	3.1169102      	1.0417967      	0.92976224     	2.078209       	1.6130105      	-1.0843405     	-2.9683347     	0.8560057      	-0.8048799     	-2.3386695     	0.36876512     	1.1576626      	2.7893174      	-2.9319494     	-2.3643503     	
-1.8460997     	2.6840868      	0.6975417      	-2.9542327     	1.4836373      	0.89215654     	0.78934884     	-2.7508473     	0.5561043      	0.44145724     	2.956106       	1.4629241      	1.4745668      	2.1156409      	2.124558       	1.5825211      	-2.6503546     	0.5091192      	2.8097882      	-2.6882255     	0.57958347     	2.1798816      	-2.572061      	1.5889082      	-0.57985425    	3.1150117      	0.10528627     	-2.9224057     	2.5832312      	0.21081574     	0.56145406     	-2.9373887     	0.27163374     	-2.4946692     	-2.9736078     	0.5353436      	2.517935       	2.0117772      	0.26897097     	2.297541       	-2.5270343     	0.09927547     	-2.4116764     	-0.5778343     	0.79115623     	2.8565936      	-0.4251191     	0.07177438     	-2.064117      	-2.510016      	-0.7961541     	0.13051115     	-2.6846647     	2.964736       	0.27052033     	0.7079171      	1.4020746      	0.9830526      	-2.7124467     	3.0662706      	-0.46282238    	-3.1236455     	1.6344942      	0.013746364    	-2.663409      	-2.3590293     	0.5689781      	-2.4813967     	1.9818482      	-2.11904       	0.49738652     	-0.14757341    	1.9188372      	-2.0304742     	-2.808977      	0.59701866     	0.16814587     	0.3345239      	1.7705976      	1.2099612      	0.40717977     	-1.2074218     	0.115005374    	1.3264164      	-2.645679      	1.4474317      	3.138419       	-2.116837      	-0.14730619    	1.9245257      	1.2046609      	0.4493421      	-2.2607145     	-2.902685      	1.7716775      	2.1380963      	-2.9404178     	2.8450866      	0.10808009     	0.36339644     	
-2.8530803     	3.0282211      	-2.0317876     	-1.7362298     	-0.59960794    	-1.6838971     	0.45591268     	2.8620558      	-2.4315004     	0.53972745     	0.8705041      	2.9581046      	1.0397117      	-2.692881      	2.6479652      	-0.7214108     	0.6014021      	-2.637117      	0.23527919     	2.5331788      	-2.8208551     	-0.28199172    	-0.8254818     	-0.08429564    	0.53811127     	2.3289096      	2.5798595      	-2.3478098     	2.0352793      	0.10184057     	-2.912845      	0.13005312     	-2.558129      	0.28326386     	1.4464594      	-2.225593      	0.4890405      	-2.8342419     	-2.4596841     	0.40074402     	2.331281       	-0.37363836    	0.7199432      	-2.4810805     	1.5652312      	-1.2905755     	1.2887839      	0.9718422      	1.3329569      	-2.874716      	-0.4613072     	-1.8786086     	1.0396961      	-2.3306954     	1.5315166      	2.4154391      	-0.69202644    	-2.8722398     	-2.7358658     	-1.0379722     	0.3826888      	-2.9914544     	1.3771492      	0.40798354     	0.45596513     	-2.9079916     	-0.3469568     	0.60755616     	2.664876       	0.5637866      	1.5236948      	-2.7169275     	-2.9261472     	-2.8930867     	-2.9048605     	0.8654642      	0.8605883      	2.7022495      	1.5394497      	0.5733946      	0.88105625     	3.1269698      	1.1442494      	1.4401101      	-2.4595737     	-0.2365149     	1.1068722      	-2.4135776     	-0.16380468    	2.2257533      	2.9311442      	2.9858873      	-2.583203      	-0.12381788    	-3.141477      	-0.33115792    	0.65323293     	1.513824       	0.7984808      	1.8557881      	
2.6269217      	0.0035009172   	3.0140264      	0.4764075      	2.237073       	-2.9447138     	0.6882189      	-2.8863692     	3.0967472      	-2.5470505     	-2.7135708     	0.23260225     	-0.49419826    	-2.5791607     	1.9541154      	2.687823       	-2.5922523     	2.5067635      	0.63454694     	-0.17398365    	1.4423299      	3.0853117      	2.5144923      	2.661034       	-1.5840812     	-2.822946      	0.25547823     	-0.5653267     	-0.7501499     	-2.9111638     	-0.013154569   	-2.2122877     	0.8242844      	0.49818733     	2.5673037      	0.7560445      	1.2572109      	1.0114678      	-0.89034295    	1.4259886      	-2.7467496     	-2.787743      	0.038851682    	-2.7785454     	0.3732719      	0.9689253      	2.6199558      	-0.27391168    	0.77008855     	-2.472851      	-0.14158703    	-2.877419      	-1.5930458     	-1.7786462     	1.6488355      	-2.2589564     	2.6501563      	-0.024997992   	-2.6085906     	-2.3489885     	1.1254414      	-2.6123316     	-2.2843728     	0.79360014     	-1.5493916     	2.962745       	-1.2053547     	1.9033896      	0.53993624     	-2.4016335     	-2.9583805     	0.61841065     	-3.1242714     	-2.940285      	2.23801        	0.17952527     	2.4873059      	3.1390622      	2.6360784      	2.9546921      	0.9129493      	1.1679764      	-2.600525      	2.4287827      	-0.026154628   	1.3601856      	0.94652337     	1.2496326      	-2.0715723     	-1.7139201     	0.4723815      	-1.8194685     	2.0865493      	2.0635986      	0.95100117     	0.16806865     	0.80980694     	1.3126723      	0.84838843     	-2.7242184     	
-2.3560987     	-1.0920188     	-2.3875237     	-2.9709365     	3.0674448      	-0.7836345     	-1.8954749     	1.6391174      	-2.78312       	-1.3091048     	-0.293543      	-2.4106748     	-2.6031282     	-2.7591088     	2.7854114      	1.9633449      	0.44581378     	-1.4024963     	-2.1904016     	0.08121505     	0.9692633      	-2.5009181     	0.06153047     	-2.9784997     	1.0649797      	-1.6155933     	-1.5148653     	3.038321       	0.26518637     	3.1272693      	-2.7894        	0.38455352     	3.1083765      	0.7384767      	0.24879408     	-2.822023      	-2.5234442     	-1.0780904     	1.5895607      	-0.9675044     	2.327894       	-0.17603038    	-2.773815      	0.7603913      	0.068688765    	-2.518988      	2.6911952      	0.5263527      	-3.0880263     	0.75792307     	-0.33841544    	-2.4698062     	0.5539513      	-2.3364596     	-2.8401372     	0.92741513     	0.039289717    	-3.0380561     	-2.692667      	-2.7309783     	-2.7719767     	0.70620465     	-3.1130753     	-2.5213346     	1.7944893      	-0.110948905   	-1.3562627     	1.0393394      	-3.0331202     	2.78029        	0.25451845     	-2.470942      	0.8590343      	2.2532244      	-2.0240755     	1.0597633      	-3.038779      	2.5167916      	0.95714587     	1.9682058      	2.8753424      	-0.90124464    	-0.79684585    	-1.7021276     	-2.6787715     	2.1391077      	-2.6986706     	-2.965063      	1.023843       	0.16064191     	0.5682193      	-1.1795619     	2.4864404      	-0.76571       	-0.5067483     	-1.1730083     	2.1778233      	0.795092       	-0.16462854    	-0.258409      	
0.27355918     	0.9437716      	-0.7043842     	-2.9243598     	1.5790603      	0.7222941      	-0.37497902    	2.5041008      	-0.17433974    	-2.3347838     	1.3204929      	2.2627316      	-2.0936296     	-0.35605198    	0.54214936     	-2.485731      	0.18497518     	1.4721903      	2.9648678      	0.6527827      	2.4870343      	3.092844       	-0.3022024     	0.35916367     	0.47174534     	-0.22291718    	-2.5617683     	0.96099514     	-2.9743247     	-2.8344734     	-0.29359168    	-2.5506144     	-0.21373141    	2.2649274      	-1.9764669     	0.87175685     	-2.3608842     	-2.042958      	-2.4071167     	1.9058677      	2.6785524      	0.09380135     	-0.8631623     	-2.9182281     	0.11228733     	-3.1250477     	-0.40104294    	0.38589028     	-3.012811      	0.74159706     	2.2007332      	-3.0004933     	-2.072859      	-3.0889213     	-1.9351208     	-1.6324703     	1.937528       	0.021907173    	-0.47678375    	-2.6455128     	0.62934124     	-2.073349      	0.5308294      	0.48454744     	1.8645504      	-2.4969494     	-1.9672436     	-2.1740134     	-0.603054      	2.720521       	-0.48022074    	2.907869       	-2.7540977     	0.5105103      	3.0837035      	1.4729618      	0.5317758      	-3.0687277     	2.3480108      	0.86171544     	2.7310362      	0.9370017      	-0.12218047    	-1.7460741     	-2.9600258     	0.7739415      	-3.0488627     	-2.3442016     	-1.4958726     	-2.8137357     	-0.29666564    	0.599289       	-2.8468018     	1.9926035      	0.2596159      	2.7224464      	-2.5865543     	-2.7935975     	1.0406637      	0.27473858     	
-0.22144355    	2.9932363      	0.33068        	-2.4082959     	1.3321972      	-0.050112747   	-0.38488352    	1.0145489      	0.062265847    	0.065078184    	-2.728897      	0.20129235     	1.0239666      	-2.9751835     	-2.6881814     	-3.0352306     	2.846182       	0.82781756     	-1.8402402     	-2.834053      	0.46951985     	3.0709922      	2.0428312      	3.0756168      	-2.2095065     	1.165005       	1.279865       	-1.8611914     	1.401979       	1.1054939      	2.4667797      	2.4204888      	2.3448253      	-1.6611373     	-1.1248091     	-0.48278642    	3.0723968      	-2.3165603     	-2.745181      	0.55890006     	1.6638128      	-3.010499      	0.2992235      	1.0980325      	0.32806003     	-2.792935      	0.76628417     	1.4871559      	-2.704842      	-0.09882506    	0.25714135     	3.0214353      	3.0549557      	2.622343       	-2.052106      	-0.045959707   	1.2532631      	-2.2120614     	0.31498438     	0.28525728     	0.038270112    	3.0474856      	-0.3301611     	-1.2358977     	-2.0767684     	2.6112156      	2.7835808      	-2.4886913     	-2.3021946     	-2.651633      	-2.8926647     	0.11702383     	-2.8834617     	0.68184257     	2.0216746      	-2.2146337     	-2.512885      	0.32648432     	-2.627057      	-2.64253       	0.7570823      	2.6258192      	-0.56274647    	-0.7085894     	0.46594983     	-2.9916894     	0.29426327     	-3.08685       	-2.8383424     	0.3956558      	-2.5695543     	-0.62741446    	-0.8435388     	-3.0378387     	-2.257125      	0.55922073     	0.4430111      	0.16582312     	-2.5364        	1.0125719      	
-3.1089954     	0.60916835     	-1.9448205     	-1.6473712     	-2.4715838     	1.5392251      	-2.8698695     	2.136605       	-2.1082208     	3.0827858      	3.0088646      	2.6939502      	0.21911508     	0.11496739     	-0.33983573    	0.40595025     	2.5871098      	2.9302394      	0.70598084     	2.9208944      	2.083601       	1.1454451      	-3.055137      	2.8326595      	-0.45585865    	-1.9527358     	-0.8469988     	-0.038344834   	2.381367       	-2.8490508     	0.00371509     	-1.0738335     	-2.822608      	-0.26831827    	0.7682742      	2.7306204      	2.001196       	-2.7868369     	2.638817       	0.32767186     	-2.4830823     	-3.1041222     	0.24548088     	0.5338025      	1.6839164      	0.5385544      	2.780186       	-0.055640187   	-1.9962708     	1.7757925      	0.08561315     	2.8516657      	-2.775575      	-2.529211      	1.2140701      	-3.0730164     	0.07663369     	1.0209738      	1.3394537      	-3.0054877     	0.7844417      	2.9658384      	1.695068       	2.8584785      	0.8569944      	-2.9545567     	0.3732333      	-3.0239596     	2.950604       	-2.9550197     	-1.8159174     	-2.1423864     	-2.8129456     	1.0110464      	0.6622681      	-1.0868495     	-2.8551636     	0.80533755     	-2.2236328     	0.64974886     	0.61361897     	-2.2765207     	0.3700489      	-2.558017      	0.042121947    	0.62206984     	0.8512309      	-2.7761874     	2.2935882      	0.90302664     	-1.9779447     	0.5763758      	1.737146       	2.565096       	-2.7777696     	0.5571235      	2.3680027      	2.709536       	1.0406297      	0.8048788      	
0.8111014      	2.4560814      	0.3071208      	-3.1280086     	-2.0574112     	1.6250931      	2.7120962      	-2.743215      	0.7281966      	0.09385452     	2.838151       	0.85536164     	0.56484556     	0.4845663      	1.465187       	-2.8059378     	-2.7981372     	-1.3431464     	-2.178154      	0.57211447     	0.7244766      	3.1357985      	3.0502179      	0.845888       	-2.4769444     	0.040330585    	0.18810701     	-1.3223646     	1.987476       	-3.1385837     	-0.10815681    	2.3656383      	2.1733663      	-2.9257715     	1.9274365      	2.2031598      	1.0791787      	1.0766965      	0.5369166      	-1.9501446     	-0.8444571     	2.541151       	2.3210602      	-2.9426847     	-0.1846612     	-2.839377      	0.33133584     	-0.0023389133  	-2.6377842     	-2.3443902     	-0.08898539    	-1.9155139     	-0.28412342    	0.68528676     	-2.0012841     	2.097136       	2.3100343      	-2.387487      	1.322537       	0.25420606     	-1.6653256     	-2.7095766     	0.8634242      	-1.8851421     	0.8321706      	0.38266045     	-2.814837      	1.1423402      	1.3967855      	-2.9535887     	0.9435823      	-0.18642144    	1.4435196      	1.8507271      	3.041953       	0.9413212      	-2.6966336     	1.490262       	0.83614594     	0.2113052      	1.9962921      	0.7583427      	-2.2632139     	1.2852747      	2.8053968      	-3.1136253     	2.5830746      	1.4077839      	2.393166       	1.1278733      	0.47774813     	-2.7014318     	-0.31061432    	0.5053661      	2.4595199      	-2.9593213     	0.9458033      	0.84728074     	2.592165       	1.8732246      	
0.0058114626   	-2.845037      	-0.22757338    	-1.8296853     	0.4208378      	-2.9424355     	1.9316136      	2.7810307      	0.48057565     	-2.6522171     	0.16113485     	1.0087935      	-2.447392      	0.2248145      	0.69890594     	2.9737096      	-1.0929983     	0.3461434      	1.2561913      	2.4450755      	0.08722241     	0.35597715     	1.5781777      	0.585844       	0.924851       	2.8489466      	1.3793136      	0.03183286     	-2.321624      	0.7378206      	-2.6646438     	-2.4460704     	0.35471365     	-3.1285741     	0.019447662    	-1.6669176     	-0.328666      	-1.6402396     	0.87188923     	0.33808404     	2.6143591      	-0.020239333   	3.053205       	2.9981825      	1.2923352      	-0.390564      	2.8406615      	-0.1200297     	0.6722852      	-1.9566132     	3.1229403      	2.7151527      	0.8712509      	-2.0739102     	-2.6348693     	-3.0125885     	0.48314056     	-2.1430593     	1.1859323      	-2.6318722     	1.8748503      	-2.8912978     	2.7670274      	1.917024       	0.1483911      	3.0390081      	-3.0805452     	1.7373017      	-2.850997      	0.7745936      	0.5593499      	3.047681       	-1.0575737     	0.5407809      	3.0742023      	1.0233524      	2.6469905      	2.6393025      	3.0375376      	-2.9130788     	0.9481806      	0.044475712    	-3.0726902     	0.86329585     	-3.0769737     	-2.6862848     	0.098110296    	3.1185277      	0.6009027      	0.53365195     	2.8433409      	-2.7695146     	3.0309935      	-1.9358819     	-1.3047518     	-3.085752      	1.6136162      	-3.1218884     	-2.694744      	-2.764434      	
-2.8342614     	2.8491025      	2.6987453      	0.17376843     	-0.559239      	-1.662282      	-2.4707103     	0.7778236      	0.81282777     	-1.578473      	1.4506032      	0.8162022      	0.06022549     	2.0158145      	0.04574975     	1.3527185      	1.2428112      	0.41915786     	2.9945905      	-1.5305276     	2.5012794      	0.9578349      	-0.08272208    	-1.3030131     	1.3030298      	1.4526783      	0.6592324      	-2.0746536     	-1.3085408     	0.92214054     	2.4133978      	0.5365951      	2.8630989      	-2.9069755     	-0.74632215    	-2.7492244     	0.60683835     	-2.8466978     	-0.47466326    	-0.9773857     	-2.241531      	0.8005521      	-2.137234      	-1.8022857     	-2.975701      	0.22847545     	2.59346        	2.8244476      	0.18485089     	-2.8662264     	-0.17477727    	1.9164553      	-2.7722259     	1.0005897      	-2.338258      	-0.46661717    	0.6270818      	-2.9004445     	-2.8223178     	-1.5237968     	0.3912142      	2.7443976      	1.699135       	1.4992021      	0.7174356      	-0.40408054    	1.3792208      	-1.9892427     	0.57126117     	1.6982634      	-1.5839864     	1.0969441      	3.067862       	1.991681       	-2.8212478     	0.6351389      	2.9167464      	1.0234736      	-2.8604305     	2.5652895      	2.2722182      	-3.0126245     	1.7089981      	-2.718248      	-2.428723      	-2.701439      	0.65363        	-2.6525269     	0.2644039      	-2.4440336     	1.6134399      	2.8072476      	1.4624546      	1.6230347      	2.1504948      	0.5721737      	-3.0897324     	-3.0213747     	-2.5070293     	-0.31416205    	
-2.0159268     	0.36026102     	-2.3575196     	1.138059       	0.44655877     	1.9424323      	-1.2945685     	1.0748712      	-3.0139582     	0.14507285     	0.21853432     	2.1213827      	0.6641021      	-2.7663844     	-1.4300689     	1.0064685      	-2.273877      	2.298039       	0.7401351      	2.844723       	2.1949818      	0.4801438      	2.990458       	-0.5823354     	2.4930692      	0.5750089      	-0.08263718    	0.1520806      	2.3909087      	-2.9223642     	-1.0340494     	-0.39481598    	3.0021513      	1.38744        	-1.7049133     	-2.2240384     	-0.048204202   	-2.844868      	-1.3309643     	1.7000417      	2.2795186      	-2.7693121     	0.32696125     	3.1078777      	1.6603011      	0.48789853     	-2.7451248     	0.8154442      	2.528785       	0.9534238      	3.0577567      	2.1409297      	0.59833705     	-1.8722422     	-2.7536888     	-1.6684742     	-2.8276234     	-1.2669283     	0.37975213     	-2.8051584     	-0.55010724    	0.95039624     	-2.071434      	2.7326863      	-1.8020853     	-2.0778909     	0.53630507     	-1.3381987     	-1.3312417     	0.81246096     	2.852838       	2.075601       	-1.9480597     	-2.9745853     	1.8437831      	-2.5682013     	2.2644756      	1.2274938      	-0.07765323    	0.16725124     	0.9516192      	1.9327685      	-3.1256762     	0.43284872     	0.6845431      	3.10826        	-2.9536657     	0.72313386     	-2.2323368     	-1.5775231     	0.88087934     	1.1399536      	-0.18316145    	0.103091836    	0.3256636      	-2.753666      	-2.8193545     	2.7278323      	-3.133909      	3.0952787      	
1.2164567      	0.381557       	0.644188       	-3.061616      	-2.9905865     	0.94533706     	-2.348353      	2.3938732      	-1.4051985     	-2.3858643     	2.0761194      	0.47087455     	2.8313792      	0.45654842     	0.7536617      	1.9651203      	-2.646604      	0.27905768     	2.112862       	-2.8480208     	1.7262658      	0.35439077     	0.7928715      	3.0368242      	-2.1245005     	-2.5543098     	-3.0495124     	2.0372343      	1.6860015      	-1.8816409     	-2.7320366     	0.12648608     	2.2331367      	-0.095569804   	-0.50394714    	-3.135972      	1.9748123      	2.0317874      	-2.6925342     	2.7475593      	3.074441       	1.5382651      	1.0139737      	0.19432601     	2.5475323      	1.3171327      	-2.5047772     	0.22145872     	2.1587627      	0.105302036    	1.4756484      	-1.9059713     	0.612137       	0.7965136      	-2.4618        	-0.026987383   	1.8566548      	-0.41955417    	-3.0669208     	2.9683383      	2.684255       	0.3594801      	-1.3862108     	1.2265763      	1.4257463      	2.372151       	0.4735198      	0.49500668     	2.6761937      	1.5147643      	-0.5705554     	3.0051353      	0.68328905     	2.783089       	1.2796901      	1.3042039      	0.23704965     	2.769677       	-2.8992803     	-3.0701766     	0.9807674      	-2.306417      	-1.4790308     	1.1538098      	-2.286164      	-1.0396061     	0.82038194     	-2.7875118     	0.6175696      	1.4790208      	-2.9240296     	1.7198989      	0.39104846     	-2.0735745     	2.074247       	2.721506       	2.6168563      	-1.6395115     	-1.5599052     	-0.18283182    	
1.2479776      	0.7028916      	0.29712194     	-2.665907      	0.55928487     	2.0909529      	-2.8689594     	-1.8267326     	3.0541704      	-2.7740753     	0.45496303     	0.9338527      	-2.688801      	0.4449586      	0.6391174      	-2.619532      	2.1419406      	1.1684294      	3.102978       	0.45013025     	0.79261726     	-3.067716      	0.41462308     	-2.7097292     	-0.44378918    	-1.0909364     	0.18911646     	-2.4654126     	0.6483319      	1.0235052      	-0.71592724    	1.3609471      	-0.24234506    	-0.088110656   	0.642573       	0.85433817     	-0.25949532    	0.68511605     	-2.0736992     	-0.3250623     	-0.4862595     	0.78856456     	2.814418       	2.2502444      	-1.8714906     	3.039511       	0.8734925      	3.0640028      	1.1275202      	1.5457023      	0.1672761      	-3.127936      	-0.44561023    	2.7710204      	1.5452138      	0.8789983      	-2.7289834     	-2.5967565     	0.50855917     	-2.5178056     	0.61298466     	2.7978053      	0.38005        	1.3200095      	0.44008192     	0.64681304     	-2.8305163     	0.6069587      	-3.0371552     	-2.6220531     	0.06647319     	-1.3140879     	1.4196445      	-2.711187      	0.65149945     	-2.9292953     	0.5116329      	0.9193173      	2.220137       	0.6747915      	-2.7505012     	-2.3719146     	1.7676368      	-2.778287      	-2.2321887     	0.12898965     	1.0332528      	2.7268999      	1.323868       	0.2046654      	3.0585926      	2.1413045      	0.7152513      	2.8531344      	-1.9867042     	1.5479888      	-0.2271192     	-1.6160024     	-3.0489805     	-3.1198168     	
0.037944496    	2.8522782      	-2.2081208     	-2.1659915     	1.1179742      	-0.46928567    	1.6282487      	-2.2655528     	-1.9554622     	2.7669437      	0.14788109     	0.041313764    	-2.5113919     	-2.2055862     	2.5313692      	0.097386174    	-2.5679982     	0.3262121      	0.88651556     	-1.9693736     	1.4217236      	-1.1664343     	0.3829931      	-3.0477877     	-2.629772      	-2.3619351     	-2.9443886     	0.30689323     	2.5305886      	-2.1709647     	0.16224018     	-2.4071345     	-2.1693654     	0.6845306      	-2.3001819     	0.040855624    	0.35157508     	-3.0449314     	2.375388       	0.6764027      	2.1547785      	3.063527       	-1.1200073     	0.53590864     	-2.7318482     	0.61201507     	-2.1929212     	-3.0058806     	0.09366878     	0.5946554      	2.3447337      	1.5070347      	-2.7479653     	2.560513       	-1.2882643     	-2.1985793     	2.1787882      	-0.658268      	2.8868616      	-2.8066626     	1.4527678      	2.1436217      	2.5853968      	0.9779342      	-2.4805267     	0.8804363      	0.8010343      	-2.5093317     	-3.1134696     	-0.38735613    	0.4546184      	-2.6625233     	0.06961174     	0.48685926     	2.812842       	0.5120897      	-2.9540823     	1.8068992      	-3.0496335     	1.4045708      	-2.7929518     	1.226177       	-2.0244317     	-0.43345293    	-3.0049906     	-1.643035      	2.62983        	0.42178932     	3.0837965      	-2.0648212     	0.11031173     	-0.08438792    	2.92597        	0.29417402     	-2.7664435     	-3.0242028     	-3.0580828     	1.531862       	-2.5694113     	-2.2723203     	
-2.4271922     	0.73498166     	0.20631143     	2.9872773      	-0.5463918     	3.1394765      	-0.8379842     	1.5225316      	-2.7798285     	2.339641       	0.42145643     	1.4570132      	1.2058587      	0.61302376     	-2.2298832     	2.9507933      	-2.676283      	1.2532196      	-3.028373      	2.7628639      	0.5849103      	-0.13507532    	-2.6081939     	2.4050546      	-0.024629004   	-2.7805984     	0.15533845     	0.35386106     	2.4397185      	-2.2844253     	-0.06653643    	2.142527       	-1.4204655     	0.739304       	-2.3393807     	0.57879615     	2.678912       	-2.3402605     	0.8143996      	0.62991786     	-2.859952      	0.6109548      	-3.1372342     	-3.0398972     	1.1091527      	0.56844336     	-2.7057476     	2.0335898      	1.4722229      	0.11407258     	-1.4425942     	0.69584846     	-2.7678804     	1.4089406      	0.64154303     	1.1720009      	-2.2544405     	-3.0713272     	2.622738       	1.9374613      	0.76214767     	0.7616342      	1.7409886      	0.3508048      	-2.2068124     	0.056885973    	2.7591052      	-2.5227895     	-3.1317625     	1.7816255      	3.0769513      	-0.4660625     	3.1171126      	1.5794562      	-0.61187154    	1.8329475      	0.24659073     	1.6634114      	-1.4316432     	1.888066       	0.4004161      	1.1818042      	1.752482       	0.51436        	-2.8984036     	2.7993813      	2.766734       	-2.8237925     	0.41123727     	0.46238425     	-2.0916839     	0.5097551      	-1.616229      	3.0967329      	2.4325447      	2.9624856      	0.9716255      	0.64360684     	0.44731855     	0.054124516    	
0.3781226      	0.51329255     	3.0538268      	-2.4785268     	0.3222179      	-2.391066      	-0.9081023     	0.11520427     	-0.3054439     	-2.7871985     	-2.9234467     	2.7844198      	0.82570744     	0.5805562      	-2.8534472     	2.7120314      	0.19453426     	-2.3268843     	-3.04425       	0.5843367      	-3.1126313     	-1.8284959     	0.79503095     	-2.8318865     	-2.559526      	-2.84504       	-0.8632016     	-2.9267895     	0.27737606     	2.5165896      	-2.7456403     	0.61092013     	2.777666       	-2.7310476     	0.68958104     	1.8483268      	1.9606781      	-2.8766465     	3.0999596      	-2.495385      	2.4923427      	1.7105144      	-2.6415777     	0.7167426      	2.8951         	-2.2311015     	-0.015069657   	-2.362575      	1.5150976      	1.535713       	-1.9579087     	-2.754667      	0.15868616     	-2.8676622     	3.0428956      	0.11211751     	1.5274628      	2.6824028      	0.19417807     	-2.5842328     	-2.6404068     	0.25732738     	0.06752649     	0.8193596      	0.4666182      	-3.0071273     	-2.9907458     	0.046101216    	0.3577789      	-3.0247838     	0.32796583     	0.780647       	3.1091912      	0.35334966     	-2.7968535     	2.9847543      	0.98067665     	0.032737523    	-2.9651585     	0.83149123     	0.42000532     	3.1195621      	-3.0487912     	0.9223446      	-2.8442843     	1.2113179      	-0.067277715   	2.2990856      	-3.0878768     	1.778421       	3.024467       	1.1136897      	-2.0906487     	-1.6360005     	0.7809757      	1.3185152      	3.0945852      	2.7385728      	0.95241547     	1.4909997      	
0.87076116     	-2.6689138     	-3.051089      	2.6394992      	2.1472337      	-2.8731668     	2.9871323      	0.50645727     	2.028902       	1.2081249      	0.745072       	3.0040698      	2.0076196      	1.0154539      	-2.975382      	2.9898648      	0.47181964     	-2.7660296     	2.4940815      	0.5033118      	1.470181       	2.2628243      	1.3013307      	-2.0013492     	-2.1195686     	0.6978242      	-2.5043616     	-2.7609155     	-2.176133      	-2.823801      	2.832477       	0.21334834     	-2.8403566     	2.4906259      	0.485106       	0.22186835     	-2.862573      	1.1570919      	0.4362945      	-0.46825725    	1.0169275      	2.8615344      	-2.2393537     	2.6525898      	0.2814997      	-3.093291      	-1.5316017     	-0.69366574    	-2.4895825     	1.4804878      	1.8938955      	2.9893682      	-0.05366844    	1.3383899      	-0.7611125     	0.17161547     	0.23568232     	-2.4622526     	0.025975186    	1.5509843      	2.7202868      	-0.14127037    	1.2066731      	3.0699441      	-3.0667596     	-2.602657      	0.294686       	3.1116421      	-0.53840643    	-2.7237253     	0.12560795     	0.23577634     	2.790521       	-2.5987737     	2.1129808      	0.6153402      	-2.5280693     	0.14008166     	-2.2373579     	3.0638423      	1.2149006      	-2.8802984     	3.0130618      	-1.0432177     	-2.832488      	-1.9801582     	-2.2074883     	2.7520404      	2.9044592      	0.011715293    	3.042445       	0.6704228      	-0.6881514     	-0.25642452    	0.45506892     	-2.3067632     	2.9952037      	1.8530687      	0.056531046    	-1.4835659     	
-0.28288686    	-2.3754764     	-2.7771962     	0.39921978     	-2.527035      	-0.37715915    	-0.1572836     	-1.2563671     	1.1518787      	0.66651714     	3.0652778      	-0.22989169    	0.70170397     	-2.7330425     	0.87974495     	-1.9753653     	2.7135751      	-0.23705074    	-0.32416433    	-2.6659765     	0.6097582      	0.740636       	1.5290964      	0.49851194     	3.0846741      	-1.744471      	-3.0068274     	0.68039423     	-1.407084      	1.9407023      	0.73839366     	-2.9807327     	0.67453593     	-3.0167627     	1.7247074      	-2.8465617     	-2.2815409     	2.6320653      	0.5637815      	-2.7766767     	3.0487761      	0.7171384      	-2.3882036     	-2.7069244     	2.103518       	0.44054094     	0.41398582     	-1.6970488     	-0.3809926     	0.19117956     	-1.9736241     	-2.8675687     	-0.2909909     	-0.9752977     	2.077448       	0.6967086      	1.731753       	0.15760522     	-2.2206979     	-1.3571562     	1.4585297      	0.14244619     	2.0262594      	-2.8637898     	1.9750093      	1.1953096      	-2.6710403     	-3.0661194     	-1.2498627     	0.19367456     	1.5439131      	2.60313        	0.7690145      	-2.6351807     	2.3390481      	1.7850007      	0.36114654     	3.0232341      	2.4631398      	0.4408705      	-0.64434016    	-1.4628297     	2.997222       	0.6021211      	-3.01732       	0.74464244     	1.295559       	-2.9256546     	0.13962296     	0.84362876     	2.6394756      	-2.9341753     	1.8381428      	-2.548285      	0.53885293     	0.71463877     	-2.1496003     	-1.9190992     	0.8117454      	1.9971714      	
0.5804301      	-2.8847609     	-0.8965017     	-0.77737033    	3.0176218      	2.31702        	0.4896183      	3.0309424      	0.70916545     	2.843661       	0.28186542     	2.369287       	1.8401594      	2.9825668      	-2.3123956     	-1.5561862     	0.44142264     	-3.0983002     	1.6572957      	-2.5139065     	2.639082       	2.6584606      	0.9322229      	1.5503383      	-2.5170364     	1.1120212      	2.5213256      	0.7141202      	1.6436424      	2.1596642      	-2.0754502     	0.32251236     	2.3193083      	-2.5666497     	0.92645323     	1.1163198      	-3.0411        	0.6308538      	-3.1393807     	-2.4214845     	0.15666477     	-1.1458209     	2.8664422      	-0.17934352    	1.8302178      	-3.063714      	0.61073756     	0.18288907     	0.14561947     	-3.140952      	2.7546904      	1.9158027      	2.5815763      	0.9100758      	-1.7001501     	-1.3479359     	-0.80736184    	1.6520334      	-2.556706      	-1.0518327     	0.44459066     	-1.6146797     	3.1230783      	1.2650902      	-0.868409      	-1.9883031     	0.35748297     	-3.103571      	0.7643419      	0.9662609      	-2.666657      	-2.8544757     	1.0011541      	-2.1493049     	-2.9603755     	2.2037063      	-2.8717716     	0.5843588      	0.95979846     	-2.7436175     	0.08729542     	-2.9980888     	-2.8443716     	3.1315517      	2.461721       	0.55754423     	1.9790219      	1.9945112      	1.5763707      	-2.3597956     	0.5808044      	-2.1419017     	1.0313282      	-0.32966867    	3.0995116      	3.0948977      	-0.22527134    	-0.5972409     	0.81347626     	2.7173767      	
0.4191259      	-3.076747      	3.0136693      	0.8228374      	-2.215475      	3.1118462      	0.00092811685  	3.0882413      	-1.7896298     	0.4869657      	-3.0101426     	-0.02441412    	-2.899867      	0.2768378      	-1.4136301     	0.09836321     	-2.9164279     	0.6624793      	-2.4526174     	-1.7714466     	1.8732376      	-0.31639034    	1.3566003      	-2.7982154     	0.060400855    	2.7433996      	1.1320148      	2.113048       	1.5135708      	-2.810449      	0.12938544     	0.89007866     	2.6925213      	0.6315907      	-2.7850726     	-2.5462074     	0.6297724      	-2.7511613     	-2.426297      	-0.036552757   	-2.9165845     	-2.3798342     	2.4381363      	0.5055784      	-2.7532701     	0.601394       	1.1053033      	0.40600625     	1.0530906      	-2.4620838     	0.93437666     	-1.5248141     	0.91455513     	-2.6316347     	-3.0427203     	0.50277126     	1.1892186      	1.9096961      	1.3958497      	-2.6468961     	2.8980503      	0.27829844     	0.74466157     	1.6646096      	-2.8052154     	2.686965       	0.48692644     	-1.4378495     	1.9822952      	0.56283855     	-2.6057625     	1.3550307      	0.94553536     	2.561933       	-0.3577169     	-2.8666835     	0.7956539      	3.09196        	1.3660505      	-2.58039       	1.7326066      	2.078186       	-2.58259       	1.0618008      	0.9695396      	-1.7619658     	-0.4163536     	1.4371936      	-1.9261155     	0.66215885     	-2.9371853     	-2.4784577     	0.5389925      	-0.14930686    	-2.9209738     	-1.1390479     	-0.14752862    	-1.8144333     	2.5931988      	2.143117       	
-2.412683      	0.6073872      	-3.1072764     	2.513611       	0.8630848      	-0.48659477    	0.5243624      	-2.8585336     	-2.7358599     	-0.46669105    	0.9616885      	2.973372       	3.1031885      	0.5316981      	-0.046249058   	-2.957636      	0.080178194    	1.4734585      	2.0736341      	-0.06059891    	-2.4809608     	2.9016829      	0.4820388      	0.30607942     	-2.7051525     	0.40164214     	0.8387506      	-2.8115778     	0.5075565      	2.2719185      	-2.1098785     	1.4388773      	1.3917218      	2.048774       	1.4136618      	-0.14075756    	-0.4743345     	-2.72851       	0.6957288      	-2.7325273     	-2.5291018     	0.21928519     	-2.9754496     	-0.37280315    	1.6338649      	0.94149774     	1.6067686      	1.915719       	-2.205123      	0.059430286    	-0.41258314    	-1.7311001     	-1.9342488     	-0.75876105    	-0.16529861    	1.6082034      	-1.0943141     	2.3981912      	2.2446833      	-0.72785795    	-2.6919007     	-2.1678786     	2.6177347      	-2.3939533     	-3.0652876     	0.5896386      	-2.773322      	-1.6481738     	-3.099117      	-2.7636335     	0.71330684     	1.5535634      	-2.4181998     	0.68245643     	-1.7792473     	-2.5911758     	-2.491018      	0.99777097     	-3.026984      	2.5903597      	0.65156245     	-2.9052737     	-2.7292717     	-1.084113      	3.033989       	1.9814669      	0.32627532     	2.7864985      	0.29721496     	-1.7707529     	-1.7091315     	-2.6442642     	0.6768152      	-2.2658727     	-2.4311893     	2.7682931      	2.7744806      	0.35083106     	-2.6809587     	0.96362907     	
0.83815163     	2.365714       	-1.6751204     	0.30137306     	1.8399371      	0.6841681      	-1.3282291     	3.0985372      	0.021666799    	-2.3419876     	-2.4537048     	0.7384837      	2.7239392      	1.636818       	-0.088410296   	-3.0896878     	2.7986622      	0.24537908     	2.0990217      	-3.1171052     	0.5131846      	-2.718722      	0.09077368     	0.6566603      	0.33593303     	-2.7033095     	-2.2135406     	1.2293129      	-2.0973125     	1.3100451      	2.0778775      	2.133425       	-2.4197097     	0.7898028      	-2.5289588     	0.6981665      	-2.6279821     	2.8651218      	-1.4944878     	1.073717       	2.227127       	-2.7857523     	0.4476076      	-1.493113      	1.3623095      	-2.8737414     	1.3359447      	1.0679582      	-3.0479233     	2.4996722      	-3.040419      	2.3799317      	-2.766244      	-0.98989064    	-2.394754      	1.2170522      	1.7418104      	-2.60283       	0.105905995    	1.1107183      	0.21144243     	-1.2905174     	1.3312058      	0.49794978     	1.1988544      	-2.9985194     	-3.1156876     	0.31342113     	3.0001888      	-2.7422514     	0.48054713     	-0.12706558    	-2.694001      	0.30923104     	0.51160264     	-2.3145761     	0.081604056    	-2.286775      	2.6149976      	0.2932611      	2.830783       	-2.4624841     	0.48005554     	0.4240299      	2.9961548      	0.91068804     	-0.022846147   	2.2976573      	1.265842       	-2.1585364     	2.7656894      	0.34599692     	-1.5815066     	-3.0202932     	-1.9613622     	0.8057176      	1.0207795      	-3.117596      	2.6092205      	2.7824783      	
-0.067256995   	2.491273       	1.0431507      	-2.6627555     	-3.0619783     	0.99811774     	1.4766451      	-1.0400724     	0.8232843      	-2.3720946     	-2.9483662     	0.3054205      	1.8887787      	1.6736578      	-2.795422      	0.7075453      	2.9263532      	-1.9500357     	0.22656298     	-3.13092       	0.73353183     	-0.5201551     	-3.0820284     	0.6892183      	-0.6966463     	-2.5612712     	0.663566       	0.44516784     	-1.9443029     	-2.6478148     	-2.195098      	-0.9169502     	0.33845463     	1.4797117      	-3.0683432     	0.60125345     	1.153109       	-2.8516276     	0.87086743     	-1.5395327     	0.38908985     	-2.9556756     	-0.33888167    	2.4982624      	0.36838228     	0.4665888      	1.6468463      	-2.6270742     	0.52989006     	3.0819652      	2.2270231      	1.1803854      	0.78338295     	-2.259863      	1.684047       	-2.588289      	0.26971948     	-2.5282228     	-0.319838      	-3.0312107     	-1.5271255     	-2.9013891     	0.17695391     	-2.6246345     	0.60940504     	-1.9710071     	-0.03750281    	0.9904327      	-0.74314994    	-2.8637607     	0.26823908     	2.7547455      	-2.3783538     	0.5761478      	2.7364867      	1.4605482      	0.33469853     	-1.5710136     	1.2180356      	1.0393026      	-2.4245763     	1.9263526      	0.45889834     	2.3686812      	-2.9768116     	2.903523       	-0.04318499    	-2.8889346     	2.720096       	1.4873716      	-3.1161616     	0.40733215     	0.7305632      	-2.9811769     	1.4986261      	-3.093894      	2.9152095      	2.3866167      	2.1086621      	-1.4487983     	
-2.6721103     	-2.673366      	2.7477298      	0.52997327     	-2.8344626     	2.0314288      	0.657817       	-2.9648578     	-2.9721503     	0.5299101      	-2.4914973     	2.3807771      	2.2253416      	-2.9114904     	-0.85553086    	0.2595803      	-0.72397923    	2.5140195      	0.9953735      	2.3836672      	-3.1392877     	1.3640457      	1.081774       	-2.6060076     	-0.54766285    	0.20966493     	2.6294878      	-0.26296273    	-0.6484128     	2.2872105      	2.2891774      	0.5789232      	-3.1158218     	-1.114575      	0.5956011      	-2.6584344     	0.83838326     	2.615472       	-0.5196888     	1.6277945      	-0.4816029     	-2.5501893     	-3.0787127     	0.68856394     	-1.6297522     	-1.551476      	0.39743003     	-3.0224283     	2.5897374      	1.0137498      	-2.1534123     	0.3668136      	1.7381636      	-1.9802119     	0.2176803      	0.44264948     	2.4999237      	2.7111638      	-2.4973817     	0.745916       	2.792888       	0.8890884      	1.0482942      	-2.6422806     	1.0941737      	0.9542035      	-2.510106      	-0.73992366    	0.73878145     	-1.9836662     	-3.081513      	0.46868432     	-2.5845482     	-2.9730976     	0.5469255      	0.85722613     	-2.7767315     	-0.9910231     	2.9920814      	-3.0356321     	1.5337644      	2.7146616      	-2.8638988     	0.31081095     	2.8195782      	3.1061304      	1.4211359      	0.5500636      	1.0807909      	2.5665705      	0.23534994     	-3.0023975     	0.96540296     	-0.6143737     	0.34299698     	-2.9244883     	2.5953496      	0.7082972      	-2.2513654     	-1.5224572     	
3.0585291      	-2.6263068     	0.69234926     	1.0968847      	1.2127088      	-2.4438763     	0.5719654      	-1.468256      	2.7727816      	1.0131811      	-0.274888      	-2.698207      	0.55104476     	2.8927252      	-2.6445909     	-0.012698708   	1.5885429      	-3.129043      	-0.9940786     	1.2534152      	-1.506057      	-2.3882062     	0.77219075     	1.6306286      	2.4247699      	2.0358505      	-2.3643513     	3.092852       	1.8321339      	0.33717346     	-2.6970904     	0.9456483      	2.626558       	-3.0521247     	0.88284177     	0.48052847     	0.36957097     	2.777486       	2.2433696      	2.3827696      	2.054625       	0.94534516     	2.0592346      	2.9575531      	0.08098949     	0.8833914      	-1.6749492     	-2.539854      	2.2106433      	-0.5960928     	0.269656       	-2.2845984     	3.1290674      	-1.8000606     	-2.7255845     	0.6315655      	1.7942075      	-0.107053965   	2.8402376      	2.7728457      	-1.2583137     	-3.1300907     	0.7269235      	1.923369       	-2.837611      	-0.25920665    	0.2891022      	-2.2918026     	-2.9698129     	-1.8773242     	-2.5784252     	0.33555648     	0.16523795     	-2.4596066     	-2.677301      	0.61887443     	-2.5941284     	-2.6806633     	0.21119873     	-2.7022512     	2.920334       	0.80459094     	-0.61135167    	0.17428795     	0.7985202      	1.9000646      	1.9434855      	0.45393273     	-2.5894556     	0.24327148     	0.9992039      	-2.1879523     	0.3254174      	0.60329866     	0.8986076      	0.8767203      	0.5551359      	-1.8422607     	0.61383224     	-0.48189396    	
-2.4464445     	-0.5494682     	2.9992118      	-2.4642863     	2.431629       	3.0069308      	-0.8371016     	2.7097273      	0.23282824     	0.96600467     	-2.901351      	1.9149977      	-1.3803451     	0.91977817     	2.0234618      	-2.6800833     	1.8031656      	0.7327093      	-2.4537072     	0.8847472      	1.3705072      	2.9544542      	0.23531066     	0.5386701      	-2.61133       	1.0593011      	1.0893044      	2.351557       	2.6310308      	0.9521229      	-2.675999      	-3.0964234     	0.64709616     	1.463261       	2.9169664      	-1.6509274     	0.61049825     	0.8823101      	2.4930468      	0.07112227     	-2.6626418     	-0.06666039    	-0.18557821    	-2.8220055     	0.92937315     	0.49663317     	-0.6063398     	1.6567234      	0.5115294      	-2.2778919     	0.3931169      	0.70764875     	-2.9361265     	0.7642868      	0.19974865     	-2.690195      	-1.6224427     	-0.2538631     	-1.8650314     	-2.7637649     	-0.24863374    	-0.93722475    	-0.8141204     	0.45408908     	0.94388807     	-2.7320786     	0.529669       	-3.090118      	2.72498        	2.479271       	-1.9516685     	2.5104024      	0.24778242     	1.7642735      	2.6489527      	-0.28646562    	1.8424133      	-2.6642637     	3.0771925      	-1.141503      	-1.3240287     	-3.023692      	0.3204293      	-2.8216796     	0.7028003      	2.5293703      	2.535837       	0.2299178      	-1.6485153     	0.61085224     	-2.373826      	1.1564106      	-2.5831244     	1.5164965      	0.2764063      	3.1221747      	-2.0892189     	-0.081518315   	-0.5148499     	-2.5434558     	
-0.031055566   	1.7777823      	-0.60474265    	0.44803044     	3.0886092      	0.31148782     	-2.6136491     	2.486984       	0.008881309    	0.615476       	-2.6821332     	-1.8297518     	1.3550029      	-2.204895      	-1.7395824     	1.2429391      	1.4788487      	2.436741       	1.6171004      	0.32093316     	0.88207275     	1.213183       	0.073491804    	1.1062977      	-2.2543144     	0.39198822     	-1.8281556     	0.34610242     	-2.38477       	0.34687808     	-0.5246707     	-2.3599932     	0.8410304      	0.4420376      	-2.9410944     	1.2373646      	-1.2683382     	2.6386786      	2.8704934      	0.2797248      	0.20313384     	-2.985466      	0.41926128     	1.1024857      	-2.643227      	-0.26699123    	-1.238094      	-0.92914957    	-0.4231174     	1.0789678      	-2.462479      	1.1310278      	2.6076846      	3.131375       	0.4922212      	0.5283452      	-2.862115      	2.6542397      	0.25598577     	-3.0665307     	-2.9064364     	-0.8424103     	-2.8967452     	1.673074       	0.71760476     	-0.49755844    	-2.664845      	-0.70399475    	2.1127086      	0.58102554     	-0.19566903    	3.0354502      	0.65518755     	-2.7433314     	-0.5018382     	-0.74015194    	1.0600193      	0.23714952     	-2.7101445     	0.57374936     	-1.51532       	0.86205107     	0.32319307     	-3.095523      	-2.3091466     	0.32436293     	-2.862204      	2.7434902      	0.15443495     	0.57624733     	-2.7452576     	1.1622081      	-2.7735898     	2.3715048      	1.4231665      	2.4149141      	2.670072       	3.0397933      	1.466903       	0.24534537     	
0.37300587     	1.568096       	1.8047632      	-0.98931867    	-0.029108668   	3.1113532      	-0.6303729     	-3.1271667     	-2.6090453     	0.009702612    	1.293043       	1.5529888      	-2.2492235     	0.34208924     	-2.6853306     	-1.9274089     	2.2453527      	-3.0682647     	1.4892778      	0.28787097     	-2.1945252     	-1.5361068     	-0.5896686     	-2.9862382     	0.30103445     	0.36317658     	3.0456278      	3.1415327      	0.8047456      	-3.0332432     	-2.6493113     	0.5120358      	-2.519938      	-2.7125292     	-1.5974165     	1.3339543      	1.1785517      	-0.26068863    	0.9585104      	1.5674965      	0.8783472      	-3.1050825     	0.014977322    	2.187712       	0.30363888     	-2.4902878     	0.7175748      	-0.3859813     	-3.0322924     	-1.7642876     	-1.6735375     	2.6019444      	0.59313107     	1.7522743      	-2.570864      	-0.104907885   	0.94955105     	0.8103101      	0.35720834     	-0.037042275   	-2.7222972     	0.3760774      	2.2674627      	1.7745678      	0.08877526     	2.0003338      	-2.6320443     	0.17571925     	0.85476637     	-3.1264772     	-0.742667      	1.0499501      	2.0016017      	0.734478       	-2.2429402     	2.7242825      	-2.1674464     	0.38776308     	-2.5914488     	1.1465417      	-2.5492346     	-2.2974625     	-0.35493255    	0.44967142     	2.501089       	2.4443307      	0.81944764     	-2.874806      	0.9217785      	2.8575451      	-2.748319      	0.925645       	0.41897923     	2.966658       	-2.4847832     	0.6530475      	0.68430805     	-1.9765148     	-2.4553509     	-2.0757298     	
2.7313776      	-2.2353647     	-2.3066425     	0.3917064      	-2.387652      	-2.319732      	-0.4995032     	2.375215       	1.5217808      	-2.5734174     	-2.4227583     	-0.01695224    	0.43080717     	-2.7177172     	0.37187195     	0.32473415     	-0.8289798     	-2.5977771     	3.1190069      	0.54637736     	0.9400955      	2.3174095      	-2.5665257     	0.6078144      	0.31582624     	-3.0285015     	0.22501071     	2.6168773      	-1.1005968     	1.1189078      	2.803547       	-0.280994      	1.9587084      	2.010563       	0.4756988      	-1.3119769     	0.26778543     	1.0942569      	-2.8010945     	-0.15779212    	-2.4849179     	-0.06469139    	0.8989289      	0.6442127      	-2.0378404     	1.3071144      	-2.4769132     	-1.6075119     	-2.7966442     	0.122502856    	1.6034614      	0.0476301      	-2.4122868     	0.9873149      	1.4729695      	-2.7668657     	-1.490972      	-2.7702405     	1.0165868      	-3.0404704     	0.23517151     	0.3799223      	-2.74733       	0.90272313     	1.0771027      	-0.3058089     	-2.9701018     	0.4392862      	1.7588313      	-2.8201525     	0.32429516     	-2.8617384     	2.5700386      	0.1681771      	1.7781734      	0.12873837     	1.2651194      	-3.1321707     	1.3374867      	0.66151917     	-1.0649047     	-2.9889803     	0.57412755     	-0.38399106    	1.7416884      	0.14289284     	0.44493628     	-3.0436647     	0.85014015     	-3.0849695     	-2.7275217     	-2.4324381     	2.7181835      	2.471668       	-2.729617      	0.59115595     	0.95397645     	0.861858       	-2.7921102     	2.0405183      	
1.9520948      	0.39840382     	-3.0215092     	-3.1314492     	0.78619814     	0.32577223     	1.7204927      	0.8034275      	-2.1821866     	0.9020764      	0.63730323     	-0.47819847    	-2.827828      	0.4298358      	-2.7135148     	1.1035682      	-2.0678184     	-1.7126846     	0.14692071     	1.0246274      	-0.4288645     	2.6417282      	1.1890006      	-2.6639166     	2.0174122      	1.2553484      	-1.9944022     	-2.8512526     	2.9934099      	-0.6419666     	-2.322767      	0.33793074     	-2.181663      	0.9328528      	-2.5457158     	0.72705114     	-2.1489782     	2.196162       	-0.5182578     	-1.4303088     	2.4096632      	2.21108        	2.0448709      	-1.7088395     	1.1727182      	-2.3538888     	0.5063767      	-2.9155488     	0.4389726      	-2.6937208     	2.6753445      	-2.330002      	0.5354485      	-2.712211      	-3.019802      	0.070818745    	3.0307739      	0.4735365      	-2.4383254     	-0.08995024    	-2.246383      	0.28863847     	-3.0177188     	0.526828       	-0.6826116     	-2.51474       	1.054953       	0.44415584     	-3.06492       	-0.68137085    	0.22741951     	1.7096244      	-1.6883348     	1.4466743      	-2.3167925     	-0.8158645     	1.9631641      	-2.5379806     	-0.6960616     	1.0360415      	-2.3244643     	-1.4680882     	-1.9932027     	-2.401941      	0.122348115    	0.6659026      	2.9306574      	1.9138293      	0.15244187     	-2.9090712     	-2.2777748     	-3.034827      	0.64086723     	-1.5414644     	1.1901466      	-2.9982762     	-2.8571167     	1.6284685      	0.75006175     	1.6460141      	
-1.9049741     	2.7912254      	3.0539377      	0.28959724     	-2.5175717     	0.51829004     	-0.45425075    	-2.7801828     	-1.9835612     	1.41027        	-2.0936563     	-2.5482357     	-0.025419539   	2.1559825      	1.9792885      	0.8033635      	-2.4614127     	-0.7461741     	1.8614746      	-2.7447948     	1.0557564      	-2.0427775     	1.3891374      	-0.4602752     	0.93162745     	1.9677616      	-1.843131      	0.7188949      	2.9115312      	1.1840367      	1.8477129      	-1.5143517     	3.116193       	2.1864586      	0.59151614     	-3.0488603     	3.1183305      	0.9247565      	-2.9451299     	2.7219126      	-0.5337465     	-2.6648307     	1.19364        	-2.620564      	-0.83710295    	-3.107975      	0.99527293     	-2.4850996     	-2.210527      	0.7973743      	-0.3735885     	-2.583853      	0.3956649      	0.71969515     	-2.811303      	0.32484382     	2.9760532      	2.4776447      	0.8136198      	-2.8772898     	-2.9368482     	0.038388606    	-2.8634567     	-2.5095742     	0.7563092      	3.043922       	-2.830893      	0.4416024      	0.63118833     	-2.630998      	0.53470767     	1.6882962      	-2.4459872     	2.8729744      	0.40600154     	-2.4720194     	0.17828451     	1.744125       	0.7843855      	-2.977383      	0.39889002     	2.7515237      	2.8964798      	-0.12271434    	2.9309466      	2.3334408      	0.4478194      	-2.567511      	2.338782       	0.27878463     	-2.399525      	1.5840348      	0.28476712     	-2.5941598     	-2.143434      	0.40999535     	1.2298112      	-2.9570134     	-2.6766884     	-2.7461402     	
0.7494721      	-0.5582263     	0.07192849     	0.4474224      	0.220149       	2.5035882      	0.07821333     	2.167384       	0.68671906     	-2.54105       	-1.5341766     	2.88579        	-2.7458987     	-0.18618536    	-0.26275337    	-2.737056      	0.6349372      	-2.6910307     	-1.8466204     	3.1126149      	0.83372414     	2.147671       	0.5628003      	-2.1289659     	1.9449245      	-1.2014804     	-3.0661151     	0.7124232      	1.6801541      	2.2320886      	0.906          	-1.7428356     	-2.8217118     	1.080465       	-2.676623      	-2.722361      	1.2893274      	1.2395682      	-2.8492463     	0.72164184     	1.2310022      	-0.12249658    	2.3122544      	1.5588069      	3.0374534      	0.38977316     	-2.7446783     	2.507597       	2.8038096      	0.12828878     	2.9722986      	0.53982353     	2.7205315      	2.4562259      	-2.1926112     	0.21898185     	2.9331794      	-1.2699424     	1.1246856      	0.34883294     	0.4923191      	-1.1615524     	-2.8627396     	-2.6962705     	0.6506681      	0.08138665     	-2.7739272     	0.2340061      	-2.5949507     	-2.4047256     	-2.13366       	-3.141257      	-2.7587147     	0.6503448      	0.094927676    	-1.9712929     	1.2745672      	0.0087362      	0.76372176     	-2.5318336     	-0.98048854    	0.390496       	-1.7753731     	1.3093014      	-2.7706954     	1.1028597      	0.46555606     	0.15848804     	-2.7164145     	-1.1557919     	-3.035041      	0.6918265      	0.59804785     	-2.770965      	-3.0146737     	-2.9098892     	-2.9228        	1.8706772      	1.1460851      	2.460012       	
3.019734       	0.7698823      	-2.3977628     	0.2942402      	3.0600488      	2.9751532      	-0.14646386    	2.9719596      	2.4156322      	-2.7724152     	0.1856889      	-2.7506247     	-2.935996      	-0.31934282    	0.9282492      	0.8828826      	3.047525       	-0.08153661    	0.51924384     	2.9014735      	0.8849322      	-2.8916655     	0.67334354     	2.8520415      	-2.7453766     	0.9554635      	-0.118432954   	-0.87002224    	2.1341453      	0.950183       	-2.8757286     	0.5605048      	2.2726657      	-3.1360073     	0.8207035      	2.0010715      	-2.7826784     	2.4217594      	2.9712334      	-0.16614445    	0.46935943     	-2.2869153     	2.0836143      	2.2131584      	2.7751267      	-1.2558334     	0.75032043     	-2.6284208     	1.8168917      	0.80206394     	-2.1451375     	2.1188583      	0.41407925     	-2.7050054     	0.365014       	0.7016029      	2.4500737      	1.3761381      	-0.012236891   	-2.947437      	-1.9995135     	-1.492899      	-2.185744      	2.3983252      	0.23371704     	-3.018438      	-0.09842921    	-0.41656458    	-2.5084527     	0.95793205     	-2.9870088     	-0.59881467    	1.924681       	-2.1999931     	2.09083        	-2.972134      	0.5786039      	-2.9995618     	-2.4458303     	2.1226976      	2.2450619      	1.7299937      	0.9913499      	-2.536817      	1.1154002      	0.57030994     	-2.354116      	-0.5947505     	1.3388757      	-2.7418077     	-1.335631      	0.26069763     	2.0854044      	-1.9074357     	0.57217664     	-3.0955353     	-0.134749      	0.68854666     	0.9012823      	-3.0193806     	
2.6907227      	-2.7166252     	0.0959874      	-2.7322974     	-0.34575874    	1.3186282      	2.974721       	0.8995839      	-2.6993258     	-2.1479602     	-0.9325216     	1.0174525      	-0.64447916    	-2.6088843     	1.2123568      	-2.6994512     	0.28477812     	-2.3413703     	-1.7972884     	-1.4370234     	1.8328117      	-3.0452533     	0.9588563      	-0.3367272     	-2.8492374     	-0.1060094     	0.63915414     	-2.5569558     	1.195848       	-3.0138187     	2.9899647      	2.4829192      	0.2730434      	3.02884        	1.2747954      	0.774575       	-2.895288      	0.69515944     	1.8278689      	-2.949583      	-2.4473774     	-0.84364456    	-2.4986978     	0.73547935     	1.4678811      	3.1381152      	-0.22996481    	-2.322547      	3.0545335      	-2.622448      	-2.2791026     	0.48576856     	0.88781583     	-1.2833464     	0.58513415     	1.3984013      	-2.5466015     	2.4587457      	-0.95257103    	-2.08396       	-2.86571       	2.5662296      	-1.2409332     	0.69303674     	0.7042002      	-2.5519104     	1.4737456      	0.8407473      	3.0786858      	3.135008       	-0.66836566    	-0.43717936    	0.93132293     	0.025991645    	-2.5036178     	-2.7812676     	2.0470433      	2.9685247      	-1.6621815     	0.9675999      	-2.9341784     	-1.5898325     	1.7195314      	-2.9575338     	1.7837545      	0.51720774     	-2.049519      	-1.6596948     	-0.029006558   	-2.5984063     	-2.4491758     	1.3102349      	-3.0143301     	-2.952564      	-0.18425927    	0.19451521     	-2.3672366     	-2.6313276     	1.0428125      	1.048486       	
