# www.neaspec.com
# Scan:	 	AFM
# Project:	 	20251007_PS
# Description:	 	
# Date:	 	10/07/2025 10:43:47
# Scanner Center Position (X, Y):	[µm]	49.99	50.01	 
# Rotation:	[°]	0	 	 
# Scan Area (X, Y, Z):	[µm]	5.000	5.000	0.000
# Pixel Area (X, Y, Z):	[px]	100	50	1
# Averaging:	 	1	 	 
# Integration time:	[ms]	5	 	 
# Laser Source:	 	4.5-15 µm nano-FTIR laser
# Detector:	 	R
# Target Wavelength:	[µm]	7.502	 	 
# Demodulation Mode:	 	Fourier
# Tip Frequency:	[Hz]	241,340.500	 	 
# Tip Amplitude:	[mV]	45.700	 	 
# Tapping Amplitude:	[nm]	79.665	 	 
# Modulation Frequency:	[Hz]	0.000	 	 
# Modulation Amplitude:	[mV]	0.000	 	 
# Modulation Offset:	[mV]	0.000	 	 
# Setpoint:	[%]	79.75	 	 
# Regulator (P, I, D):	 	4.206850	8.625812	1.000000
# Tip Potential:	[mV]	0.000	 	 
# M1A Scaling:	[nm/V]	0.426	 	 
# M1A Cantilever Factor:	 	1,000	 	 
# Q-Factor:	 	487.4	 	 
# Version:	 	2.1.11536.0
2.8257756      	2.8298357      	2.829104       	2.827973       	2.8261702      	2.8291118      	2.8301332      	2.8272855      	2.8254967      	2.829214       	2.8306491      	2.828405       	2.830501       	2.8287423      	2.8296728      	2.828229       	2.8284295      	2.8295932      	2.83014        	2.828734       	2.828094       	2.8286433      	2.827091       	2.8267174      	2.8271906      	2.8285272      	2.8276641      	2.8297284      	2.8302379      	2.8269854      	2.8283556      	2.8294168      	2.8291008      	2.8295183      	2.8279693      	2.8287456      	2.829694       	2.828988       	2.8283923      	2.829388       	2.8292384      	2.828939       	2.8272781      	2.830547       	2.8255954      	2.8294196      	2.829707       	2.829874       	2.8280587      	2.8290138      	2.8292706      	2.8276868      	2.8284059      	2.8298604      	2.8295956      	2.828317       	2.8272967      	2.8274562      	2.829308       	2.8291469      	2.827347       	2.8261175      	2.82697        	2.8273826      	2.8297184      	2.8274477      	2.8287187      	2.8311627      	2.8283672      	2.8251925      	2.829532       	2.8291254      	2.8279195      	2.8270571      	2.8277366      	2.828703       	2.826573       	2.8262265      	2.8277323      	2.829437       	2.8286514      	2.8276243      	2.829999       	2.8273363      	2.828333       	2.8267615      	2.830921       	2.828316       	2.8266265      	2.8297827      	2.8264692      	2.8291829      	2.8274884      	2.8278575      	2.8273351      	2.8317025      	2.828613       	2.8260298      	2.8272984      	2.8262062      	
2.8294287      	2.8292139      	2.8282745      	2.8284156      	2.8288515      	2.8306928      	2.825275       	2.8277369      	2.8298554      	2.8282924      	2.8294463      	2.8303313      	2.828999       	2.8284001      	2.8268945      	2.826291       	2.825679       	2.8278663      	2.8282366      	2.8293288      	2.8272922      	2.8272123      	2.8265467      	2.8302596      	2.829972       	2.8282137      	2.8299017      	2.8283434      	2.8279276      	2.830012       	2.828112       	2.8280468      	2.828198       	2.8292449      	2.8286743      	2.8273287      	2.8293965      	2.8266447      	2.8274264      	2.8290243      	2.8285925      	2.8282704      	2.8274784      	2.8285148      	2.8282592      	2.8282328      	2.829234       	2.8294547      	2.8294873      	2.8277545      	2.8273         	2.82874        	2.8287828      	2.8282373      	2.8272493      	2.8324616      	2.8297858      	2.8279555      	2.8288836      	2.8288865      	2.827806       	2.8299003      	2.8277125      	2.827503       	2.8276458      	2.8282185      	2.8289547      	2.830039       	2.830577       	2.8265307      	2.8284588      	2.8284676      	2.827169       	2.8294199      	2.8278964      	2.8283575      	2.8313072      	2.826231       	2.8285453      	2.8287578      	2.8303854      	2.8292017      	2.8273256      	2.8262556      	2.8280902      	2.830206       	2.8300142      	2.828468       	2.8297403      	2.831159       	2.8279915      	2.8285072      	2.8284445      	2.8283274      	2.8319283      	2.8293574      	2.8282623      	2.8290029      	2.8304636      	2.830918       	
2.8280396      	2.8277793      	2.829111       	2.8292727      	2.828258       	2.8307323      	2.8273525      	2.828618       	2.8279452      	2.8279417      	2.8278103      	2.8259516      	2.8299148      	2.8289557      	2.8279645      	2.82533        	2.8289015      	2.829909       	2.8286233      	2.8274372      	2.8289833      	2.8267238      	2.8275437      	2.8287086      	2.8282506      	2.827981       	2.828102       	2.8288915      	2.827721       	2.8279212      	2.8275652      	2.825393       	2.8275726      	2.8288844      	2.8286037      	2.828319       	2.8275368      	2.830675       	2.8289475      	2.8283865      	2.830044       	2.8286884      	2.8293643      	2.8278873      	2.829059       	2.8287501      	2.8288603      	2.828533       	2.8309705      	2.8263273      	2.8270404      	2.8267515      	2.826772       	2.8283556      	2.8296947      	2.8301842      	2.827963       	2.8283668      	2.8281412      	2.8288972      	2.8283143      	2.828575       	2.8281965      	2.8287752      	2.8277278      	2.8301501      	2.82893        	2.829209       	2.8298607      	2.8285816      	2.8292596      	2.8262641      	2.8279757      	2.8272614      	2.8288739      	2.830074       	2.8296661      	2.827449       	2.829629       	2.828258       	2.829335       	2.82963        	2.8241372      	2.827701       	2.8303306      	2.827195       	2.8279152      	2.825799       	2.827616       	2.8294976      	2.8297665      	2.8294911      	2.829643       	2.8284485      	2.82834        	2.826497       	2.8279085      	2.8293428      	2.829059       	2.8296356      	
2.8300686      	2.828615       	2.8292632      	2.8268187      	2.8265831      	2.8290324      	2.8278987      	2.8271065      	2.827029       	2.831018       	2.827513       	2.8268976      	2.8272712      	2.8283165      	2.827598       	2.8293715      	2.8292618      	2.8276577      	2.8321848      	2.8290133      	2.8290927      	2.8262627      	2.827406       	2.8279746      	2.829997       	2.8286142      	2.8298404      	2.8278198      	2.8310816      	2.829291       	2.8282442      	2.8290987      	2.828879       	2.8263614      	2.8298588      	2.8295724      	2.8278055      	2.8306704      	2.830155       	2.8297966      	2.826869       	2.8290827      	2.830211       	2.8293996      	2.8293214      	2.8280892      	2.8283427      	2.829688       	2.8283727      	2.8276079      	2.8273783      	2.827404       	2.825937       	2.82672        	2.8277674      	2.8278558      	2.8281038      	2.8293824      	2.8273432      	2.8262942      	2.8290343      	2.8269732      	2.8292034      	2.8297503      	2.828494       	2.830102       	2.8279688      	2.8285968      	2.8267038      	2.830199       	2.8283076      	2.8288298      	2.828262       	2.8274093      	2.8275692      	2.8284101      	2.826394       	2.8243532      	2.8274171      	2.830278       	2.8285458      	2.8291795      	2.8254578      	2.8276787      	2.828743       	2.8310995      	2.8286955      	2.828937       	2.827939       	2.8297596      	2.8284128      	2.8267102      	2.8285909      	2.8278337      	2.8280857      	2.8261805      	2.8284454      	2.8297052      	2.8281088      	2.8281586      	
2.827882       	2.8268309      	2.8270652      	2.828475       	2.8275037      	2.8304849      	2.8278065      	2.8281806      	2.828731       	2.8296895      	2.8287354      	2.8266253      	2.827702       	2.8301811      	2.8297231      	2.8278916      	2.8298235      	2.8274527      	2.828229       	2.8294413      	2.8288958      	2.8285067      	2.828861       	2.8257885      	2.8277795      	2.8290598      	2.8276393      	2.8285425      	2.829285       	2.8277209      	2.8261042      	2.827438       	2.8271677      	2.8314652      	2.8302429      	2.8299224      	2.8280704      	2.830119       	2.8279395      	2.8274596      	2.8274913      	2.8305469      	2.825674       	2.829421       	2.8268487      	2.8328881      	2.8294175      	2.8270516      	2.8275461      	2.8291001      	2.8276603      	2.830395       	2.826617       	2.827165       	2.8305209      	2.8278553      	2.8262565      	2.826067       	2.829748       	2.8269675      	2.8305085      	2.8288467      	2.8310466      	2.8278174      	2.8263934      	2.8286772      	2.8282337      	2.8273551      	2.8272438      	2.8281405      	2.8266544      	2.8272848      	2.8283532      	2.8311658      	2.8285034      	2.8289518      	2.8263986      	2.8264554      	2.8269806      	2.8263316      	2.829378       	2.827921       	2.828441       	2.8306267      	2.8257332      	2.827827       	2.8268275      	2.8300154      	2.828206       	2.826661       	2.8311975      	2.827363       	2.8269262      	2.829787       	2.8271368      	2.8278294      	2.8287065      	2.8280768      	2.8292007      	2.829963       	
2.8300476      	2.8278992      	2.828878       	2.8294399      	2.8285036      	2.8299081      	2.8292809      	2.8293772      	2.8304698      	2.827477       	2.8274436      	2.828398       	2.8285842      	2.8300219      	2.8294604      	2.8276987      	2.8277445      	2.8317914      	2.8298395      	2.8294773      	2.8247385      	2.8295012      	2.8301654      	2.8278074      	2.8274393      	2.828326       	2.826986       	2.8279014      	2.8306873      	2.8297374      	2.8288078      	2.8297796      	2.8287377      	2.827281       	2.830336       	2.8266551      	2.8260114      	2.8265824      	2.827811       	2.8272617      	2.8267748      	2.8266184      	2.8290634      	2.8286576      	2.830133       	2.8288407      	2.8267367      	2.829571       	2.829046       	2.8255658      	2.8281393      	2.8302867      	2.8268383      	2.8264303      	2.828881       	2.8264022      	2.8299756      	2.8314025      	2.8280616      	2.8281937      	2.8290782      	2.8287458      	2.8267767      	2.830564       	2.8290083      	2.827926       	2.8291655      	2.8291214      	2.8303742      	2.828536       	2.8260632      	2.828501       	2.8299701      	2.82571        	2.8273792      	2.827486       	2.8267694      	2.8284168      	2.8291225      	2.8262901      	2.8291264      	2.8289125      	2.8253841      	2.8288941      	2.8269258      	2.8287804      	2.8267746      	2.8269253      	2.8252795      	2.8273137      	2.8293183      	2.828137       	2.8289547      	2.8283613      	2.8273501      	2.828264       	2.8277602      	2.824752       	2.8263803      	2.8284755      	
2.8263812      	2.828247       	2.8281846      	2.828853       	2.8295286      	2.8268409      	2.8277178      	2.829159       	2.8276339      	2.8282878      	2.8289027      	2.829826       	2.8279514      	2.8292708      	2.8316832      	2.8274257      	2.8280544      	2.8292115      	2.8268986      	2.82835        	2.8288708      	2.8287086      	2.8268783      	2.8288002      	2.8277488      	2.8289368      	2.8278546      	2.83035        	2.8293743      	2.82784        	2.8274474      	2.830272       	2.827882       	2.8271098      	2.831402       	2.826754       	2.8297424      	2.8275242      	2.828998       	2.8301258      	2.828147       	2.8282776      	2.8285532      	2.8290513      	2.8300724      	2.8292701      	2.8287654      	2.8250968      	2.8288474      	2.8276954      	2.8273034      	2.826019       	2.8304808      	2.8286283      	2.8278997      	2.828854       	2.8282514      	2.8279717      	2.8272402      	2.8314886      	2.8265917      	2.8286602      	2.8288424      	2.830072       	2.8289442      	2.830121       	2.830009       	2.8284094      	2.828269       	2.8276458      	2.8272457      	2.8299344      	2.8299882      	2.830813       	2.8296869      	2.831105       	2.8290644      	2.828846       	2.8280005      	2.8285775      	2.8278413      	2.8280592      	2.8279452      	2.8299186      	2.829121       	2.8250763      	2.8279734      	2.8265393      	2.826574       	2.8269982      	2.8294194      	2.82787        	2.828643       	2.828067       	2.827622       	2.8271785      	2.8296516      	2.829721       	2.829991       	2.8310323      	
2.8286738      	2.8265262      	2.8289194      	2.828705       	2.8275511      	2.8302574      	2.8262491      	2.8273566      	2.8294072      	2.8286         	2.8288949      	2.8296583      	2.8270268      	2.8277664      	2.8297796      	2.830338       	2.829394       	2.8278954      	2.8284063      	2.8309636      	2.82863        	2.8285367      	2.8260725      	2.8277118      	2.8288305      	2.8284488      	2.8280182      	2.8285825      	2.8277757      	2.82773        	2.827471       	2.825978       	2.826589       	2.8286297      	2.8254707      	2.829056       	2.8276324      	2.828439       	2.826755       	2.827368       	2.8274186      	2.8291473      	2.830353       	2.8295953      	2.828823       	2.826982       	2.8278637      	2.8285642      	2.8295777      	2.828323       	2.829832       	2.828166       	2.827617       	2.8290956      	2.8281274      	2.8293173      	2.828677       	2.8298347      	2.827184       	2.8285415      	2.8290653      	2.8283973      	2.8272915      	2.8303266      	2.8281317      	2.8284857      	2.8292408      	2.8275712      	2.8302803      	2.8295088      	2.8292212      	2.8275964      	2.8293648      	2.8267872      	2.8290122      	2.828384       	2.830574       	2.8282163      	2.8272743      	2.8284047      	2.829981       	2.8254592      	2.8285694      	2.8274314      	2.8276477      	2.8287368      	2.8308954      	2.827701       	2.8279321      	2.8281012      	2.8294716      	2.8272898      	2.8267026      	2.8274198      	2.8274214      	2.8300602      	2.829121       	2.8301904      	2.8279734      	2.8269875      	
2.8297634      	2.8280227      	2.8300712      	2.8315153      	2.8304646      	2.830083       	2.8295174      	2.8253038      	2.8272083      	2.828393       	2.8282504      	2.8289232      	2.8273048      	2.8271136      	2.8293715      	2.827333       	2.8276513      	2.8274276      	2.8290467      	2.8324144      	2.8286316      	2.8302672      	2.8279402      	2.8286958      	2.8290577      	2.8292813      	2.8271337      	2.8266838      	2.828184       	2.8270497      	2.8279204      	2.830292       	2.8301036      	2.827555       	2.8275201      	2.8286874      	2.8283923      	2.8284063      	2.824963       	2.8276668      	2.8279705      	2.8289213      	2.8286133      	2.8287227      	2.8282652      	2.8282816      	2.8283231      	2.8278213      	2.8266428      	2.8305535      	2.8300672      	2.8282843      	2.8291435      	2.8300648      	2.831041       	2.8289354      	2.827699       	2.828371       	2.8285146      	2.8294206      	2.8263268      	2.8271725      	2.8298023      	2.8283281      	2.825878       	2.8295007      	2.8274         	2.829303       	2.8301272      	2.8294444      	2.8255515      	2.8281183      	2.8317747      	2.8278432      	2.82833        	2.828246       	2.8262992      	2.827251       	2.8278344      	2.828434       	2.8298151      	2.8276057      	2.8306446      	2.828614       	2.8299115      	2.824127       	2.8302045      	2.8297956      	2.8310485      	2.825685       	2.8301744      	2.8265662      	2.8272154      	2.8281143      	2.8301582      	2.827452       	2.8287706      	2.8308268      	2.8303325      	2.83114        	
2.8284068      	2.827824       	2.8285432      	2.8283162      	2.8301265      	2.8267586      	2.8299496      	2.8268645      	2.8275764      	2.8261013      	2.8266962      	2.8273761      	2.8276448      	2.8293343      	2.8284004      	2.8249452      	2.8301296      	2.8292336      	2.828925       	2.829161       	2.8272517      	2.8291004      	2.827336       	2.8273435      	2.827175       	2.82777        	2.8284297      	2.827294       	2.8290055      	2.827311       	2.8280756      	2.8268812      	2.8277128      	2.8295877      	2.8291562      	2.8267462      	2.825831       	2.8292432      	2.8284147      	2.8282032      	2.8298247      	2.827078       	2.8287878      	2.826909       	2.829205       	2.8263006      	2.830911       	2.8243055      	2.8291883      	2.8287737      	2.8312583      	2.8290074      	2.8271842      	2.8301172      	2.826258       	2.827822       	2.8305478      	2.8268971      	2.8292198      	2.8280075      	2.8293402      	2.8268967      	2.829018       	2.829486       	2.8268955      	2.8270152      	2.8280149      	2.8289142      	2.8280072      	2.8289032      	2.8287594      	2.826925       	2.8297465      	2.8294222      	2.8301017      	2.8279681      	2.8262212      	2.8284502      	2.828176       	2.8286803      	2.8280134      	2.8266451      	2.8281622      	2.8289452      	2.8286223      	2.8286145      	2.8291245      	2.8281498      	2.8304865      	2.8293498      	2.8275623      	2.8288593      	2.8304226      	2.8240228      	2.826902       	2.8286033      	2.8282292      	2.8278873      	2.8287566      	2.8290493      	
2.8271458      	2.8298554      	2.8280432      	2.8288167      	2.829743       	2.8307054      	2.8276083      	2.8300936      	2.829174       	2.826573       	2.829154       	2.8306994      	2.8282468      	2.8281422      	2.829758       	2.8270323      	2.8269157      	2.8268325      	2.8302681      	2.826935       	2.826422       	2.82685        	2.8281345      	2.8273046      	2.8281717      	2.830238       	2.8274326      	2.8286796      	2.829985       	2.8285613      	2.8292537      	2.828973       	2.8295894      	2.827881       	2.8284454      	2.8288004      	2.8288424      	2.8277545      	2.8288481      	2.83065        	2.8268862      	2.8261077      	2.828503       	2.830605       	2.827532       	2.828386       	2.8272712      	2.8268065      	2.8300886      	2.8275146      	2.82794        	2.8290873      	2.8275018      	2.8240752      	2.826543       	2.827895       	2.8282871      	2.8287225      	2.8281608      	2.827298       	2.828579       	2.8302083      	2.8259509      	2.8293545      	2.8279414      	2.8290646      	2.8280416      	2.830917       	2.8282125      	2.828598       	2.8280625      	2.829529       	2.8293154      	2.828696       	2.829629       	2.827907       	2.8291395      	2.829345       	2.830758       	2.8277981      	2.8273826      	2.82988        	2.828671       	2.828008       	2.8272135      	2.8272226      	2.8273299      	2.8285031      	2.8282554      	2.8257058      	2.828093       	2.8278646      	2.827714       	2.8294644      	2.8303843      	2.8276083      	2.826748       	2.8292005      	2.8278587      	2.8283184      	
2.828691       	2.829099       	2.8261373      	2.8277798      	2.8268964      	2.8302827      	2.8275144      	2.829721       	2.8303716      	2.826904       	2.8299253      	2.8266516      	2.8270986      	2.8288057      	2.827616       	2.828106       	2.8277018      	2.8281918      	2.8288088      	2.8262157      	2.8281288      	2.8299627      	2.8286483      	2.8298707      	2.8291218      	2.8282752      	2.828805       	2.8286357      	2.826858       	2.8304524      	2.825433       	2.8287969      	2.8287678      	2.8299363      	2.8269038      	2.8285067      	2.828127       	2.829284       	2.8286848      	2.8289704      	2.827728       	2.8322914      	2.8305688      	2.8304896      	2.8291955      	2.8274155      	2.8267958      	2.827558       	2.8270297      	2.8282888      	2.8279922      	2.8284109      	2.8291998      	2.828005       	2.826438       	2.8281832      	2.8233602      	2.8294468      	2.8274815      	2.8301563      	2.829081       	2.826203       	2.8284183      	2.8289263      	2.826687       	2.8276095      	2.8285725      	2.826621       	2.8280408      	2.8274145      	2.827926       	2.8278987      	2.828029       	2.829673       	2.8256855      	2.8276052      	2.828717       	2.8284934      	2.8282013      	2.8292823      	2.8282003      	2.8255913      	2.8270655      	2.8286302      	2.8271608      	2.8287938      	2.8273127      	2.829044       	2.8295348      	2.8300452      	2.826162       	2.8273196      	2.8282545      	2.830215       	2.8292267      	2.8269255      	2.8248143      	2.8234181      	2.8263764      	2.8284864      	
2.82908        	2.8282368      	2.8279922      	2.8285072      	2.8268409      	2.826777       	2.8271694      	2.8277574      	2.8273613      	2.8282113      	2.8308144      	2.8268335      	2.828195       	2.8298876      	2.8264384      	2.827494       	2.8260815      	2.8274887      	2.8296688      	2.828578       	2.827633       	2.8296857      	2.8276596      	2.831405       	2.8298829      	2.8292706      	2.8273203      	2.8286905      	2.8302116      	2.827749       	2.8303733      	2.829398       	2.8251324      	2.8258696      	2.8294098      	2.8273067      	2.8262048      	2.8275132      	2.8278828      	2.8298318      	2.8273282      	2.8279707      	2.8276591      	2.8314226      	2.829375       	2.8277357      	2.831292       	2.8270004      	2.8310914      	2.8293576      	2.8284414      	2.8313956      	2.8295014      	2.8256772      	2.8264809      	2.829908       	2.8279889      	2.8281074      	2.827581       	2.8294249      	2.8287852      	2.8306587      	2.8264928      	2.8269355      	2.8260357      	2.828336       	2.82758        	2.8272715      	2.8282847      	2.82945        	2.8279033      	2.8289146      	2.8248096      	2.8282104      	2.8279254      	2.8261688      	2.8263133      	2.8288164      	2.8256612      	2.8288121      	2.8275573      	2.8262522      	2.8272235      	2.8266463      	2.8279505      	2.82771        	2.8274894      	2.8269491      	2.828996       	2.8279536      	2.8297899      	2.8280118      	2.826044       	2.8283746      	2.8290162      	2.827504       	2.8259804      	2.8241978      	2.8264952      	2.8265378      	
2.8306394      	2.8301158      	2.829018       	2.8287969      	2.8264437      	2.82839        	2.8259256      	2.8275542      	2.826301       	2.8287003      	2.827111       	2.827766       	2.8296552      	2.8296566      	2.8278437      	2.8286238      	2.8271313      	2.8279328      	2.8289466      	2.8268268      	2.8294888      	2.828405       	2.828174       	2.8283606      	2.827372       	2.8251214      	2.8266284      	2.829258       	2.8312624      	2.831018       	2.8260128      	2.8268714      	2.8275776      	2.8280807      	2.8279479      	2.828977       	2.827275       	2.8243856      	2.8280032      	2.8280993      	2.8277116      	2.8304534      	2.8255458      	2.8296187      	2.826658       	2.8269515      	2.826983       	2.8281898      	2.8282654      	2.82699        	2.8291826      	2.824965       	2.8278773      	2.8293405      	2.8287401      	2.8272178      	2.8266447      	2.8277404      	2.8286498      	2.830759       	2.8283842      	2.8308651      	2.8291779      	2.830163       	2.8264058      	2.8292217      	2.825359       	2.8281286      	2.8288505      	2.8303885      	2.8273973      	2.829766       	2.8285103      	2.8293803      	2.8297884      	2.8301468      	2.8306584      	2.830422       	2.828527       	2.8283691      	2.8285184      	2.8279967      	2.8298993      	2.8289428      	2.827365       	2.828535       	2.829523       	2.8291667      	2.8284054      	2.82646        	2.8289366      	2.8280373      	2.8281538      	2.8293884      	2.8262         	2.8280008      	2.8296342      	2.8269203      	2.825437       	2.8272915      	
2.8268487      	2.829684       	2.8282144      	2.827371       	2.8272939      	2.8294504      	2.8286715      	2.8278673      	2.8268452      	2.827176       	2.8289504      	2.8272145      	2.82954        	2.8290036      	2.8297827      	2.8290765      	2.8260996      	2.8305326      	2.8295937      	2.8287802      	2.8290346      	2.8288212      	2.8285866      	2.8278718      	2.828318       	2.8283799      	2.8288357      	2.8282027      	2.8268576      	2.826579       	2.8287954      	2.8259177      	2.8283267      	2.829559       	2.8307173      	2.8271449      	2.8296597      	2.8276205      	2.8299026      	2.829033       	2.8312333      	2.8292992      	2.8273933      	2.8281236      	2.8282042      	2.827302       	2.8308911      	2.8280442      	2.8275142      	2.826789       	2.8300602      	2.8278508      	2.8255835      	2.8303003      	2.8314443      	2.8268068      	2.830658       	2.8269053      	2.828795       	2.8299613      	2.8284125      	2.8286417      	2.8268466      	2.8286638      	2.8257484      	2.8284788      	2.8264046      	2.8279455      	2.829234       	2.828809       	2.8293798      	2.828714       	2.8300555      	2.8277535      	2.8268647      	2.8281534      	2.8295903      	2.8257794      	2.8273544      	2.8274298      	2.830245       	2.82885        	2.8305016      	2.8293676      	2.8288755      	2.8275435      	2.828423       	2.8285556      	2.8282745      	2.8277984      	2.8287337      	2.8274484      	2.8279037      	2.8269005      	2.829718       	2.8280272      	2.8310056      	2.8282313      	2.8264275      	2.826436       	
2.8269799      	2.8276105      	2.8273609      	2.8294156      	2.8268301      	2.8297138      	2.8275144      	2.8267224      	2.8263707      	2.8277102      	2.830843       	2.8271255      	2.829299       	2.8287723      	2.828815       	2.8289263      	2.8270204      	2.8276258      	2.8287835      	2.8265314      	2.8292565      	2.8290625      	2.8292549      	2.828822       	2.8262186      	2.8296795      	2.8278577      	2.826263       	2.829916       	2.8282194      	2.8281581      	2.8276155      	2.8257875      	2.8294377      	2.8274193      	2.827587       	2.828577       	2.826791       	2.8285615      	2.8267024      	2.8297868      	2.8301737      	2.826783       	2.827165       	2.82951        	2.83042        	2.8284886      	2.8267791      	2.828024       	2.8282604      	2.8286588      	2.82662        	2.8259056      	2.8290224      	2.8274202      	2.8288007      	2.8284576      	2.8262374      	2.8283727      	2.829873       	2.8275254      	2.829534       	2.8286927      	2.8288705      	2.8275735      	2.8299584      	2.8285272      	2.8276994      	2.8298247      	2.8269353      	2.8306885      	2.8293397      	2.8286169      	2.8278043      	2.8291142      	2.8293009      	2.8293285      	2.827418       	2.8266342      	2.8289106      	2.826723       	2.827265       	2.8282068      	2.827944       	2.8300629      	2.8261776      	2.8283274      	2.8319223      	2.8274167      	2.826981       	2.8254309      	2.8268476      	2.8292239      	2.8265433      	2.829712       	2.8280377      	2.8282802      	2.8261364      	2.8278925      	2.8302999      	
2.8259106      	2.8292851      	2.829327       	2.8289135      	2.826488       	2.8253684      	2.8275383      	2.8320346      	2.8276803      	2.8250148      	2.829553       	2.8299031      	2.8282888      	2.828349       	2.8295383      	2.8288515      	2.8294864      	2.8294148      	2.828096       	2.82932        	2.82932        	2.8279777      	2.8295023      	2.829117       	2.8286772      	2.8284085      	2.8261352      	2.8294435      	2.8320131      	2.8304968      	2.828422       	2.831927       	2.8271632      	2.8259492      	2.828794       	2.8281949      	2.826028       	2.8289566      	2.8282244      	2.8303075      	2.8312423      	2.8256235      	2.8253841      	2.8280315      	2.8265667      	2.8290884      	2.83077        	2.827849       	2.8274174      	2.827458       	2.8304338      	2.8281376      	2.8312407      	2.8300474      	2.8270361      	2.8307612      	2.8287795      	2.8285363      	2.83           	2.8272185      	2.8281631      	2.8285892      	2.8284748      	2.8292363      	2.8265123      	2.8282294      	2.8277407      	2.8266773      	2.8300836      	2.826258       	2.8270223      	2.8299017      	2.8279135      	2.8275485      	2.8270102      	2.828353       	2.8280647      	2.8288748      	2.828085       	2.8298526      	2.8273423      	2.828164       	2.831295       	2.8283536      	2.830436       	2.8285012      	2.828105       	2.829097       	2.827929       	2.8262715      	2.8269894      	2.8307061      	2.829399       	2.8282392      	2.8281834      	2.8278275      	2.8270168      	2.826261       	2.826325       	2.8282967      	
2.8327365      	2.8292983      	2.8287785      	2.829706       	2.8265672      	2.8275871      	2.8294709      	2.8265421      	2.8307834      	2.8277676      	2.8262086      	2.8273487      	2.8280792      	2.8264928      	2.8279314      	2.8268566      	2.8262937      	2.8285818      	2.8295174      	2.8294604      	2.8276644      	2.8270018      	2.8275247      	2.830666       	2.8249018      	2.8288202      	2.8294923      	2.8252063      	2.829471       	2.8292954      	2.828086       	2.8280962      	2.8242984      	2.8299692      	2.825992       	2.8308463      	2.8289857      	2.8285728      	2.8289876      	2.8289645      	2.831472       	2.8293142      	2.827783       	2.8272386      	2.8286107      	2.82825        	2.8260803      	2.8263931      	2.8276672      	2.8268483      	2.830147       	2.828411       	2.829379       	2.829663       	2.8288414      	2.8279636      	2.8322475      	2.8257544      	2.829942       	2.831596       	2.8304262      	2.8284314      	2.828544       	2.8278136      	2.8264303      	2.8260639      	2.8282216      	2.8312004      	2.8302197      	2.8285277      	2.829341       	2.8291693      	2.827303       	2.8292456      	2.828645       	2.8278875      	2.8288095      	2.8255992      	2.8290706      	2.8277984      	2.8270044      	2.8283184      	2.8261898      	2.8284245      	2.8291748      	2.8293948      	2.82802        	2.8284485      	2.8275123      	2.8286939      	2.8310356      	2.8251228      	2.829431       	2.8282015      	2.8321228      	2.8282235      	2.8301876      	2.827778       	2.828218       	2.8270357      	
2.8285916      	2.8286254      	2.8291438      	2.8286908      	2.8290434      	2.8294768      	2.8306         	2.8288765      	2.8277133      	2.8271394      	2.8289864      	2.8286617      	2.8269036      	2.8283572      	2.8276057      	2.8253376      	2.8284097      	2.8270884      	2.8281324      	2.827001       	2.8279443      	2.8273425      	2.8275433      	2.8284802      	2.8282068      	2.8294082      	2.8287785      	2.8282123      	2.8281722      	2.8301191      	2.8288784      	2.829073       	2.8277025      	2.829082       	2.8261375      	2.8281834      	2.8237848      	2.827787       	2.8276281      	2.8276815      	2.8254123      	2.8272526      	2.8277073      	2.8266823      	2.8278975      	2.8263721      	2.8289428      	2.8294187      	2.8298972      	2.8274963      	2.8288474      	2.8257196      	2.826505       	2.8281734      	2.8299975      	2.8284376      	2.829148       	2.8280175      	2.8269372      	2.825593       	2.8285458      	2.827231       	2.8298995      	2.828728       	2.8285308      	2.829832       	2.8269928      	2.8285468      	2.8308384      	2.8274767      	2.8274758      	2.826316       	2.8282843      	2.8311481      	2.828721       	2.8273163      	2.8282897      	2.828857       	2.8289175      	2.82757        	2.8282585      	2.8280172      	2.8265944      	2.82993        	2.8293884      	2.828352       	2.829431       	2.8290498      	2.8290572      	2.8294678      	2.8260443      	2.8261187      	2.8268414      	2.8294368      	2.8292456      	2.8296258      	2.828186       	2.8290613      	2.826925       	2.8273532      	
2.827729       	2.8286498      	2.8261366      	2.8296359      	2.8292916      	2.828711       	2.8281543      	2.8293111      	2.826894       	2.8296032      	2.8269594      	2.8295565      	2.827625       	2.8264115      	2.8278437      	2.8287306      	2.8288157      	2.83101        	2.8281837      	2.830745       	2.8311915      	2.8318007      	2.8284585      	2.8260944      	2.8310676      	2.828192       	2.8293521      	2.8298302      	2.8285198      	2.8291075      	2.828563       	2.8282254      	2.8271704      	2.8285477      	2.830174       	2.83135        	2.8261976      	2.8265727      	2.8270812      	2.828749       	2.8283165      	2.8286715      	2.8268301      	2.8283656      	2.8295593      	2.8308861      	2.8270028      	2.8299587      	2.8256204      	2.8294709      	2.8272915      	2.823968       	2.8285139      	2.8290555      	2.8291001      	2.8296542      	2.8275585      	2.8290896      	2.8287752      	2.827714       	2.8272202      	2.8289876      	2.8289301      	2.8277156      	2.8270438      	2.8285885      	2.826326       	2.8292737      	2.8272634      	2.832126       	2.8276536      	2.830625       	2.8293068      	2.8299954      	2.8300843      	2.8285074      	2.8301175      	2.828708       	2.8293428      	2.8314326      	2.8310518      	2.8298078      	2.82698        	2.8273664      	2.8287783      	2.829943       	2.8296814      	2.8299072      	2.8250372      	2.8301377      	2.828897       	2.8286266      	2.8276792      	2.8275993      	2.83007        	2.8312702      	2.8279905      	2.828378       	2.828281       	2.8278568      	
2.827673       	2.8294034      	2.8279107      	2.8291368      	2.82794        	2.829753       	2.8277466      	2.8273265      	2.826749       	2.8304534      	2.8294818      	2.828727       	2.8284562      	2.8266318      	2.8272355      	2.8314526      	2.8290586      	2.8274794      	2.8279717      	2.8285098      	2.8284552      	2.830335       	2.8276587      	2.8274617      	2.828315       	2.82851        	2.8293917      	2.8282719      	2.8276417      	2.829069       	2.829795       	2.8268304      	2.8279674      	2.8273394      	2.8296711      	2.8292456      	2.8296742      	2.8284256      	2.8276849      	2.8277555      	2.8286796      	2.8275578      	2.8302839      	2.8281167      	2.8288755      	2.8308148      	2.8275998      	2.82948        	2.8267596      	2.829544       	2.826219       	2.826783       	2.8281932      	2.8274937      	2.8263354      	2.827249       	2.8288627      	2.827433       	2.8288064      	2.827271       	2.8264818      	2.8302162      	2.825987       	2.8272092      	2.829782       	2.827041       	2.8269722      	2.8279989      	2.8302913      	2.8279185      	2.8287995      	2.8290014      	2.8284867      	2.8274484      	2.8280473      	2.8270912      	2.827633       	2.8271706      	2.8264642      	2.8298259      	2.8274057      	2.826476       	2.8294003      	2.8300111      	2.8292027      	2.8263826      	2.8260756      	2.8280718      	2.828477       	2.8280954      	2.8275306      	2.830536       	2.8272188      	2.8299696      	2.8267727      	2.8289132      	2.8267128      	2.8272572      	2.8267412      	2.8272896      	
2.8295991      	2.8276849      	2.8305137      	2.8284755      	2.826029       	2.8275917      	2.829305       	2.8275151      	2.8285694      	2.8296626      	2.8302686      	2.8257241      	2.8299117      	2.8299954      	2.828121       	2.8291194      	2.8286119      	2.830074       	2.8287582      	2.8266187      	2.8279839      	2.8283935      	2.829765       	2.8272305      	2.8298469      	2.8292296      	2.8296604      	2.8278725      	2.827431       	2.8277845      	2.8303306      	2.8268409      	2.8293777      	2.8273811      	2.8247852      	2.8299532      	2.8291283      	2.8307009      	2.8315322      	2.8300345      	2.8307862      	2.8292716      	2.8302839      	2.829126       	2.8287716      	2.8280766      	2.827688       	2.8268876      	2.8308816      	2.828066       	2.8292258      	2.8280537      	2.8308513      	2.8290515      	2.8276029      	2.8283758      	2.8277662      	2.8283584      	2.8281674      	2.827579       	2.8268952      	2.8296335      	2.828566       	2.8268657      	2.8278778      	2.8276007      	2.828885       	2.8280568      	2.8270254      	2.8269873      	2.829418       	2.8286655      	2.827221       	2.828513       	2.8256178      	2.8258805      	2.8296876      	2.8270774      	2.8288054      	2.8286867      	2.8284628      	2.8284204      	2.828454       	2.8286297      	2.8306959      	2.8289912      	2.8281589      	2.8287132      	2.8280597      	2.8279588      	2.8290782      	2.8282123      	2.827199       	2.8307939      	2.8283834      	2.8293684      	2.8281817      	2.826736       	2.825816       	2.8264716      	
2.8253179      	2.8305738      	2.8289557      	2.828376       	2.8291047      	2.8277552      	2.828401       	2.8289099      	2.82796        	2.8273506      	2.8285742      	2.8250592      	2.829387       	2.8269982      	2.8290474      	2.827256       	2.8292913      	2.8295884      	2.829003       	2.8286977      	2.8280709      	2.829117       	2.8305037      	2.8281765      	2.8260899      	2.8286362      	2.827723       	2.828004       	2.8256054      	2.8278673      	2.828116       	2.8273487      	2.8291159      	2.8271601      	2.8291197      	2.8292007      	2.8289382      	2.8286963      	2.8286562      	2.8280988      	2.829746       	2.8309486      	2.8300297      	2.826466       	2.8270202      	2.828321       	2.8327477      	2.830448       	2.8297172      	2.83124        	2.8289979      	2.8276038      	2.8294003      	2.8276925      	2.8274508      	2.829793       	2.8295927      	2.8289719      	2.8293035      	2.8247552      	2.8291364      	2.8287916      	2.826649       	2.8321729      	2.8266678      	2.8286397      	2.8278842      	2.828118       	2.8291852      	2.8269374      	2.8276107      	2.8275018      	2.8282247      	2.8300922      	2.8285012      	2.8298707      	2.8284504      	2.8295987      	2.8278904      	2.8273833      	2.8289373      	2.8291984      	2.8273432      	2.8265011      	2.8290174      	2.8268626      	2.830397       	2.82906        	2.8302717      	2.8292866      	2.8286936      	2.8281403      	2.8283875      	2.828429       	2.8281946      	2.8270957      	2.8284693      	2.8294752      	2.8309586      	2.8288054      	
2.827816       	2.826911       	2.8259811      	2.8285646      	2.8259602      	2.8290095      	2.828358       	2.8279915      	2.826698       	2.8262782      	2.8278034      	2.8284698      	2.8277965      	2.8270345      	2.8273773      	2.828613       	2.8265693      	2.82801        	2.8263335      	2.8278894      	2.8272827      	2.8273926      	2.827021       	2.8272305      	2.826608       	2.8273215      	2.828208       	2.8285055      	2.826045       	2.8277462      	2.8290603      	2.8292162      	2.827832       	2.8263986      	2.8285942      	2.8305688      	2.8294954      	2.828771       	2.8314824      	2.8305523      	2.8295536      	2.828447       	2.8298779      	2.8297582      	2.8300574      	2.8295977      	2.8268776      	2.827916       	2.8256688      	2.8280258      	2.8272867      	2.827651       	2.8312097      	2.8279648      	2.8287125      	2.8292434      	2.8296413      	2.828325       	2.8285534      	2.8318896      	2.8277342      	2.8283365      	2.8294194      	2.8294604      	2.8301227      	2.8276582      	2.8283184      	2.828657       	2.828657       	2.8284097      	2.8276188      	2.8293598      	2.8289242      	2.8262734      	2.8289747      	2.8272069      	2.825616       	2.829007       	2.828698       	2.829474       	2.8293982      	2.8314688      	2.8265727      	2.8281617      	2.82643        	2.830112       	2.8278046      	2.828055       	2.8280025      	2.829826       	2.8274472      	2.8310716      	2.8298135      	2.8307886      	2.8296556      	2.8292189      	2.8280678      	2.8284557      	2.8285525      	2.828356       	
2.8292263      	2.8296595      	2.8285923      	2.8284154      	2.8287497      	2.8270102      	2.8287654      	2.826572       	2.829093       	2.8279955      	2.8269517      	2.8266532      	2.8281283      	2.8297822      	2.8282063      	2.8269763      	2.826654       	2.8253155      	2.8286476      	2.827224       	2.8281548      	2.8283424      	2.828933       	2.83055        	2.827568       	2.8280249      	2.8277557      	2.8300104      	2.8287234      	2.8262513      	2.827052       	2.828522       	2.8292937      	2.8261704      	2.826869       	2.828545       	2.8264635      	2.828878       	2.827889       	2.8286839      	2.8278053      	2.82756        	2.8287644      	2.8277657      	2.8299584      	2.8287323      	2.8289638      	2.8291762      	2.829015       	2.8291674      	2.8257296      	2.8289022      	2.8272781      	2.8273447      	2.8253822      	2.830684       	2.828251       	2.827646       	2.828388       	2.8287146      	2.8295019      	2.827951       	2.8273678      	2.8276856      	2.826218       	2.8290195      	2.8270755      	2.8285053      	2.826224       	2.8285396      	2.8287663      	2.8294837      	2.8274891      	2.8286123      	2.8309326      	2.828204       	2.828639       	2.8264613      	2.8271806      	2.8294172      	2.82988        	2.8283722      	2.8271582      	2.8273845      	2.828994       	2.8287704      	2.828964       	2.831147       	2.8286095      	2.8302252      	2.830005       	2.8263788      	2.8273594      	2.8269327      	2.8282816      	2.8283198      	2.8293812      	2.8293235      	2.8288414      	2.8286343      	
2.8303888      	2.8292928      	2.8295555      	2.8259902      	2.8256602      	2.8294885      	2.827888       	2.8267362      	2.8283536      	2.831019       	2.8281074      	2.829719       	2.8257337      	2.8300848      	2.8280683      	2.8279042      	2.8289077      	2.8294501      	2.8284743      	2.826839       	2.8280914      	2.827162       	2.8295102      	2.8287895      	2.831219       	2.8291721      	2.8288105      	2.8290777      	2.8281803      	2.829525       	2.8275526      	2.8317673      	2.827712       	2.8287957      	2.8279955      	2.8288124      	2.8271093      	2.8282604      	2.8305864      	2.8308196      	2.8270118      	2.8288746      	2.8285222      	2.8275995      	2.8275585      	2.8299396      	2.8260026      	2.829136       	2.8301373      	2.8288698      	2.8271039      	2.8281822      	2.8312435      	2.828227       	2.828806       	2.8287237      	2.828324       	2.8283756      	2.8280804      	2.829833       	2.8290782      	2.828093       	2.8279264      	2.8266802      	2.828107       	2.827697       	2.8314607      	2.828414       	2.8280902      	2.8279939      	2.8280568      	2.8278213      	2.8263738      	2.8281353      	2.8287961      	2.8289404      	2.8294272      	2.8280845      	2.8303363      	2.8269796      	2.8273337      	2.8318639      	2.8284779      	2.827344       	2.828023       	2.8285398      	2.8307693      	2.8277338      	2.8296106      	2.8281639      	2.8286977      	2.8268423      	2.8249955      	2.828          	2.8283412      	2.8289797      	2.8269238      	2.827455       	2.827066       	2.8269475      	
2.8277261      	2.829627       	2.8254542      	2.8285043      	2.8280263      	2.8297727      	2.8306615      	2.8297591      	2.8293734      	2.8298702      	2.831233       	2.831155       	2.8273518      	2.82699        	2.8279738      	2.8287148      	2.8274002      	2.828575       	2.8264203      	2.8306944      	2.8302073      	2.827154       	2.829036       	2.8273         	2.830573       	2.8273995      	2.8290021      	2.8296683      	2.8292038      	2.827743       	2.8291783      	2.8271053      	2.828975       	2.8277552      	2.8282223      	2.8283367      	2.8289282      	2.8285427      	2.828598       	2.8287077      	2.8254128      	2.8278925      	2.8281326      	2.8292449      	2.8272417      	2.8286912      	2.8278964      	2.8283832      	2.8232894      	2.8270738      	2.8291464      	2.8282886      	2.8294156      	2.827863       	2.8270643      	2.8293862      	2.8280063      	2.8275623      	2.8302097      	2.828549       	2.830071       	2.8274362      	2.8288696      	2.8290787      	2.8294632      	2.82938        	2.8296518      	2.8274825      	2.8264458      	2.8284276      	2.8281486      	2.8292603      	2.829618       	2.8305333      	2.8276024      	2.8285341      	2.828851       	2.8290617      	2.827332       	2.8272762      	2.8310094      	2.8278584      	2.8276799      	2.8281279      	2.8305278      	2.8297267      	2.8287282      	2.8292542      	2.8293643      	2.8283496      	2.8270442      	2.8288167      	2.8299859      	2.8289306      	2.8274336      	2.8301384      	2.829681       	2.8283982      	2.828839       	2.8283587      	
2.8302593      	2.8259678      	2.829258       	2.8291008      	2.8282416      	2.8299987      	2.8262413      	2.8302486      	2.8266015      	2.8273523      	2.828387       	2.8288543      	2.8261023      	2.8273728      	2.8276966      	2.8285725      	2.82747        	2.8287716      	2.8265212      	2.8293362      	2.8261185      	2.8274457      	2.828815       	2.8258433      	2.8277602      	2.8283467      	2.8275833      	2.830544       	2.8271894      	2.8301086      	2.8267777      	2.8268936      	2.8285885      	2.8267038      	2.827819       	2.830778       	2.8284895      	2.8305447      	2.8282483      	2.8292985      	2.8286133      	2.8252594      	2.826724       	2.829936       	2.8306572      	2.829799       	2.8303223      	2.830737       	2.8282979      	2.8297925      	2.8282776      	2.8307793      	2.8266943      	2.8294783      	2.8269303      	2.8294282      	2.826253       	2.8299527      	2.829085       	2.829278       	2.8295074      	2.8288348      	2.828533       	2.8280602      	2.8283794      	2.8270142      	2.8288765      	2.8272033      	2.8292315      	2.82834        	2.8292437      	2.826419       	2.8267446      	2.8300622      	2.8277786      	2.8267949      	2.828611       	2.827884       	2.8285344      	2.8271763      	2.828529       	2.8283682      	2.8290634      	2.830713       	2.826433       	2.8265977      	2.8277755      	2.8275704      	2.8293633      	2.8252628      	2.8272772      	2.8277144      	2.8287947      	2.8286183      	2.8290625      	2.8287435      	2.8284357      	2.8276734      	2.8286796      	2.8283324      	
2.8258858      	2.8280454      	2.8271723      	2.8300676      	2.828131       	2.826667       	2.8260307      	2.828          	2.8299787      	2.827077       	2.8281882      	2.8279305      	2.8276107      	2.8292499      	2.8269336      	2.8283565      	2.8264277      	2.8284082      	2.8276408      	2.8299732      	2.829166       	2.8288226      	2.8300884      	2.827213       	2.8288949      	2.829924       	2.8277855      	2.8272448      	2.8298538      	2.827762       	2.82706        	2.827576       	2.827921       	2.8302698      	2.830317       	2.8281586      	2.8292007      	2.829422       	2.8264763      	2.8278177      	2.8287082      	2.8293157      	2.8293617      	2.8286436      	2.8285975      	2.82907        	2.8293512      	2.8280256      	2.8282006      	2.82682        	2.82909        	2.8268075      	2.828826       	2.828728       	2.8274536      	2.8294034      	2.8267267      	2.829319       	2.82943        	2.828786       	2.8289254      	2.8294706      	2.8295808      	2.8291748      	2.8277702      	2.828087       	2.8288083      	2.8260078      	2.8290918      	2.8309982      	2.8282905      	2.828304       	2.8293152      	2.8273244      	2.827611       	2.8274782      	2.827809       	2.8269787      	2.827794       	2.8268692      	2.8274481      	2.8297532      	2.8283055      	2.8297393      	2.829679       	2.8271892      	2.828128       	2.8257086      	2.828453       	2.8280208      	2.8285751      	2.8295703      	2.8276746      	2.8262377      	2.829798       	2.83028        	2.826775       	2.8275223      	2.8284926      	2.8271112      	
2.8305237      	2.8279023      	2.8299675      	2.8253815      	2.8292093      	2.8279626      	2.8274899      	2.827423       	2.8274136      	2.8280861      	2.8291585      	2.8283522      	2.8274558      	2.8296635      	2.8269756      	2.829925       	2.8293815      	2.8303068      	2.8281565      	2.8283956      	2.8267126      	2.8281443      	2.8275013      	2.8284335      	2.8290198      	2.828753       	2.8278766      	2.8297327      	2.8300576      	2.8304088      	2.8272984      	2.8254497      	2.827264       	2.8296456      	2.8299248      	2.8287373      	2.8290813      	2.8293667      	2.8303277      	2.8285823      	2.8271613      	2.8278782      	2.8285913      	2.8290763      	2.829126       	2.8305864      	2.8282084      	2.8293116      	2.827566       	2.8288002      	2.826908       	2.8283532      	2.826498       	2.8291147      	2.8300357      	2.8295555      	2.8302991      	2.8294744      	2.8280416      	2.827791       	2.8291595      	2.8302765      	2.828978       	2.825933       	2.829648       	2.8278055      	2.8291957      	2.828462       	2.8286703      	2.8266387      	2.8277805      	2.8299737      	2.8266206      	2.8291645      	2.8302948      	2.8305502      	2.8290255      	2.8269374      	2.828527       	2.8252757      	2.828491       	2.8274746      	2.8276246      	2.8289056      	2.826707       	2.8299892      	2.8276274      	2.8279858      	2.8272288      	2.8289173      	2.8291473      	2.825279       	2.8297935      	2.8298883      	2.8288507      	2.8297448      	2.8295937      	2.828882       	2.830683       	2.832503       	
2.8269186      	2.8299146      	2.8278668      	2.8289301      	2.8281431      	2.825601       	2.8288474      	2.829893       	2.829657       	2.826767       	2.8273451      	2.8298268      	2.830141       	2.828948       	2.8294063      	2.8272557      	2.8265278      	2.8279006      	2.8284545      	2.830408       	2.8311257      	2.8290544      	2.8280656      	2.830816       	2.8296998      	2.8292181      	2.828804       	2.8299792      	2.830035       	2.8276143      	2.825784       	2.828699       	2.8289464      	2.8299131      	2.8272266      	2.8327377      	2.8295305      	2.8298495      	2.8275208      	2.8262174      	2.830104       	2.8307483      	2.8287573      	2.8279765      	2.8287036      	2.828155       	2.828351       	2.8273478      	2.829471       	2.827264       	2.8285167      	2.8286033      	2.8279397      	2.8303876      	2.8261497      	2.8295238      	2.8299842      	2.8275461      	2.8291948      	2.8283486      	2.8302486      	2.8283846      	2.8282387      	2.8292596      	2.8294952      	2.828804       	2.8283226      	2.8297126      	2.8289537      	2.83015        	2.827359       	2.8284411      	2.8274405      	2.8281517      	2.8280616      	2.8281991      	2.8290846      	2.8273728      	2.8293872      	2.8319917      	2.8288927      	2.828999       	2.8263354      	2.8266456      	2.82756        	2.8280401      	2.8279927      	2.831153       	2.8301985      	2.8277397      	2.82861        	2.8281918      	2.8300123      	2.8283443      	2.8282795      	2.8273325      	2.8270411      	2.828523       	2.826912       	2.8275356      	
2.8283145      	2.8295305      	2.8285465      	2.830021       	2.8271518      	2.8295672      	2.8274016      	2.829772       	2.8289957      	2.8276134      	2.8285472      	2.8289714      	2.829038       	2.8295584      	2.8286967      	2.8270009      	2.8289356      	2.8284347      	2.8288918      	2.8287241      	2.828406       	2.8279226      	2.8288927      	2.8265316      	2.8297834      	2.8298671      	2.8287148      	2.8288112      	2.8262217      	2.8278563      	2.8294096      	2.8272386      	2.8268883      	2.8276393      	2.829772       	2.8298419      	2.8289897      	2.8288233      	2.8286574      	2.828815       	2.8292127      	2.8289573      	2.8283405      	2.8260353      	2.8293836      	2.8300943      	2.8290937      	2.8278017      	2.8293178      	2.8292077      	2.8296995      	2.828812       	2.8282518      	2.83019        	2.8299708      	2.8278828      	2.8296776      	2.8251116      	2.828836       	2.828936       	2.8289278      	2.8281271      	2.830326       	2.8282013      	2.8300383      	2.828424       	2.8285294      	2.8262572      	2.8295715      	2.8282375      	2.8306196      	2.827317       	2.8292012      	2.8297153      	2.828103       	2.8315916      	2.8275611      	2.8276749      	2.829821       	2.8273277      	2.828423       	2.8295043      	2.8260927      	2.8294756      	2.8279014      	2.8263576      	2.8279972      	2.8286421      	2.8280065      	2.8275688      	2.8292377      	2.8294559      	2.8276072      	2.8284369      	2.827522       	2.8268895      	2.8272746      	2.8302915      	2.8297129      	2.828676       	
2.8290613      	2.8283806      	2.828203       	2.8270466      	2.8265994      	2.8286173      	2.8293095      	2.825803       	2.8282485      	2.8318887      	2.828677       	2.8305979      	2.8285732      	2.8278706      	2.828335       	2.8292117      	2.8256545      	2.8282387      	2.8267984      	2.8287654      	2.8292875      	2.8287125      	2.8302002      	2.8275733      	2.8277254      	2.8294628      	2.8274126      	2.8281674      	2.8283243      	2.8279343      	2.8274386      	2.8283703      	2.8291516      	2.8295832      	2.826614       	2.8287878      	2.828592       	2.828498       	2.8282046      	2.8293443      	2.828902       	2.82538        	2.829623       	2.829407       	2.8288336      	2.829304       	2.8279552      	2.829134       	2.8290966      	2.8300047      	2.8272657      	2.8278396      	2.8314667      	2.8277366      	2.828037       	2.8284967      	2.827153       	2.8289309      	2.82861        	2.8280747      	2.8278174      	2.829317       	2.8296127      	2.8289518      	2.8284163      	2.8301253      	2.827551       	2.829157       	2.830229       	2.8265831      	2.826254       	2.8284516      	2.828764       	2.828221       	2.8285236      	2.8267295      	2.8262734      	2.829044       	2.8291187      	2.830117       	2.8286963      	2.8325598      	2.8280103      	2.828535       	2.8305526      	2.825941       	2.8277063      	2.826838       	2.8266792      	2.828247       	2.8282726      	2.8305783      	2.8274293      	2.8276775      	2.8285542      	2.828214       	2.8282883      	2.8266687      	2.8273308      	2.8297522      	
2.827732       	2.826188       	2.829539       	2.8289351      	2.8290613      	2.8296337      	2.82667        	2.8289173      	2.8292289      	2.8288803      	2.8257575      	2.8281376      	2.8262045      	2.829071       	2.8280962      	2.8278246      	2.8296912      	2.8293128      	2.8302388      	2.82909        	2.829096       	2.827695       	2.8279994      	2.8298917      	2.8261545      	2.8309422      	2.8264165      	2.8267446      	2.8298376      	2.8304846      	2.8290951      	2.828711       	2.8283286      	2.8286014      	2.8272295      	2.8280501      	2.828907       	2.8299892      	2.8283362      	2.8288496      	2.8285375      	2.828707       	2.831928       	2.8293955      	2.8282306      	2.8306088      	2.8279862      	2.8292038      	2.8278344      	2.8277824      	2.8286977      	2.8274598      	2.8282294      	2.8281581      	2.8279321      	2.8280535      	2.8300912      	2.8294368      	2.8294659      	2.8299398      	2.8304863      	2.8285217      	2.8294194      	2.8294642      	2.8270292      	2.8279428      	2.8286855      	2.8274357      	2.8276603      	2.82717        	2.829293       	2.8253186      	2.829286       	2.8280396      	2.8279922      	2.8266537      	2.8284078      	2.8292265      	2.8274593      	2.8266964      	2.828848       	2.829177       	2.8295321      	2.830126       	2.828948       	2.8286557      	2.8287492      	2.8300467      	2.827343       	2.8294091      	2.830269       	2.8295784      	2.82824        	2.829227       	2.8289223      	2.8284883      	2.8269289      	2.829112       	2.828782       	2.8295643      	
2.8281703      	2.8279798      	2.8296013      	2.8282921      	2.8288932      	2.8299072      	2.828754       	2.8272734      	2.8298075      	2.8286397      	2.8294964      	2.8281918      	2.8267422      	2.8280866      	2.8269172      	2.8297544      	2.826294       	2.8292572      	2.8314126      	2.8278239      	2.8269727      	2.8286192      	2.828319       	2.8279414      	2.8277187      	2.8302722      	2.8288097      	2.8285532      	2.8292809      	2.8280807      	2.8298788      	2.8281515      	2.829384       	2.8286858      	2.8300173      	2.8290405      	2.8282886      	2.82658        	2.8276122      	2.8274715      	2.829673       	2.829984       	2.8298926      	2.829358       	2.8270607      	2.8283567      	2.8284132      	2.8296008      	2.8297045      	2.8281574      	2.8282022      	2.8278334      	2.8277779      	2.8287795      	2.8282006      	2.8283708      	2.8281572      	2.827542       	2.8278508      	2.827092       	2.8270454      	2.830657       	2.8269434      	2.82981        	2.8292134      	2.8296618      	2.830278       	2.8305066      	2.8295178      	2.8292105      	2.83146        	2.8303716      	2.8303523      	2.8263342      	2.827952       	2.8271575      	2.8311965      	2.8292546      	2.8289003      	2.828386       	2.8289666      	2.8277655      	2.8287964      	2.8303976      	2.8288746      	2.829362       	2.831331       	2.826758       	2.827631       	2.8268008      	2.828564       	2.829674       	2.8305984      	2.8290882      	2.8269238      	2.8296635      	2.827731       	2.8274784      	2.8281746      	2.8268712      	
2.8291445      	2.8279173      	2.8262682      	2.8286705      	2.8301606      	2.8284426      	2.8292804      	2.8286         	2.8281388      	2.82771        	2.827397       	2.827919       	2.8267         	2.8283217      	2.8280008      	2.8270295      	2.8285134      	2.8314183      	2.827943       	2.82923        	2.8295743      	2.82794        	2.8279483      	2.8271167      	2.8280902      	2.8277383      	2.8272433      	2.8277426      	2.8286355      	2.82815        	2.8277006      	2.8289084      	2.8299785      	2.8273757      	2.8317518      	2.8301919      	2.8270974      	2.828679       	2.8281455      	2.8285942      	2.8293483      	2.8264658      	2.8292472      	2.8288927      	2.8293774      	2.8291287      	2.8293939      	2.827358       	2.8266585      	2.8287246      	2.8293533      	2.8289144      	2.828782       	2.8274105      	2.8274517      	2.8298962      	2.8293045      	2.827649       	2.8279724      	2.8304827      	2.8260891      	2.827812       	2.827519       	2.8280795      	2.829341       	2.8260622      	2.8303478      	2.8293993      	2.8288474      	2.8301008      	2.828893       	2.8266175      	2.8290234      	2.8289464      	2.8284507      	2.8297904      	2.8290722      	2.829893       	2.8271408      	2.8293483      	2.8288171      	2.8273025      	2.828232       	2.8276126      	2.8285422      	2.8308768      	2.8287988      	2.8289533      	2.8286338      	2.8287153      	2.8290236      	2.8284342      	2.8274379      	2.8288283      	2.8281868      	2.826731       	2.8287466      	2.8282292      	2.8277502      	2.8275666      	
2.8294606      	2.8266566      	2.827127       	2.8293893      	2.828404       	2.8298564      	2.8265443      	2.8291273      	2.8295197      	2.8275094      	2.8282027      	2.8282657      	2.828073       	2.8279421      	2.82905        	2.8276486      	2.8291986      	2.8270373      	2.8304698      	2.8274825      	2.8287544      	2.830192       	2.830404       	2.8292584      	2.8277519      	2.828649       	2.8298838      	2.827274       	2.8310893      	2.827338       	2.829463       	2.8279283      	2.828998       	2.8289948      	2.8290687      	2.8285565      	2.8298213      	2.8265877      	2.8288374      	2.8261826      	2.829028       	2.829087       	2.8277254      	2.8293078      	2.8291285      	2.8302171      	2.8281944      	2.8281841      	2.8303623      	2.830445       	2.82917        	2.8287613      	2.8282397      	2.8271701      	2.8281033      	2.8260872      	2.8290188      	2.8287702      	2.826829       	2.8262625      	2.8285418      	2.8292506      	2.8289084      	2.8260884      	2.8283849      	2.8250213      	2.8259168      	2.8263688      	2.8279026      	2.8282766      	2.8312914      	2.8300934      	2.825427       	2.8278744      	2.828537       	2.8267214      	2.8284233      	2.8288386      	2.8294532      	2.8275661      	2.8259318      	2.832043       	2.8273463      	2.8291564      	2.8289204      	2.831215       	2.827551       	2.8279605      	2.829883       	2.8270335      	2.8306189      	2.8305664      	2.8297176      	2.8277965      	2.8277974      	2.8259544      	2.8273785      	2.8276443      	2.8279574      	2.82946        	
2.827549       	2.829876       	2.8278878      	2.8289578      	2.829399       	2.8315725      	2.8285644      	2.8278203      	2.82943        	2.8291662      	2.8297994      	2.828299       	2.8287659      	2.8307898      	2.8276362      	2.8290856      	2.828924       	2.8270955      	2.8295815      	2.8272614      	2.8289804      	2.8281975      	2.8294506      	2.8266432      	2.8280687      	2.8292825      	2.8275666      	2.8279963      	2.828777       	2.828377       	2.8289204      	2.829809       	2.8293931      	2.8279166      	2.8294501      	2.8271835      	2.8273757      	2.829568       	2.8295789      	2.8278687      	2.8305225      	2.8295283      	2.8302774      	2.8270402      	2.8261306      	2.8307054      	2.8277268      	2.827616       	2.829577       	2.8305123      	2.8288624      	2.8295562      	2.8299086      	2.8286278      	2.8271012      	2.8301816      	2.8286035      	2.8287504      	2.8275642      	2.827799       	2.829398       	2.827063       	2.828288       	2.8269625      	2.828195       	2.8255618      	2.8277879      	2.8272336      	2.831036       	2.8294065      	2.8292115      	2.8276284      	2.828042       	2.8277543      	2.8288074      	2.8277912      	2.82873        	2.8283331      	2.8266544      	2.827498       	2.826161       	2.8298645      	2.829856       	2.82739        	2.8275442      	2.8294907      	2.8301797      	2.8300195      	2.8296626      	2.8284667      	2.828574       	2.8282907      	2.829297       	2.8283384      	2.8269606      	2.8260443      	2.8288772      	2.8291         	2.8276818      	2.8272421      	
2.828085       	2.8270097      	2.8284252      	2.829162       	2.8270648      	2.8287709      	2.8284576      	2.8278024      	2.829226       	2.8276203      	2.827442       	2.8280196      	2.8273532      	2.8298888      	2.8280566      	2.8294587      	2.8264985      	2.8273625      	2.826708       	2.8301592      	2.8303645      	2.8296049      	2.827847       	2.8297915      	2.8280988      	2.8282316      	2.8302782      	2.827225       	2.8287132      	2.8281615      	2.82874        	2.828403       	2.8287885      	2.8268278      	2.828712       	2.828645       	2.8290453      	2.8282976      	2.8299134      	2.828845       	2.8297052      	2.827925       	2.8274364      	2.829843       	2.8289518      	2.829237       	2.8300605      	2.8259053      	2.8270237      	2.8322296      	2.827955       	2.8252053      	2.8268003      	2.8299575      	2.8306348      	2.8283057      	2.827736       	2.8276157      	2.828676       	2.828301       	2.8274982      	2.8250337      	2.8310914      	2.8291156      	2.8273103      	2.8264177      	2.8307266      	2.829595       	2.8272882      	2.8294053      	2.826864       	2.82791        	2.8275394      	2.824109       	2.8289576      	2.8287728      	2.828707       	2.8280473      	2.8270414      	2.8292754      	2.8291938      	2.8288052      	2.8293085      	2.8274944      	2.8286602      	2.8269317      	2.8303103      	2.8286319      	2.8287864      	2.8290558      	2.8286176      	2.8292968      	2.8295102      	2.8278232      	2.82795        	2.8279958      	2.8287776      	2.827478       	2.8294303      	2.8301437      	
2.8282516      	2.827354       	2.8295174      	2.8287413      	2.830371       	2.8289635      	2.828339       	2.829867       	2.8290372      	2.8295603      	2.826256       	2.8283567      	2.8275208      	2.8299448      	2.8290155      	2.8278317      	2.8297772      	2.8299031      	2.8293183      	2.826867       	2.829764       	2.8277984      	2.8272276      	2.8287916      	2.8281069      	2.8269777      	2.8294175      	2.8285897      	2.8288047      	2.8302765      	2.82917        	2.8274329      	2.8276844      	2.82791        	2.8292503      	2.827767       	2.8278766      	2.8266892      	2.827631       	2.8279324      	2.8303032      	2.8267293      	2.8275867      	2.8266172      	2.8306544      	2.830331       	2.8286567      	2.8267107      	2.8286045      	2.8250868      	2.8281875      	2.8290727      	2.8295093      	2.8269486      	2.8290093      	2.8301156      	2.827002       	2.8275306      	2.828895       	2.828627       	2.8270445      	2.8306465      	2.8275802      	2.829094       	2.8284817      	2.8296177      	2.8278918      	2.828526       	2.8269465      	2.829145       	2.8300688      	2.8266385      	2.8298314      	2.8296578      	2.8288245      	2.824112       	2.8266327      	2.8268485      	2.829414       	2.8284936      	2.8277981      	2.8288872      	2.826969       	2.8269043      	2.8287468      	2.829366       	2.829382       	2.8265328      	2.8260634      	2.8289626      	2.8280222      	2.829302       	2.8284717      	2.829483       	2.827739       	2.8277173      	2.829688       	2.8287323      	2.8282926      	2.8276868      	
2.829047       	2.8259015      	2.830393       	2.8289561      	2.8289144      	2.827722       	2.8291793      	2.8298254      	2.8241842      	2.828752       	2.8293464      	2.8274908      	2.8274379      	2.8279202      	2.8283665      	2.8252602      	2.8269467      	2.826226       	2.8275404      	2.8269148      	2.826917       	2.8267512      	2.8280537      	2.8283706      	2.8284929      	2.8278844      	2.8280094      	2.8277674      	2.828817       	2.8304012      	2.82614        	2.8293734      	2.8277636      	2.8286517      	2.830715       	2.8280208      	2.8272958      	2.8283076      	2.8278637      	2.8269417      	2.8276026      	2.8283525      	2.8285418      	2.8277478      	2.828529       	2.826947       	2.8290646      	2.8263998      	2.8308604      	2.8295748      	2.8279433      	2.8291476      	2.8281438      	2.8295262      	2.8292248      	2.8292632      	2.827978       	2.8272657      	2.8265004      	2.8282354      	2.8284063      	2.8285754      	2.829738       	2.8283184      	2.8284168      	2.8289137      	2.831185       	2.8268516      	2.8277574      	2.828784       	2.8307683      	2.8273938      	2.8251576      	2.8270013      	2.827075       	2.830458       	2.8297613      	2.8260534      	2.8292727      	2.8299751      	2.8286612      	2.8270628      	2.8286548      	2.827948       	2.8278937      	2.828368       	2.8300843      	2.8297687      	2.8282266      	2.8265803      	2.8296976      	2.8281858      	2.8276677      	2.8288445      	2.8286831      	2.8280206      	2.8288293      	2.829219       	2.8285763      	2.8289726      	
2.8278399      	2.8266006      	2.8270054      	2.8288977      	2.8299534      	2.827266       	2.8293834      	2.8259594      	2.8300521      	2.828022       	2.8284516      	2.8298903      	2.8287697      	2.8274846      	2.8278546      	2.8288481      	2.8296578      	2.829232       	2.8293266      	2.826772       	2.827938       	2.825603       	2.8271737      	2.8287585      	2.828847       	2.8266404      	2.8291187      	2.8309953      	2.826364       	2.826479       	2.827297       	2.8282325      	2.8280413      	2.8273315      	2.8301046      	2.8276708      	2.8269749      	2.828093       	2.8265402      	2.8286743      	2.8248034      	2.8266556      	2.8272283      	2.8288298      	2.8304791      	2.8285081      	2.8282654      	2.8319578      	2.8275304      	2.828174       	2.8282475      	2.8271577      	2.8297803      	2.8295355      	2.8274202      	2.8286023      	2.8278422      	2.8290296      	2.8276024      	2.8270493      	2.829062       	2.8305206      	2.8301198      	2.828549       	2.8311186      	2.8282735      	2.8298807      	2.8289866      	2.8294687      	2.8284988      	2.8283315      	2.8306606      	2.8301787      	2.8283873      	2.8260944      	2.8269339      	2.828177       	2.8258147      	2.8265395      	2.827669       	2.8271928      	2.8301406      	2.8280015      	2.8288827      	2.8288863      	2.8275254      	2.8290324      	2.8275554      	2.8253741      	2.8281708      	2.8282874      	2.8290403      	2.829532       	2.8270154      	2.8281703      	2.8280425      	2.8277378      	2.8286147      	2.828913       	2.8282936      	
2.8275669      	2.828802       	2.828674       	2.8302605      	2.8281054      	2.8288488      	2.8289976      	2.8256817      	2.8265073      	2.8283904      	2.8288019      	2.8279123      	2.8289456      	2.8272202      	2.828029       	2.826702       	2.827891       	2.826877       	2.8281174      	2.8301964      	2.8301415      	2.8269174      	2.8294244      	2.8313122      	2.8272014      	2.8287907      	2.8295772      	2.827952       	2.826799       	2.8276827      	2.8287525      	2.8270032      	2.8306265      	2.828457       	2.8294134      	2.8281386      	2.8278635      	2.8295946      	2.8286457      	2.8269362      	2.828893       	2.8297353      	2.83182        	2.8284197      	2.8288972      	2.830567       	2.8286045      	2.8263388      	2.8296733      	2.826367       	2.831021       	2.8299134      	2.8287237      	2.8280315      	2.831411       	2.8292408      	2.8259773      	2.8316994      	2.8295226      	2.8300529      	2.8295062      	2.8279881      	2.823122       	2.829428       	2.828556       	2.829948       	2.8281214      	2.8270123      	2.8278623      	2.8262954      	2.827634       	2.829812       	2.8293777      	2.8292015      	2.8307977      	2.827885       	2.8292391      	2.8292475      	2.8283474      	2.8300009      	2.8267999      	2.829075       	2.8257985      	2.826645       	2.8287983      	2.8278313      	2.826202       	2.8281188      	2.829947       	2.8301358      	2.8270302      	2.8263667      	2.8285954      	2.8292413      	2.8270035      	2.829335       	2.827506       	2.8288417      	2.8275387      	2.8265724      	
2.826973       	2.8294616      	2.8272974      	2.8278825      	2.826312       	2.826001       	2.8299875      	2.8285992      	2.8268547      	2.827299       	2.8299148      	2.830886       	2.8286483      	2.8289194      	2.82941        	2.8302922      	2.8299813      	2.828143       	2.8288808      	2.8305151      	2.8296711      	2.8274481      	2.830292       	2.83127        	2.8298922      	2.8284593      	2.827744       	2.8281512      	2.8297553      	2.8289328      	2.8279428      	2.8272705      	2.8296247      	2.8291037      	2.8297727      	2.8281965      	2.8266718      	2.8264666      	2.8289459      	2.8262792      	2.8275845      	2.8258762      	2.8283389      	2.8265214      	2.830027       	2.8271375      	2.8280795      	2.826338       	2.827937       	2.8297188      	2.8297362      	2.8286881      	2.8272185      	2.8271577      	2.8278646      	2.8278265      	2.8291996      	2.8251996      	2.8271728      	2.8279324      	2.8270965      	2.8286152      	2.829268       	2.8270602      	2.8283393      	2.8307767      	2.8284361      	2.8269565      	2.829952       	2.8270514      	2.8282118      	2.827584       	2.8296087      	2.82785        	2.8267055      	2.8266916      	2.8308525      	2.8277354      	2.8300242      	2.828364       	2.827494       	2.830212       	2.8280802      	2.8256774      	2.827022       	2.8249724      	2.8299208      	2.8290608      	2.82839        	2.8274472      	2.8265676      	2.8279214      	2.8277678      	2.8297129      	2.8278587      	2.82839        	2.8283932      	2.829875       	2.8286953      	2.8298218      	
2.828391       	2.8293662      	2.8274925      	2.826904       	2.829455       	2.8263257      	2.8269753      	2.8301566      	2.8294928      	2.8305664      	2.830492       	2.827254       	2.8324418      	2.8295848      	2.8281932      	2.8285081      	2.8310525      	2.8294883      	2.8276644      	2.8305764      	2.8299189      	2.828183       	2.8256114      	2.8299692      	2.8301013      	2.8290012      	2.8282037      	2.8276935      	2.8286972      	2.8276572      	2.827116       	2.8270922      	2.8291464      	2.8278809      	2.8287055      	2.8288727      	2.8291001      	2.8280132      	2.8312488      	2.8281884      	2.8304331      	2.8313847      	2.8305151      	2.8288872      	2.8299599      	2.8272688      	2.8284502      	2.8272712      	2.8286302      	2.8289008      	2.8272908      	2.8262908      	2.8285832      	2.8300722      	2.8284702      	2.8289196      	2.829394       	2.8287878      	2.8305929      	2.826611       	2.8260891      	2.826484       	2.8285897      	2.828369       	2.8259783      	2.8294728      	2.8292098      	2.8270042      	2.828063       	2.825711       	2.8273392      	2.8285244      	2.827811       	2.8278615      	2.8298237      	2.8294766      	2.8295393      	2.8267586      	2.8287868      	2.8277318      	2.8290205      	2.8302937      	2.8286405      	2.8289986      	2.8278933      	2.8276958      	2.8284373      	2.8294287      	2.8296926      	2.8295815      	2.8275082      	2.8305986      	2.8295557      	2.8291104      	2.8283143      	2.8281617      	2.8269484      	2.8290772      	2.8292356      	2.8274803      	
2.8286588      	2.8287852      	2.8292406      	2.828071       	2.8293126      	2.8289707      	2.829091       	2.8320026      	2.8284953      	2.8265936      	2.828356       	2.8293765      	2.830286       	2.8290145      	2.8298776      	2.8292441      	2.8309257      	2.8280554      	2.8279073      	2.8270075      	2.8286643      	2.8288124      	2.831203       	2.8284929      	2.8272326      	2.8280997      	2.8286908      	2.8292985      	2.8276906      	2.829972       	2.8291368      	2.8289185      	2.8290431      	2.828292       	2.827505       	2.828878       	2.8301797      	2.8299806      	2.8289714      	2.8245695      	2.8297703      	2.8274436      	2.8287647      	2.8282118      	2.8298078      	2.82863        	2.8281047      	2.8278475      	2.8298557      	2.8269038      	2.8305695      	2.8289337      	2.8297477      	2.8272486      	2.8296094      	2.829203       	2.8276665      	2.830399       	2.829546       	2.8279083      	2.8263493      	2.8310165      	2.8280118      	2.8257632      	2.8272457      	2.8279057      	2.8271527      	2.827373       	2.826796       	2.82873        	2.8291547      	2.8269622      	2.826274       	2.830426       	2.8295963      	2.8309743      	2.8284326      	2.8297546      	2.8273864      	2.8295393      	2.8293746      	2.829188       	2.8286996      	2.8284645      	2.8291838      	2.8297305      	2.8264174      	2.8295362      	2.8250437      	2.8272803      	2.8300414      	2.826788       	2.8291864      	2.828979       	2.8302848      	2.8291893      	2.8281968      	2.8275824      	2.8279407      	2.8288805      	
2.8266726      	2.8302584      	2.8280814      	2.829342       	2.8306859      	2.8279347      	2.8260024      	2.8313954      	2.8260803      	2.8310297      	2.8268018      	2.8297367      	2.827498       	2.8304305      	2.828874       	2.8264034      	2.8282933      	2.829145       	2.8261697      	2.8299582      	2.8279579      	2.8263187      	2.828792       	2.8301015      	2.826401       	2.8293912      	2.8283238      	2.8263302      	2.8266225      	2.8302512      	2.8281922      	2.827474       	2.8277526      	2.8312092      	2.8280423      	2.8280728      	2.826484       	2.8281505      	2.8277688      	2.825543       	2.8298957      	2.8285842      	2.8284853      	2.8278146      	2.8291802      	2.8298552      	2.8295884      	2.8266313      	2.829246       	2.8306582      	2.8300276      	2.8327513      	2.8300104      	2.8295286      	2.8276663      	2.8307652      	2.8279877      	2.8260279      	2.829648       	2.828716       	2.8304284      	2.8312597      	2.8289683      	2.8268483      	2.8306468      	2.8265316      	2.8293777      	2.8273103      	2.8315601      	2.8261194      	2.8279254      	2.826284       	2.826467       	2.8286126      	2.8305895      	2.8285918      	2.8291857      	2.830349       	2.8280869      	2.8278887      	2.829684       	2.8242693      	2.8268843      	2.8274374      	2.826827       	2.8277         	2.8285594      	2.827373       	2.8296027      	2.8285363      	2.8270905      	2.8281784      	2.8288116      	2.8272471      	2.827275       	2.8258364      	2.8295393      	2.8294382      	2.8287387      	2.828798       	
2.82776        	2.828683       	2.827437       	2.8286304      	2.8283205      	2.8330297      	2.8285127      	2.8288233      	2.8287783      	2.8273463      	2.8271894      	2.8308272      	2.8273244      	2.8271854      	2.8303492      	2.8297129      	2.8280735      	2.8296998      	2.8295374      	2.827884       	2.8277955      	2.8289585      	2.8290207      	2.8316188      	2.8292208      	2.8282113      	2.8282585      	2.8294106      	2.828239       	2.8275347      	2.8270066      	2.8261313      	2.8276362      	2.8283348      	2.828469       	2.8292477      	2.827071       	2.8294928      	2.8277497      	2.826189       	2.8290992      	2.8281467      	2.8287065      	2.8275142      	2.827471       	2.8264158      	2.831152       	2.828719       	2.829081       	2.8306952      	2.8293517      	2.8294013      	2.8271852      	2.8282824      	2.8295534      	2.8282044      	2.8312783      	2.8277676      	2.8287816      	2.829363       	2.8302064      	2.8255527      	2.828962       	2.8289413      	2.8310702      	2.8281765      	2.8288243      	2.8282151      	2.8295343      	2.828944       	2.8281054      	2.8287718      	2.8300042      	2.827257       	2.828668       	2.827001       	2.8291497      	2.8278995      	2.8290958      	2.8293664      	2.8270762      	2.8292873      	2.8312178      	2.8278666      	2.8302352      	2.8282661      	2.8281598      	2.827315       	2.827314       	2.828402       	2.830347       	2.828765       	2.8289075      	2.8280373      	2.8281436      	2.8291013      	2.8270879      	2.8255484      	2.8274395      	2.829081       	
2.8320456      	2.8300233      	2.8251534      	2.8298354      	2.82685        	2.828393       	2.8295505      	2.8276136      	2.8303633      	2.8272858      	2.8295784      	2.8296814      	2.825973       	2.825781       	2.8282585      	2.827663       	2.8303595      	2.8305874      	2.8290415      	2.828794       	2.8298602      	2.8273125      	2.8291945      	2.8287697      	2.8296585      	2.8268209      	2.8272877      	2.8275537      	2.8270624      	2.8283265      	2.8277137      	2.8276641      	2.8303785      	2.8291798      	2.827366       	2.8308167      	2.8279898      	2.8291583      	2.827291       	2.826805       	2.8300688      	2.8289242      	2.8270452      	2.8295097      	2.8287191      	2.828013       	2.828829       	2.8265867      	2.8277955      	2.8273497      	2.8273394      	2.8294494      	2.8287606      	2.829013       	2.8269348      	2.8288665      	2.8295252      	2.8294055      	2.8280525      	2.8267138      	2.827041       	2.8282773      	2.830971       	2.8255157      	2.8263233      	2.8261359      	2.8264124      	2.8280692      	2.8291655      	2.8293169      	2.8268862      	2.830024       	2.8288531      	2.8286254      	2.8257082      	2.8273623      	2.831751       	2.8276267      	2.830657       	2.826044       	2.8282661      	2.827882       	2.8297927      	2.830562       	2.8292377      	2.8257258      	2.8289948      	2.8255975      	2.8299944      	2.8290818      	2.8272357      	2.8301895      	2.8287401      	2.826273       	2.8291445      	2.8289337      	2.8312426      	2.8309379      	2.829555       	2.8283653      	
2.8280354      	2.8293         	2.8269818      	2.8307602      	2.828464       	2.8261392      	2.827967       	2.828087       	2.8300364      	2.8292537      	2.829869       	2.829832       	2.8276815      	2.8255548      	2.8292685      	2.829078       	2.8272536      	2.8266113      	2.8261793      	2.8258615      	2.827476       	2.8280432      	2.826291       	2.8298266      	2.827143       	2.8289688      	2.8273652      	2.829012       	2.8308322      	2.828487       	2.8282173      	2.8287928      	2.8282554      	2.8270535      	2.8269968      	2.8278859      	2.828676       	2.8294828      	2.8308387      	2.8275034      	2.8278937      	2.8266678      	2.830125       	2.8274922      	2.8256454      	2.8261836      	2.8306973      	2.8305533      	2.8301687      	2.829831       	2.8274598      	2.8262234      	2.828908       	2.8285396      	2.8253684      	2.828699       	2.829093       	2.8289485      	2.829899       	2.8271866      	2.8265111      	2.829699       	2.8266928      	2.8278887      	2.8286312      	2.8326457      	2.828376       	2.8277009      	2.8253176      	2.8293524      	2.8306727      	2.8273487      	2.8276513      	2.8284419      	2.828823       	2.829903       	2.830226       	2.8281338      	2.829235       	2.8299537      	2.829363       	2.8286226      	2.8260777      	2.8297822      	2.8263392      	2.827443       	2.8274255      	2.8290296      	2.8286207      	2.830146       	2.8291373      	2.8308597      	2.8296862      	2.8290706      	2.8288736      	2.827891       	2.8277664      	2.8268335      	2.827864       	2.829107       	
