# www.neaspec.com
# Scan:	 	AFM
# Project:	 	20251007_PS
# Description:	 	
# Date:	 	10/07/2025 10:43:47
# Scanner Center Position (X, Y):	[µm]	49.99	50.01	 
# Rotation:	[°]	0	 	 
# Scan Area (X, Y, Z):	[µm]	5.000	5.000	0.000
# Pixel Area (X, Y, Z):	[px]	100	50	1
# Averaging:	 	1	 	 
# Integration time:	[ms]	5	 	 
# Laser Source:	 	4.5-15 µm nano-FTIR laser
# Detector:	 	R
# Target Wavelength:	[µm]	7.502	 	 
# Demodulation Mode:	 	Fourier
# Tip Frequency:	[Hz]	241,340.500	 	 
# Tip Amplitude:	[mV]	45.700	 	 
# Tapping Amplitude:	[nm]	79.665	 	 
# Modulation Frequency:	[Hz]	0.000	 	 
# Modulation Amplitude:	[mV]	0.000	 	 
# Modulation Offset:	[mV]	0.000	 	 
# Setpoint:	[%]	79.75	 	 
# Regulator (P, I, D):	 	4.206850	8.625812	1.000000
# Tip Potential:	[mV]	0.000	 	 
# M1A Scaling:	[nm/V]	0.426	 	 
# M1A Cantilever Factor:	 	1,000	 	 
# Q-Factor:	 	487.4	 	 
# Version:	 	2.1.11536.0
2.7495217      	1.0147904      	0.7638341      	3.0547009      	1.8091921      	0.7582587      	1.7675571      	-3.0279546     	0.91534185     	-1.6707661     	0.26582503     	-1.6064874     	-2.495709      	-3.059231      	1.8093969      	-0.075475946   	2.0925465      	2.7427213      	-1.9243535     	2.6766565      	0.300317       	0.70325494     	0.7813304      	-2.4114523     	0.75301677     	1.8764199      	-0.98987037    	2.1543574      	1.81612        	3.0928528      	-1.8536873     	2.585468       	-0.28078115    	-0.5277651     	2.8603613      	1.4788927      	0.3311625      	-2.208005      	-2.8521647     	-2.1615748     	3.108392       	1.0815557      	-1.3655736     	1.5939686      	2.4867823      	2.3888164      	0.98928773     	-2.0415688     	2.4817567      	1.8644595      	-2.2745805     	2.537788       	-2.8644304     	2.0152032      	1.6460328      	-1.1717215     	-0.21873009    	2.7464526      	0.078811415    	-0.40870363    	-0.22576335    	-1.5503639     	0.4357427      	0.06414924     	2.838766       	-1.2411599     	0.8769269      	-0.23541173    	-1.7590892     	0.32720298     	2.2934651      	-0.9431411     	0.29814813     	0.84742546     	1.2093357      	2.842156       	0.5414558      	3.1167355      	-0.5314249     	-0.1779222     	-1.1475875     	-1.7198678     	2.819308       	0.07025334     	-0.12592255    	0.04132441     	0.2011052      	-1.2197877     	-2.7861574     	-0.98659307    	2.650244       	-2.233032      	-0.51250154    	3.0866349      	0.39564756     	2.3792353      	-0.83179694    	-1.1142355     	2.593468       	-1.9540452     	
1.1875535      	-0.15205292    	1.7414106      	2.8779125      	-1.9580877     	0.26899126     	1.7107518      	-1.7883936     	1.8259968      	-1.2898498     	-0.27946466    	2.7898953      	-0.7584706     	0.63409984     	-0.1321644     	-1.5095617     	-1.5633152     	2.5082197      	-1.977172      	1.7062858      	-0.33219627    	3.1051157      	-2.5244668     	-2.8461816     	0.55908597     	2.089685       	1.1925147      	-0.17872895    	1.8797232      	-0.47945783    	-1.5022144     	-1.9215802     	1.0842272      	3.0666924      	1.3463043      	1.4818394      	-2.659558      	-2.9555998     	2.6993062      	0.18504785     	1.9208674      	-0.45126575    	-2.3101308     	-0.52979434    	0.22571105     	2.6498098      	-1.3217598     	-2.3748999     	-2.983721      	0.22798826     	0.95993096     	-1.212164      	1.6080639      	-1.0318488     	-0.6633796     	0.28293064     	0.3097241      	0.7531959      	-0.20119669    	2.0622463      	-1.1569594     	1.3776407      	2.766357       	2.188981       	0.209657       	0.8093444      	-1.4558635     	0.66287017     	-2.601113      	-0.41132516    	-2.2202601     	-0.750509      	1.8337575      	-1.3115792     	1.3660669      	-0.79104924    	-0.5071091     	-1.0442603     	2.30346        	1.2512429      	-2.0115232     	-0.8146875     	-1.2688514     	1.3422452      	-0.1652266     	0.2613144      	2.9687843      	-0.36318734    	1.2735965      	2.2273898      	-2.2587857     	2.5089312      	-0.57089436    	-3.018155      	-1.6086818     	-3.0813222     	2.612066       	-0.78025097    	-0.52907366    	-0.107841484   	
-2.2492065     	-2.8086603     	1.9701566      	2.91077        	2.3945808      	-0.45514157    	1.7775059      	-1.4211849     	2.944102       	2.4834025      	0.43227476     	0.6819518      	0.095033154    	-1.2203048     	-1.5272565     	0.59695745     	-2.6479301     	2.2692685      	-0.65870094    	0.8831369      	1.823612       	-2.225874      	-2.7038603     	1.8918352      	-0.4997275     	-2.257649      	-1.6585625     	-0.9043452     	-1.5130641     	1.9810591      	2.8336797      	-1.665024      	-0.4062398     	-0.38081303    	-2.3737407     	-1.5750309     	-1.2831852     	-1.609871      	-1.87671       	-1.8651117     	-1.2742026     	-1.8343705     	1.0244594      	-2.929503      	-1.7158984     	-0.23736984    	-3.0455124     	-0.087239556   	2.1737986      	-2.6236258     	-2.975242      	-0.9001181     	1.0055236      	-0.7744673     	3.0379758      	-1.5023088     	-0.22144134    	1.7710581      	-2.204154      	1.0337576      	-2.3713546     	-1.5190502     	0.24580109     	-2.7329507     	-1.7883565     	-2.2102928     	-0.2566719     	-0.33342505    	0.7686639      	-1.5836716     	-1.4797995     	2.0898547      	1.0660052      	2.508663       	-1.4340965     	2.9965067      	-2.6968386     	1.724829       	1.5076957      	0.6123378      	2.636021       	0.13457958     	-1.5530146     	2.817968       	-3.0989802     	-0.24657747    	1.2574097      	0.16919318     	-1.5340823     	-2.3914819     	1.1778257      	-2.0003042     	-2.1205459     	1.29264        	-2.8500333     	0.17283353     	1.8256713      	1.5407826      	0.42535332     	-1.5535558     	
-1.8282416     	3.1247132      	0.08983306     	-2.6104286     	1.0249051      	1.0550675      	-2.2810707     	1.7448868      	0.4298106      	2.7635462      	-1.7134149     	0.68613774     	-2.254472      	-0.91772056    	1.651345       	2.6532326      	0.7934169      	1.4860065      	0.96366566     	-1.8022147     	-2.9631388     	1.825205       	-0.6379722     	-2.1540327     	0.88243395     	3.1126423      	-0.6296691     	2.4302263      	-0.40895674    	1.527551       	1.1329453      	0.7744395      	-0.39051726    	0.09492821     	2.2424204      	2.7189069      	-0.32084587    	1.3546946      	-2.0168939     	0.6432995      	2.7694507      	2.2871358      	0.44662148     	0.88427943     	0.40609908     	-2.2183402     	0.48788422     	2.6623592      	1.2175403      	-1.6302743     	-1.0912309     	-2.7613306     	2.2861176      	0.882215       	0.5777743      	0.4674678      	-2.112422      	-0.27178663    	-2.9922504     	-2.5301075     	-0.9905363     	-0.43049616    	2.657218       	-0.49959707    	-2.2949834     	-0.5161317     	-0.9949933     	-1.4608898     	0.5708115      	2.4164116      	-3.128559      	-0.03492631    	1.2872167      	0.8453484      	3.1307547      	3.0105226      	-1.9335375     	1.7015606      	-0.4683969     	-1.1462768     	2.8911002      	-0.88777024    	1.1851034      	0.759931       	1.967715       	1.8851591      	2.0182457      	-1.6195205     	-0.024857825   	-2.1652946     	2.3450036      	2.759429       	-1.5901219     	1.4030442      	-0.9919973     	-2.3118145     	-0.7227259     	0.26123983     	2.4878263      	0.15475146     	
-2.0496488     	-2.1007638     	1.007365       	-1.7874501     	-1.5624216     	0.99358886     	-0.7015549     	2.5571613      	-0.5794993     	-1.1363876     	1.5784534      	1.4954195      	1.4573178      	-2.5407786     	0.6519638      	1.6652117      	-0.7196797     	-0.4184608     	2.1541796      	1.6477095      	-1.3935772     	1.8028411      	2.2142055      	0.43737072     	-1.8158921     	-2.6411433     	3.0870683      	0.06013367     	2.6313114      	-1.9835845     	3.0733082      	2.1243916      	2.4250438      	-1.5331041     	-3.03028       	-1.8927039     	-1.1609967     	-0.018735724   	3.0727713      	1.4761776      	0.7124295      	-0.1744056     	0.28253713     	1.1930254      	-0.21518946    	-1.9505771     	0.33036762     	-0.97322845    	0.3493354      	0.8748864      	-0.4860448     	0.0074961614   	0.034489516    	3.0236754      	0.28263947     	3.1367822      	0.9851167      	-2.3148363     	0.16401118     	-1.2974        	1.9291254      	-2.2235355     	-1.1046779     	0.62849754     	-0.079738215   	-1.5982548     	1.529386       	0.95580703     	-0.720235      	-0.30793214    	-0.36481452    	-1.8156316     	0.28819922     	0.24576004     	2.1873193      	3.001789       	2.7192264      	3.0658436      	0.5746825      	-2.9714048     	2.7455025      	-0.090453506   	3.1304913      	0.36805493     	2.2557843      	1.3363949      	1.0972191      	2.2087593      	0.041025307    	-1.1777153     	0.3371715      	0.019581696    	2.518795       	-1.4581598     	0.15420724     	1.4461149      	-0.93616897    	1.3160276      	1.0862269      	0.60393155     	
2.19956        	-2.7300043     	-0.85738105    	0.8027088      	0.14526363     	-1.7868408     	-2.7425756     	2.6172044      	1.3129315      	2.4592066      	-1.982724      	-2.909566      	1.4775398      	-0.7423116     	0.18121742     	2.6982803      	-2.8593283     	3.0355134      	2.0651083      	0.8140112      	1.4539517      	2.1033626      	-2.8167758     	-1.2251515     	-2.3943052     	-2.5649629     	1.4780684      	1.1808996      	2.2274232      	-1.3999488     	2.5059357      	-1.355738      	0.6641257      	-0.11624694    	-2.5193968     	0.7089073      	2.47935        	1.882532       	1.4519701      	-0.19167633    	-1.0608854     	1.1719806      	1.4068235      	-0.74628586    	2.7225916      	-0.0476688     	-2.600686      	-2.7215283     	0.35072505     	-0.7835604     	0.9116213      	0.016170427    	-0.76368356    	0.9601503      	-2.937806      	-0.18731742    	0.28826162     	3.0095136      	0.40057576     	-0.75097305    	-2.9175906     	-0.6951394     	1.2961         	-0.24505602    	-2.2716837     	0.7470509      	-0.8794902     	-1.5974439     	-0.5940423     	2.4356384      	1.0790204      	-0.17036273    	2.2638807      	-0.14542383    	-1.9092598     	2.4599395      	0.27402472     	0.039001018    	-1.6734188     	0.24091005     	1.0529792      	-0.23250307    	-0.16779141    	3.0859296      	0.75414157     	2.1975074      	2.0126045      	1.0055125      	2.8906279      	0.7009278      	-0.3268246     	2.1710958      	2.306943       	-0.22691575    	-2.6621203     	0.2858119      	2.343565       	0.93364257     	1.5174699      	0.18321583     	
-1.117794      	1.2725976      	1.110921       	1.5430048      	-1.5611563     	-0.25268993    	0.508743       	-0.21148337    	-2.4830003     	0.54297537     	2.2073107      	0.90051514     	-0.9006056     	-1.6739479     	-2.1409645     	2.072589       	2.6003017      	-1.5629159     	1.6286002      	-3.0040505     	-1.1167516     	0.5762905      	-0.6198312     	1.9678302      	0.4044152      	-1.0030864     	-0.0016276358  	-0.56456864    	2.6018085      	-1.6426402     	-1.2770904     	-2.6328619     	-0.89969975    	-0.9919739     	2.7051048      	-0.67289686    	-3.0755737     	-0.15294054    	0.16689199     	1.8661315      	3.0806508      	2.6257281      	-0.28433213    	-1.6933955     	-0.759565      	-3.042081      	0.18245625     	2.9663146      	3.0109148      	3.0779052      	-1.7655042     	-2.9533362     	2.4180348      	-0.9834202     	2.7950397      	1.8630179      	-0.016308002   	-0.27348098    	-0.13872987    	3.0344985      	2.5120947      	2.4882379      	-1.0202006     	0.43444645     	2.0009527      	-0.79822814    	-1.7169913     	2.401018       	-2.635231      	-2.473078      	3.04208        	0.83398414     	2.961601       	0.0679532      	0.41772425     	0.5727323      	-1.1503356     	-0.23527335    	1.573334       	3.0627         	-2.9600768     	-0.01629722    	-0.20522982    	-1.0252533     	3.0301082      	2.0184684      	1.8160224      	-0.15828927    	1.1437314      	0.9181854      	2.3538897      	-2.10922       	-1.0787262     	-1.9768164     	2.5726638      	0.26230827     	-1.2452297     	2.4398417      	1.6342691      	2.2621372      	
-2.5924454     	1.4991231      	-1.4995477     	0.49945855     	-1.4400827     	-0.33317426    	1.5370028      	-2.989625      	-1.5039754     	3.0178497      	-0.94606274    	-2.1850932     	-0.14041756    	0.2282123      	-0.3085426     	-1.5636523     	-2.2378473     	2.9936383      	-3.0578957     	2.3581028      	-2.2927506     	2.574401       	2.193737       	0.531427       	1.6482841      	-1.4429758     	-2.1210768     	0.9576461      	2.4510305      	-1.7120601     	-0.12970425    	2.982935       	2.4881306      	-2.6627135     	0.034650482    	-3.0371907     	0.020349579    	3.049328       	2.774153       	0.36173424     	-3.1249201     	-0.46617222    	3.0437202      	1.6925813      	0.920052       	-2.1047206     	-1.3343844     	-1.9549891     	-0.70900345    	0.9239933      	-0.97792697    	1.9342724      	3.0628102      	-1.9062575     	-2.8895264     	-1.1268178     	2.8114254      	-1.2331158     	-2.6104488     	-0.20625488    	3.0478373      	2.4621356      	2.7217467      	2.5330029      	1.7051632      	2.54179        	-0.55058366    	0.58733666     	-1.9965503     	-1.2868526     	-3.1114051     	-0.77657104    	2.2733288      	-2.7095819     	1.1381531      	-1.8501273     	0.46379343     	-0.98986983    	-0.20076293    	-1.112436      	-1.24246       	-0.46011838    	0.08011135     	-0.6544373     	3.1290238      	0.34501332     	-1.0609287     	-1.7582258     	0.43029442     	1.2259723      	-0.18904015    	-0.7235495     	-0.7779495     	0.26712307     	0.46103755     	2.2291567      	-2.8046982     	2.8288326      	2.6558454      	-2.315722      	
0.040340196    	-0.49703538    	-1.6280092     	-1.7999569     	0.4467859      	1.3733948      	0.31943086     	-1.8108836     	-1.0483062     	0.61526597     	2.3189082      	1.0007908      	-0.44814587    	0.61261034     	0.65130687     	2.2712553      	0.3794819      	-1.5664452     	0.3010896      	1.4449195      	1.361666       	1.473968       	1.8402448      	1.2122359      	1.491319       	0.00064531196  	-0.12483274    	2.080599       	0.34125385     	2.5876713      	2.4936247      	0.5680756      	2.6561153      	3.0065408      	-1.4212444     	-3.069565      	-1.2231591     	-2.4920897     	-2.5770814     	-0.19619451    	-2.7332785     	2.6808147      	-2.41969       	-3.0221844     	-1.4946969     	-1.7736031     	0.14965388     	-1.0779433     	-2.4536705     	-1.5304412     	2.2910771      	0.8002618      	2.3952184      	2.3348825      	2.4096024      	-1.2406768     	1.8087872      	-1.6338385     	-2.8820179     	-0.12608011    	-0.14261033    	3.0357912      	-2.3690004     	1.3030329      	2.2309852      	2.2700906      	-2.9871826     	1.2629246      	-0.3338388     	2.4767518      	-1.767806      	-2.9542131     	2.868112       	2.5345535      	-2.757778      	-2.999912      	-0.14977396    	1.4525709      	0.22680044     	2.624485       	0.7117415      	1.254715       	-2.288249      	-0.15918651    	2.6206167      	2.8724673      	1.160776       	-2.736168      	2.1388497      	1.8638109      	-2.4029932     	-1.9340861     	1.7891825      	-2.1863172     	1.5627711      	1.4346248      	0.53858256     	0.29965657     	2.255508       	1.239453       	
2.3153172      	1.6333866      	-1.1728816     	3.00458        	2.160603       	-2.2698464     	2.061894       	2.752934       	-0.99380934    	1.7428803      	0.8010693      	0.73080444     	-1.7781032     	2.4227586      	2.7632685      	-0.23414516    	1.1507097      	-0.26456916    	0.66578543     	-1.5926237     	1.2512412      	-2.260825      	-3.0551317     	0.41975117     	-0.14805321    	-2.9481905     	3.0344343      	2.4093082      	1.0135887      	-3.015238      	-2.485748      	-0.27149454    	-1.3052379     	2.7194343      	-2.611815      	-2.0798626     	2.124557       	1.0879806      	-0.51119196    	-2.2086935     	-0.6457714     	2.1536446      	-0.44037396    	-3.1315432     	-2.3216186     	0.31432316     	-0.6374383     	0.13591765     	1.6989037      	2.1594021      	0.90256613     	0.7176543      	-0.9061656     	0.7312103      	-1.7614977     	-1.9757377     	-0.7083973     	2.5538704      	0.83666205     	2.6636767      	-0.049734227   	-2.7778494     	2.4720325      	0.7680179      	-2.5572703     	-1.1605657     	-3.0503907     	-1.8174788     	1.1267451      	2.4908817      	2.7018948      	-0.30408606    	0.8071463      	2.5307684      	3.1071572      	0.9539775      	-2.8658128     	-2.6233435     	0.3061532      	-1.2909329     	0.27503595     	-1.0911808     	-0.43577728    	-0.051419783   	3.0583704      	2.98203        	-0.07072625    	1.0050733      	1.3907351      	-2.509632      	1.6237192      	-2.2891316     	2.7257075      	-0.66240203    	-2.0248837     	-2.9011233     	-0.6921434     	-0.252439      	-0.0874848     	0.3489399      	
-2.039897      	-2.0879161     	0.9144349      	-0.35871354    	2.0926988      	1.9462537      	-1.5576463     	-0.6540958     	-1.8273865     	2.210434       	1.297319       	1.826922       	2.5945256      	-0.70213       	1.999693       	-1.354585      	0.024651892    	3.0381644      	1.7974924      	2.1338532      	-2.8674383     	0.18781641     	2.8790953      	-1.0838872     	-2.9981258     	2.1503215      	0.7034193      	-0.4926528     	2.399989       	-0.31607935    	-1.3390657     	-1.6371492     	-2.037229      	2.714645       	2.3640237      	1.3593442      	-2.7600815     	-0.016490094   	-0.6337353     	-2.8612978     	3.1380897      	-3.0175142     	0.83282924     	0.38537446     	-1.9732133     	-1.5078285     	1.4777257      	0.31994388     	-2.4898334     	-0.8566683     	-0.08145749    	1.2177544      	-2.4316614     	0.5399333      	-1.9051949     	1.9894229      	-1.3373256     	-1.502544      	1.0665772      	-0.59530085    	-0.063463174   	-0.075667225   	-3.0907376     	2.17917        	-2.057064      	1.6994889      	2.7484534      	-0.6960246     	0.80038846     	-0.29956043    	2.2512884      	0.042495266    	-2.822424      	-0.09696881    	-1.6512592     	-0.2654213     	0.9018219      	2.4905827      	-1.5850427     	2.754268       	2.0344503      	-0.73226774    	1.5411675      	-1.8749319     	-0.056124523   	-2.0208254     	-3.0809188     	2.4321957      	0.9329953      	-1.6965791     	2.3059773      	2.5394125      	1.9748707      	-2.5186784     	-1.1462755     	2.5506592      	1.5476642      	-0.4816747     	-2.9691782     	-2.3827999     	
-1.2893507     	1.4084287      	2.733385       	1.226521       	-2.9953804     	-1.8582343     	2.661052       	1.6992824      	-0.13925654    	-0.45216107    	2.4515705      	2.9592328      	-1.2505178     	-2.5882268     	-1.8148828     	1.9102814      	-2.8012888     	0.9614723      	0.6674319      	-1.1730156     	2.9443874      	-0.27804655    	-2.596037      	1.3443904      	-0.65809083    	-1.864066      	-2.7600226     	-1.1275139     	1.6630298      	-2.4684749     	-1.9464738     	1.0903748      	-1.5165682     	-2.9224024     	-0.77563626    	-0.52622634    	2.891594       	-2.762806      	-0.26428252    	2.9588392      	-2.9517455     	0.89060163     	-2.70894       	-0.9074211     	-2.2603168     	2.014813       	-0.6349069     	1.405783       	1.2042205      	-2.6843338     	-2.1088927     	-1.3054684     	2.2622943      	3.0409849      	-0.8731418     	1.099079       	0.08984316     	-0.9099495     	-0.72809815    	1.6892377      	2.9551058      	-0.41076934    	0.05647243     	3.1205704      	1.4548681      	0.20993787     	-1.5607241     	0.20376468     	0.012044067    	0.68226826     	-0.44047385    	1.3817744      	0.06521932     	0.22379506     	1.8491454      	-0.5362513     	1.4636017      	-0.78758276    	-0.07840471    	-2.3125699     	1.6126183      	-2.4497542     	-1.7952069     	2.6464043      	-0.10435461    	0.9459535      	-3.101234      	2.9903986      	-0.56255186    	2.3384748      	-1.4706843     	-2.970416      	-2.0079832     	-1.4560977     	-2.4606166     	-0.60980767    	-0.021051789   	0.36639225     	1.4181176      	1.3273175      	
-0.30482006    	-2.460525      	2.3556113      	-0.034928735   	-0.2434343     	-3.0205946     	1.7911696      	1.5478808      	2.048172       	2.4595768      	-0.2578747     	1.6437322      	2.9550529      	0.8807026      	2.3923411      	-0.89671713    	0.88410753     	2.1613722      	-1.9139932     	-0.96198475    	-1.7228236     	-0.09185374    	-0.70665556    	-3.1129558     	-1.0171417     	0.42944244     	1.4899223      	-2.8135476     	2.171914       	-1.4531218     	1.4301257      	-2.5022426     	2.057338       	0.6479832      	-2.0307097     	-0.7941282     	-1.9624947     	0.7388117      	1.8080984      	0.5854803      	-0.02759149    	2.9280288      	-0.11815287    	-2.855863      	-0.31297898    	-0.8543969     	-2.535425      	-0.6746025     	-0.94516706    	-0.2066316     	-1.203104      	1.9853722      	-0.76875436    	-0.847677      	2.6109521      	3.0344136      	0.31816444     	0.6036701      	-1.5166965     	-2.0325136     	-0.3016267     	1.1056677      	-0.1822979     	2.978536       	2.062255       	0.5262997      	-3.0712068     	-0.68568283    	-0.56756306    	2.674564       	-0.59346       	-1.274886      	1.1082149      	-0.31705794    	-2.9338171     	2.13597        	1.451373       	-1.696292      	-1.7867032     	-1.2963176     	-0.2391702     	0.89527005     	-0.5436601     	-1.7118926     	-0.29264796    	-0.123826936   	-0.75397843    	3.0505536      	-3.0563614     	0.094424665    	1.7622032      	-2.7927005     	0.87496924     	-2.4974432     	0.16822048     	-2.2013755     	3.1047795      	1.0975395      	0.74971443     	1.1606925      	
3.0621238      	-1.0963666     	0.7582153      	-2.6507628     	2.1081052      	-3.109786      	2.095561       	2.3373795      	0.34561425     	-1.1675999     	-0.2926953     	-0.1466211     	-1.3883468     	-0.29432005    	0.06971102     	1.0292206      	-2.4789014     	-3.0832093     	-0.18646666    	-1.1596079     	1.0060357      	-0.035457086   	3.068408       	2.8650212      	-1.6995158     	3.080698       	-0.7253371     	1.4543765      	-2.8324351     	-0.8212516     	2.672862       	-0.2788148     	-2.1888103     	-3.1007497     	2.3448105      	2.187167       	2.997338       	0.095834725    	-1.855681      	0.45653006     	-2.722822      	1.7698019      	2.269778       	-2.8821738     	0.677698       	0.6620678      	-1.7532626     	-1.2347442     	-2.1022635     	3.0748272      	1.4548197      	-1.2906392     	3.0876606      	-1.9019065     	2.9166403      	1.5880008      	-2.72899       	-0.48164418    	0.5161558      	2.5711255      	3.0153053      	-2.807618      	-0.48338258    	-0.08160802    	3.0678408      	1.3904544      	-0.13626127    	1.1349322      	1.3252838      	-1.7914716     	2.7069013      	-0.09544815    	2.833078       	1.841894       	1.2281203      	-1.7543236     	2.474434       	2.0954237      	-2.056429      	1.8033425      	2.6604707      	-1.5838021     	-2.2566786     	-2.141231      	-0.78465027    	-0.92495596    	-0.34703517    	0.23877512     	2.8857033      	2.625287       	1.7150645      	0.7147998      	2.7013772      	1.2650976      	2.4557948      	-2.0096812     	-2.3402848     	-1.1944416     	-1.1044501     	-2.9701607     	
-0.94098586    	3.1346924      	0.34779465     	0.10227988     	1.8258075      	1.09823        	2.285046       	0.6065073      	-2.2331698     	2.369166       	2.7784166      	-0.608269      	-1.4222038     	1.3349183      	-0.41338262    	-0.34671772    	-1.4758817     	1.3686947      	1.5563921      	-0.028647918   	-2.3289192     	-1.8727657     	-0.3041378     	-0.29120064    	3.0324092      	-0.09242106    	-2.6300676     	2.5670066      	-3.0560503     	0.6816754      	0.97074795     	-0.038968332   	-0.7196075     	-0.08376668    	-1.37797       	-1.4436674     	1.0773125      	1.4813472      	-0.49658898    	-0.09632606    	2.6258721      	-1.0588118     	2.1701653      	-0.8358463     	-2.568685      	2.902072       	-3.0055425     	0.108183615    	2.1429987      	0.26289567     	0.9546089      	-2.6508293     	-2.3568764     	1.4483672      	-2.9627016     	-1.8217808     	-2.3601794     	1.2040923      	2.8430326      	-1.5668097     	0.52315825     	2.1954648      	-3.1034036     	-0.09104284    	3.0869668      	1.7309362      	1.8098103      	-1.4906912     	0.28858164     	0.40166056     	1.5846978      	0.28090796     	2.5152469      	-2.5760684     	3.0554347      	2.7094245      	-3.0602612     	-3.03241       	-2.4505253     	-1.4963616     	-1.3732405     	-0.22195189    	-1.47106       	0.5263765      	1.4522321      	2.0854704      	0.2397754      	0.17390184     	3.0193634      	-0.03694619    	-2.624461      	1.5839096      	1.0012527      	0.974724       	1.0988216      	0.3939631      	1.5605327      	0.74063545     	0.27679095     	0.800411       	
0.24398476     	-3.123996      	0.16688539     	-2.0437975     	-1.2094123     	-0.23316008    	2.0342498      	-0.31732538    	1.0404509      	1.6547235      	-0.21420376    	-3.0954118     	-1.0543169     	1.3831413      	-2.5553298     	-3.050876      	1.5395844      	2.9999194      	0.67219704     	0.8250199      	-2.9924698     	0.050515324    	-1.4466088     	0.08325788     	3.0659869      	2.4369037      	0.29629934     	-2.743101      	0.35408685     	0.77350473     	-2.9185832     	-2.9517746     	1.1735756      	-2.8373191     	0.679424       	1.3798699      	0.26516297     	0.07468144     	-0.37501597    	-0.22759393    	-1.6557728     	-0.7093001     	-1.2853624     	-2.6076622     	-2.5527985     	-0.17298266    	-2.354756      	2.5102549      	1.0866822      	-3.037582      	2.430821       	-1.748145      	1.4849526      	1.6220826      	-0.48077923    	2.7233837      	-1.8725044     	-0.40845934    	-1.1950421     	2.0729651      	2.6159062      	0.79409987     	-2.336389      	1.1739366      	-0.007273351   	-3.1204677     	-0.3343324     	0.4132136      	0.578725       	-3.0019174     	1.3485414      	0.23767744     	-2.9137924     	-1.7640623     	0.5099593      	-2.5314362     	-1.96987       	1.3447007      	0.4918274      	2.438208       	2.3658667      	-2.4315147     	-0.035378043   	0.7377571      	1.1011043      	-2.7000382     	2.0018287      	-0.16680618    	3.0127976      	0.057105433    	-0.031533092   	-2.8194747     	-2.7540686     	0.0036961776   	-0.9543888     	-2.6112785     	-1.8567326     	2.027077       	0.3068403      	-1.8889434     	
-0.3512938     	-3.1414056     	1.2158182      	-0.065155976   	-2.906379      	2.0787544      	0.38653094     	-1.3227376     	2.2013955      	-3.0929904     	-1.9751931     	2.8075368      	-1.8436695     	2.9827707      	1.291036       	3.1260426      	-1.4084523     	1.5913109      	-0.57281274    	-1.6823884     	0.7090135      	-3.0150945     	0.8124289      	-0.5296713     	0.26901796     	-2.722166      	2.7353835      	1.075271       	2.2018979      	-2.632432      	-1.2016158     	-2.3260813     	1.7905349      	-0.4147019     	-3.0765018     	-1.1171929     	-0.34922394    	-0.50995845    	2.0108516      	0.023971759    	-2.568745      	1.232769       	-2.3849955     	1.7998993      	2.2529988      	-2.8211582     	-0.8891431     	-1.366019      	1.4602094      	-0.6221273     	1.0930666      	1.3527234      	0.5101261      	-0.094939046   	-2.9332976     	0.97483796     	-0.9652348     	-2.4502788     	0.52556235     	0.14908318     	-2.7310355     	-2.8218777     	-0.25436875    	1.8654557      	0.282131       	-0.1423813     	3.1219337      	-0.38551793    	1.523564       	1.1894045      	-0.3225221     	-1.0228426     	2.499003       	-1.9094359     	-3.1096978     	2.947367       	-3.0550647     	1.1038876      	-2.671206      	-1.4076626     	-1.4390581     	-1.2744133     	2.3055625      	1.9233717      	-1.6976697     	-2.364149      	-1.5824114     	-0.038592804   	3.1106384      	-2.9726858     	1.4146496      	1.3314292      	2.196281       	-1.482253      	0.8276721      	0.3245573      	0.8636508      	-2.7195733     	2.4316819      	0.47759706     	
-3.112148      	0.0092914365   	3.0812867      	-2.3357909     	-2.025141      	2.9898381      	2.3558345      	-0.90942854    	-2.0074553     	-3.1213644     	0.7519122      	-0.3566841     	0.90161365     	-0.50860095    	-0.38531098    	2.2277937      	-1.5458592     	-0.7796282     	0.2286373      	3.110362       	-2.322351      	-0.2268674     	-2.575993      	0.36113548     	-0.055840332   	2.989639       	-0.46380895    	-2.9397953     	-0.90798104    	1.6969546      	-0.37529188    	2.0900455      	0.094348       	-0.9640998     	0.17318995     	-1.8665935     	0.70490575     	0.3927947      	2.7838593      	-1.8011507     	0.5228411      	2.1528277      	-0.98425686    	0.51287895     	0.6716559      	-0.5455322     	-2.14707       	0.06732079     	-2.7417996     	-1.7573961     	0.5338494      	0.801352       	-1.9765489     	2.8313317      	1.409188       	-0.17595239    	-0.71837664    	1.8218124      	1.197658       	-2.6859035     	0.652703       	0.4794339      	-2.9690208     	-0.705516      	3.078888       	-0.09514547    	3.0453105      	0.20501985     	3.0019197      	-2.9101183     	2.8850694      	3.0703752      	0.4012272      	-0.84724444    	-1.9741915     	0.8405958      	-0.55646527    	2.3475668      	-1.1210737     	-0.90219724    	-0.13533801    	2.9030905      	1.4245032      	3.049825       	0.50401634     	-0.3189247     	2.957373       	-0.034910716   	-0.040880535   	-3.0953918     	2.9983764      	0.8017297      	2.8614874      	0.11724569     	0.089498475    	-1.0519016     	0.8567634      	0.10566783     	0.77705044     	0.5748945      	
-0.5369478     	0.116604365    	-0.2076874     	-3.104993      	-2.784553      	-0.47021377    	1.0330735      	1.1847823      	-1.4944909     	2.609605       	-1.7253146     	2.8465147      	-1.2271767     	-0.4900416     	-0.42033526    	0.21065944     	0.0454809      	-0.6265129     	1.5211184      	2.5012314      	-2.548562      	-1.9740229     	0.057447273    	-1.0921528     	-0.24151458    	-0.039395936   	3.1221178      	2.6530545      	-0.37738505    	1.0432104      	-2.0761402     	-2.9315271     	-2.5925152     	3.0543852      	-3.036505      	0.750021       	0.8560907      	0.29117388     	0.9382223      	0.16887465     	0.015919501    	-0.7596454     	-2.5108268     	-0.37050804    	2.7915876      	-0.73445356    	2.5242002      	-1.8084131     	-0.26214665    	-2.12878       	-1.7146896     	3.14044        	3.1168742      	-0.90933704    	-0.48411664    	-0.092283055   	-0.0066049905  	0.6983943      	-2.175126      	-1.815102      	2.495266       	0.5275172      	-0.2044483     	-2.2575967     	1.06189        	2.0595355      	-0.09225687    	-3.104953      	-0.7764822     	0.27260074     	-2.8643668     	-1.6626023     	-2.1411405     	0.47778043     	0.14129958     	0.16394041     	1.0347352      	2.3226314      	-1.3118773     	3.1307855      	0.08356921     	-2.7116666     	-0.2919988     	0.26023555     	-0.02917526    	-0.5160769     	-1.9353902     	0.10893562     	2.7081702      	0.25383842     	-0.13965702    	0.13275875     	-3.0707796     	0.58341235     	2.424641       	-1.8184409     	-0.9944658     	-2.8708622     	2.119835       	2.928709       	
-0.60632783    	-1.5825115     	-0.044177286   	3.0897014      	-0.21815112    	2.4371986      	-1.2712829     	1.8324413      	3.0663126      	2.9933107      	-1.9772586     	0.86061776     	3.0145476      	2.7794442      	1.4351462      	1.1131572      	-0.44840735    	-0.18099545    	-2.9020376     	-2.2836032     	1.5744313      	-2.1014626     	-1.197142      	0.72535163     	2.0718174      	-0.2336048     	0.70413357     	3.1084306      	2.3594434      	2.3036652      	0.6212786      	-0.13180198    	-0.891919      	-0.6322793     	0.7103976      	-2.3676345     	-2.9341033     	2.707075       	1.5768331      	2.7627234      	2.56038        	2.4380977      	1.9743176      	-2.0492177     	-1.7903373     	-0.17004293    	0.40451497     	-0.59550077    	1.7336568      	3.0468087      	-1.0343856     	1.0926948      	0.26536727     	2.2523675      	0.8885363      	1.0501463      	-2.3478642     	-1.0664033     	-1.8096048     	0.29911402     	-1.4348538     	1.2047311      	-1.3506757     	2.2509708      	0.19276871     	2.2974966      	0.055178765    	2.9664383      	0.1647382      	2.4932647      	-2.062749      	-1.0657868     	-1.782189      	2.4796188      	-0.75834495    	3.0677967      	-1.1404978     	-2.0249054     	1.837311       	1.0622404      	0.49325302     	3.0000792      	-1.9442431     	-0.0003342561  	-2.588675      	1.6139865      	2.30424        	2.491681       	-2.992015      	-2.5941517     	-2.3626628     	0.10418866     	3.103917       	0.7339401      	1.3379397      	-0.27156797    	3.0999217      	3.005385       	2.9046361      	2.976345       	
0.88246137     	2.5404525      	-0.35433525    	-0.14025387    	-3.1262846     	2.0385675      	-0.14956735    	-2.9223814     	-0.65017426    	0.6908833      	-1.890855      	1.3331393      	1.75828        	-0.48247075    	-0.12967558    	-1.4292948     	0.86807275     	2.4433951      	-0.2776544     	3.1357844      	0.6321438      	0.8808582      	0.73985785     	-2.784582      	-2.2294097     	-0.11350789    	-0.1325212     	3.0210698      	-1.7775213     	1.1177427      	2.4018376      	-0.057645585   	2.4327135      	2.7543862      	3.1068785      	0.71725816     	1.1419774      	2.62585        	-0.86226463    	-2.8175547     	1.9561409      	1.0820875      	-2.8287868     	2.1177762      	1.5940734      	-1.3891581     	0.0822877      	0.80886513     	-1.882342      	-1.3157362     	3.0181558      	-2.4508185     	1.7481529      	1.5811379      	-3.1322439     	-3.0609589     	-0.16653898    	1.1826084      	-2.983245      	-0.6691229     	-2.172067      	-1.9166342     	-2.3109982     	-0.9717112     	-1.5855697     	-0.34003064    	-0.14248592    	-0.14208917    	3.1153834      	0.011962738    	-3.0974877     	-0.98897296    	-1.6170657     	-0.36505902    	-1.4171032     	-0.28155547    	1.5730253      	-0.2893117     	-2.6997724     	2.3992386      	-1.5078644     	-2.8602424     	1.1422627      	1.0860996      	-1.1787999     	-1.5928829     	2.6247706      	0.029232297    	-2.6744971     	2.9919946      	-1.0625138     	2.5139399      	3.1056607      	-2.8688943     	1.533237       	1.176632       	2.1003275      	2.1915796      	-1.2255263     	-0.07260686    	
1.2325422      	-2.7732835     	-1.3224751     	0.07944494     	2.972164       	-3.0076406     	1.5099486      	-1.8696231     	2.0269275      	-2.2411857     	1.6746683      	-1.4270617     	0.05429046     	1.1493694      	-1.0451026     	2.9292192      	-1.9963706     	2.8912787      	1.0425067      	0.27126408     	0.58369356     	2.7908108      	3.1299675      	-2.7917523     	-0.4930271     	2.1982408      	0.14231895     	-0.17411046    	-3.1199872     	1.8410778      	-1.1996398     	-1.5515324     	2.9461021      	1.3295684      	-1.3915086     	-0.9177627     	2.5569186      	-2.2355754     	-2.7259634     	1.1214858      	-3.12339       	0.5042674      	-0.97769177    	-1.0284692     	0.68069637     	-1.4376357     	-1.6865726     	0.47174606     	-2.701706      	-2.1399884     	2.9103768      	1.1126083      	1.0820378      	2.2814791      	-0.62984157    	0.5622224      	1.0549862      	-0.61627465    	0.5853198      	-0.5248547     	-0.8309014     	-0.6363989     	-0.54490155    	0.8237443      	2.779158       	-0.019383827   	1.8762275      	-0.13152353    	3.0291758      	-1.2948799     	1.9302113      	-0.22834004    	-3.111019      	-0.7558337     	-0.40849656    	1.0941875      	2.3408976      	-0.9724037     	0.7651516      	1.2209074      	-1.5386664     	0.2880514      	-2.018484      	-0.068047054   	0.863663       	-2.4978442     	-2.4021974     	-2.879299      	-2.659122      	-0.6894775     	-2.022973      	-0.21711242    	-1.6788466     	2.2262402      	3.0728636      	0.318439       	2.7535858      	1.7584364      	2.4509249      	-0.8440914     	
-3.1326053     	0.7685576      	-2.988181      	-0.44306827    	-0.18508434    	3.091305       	-0.7625758     	3.1011758      	-1.2426499     	1.3452262      	1.1717361      	0.69043916     	-2.678938      	2.3371513      	-1.2247571     	1.5826088      	0.48041335     	0.4324831      	2.1223373      	1.3108586      	-3.0949357     	0.42442772     	0.7996885      	-0.018217212   	1.6747237      	-1.6442803     	-0.7166893     	0.1962329      	2.9757552      	-1.4263519     	1.0737467      	1.8094256      	-3.1402752     	-1.2777237     	0.95500636     	-0.3459378     	-2.2973685     	2.4601827      	-2.9674175     	-2.862698      	1.8306059      	2.9699497      	-2.8654802     	-2.6167965     	2.8634813      	0.42858884     	1.8163444      	-2.2992938     	0.24232699     	2.0935693      	1.2700471      	-1.2932316     	-0.45890483    	2.2332582      	-0.40693712    	0.52791476     	-1.6405491     	-2.85104       	2.4035864      	1.7508557      	1.3087591      	-0.6963365     	-3.1238663     	-2.5591981     	-0.36395967    	2.2423873      	-0.45145267    	-0.067972824   	3.0937629      	-3.0039961     	-0.54781073    	-2.629727      	-1.2384993     	1.6816697      	-1.3860667     	0.54966503     	1.7539829      	0.5167078      	-2.900412      	-3.0031085     	-0.33015677    	-2.7234368     	-2.7438955     	2.6755126      	-2.2103374     	-3.1222074     	-2.4085307     	2.877109       	-2.3077137     	0.6105047      	1.753045       	-1.9966247     	2.662494       	0.1668479      	1.8431793      	2.4742422      	-1.8135047     	2.3013992      	2.5191283      	1.6795455      	
-2.5946577     	-2.0053716     	1.0274875      	-3.0945773     	-0.002293201   	3.1145394      	2.9683948      	-2.8803277     	-0.9094249     	-2.3075523     	-0.34490955    	-0.083758846   	-1.0179456     	-0.91659135    	1.8159182      	-0.38230932    	-0.18578523    	3.0694237      	-0.50007045    	-0.35077655    	1.3294967      	2.80091        	1.3841442      	-1.1855695     	-0.24835898    	-2.0580547     	-0.1334848     	0.09799979     	0.53170854     	3.051861       	2.41246        	2.9461207      	-3.1171267     	-0.18354711    	-1.1616443     	2.2702596      	1.2841663      	0.851361       	2.9603257      	1.6713936      	0.63614523     	-2.0635185     	0.702821       	-2.0099285     	-0.09617717    	2.9909515      	1.7371227      	-1.897091      	-1.3703985     	2.8514113      	0.46757957     	-2.9445167     	2.8718727      	-3.0346136     	2.1406522      	-0.2717723     	2.3180192      	-1.2462589     	-1.8294291     	2.0609975      	0.32771778     	2.8019671      	-1.3149995     	-2.0783958     	-0.10753339    	-0.7660442     	-2.777778      	-1.4603966     	0.8660184      	-1.4705143     	1.7509551      	-0.34801924    	-0.089190826   	-1.8885211     	-2.3375092     	-0.4056394     	0.29683846     	2.6353006      	-2.189157      	1.715367       	2.2121136      	1.2902375      	-1.6730297     	0.38002646     	-1.7297075     	2.63384        	-1.8465186     	-0.2772399     	-1.0801326     	-2.0154157     	1.2956507      	-0.7819039     	-1.8011779     	0.2938906      	2.4610343      	-1.7864795     	-2.7300613     	1.8647443      	1.9904101      	1.9820827      	
1.6355467      	1.3585237      	1.5819336      	-1.4014356     	-0.4932429     	-0.07770213    	3.118094       	0.111444175    	1.6258126      	1.508892       	-2.94594       	3.1134787      	2.981101       	0.37941524     	-0.4478286     	1.9374655      	-0.58586925    	-1.0137321     	-0.35426062    	2.4999402      	0.5976317      	-1.3132994     	-0.44164413    	-1.5543623     	2.9338286      	1.9262592      	3.0439014      	-2.960668      	-0.1602282     	3.1337218      	-1.19207       	-0.8482531     	3.0079532      	0.15592127     	0.09978794     	-2.3793702     	-2.5351806     	2.6639671      	1.6296949      	-1.5480366     	2.5048425      	0.87320155     	-3.0656307     	2.8578048      	-1.890071      	-2.9344695     	2.1189365      	-0.5143826     	-0.8898956     	-2.6423953     	-2.9129925     	1.7298845      	1.3045864      	0.02394646     	0.09566091     	-1.6514047     	-0.55723757    	0.017453665    	3.0086718      	2.6069803      	-1.5019983     	-1.6580758     	1.4382541      	1.8383406      	-1.386261      	-0.60763437    	0.79342175     	0.38815498     	0.7058893      	0.67111        	-0.8291033     	0.8517502      	3.0864532      	0.18340966     	2.9315443      	1.4978155      	2.1119857      	-2.4109254     	0.2564611      	-1.2529407     	1.9740838      	3.0382323      	-0.79303384    	2.294334       	1.4367758      	2.4444253      	2.016987       	-0.29327172    	-0.19046697    	-1.7032264     	0.09336699     	-1.2337255     	-2.769816      	-2.713192      	-0.8094887     	1.4311728      	1.5046089      	0.9154963      	1.7808485      	2.968949       	
-3.1379263     	-2.8073301     	0.24847442     	-0.4586552     	2.56317        	-0.011346894   	3.059846       	-2.2215319     	-2.6022043     	-1.5218071     	3.1254444      	1.1660252      	0.93969065     	2.7251973      	1.1110617      	2.3797653      	0.17425016     	-3.1404293     	-2.666009      	0.13658936     	1.8633041      	-2.007668      	-1.6619941     	0.79880905     	0.61425036     	1.8027903      	1.173235       	0.2170091      	0.03081818     	0.055109154    	3.0110795      	-3.1204324     	2.1398816      	-2.1793382     	-2.6957862     	1.4164898      	-2.4308832     	1.4481899      	-1.0383067     	0.3032594      	2.5281332      	-3.081479      	1.8073263      	-0.9212245     	-1.2172173     	-0.76993704    	-1.6628062     	-0.9551932     	2.1482942      	-0.4613694     	0.056912303    	3.1073306      	-1.3990123     	0.4758749      	-0.15246299    	1.9156044      	-2.6404126     	3.0593317      	1.8579077      	1.8672184      	1.4717976      	-0.75935125    	0.20340852     	-1.0895548     	2.3496485      	-1.6296487     	0.8372039      	-2.0509157     	-0.13173324    	-1.7158767     	-0.58861935    	-2.558008      	1.4846148      	1.2857095      	1.7983909      	0.5610822      	0.9343722      	-0.43701738    	1.1365073      	-2.252448      	-1.7598112     	-2.1848807     	1.4235667      	2.9448519      	1.876611       	0.64873433     	-2.4879663     	-1.9144679     	2.0544395      	-2.8419657     	-0.776094      	-1.1789528     	-2.0702438     	-0.338912      	-2.8505168     	-1.1241665     	1.1866494      	1.0146483      	0.11314294     	-1.7476331     	
2.5769324      	-2.133389      	-1.6619866     	-1.881538      	-2.6127138     	2.0464406      	-0.11263362    	3.073586       	-0.09148223    	1.514504       	0.91310775     	3.0082939      	1.3817974      	1.1692754      	2.6487982      	-0.68636614    	-2.0195937     	-2.8935108     	2.6172817      	-0.3150257     	-1.3896608     	2.1265564      	0.49723142     	1.2477505      	-0.9112474     	3.1108537      	2.4074042      	1.9519272      	2.53454        	-0.3449708     	-0.10731553    	0.5602876      	3.106667       	0.9316213      	1.81273        	-1.8898027     	2.8080852      	-0.3723181     	2.620759       	-0.7079036     	3.0098407      	1.2311324      	1.969255       	-1.0510978     	-0.24692619    	-3.061252      	-0.84975183    	-0.22904171    	-1.4911534     	-1.5485922     	-0.5840492     	-2.5805635     	0.6988847      	1.7983387      	-2.4785008     	-0.21805939    	-1.1158679     	-1.8514539     	-2.2619586     	1.702586       	-2.0185456     	3.0530088      	2.7014794      	-0.7261033     	1.721526       	2.0064187      	2.3187041      	-0.10687034    	2.515409       	2.6387935      	-1.8256409     	-3.0985265     	-1.6353979     	0.5004767      	-1.4149022     	0.72573507     	0.6720851      	0.29129562     	0.28445923     	-0.5416486     	-1.5400816     	-1.0343385     	-0.7392963     	-0.3453799     	0.42316544     	1.6387751      	2.2175245      	-1.4088683     	-1.7965881     	-0.63486004    	1.8149997      	-1.76987       	-0.76866376    	-0.65357083    	1.7842569      	0.077870026    	-3.0188053     	1.1031523      	1.7565576      	1.8438219      	
0.9231032      	1.2442443      	3.0076652      	-1.4050851     	-0.19235557    	2.7552488      	-0.09391476    	-3.120912      	2.1237912      	-3.1231077     	-1.9987568     	0.043746248    	-2.684237      	-2.8612475     	-1.1806451     	-0.87200457    	2.5769167      	2.9140458      	-2.6156478     	-0.37393388    	1.9049233      	-0.40926334    	-2.3280866     	0.12168863     	-2.544415      	1.6365404      	0.1684242      	2.1960943      	0.64718246     	1.2769747      	1.5566779      	-0.02911365    	3.1117253      	-0.4345316     	2.6567907      	-0.03904156    	-1.7618732     	-2.002647      	-2.309568      	1.6484982      	0.8608111      	2.0420704      	-0.57633966    	2.4906125      	-0.22817324    	-1.5307846     	0.8696041      	1.8445995      	1.3360245      	2.0965676      	-2.922154      	0.8096309      	2.3124142      	2.6935208      	-1.7646219     	0.6001165      	-0.053792056   	-2.0411003     	0.43299118     	0.29402        	0.4216012      	1.3670594      	1.8115245      	-0.8300359     	1.0694305      	-1.4924821     	1.7632504      	-2.4872952     	-1.5687535     	-2.5668294     	-2.8833838     	-0.0039095473  	2.1729603      	0.043330245    	1.2000853      	-2.1766367     	-1.2804301     	3.0468097      	1.5761547      	-2.8521428     	-2.1675014     	-2.227567      	1.924944       	-1.5097728     	2.3852322      	-2.8589818     	-1.4967673     	1.4248196      	1.3879976      	0.29613322     	2.931821       	-1.0313991     	-1.6081903     	1.6324703      	1.4231237      	-0.73988605    	0.6340383      	-1.9177991     	-1.4805189     	-1.2881693     	
-2.9117079     	-0.6279061     	2.102497       	-0.44941857    	-0.37965304    	-3.099048      	-0.45071673    	-0.15199356    	-3.1041675     	-2.472321      	-0.2265476     	-1.0434444     	1.4873687      	-0.9539332     	-2.800341      	2.9454412      	-2.9076009     	-1.5053419     	1.4460588      	-0.83013606    	-1.529823      	-0.68524915    	0.970444       	0.81452245     	1.7714063      	2.941785       	-2.3397627     	1.0319413      	-1.4731295     	-0.24625693    	0.72717565     	-0.4271558     	0.78237665     	3.1079552      	-2.7165413     	-2.657491      	-2.8550935     	-1.2914538     	-2.01982       	3.1029584      	-3.083859      	0.5109285      	-2.3239915     	-1.9330498     	-1.7596685     	0.3689836      	1.5256716      	3.1123745      	-0.650042      	1.239965       	-0.35621372    	-2.2589397     	-3.1020486     	-1.0225608     	-1.5961556     	-2.6832373     	-0.39742374    	2.726339       	2.5118766      	1.3199239      	1.0844296      	1.9363346      	-3.0576403     	-0.41268793    	-1.8492628     	-0.12457064    	1.8124155      	2.2670386      	-2.9969833     	3.1195314      	-2.7525585     	1.7117182      	0.79519147     	-1.5289327     	-0.740413      	1.5858158      	1.1074566      	1.6084641      	1.7320971      	1.666586       	-0.13073705    	-2.7049239     	-2.2943988     	-1.8100051     	-0.5946822     	-0.6764735     	2.035948       	-2.08483       	-0.7654915     	-3.014316      	-0.24191603    	1.4687827      	0.79537404     	1.8209498      	-3.0260665     	-2.5092425     	-2.9552557     	-2.4382439     	-1.489698      	-2.048429      	
1.6838198      	-0.6631634     	-1.6105007     	0.23765066     	-0.4561297     	3.0986896      	0.37144697     	0.09404067     	3.0206525      	-0.47588587    	0.06599689     	-2.655951      	-0.54515785    	0.3413386      	-2.2392786     	2.618325       	0.44153464     	-3.1197305     	2.09481        	-0.77775425    	0.9804619      	-1.2583045     	2.758788       	-2.6097534     	0.7285348      	-2.1343274     	-0.99362534    	1.7622164      	0.17806049     	1.4825616      	0.3615301      	-1.1799481     	0.80992085     	-1.8677068     	-2.1571112     	2.8382888      	-2.0574532     	-2.275864      	1.9631097      	2.990536       	0.549582       	-1.5360813     	-2.10887       	0.90448004     	-2.1471345     	2.3298752      	2.5509362      	-2.4227815     	0.23450418     	0.1921551      	-0.43204847    	-1.574415      	0.2433078      	0.52557015     	1.379278       	-0.66863716    	-1.7408092     	-0.051700544   	-1.8396709     	0.6162956      	2.957797       	1.8629667      	-1.3599012     	-2.9538195     	-0.8261821     	1.7012938      	0.982516       	-1.2102758     	-2.0016232     	-0.877443      	2.2942607      	-2.4382172     	0.4455135      	-0.8934302     	-0.450143      	0.895932       	1.1970547      	-1.9828361     	-1.6357263     	1.3312793      	0.31994143     	1.6946032      	2.6058798      	0.17779131     	-1.4097493     	-1.4373198     	0.5321122      	1.0725884      	2.2895513      	0.37737522     	1.7968395      	3.048288       	0.71088916     	2.6290097      	2.495862       	1.3832355      	-2.2024598     	1.2965356      	-0.052981034   	-0.07505941    	
-0.44269615    	-0.6614579     	2.8228056      	1.8336003      	0.5573779      	2.1364856      	-0.3899462     	2.517459       	-0.20377581    	3.0963914      	-1.7257016     	1.272051       	1.3380821      	2.6435199      	-0.47469315    	-1.7232351     	2.8640559      	-0.4511729     	-1.082169      	-1.5789946     	2.6552563      	-1.9627519     	1.5650362      	-2.159738      	2.639901       	0.30631816     	-2.5151749     	-0.3888024     	-0.59907293    	0.9597635      	-1.2081827     	-0.0067049256  	1.1579267      	-0.40396714    	-1.7483459     	2.7452536      	-1.376325      	0.37938964     	1.4600744      	-2.0426044     	1.4480963      	1.2148997      	-2.1831264     	-0.34176335    	0.71643925     	0.0880262      	-0.19489658    	2.308879       	1.7328888      	-1.8594233     	-3.1406698     	-2.9912949     	2.729836       	3.1385925      	-2.4208724     	2.8975785      	-0.75178814    	-1.9275588     	-1.5946112     	3.0102086      	-1.5948671     	-2.6113024     	-1.0521798     	0.9144937      	1.3030037      	-2.1639135     	3.0787728      	-2.635653      	-1.9158702     	-1.2710481     	2.0556214      	2.970366       	0.16680606     	0.3042419      	1.5199591      	1.9768947      	1.5126386      	1.2132136      	0.36499223     	-1.9026786     	-2.4762998     	2.857739       	1.6934414      	-0.18493965    	1.85954        	2.4697216      	2.5782132      	1.9204657      	-0.23237501    	1.3469684      	-0.5209745     	-0.9702614     	-2.1303153     	-1.1676806     	0.475918       	0.22033235     	0.75811917     	-0.0025347003  	-0.22995545    	-0.5750612     	
3.0339859      	-0.26471543    	-1.9371158     	-2.4557106     	-0.19505432    	3.1389205      	-0.15572533    	0.27070522     	2.895649       	-1.287285      	-0.39011303    	2.6255941      	2.3628395      	0.80729395     	-0.13661386    	-2.0497336     	2.0278134      	-2.5486093     	2.3948145      	-1.6793664     	-2.610256      	-3.1102777     	1.3551316      	-2.8321173     	2.3469882      	2.1853545      	-2.0379715     	2.5914092      	-2.0842159     	-2.5502584     	2.0721412      	-1.5677756     	1.860905       	-3.0668523     	-0.7035291     	-3.0044277     	-0.3145774     	0.27023602     	-3.1358378     	-3.0850537     	1.0428019      	-2.9837358     	2.063682       	-1.9395636     	0.96717        	0.7680208      	3.1319108      	-2.9903007     	1.0878397      	2.5127714      	-0.20641926    	-2.2819514     	2.0922353      	2.1704636      	-2.4941921     	0.4820125      	0.5503112      	-2.135758      	1.5012728      	1.4888932      	-2.5684075     	1.0979986      	0.07463763     	-0.7914179     	-0.310438      	0.583511       	-3.0522273     	-0.3503231     	-1.6091703     	-0.30107793    	-3.0646424     	0.49878138     	0.8331999      	1.8103311      	-1.496923      	-1.2158685     	-1.7117922     	3.0153482      	0.25195003     	-0.66085297    	-2.8123605     	2.6459842      	2.9584825      	-1.9772825     	1.3334773      	2.1162882      	0.6976477      	-2.1217551     	2.0308285      	2.071825       	0.3488559      	2.138033       	-0.8710631     	-2.0047622     	-2.1971328     	3.0576286      	0.012370607    	-1.2947623     	-2.515945      	-2.4993901     	
3.0810869      	-2.6106846     	0.39969155     	-0.18632358    	-1.2225835     	0.3455023      	-1.8046508     	-2.2670305     	-2.094153      	-0.358155      	0.33374947     	0.9662422      	0.3834188      	0.15146315     	-1.7539676     	1.4143579      	2.2711306      	0.8006697      	1.1202604      	0.7119545      	1.3169904      	-2.0737336     	-2.1444926     	-3.0713816     	0.9358137      	-1.70356       	-1.6715013     	0.22410597     	-0.22602569    	2.0805655      	-2.5022671     	-2.7907279     	1.2755784      	2.3359847      	2.6069539      	-3.0463314     	1.6241618      	-1.475742      	2.5356867      	1.1689225      	2.251945       	-2.6513252     	-2.7701375     	-0.6959574     	1.7566006      	-2.1101022     	-0.60188943    	2.8090115      	-1.254951      	-0.5184029     	1.4391282      	3.1196303      	-0.5545405     	-2.3474915     	-2.4651697     	-0.7505764     	-3.0476234     	0.4679172      	2.1327872      	0.98396844     	1.5896959      	1.8174691      	1.1030527      	2.6314452      	0.45564485     	-1.7976367     	1.7802308      	2.5756204      	0.7214384      	2.9639897      	2.1091695      	-1.8680118     	-0.04123422    	-0.6240277     	1.3064444      	0.2918295      	-1.6278101     	-1.3473116     	0.048033614    	-0.8449305     	0.09484393     	1.957752       	-0.23905295    	-1.9143776     	0.6471944      	1.5166723      	2.6910958      	2.6639087      	-1.8195745     	-0.5259428     	1.8360354      	-1.8017669     	2.2781553      	-0.9218461     	-0.25892413    	-0.26390412    	0.20874822     	0.7378258      	-3.0025835     	3.1087863      	
-0.78615963    	0.37023574     	1.4533633      	-0.3634576     	-3.027198      	0.25925353     	0.4019983      	-2.3357527     	1.5121948      	-1.5412831     	0.5475482      	-0.35386527    	0.04008731     	1.0443734      	-1.1973264     	2.1096764      	-0.34260288    	0.7634977      	-1.6200318     	-0.73764086    	-0.2222498     	-2.2887042     	1.3098291      	2.7795362      	0.24682249     	-0.42967987    	1.800004       	-0.0036935133  	-0.26272795    	2.653967       	-0.42995504    	-2.8485541     	-0.45829475    	-2.614121      	-0.74268675    	0.105832405    	-1.862978      	-0.72468424    	-0.10007769    	-1.7109668     	-0.9536424     	0.517042       	1.0202909      	1.5804918      	2.3039184      	1.8920556      	0.4868885      	-1.4374455     	3.074972       	-2.7240434     	1.4622861      	-2.6401548     	-0.49364752    	-2.3754244     	1.7057145      	0.20210701     	-2.072689      	-0.16540878    	-0.103243336   	3.1090105      	2.377337       	0.1240769      	3.069032       	-3.0286524     	2.10429        	-0.09711137    	-2.110042      	3.0013106      	-0.058812656   	2.0621924      	-0.20373596    	0.014907313    	3.075076       	3.0098562      	0.9202105      	0.8779439      	2.8725436      	-2.4756684     	0.044459794    	-0.010815584   	0.3389024      	-2.6965623     	-0.69061       	0.9558835      	0.76758516     	-0.39823794    	0.4426267      	-1.6835479     	2.4221559      	-0.7834513     	1.7507516      	-0.23542519    	2.7496638      	1.3582464      	2.9138854      	0.3377619      	-0.12561043    	-0.94213295    	-3.0980556     	-3.1107652     	
1.3531842      	0.8361451      	1.655839       	-3.0646994     	-1.7302146     	2.0434785      	1.0117115      	1.1263592      	-2.823667      	0.63714343     	-3.0262244     	-0.58731914    	-2.2637131     	2.06034        	-3.1393454     	-0.6854625     	2.9907231      	-2.181261      	1.7661408      	-0.8130877     	-0.93458956    	0.72342235     	-0.8153196     	2.4620166      	-0.6688544     	0.9664312      	-2.2840936     	-1.9176208     	1.5603418      	-2.1998682     	-1.2367432     	-1.1594467     	-0.63902074    	0.5180667      	-2.950689      	1.0491072      	-0.27472726    	-1.8506396     	1.674447       	-0.33296886    	-0.7442886     	-1.9500328     	2.2730324      	0.71206486     	-2.817721      	-2.0437388     	0.9848463      	2.9225433      	1.3894267      	2.6682348      	-2.4928505     	0.79245967     	0.12714511     	3.130095       	3.1374083      	0.0426942      	-0.2950295     	-2.2850626     	0.7333981      	-0.0807928     	0.41374925     	2.8542423      	1.8140727      	0.012948162    	0.054585848    	-2.754116      	2.9370968      	0.52660847     	-0.8664082     	3.0498934      	-0.018486144   	-0.67472607    	-2.2111068     	-1.6277386     	0.13987575     	3.0616155      	1.9598824      	1.6417304      	1.5004051      	0.54651314     	-1.2214628     	-0.08635755    	-2.9130147     	1.5746216      	-1.2115558     	-0.18526876    	1.7875061      	-0.6560535     	-1.7306513     	-2.570105      	1.7495066      	2.4058099      	0.964283       	2.1952868      	-0.12025597    	-0.6202129     	-0.24495462    	-0.2010611     	-2.4424062     	-3.0709298     	
-0.6546075     	2.8822026      	1.7828201      	2.8387074      	-0.05486309    	1.1508723      	2.0614724      	-0.72718906    	3.1360855      	-2.1332057     	-1.8801636     	-0.6400571     	-0.90847737    	-0.35735333    	-0.11324892    	-1.7853014     	-1.806109      	-0.8659245     	1.9184126      	-0.18179204    	-0.47183195    	1.4364576      	-0.07496644    	0.34747317     	0.042252846    	0.12970278     	2.5823026      	-2.0007343     	-2.086409      	-2.571857      	-0.75811017    	-0.9194687     	1.9230332      	1.1814978      	2.0224953      	0.57762766     	-1.0710864     	2.117559       	-1.9568743     	-0.7775472     	-2.1140687     	1.804586       	-0.21887706    	-1.1196877     	-2.9254467     	1.7628032      	2.4040391      	-2.7124567     	1.5165035      	-2.2168925     	0.48286235     	-0.07761309    	0.9238967      	2.816789       	-1.9376605     	-0.17853186    	1.9012522      	2.8921866      	-3.004502      	0.8280954      	0.22466922     	0.09787931     	-3.059437      	3.1107583      	2.4408858      	3.1258047      	3.0169082      	-2.8046136     	2.851177       	2.178238       	2.3921287      	-0.10730735    	-0.32589382    	-2.408139      	0.016543297    	0.039540328    	3.014994       	-1.0952638     	2.5509136      	2.762061       	-1.5208794     	1.4655142      	0.114803605    	-0.9976923     	-0.447307      	1.9992901      	1.6650465      	-2.2853904     	0.18315642     	0.75407344     	-0.08325886    	-1.6250587     	2.8423183      	1.3247193      	1.1654474      	0.59637684     	2.29659        	-0.16485837    	-0.30397043    	3.1212072      	
-2.7085936     	-3.0322614     	-0.73018277    	-0.36829522    	2.020083       	-1.4513589     	0.8454753      	1.5861996      	-2.1698706     	0.596506       	0.71350324     	-1.802879      	2.915599       	1.1482167      	2.4579408      	0.25214455     	2.7753446      	1.9256605      	0.9174971      	0.8862972      	-1.6432796     	0.27786005     	-2.4205806     	1.7329044      	-0.82803154    	-0.59943354    	0.65233743     	1.8254689      	0.2195555      	-2.587038      	-0.19937494    	-0.7569555     	0.28812966     	-3.0146897     	0.6127986      	-1.7888787     	1.2068353      	-0.83830893    	1.9781833      	-0.8581058     	-2.050651      	-0.0077317557  	2.2929142      	-0.06245693    	0.3693254      	-2.9877353     	-0.47523937    	-3.063744      	-0.063589364   	0.32471654     	-2.5355983     	-0.95668525    	-1.607144      	2.3360786      	2.8422465      	-0.5768535     	2.9291902      	-3.0516028     	-0.12500164    	-0.9155104     	-2.2196078     	2.4689317      	-3.0542033     	-1.9558604     	1.4566436      	0.53126657     	1.5225288      	1.6677337      	-0.24011166    	0.80365175     	-1.4145663     	-1.0643891     	1.6989857      	0.49151817     	3.0631437      	-2.3771029     	-0.0487961     	3.094503       	-0.013232913   	0.663058       	-1.3088232     	2.1832063      	-2.680891      	2.0197492      	-3.108996      	2.7086787      	1.4341555      	-2.4159658     	-2.09596       	2.0785189      	-2.5462694     	0.13848135     	2.1855993      	0.1646398      	-2.3928761     	-0.5793436     	-1.6950828     	-0.7049065     	-0.1324547     	-0.1527305     	
1.7581195      	2.781632       	-0.57694817    	1.3526716      	2.194419       	0.62819016     	2.325986       	2.4864619      	2.1723752      	0.3726824      	0.8815096      	1.4231757      	0.7075535      	-2.9373906     	1.4141555      	-0.21988441    	2.75057        	-0.0553012     	2.6034331      	-0.33750686    	1.906504       	0.58074224     	2.7896802      	1.6754194      	0.39957282     	0.8278532      	-0.38304058    	1.0791515      	-2.73272       	-3.0429258     	0.5879369      	1.4875023      	-1.0600448     	-0.007847711   	-1.2128129     	-1.6081849     	-1.5426099     	2.9660149      	0.832693       	2.9199276      	2.8306055      	-0.06454652    	3.0438466      	0.59041893     	0.3216794      	0.56895447     	0.3071373      	-3.0881817     	2.8879008      	-3.0398781     	2.9111836      	-1.2635136     	-0.19177555    	2.7870336      	-2.6112812     	-2.224349      	-0.3355098     	-1.0318495     	-0.3457874     	-3.0680366     	-1.6627784     	-1.6978712     	1.964617       	-2.2718494     	-2.1934388     	-2.7735262     	0.35940093     	0.7336556      	-0.008410134   	2.2025466      	0.69885075     	0.20807405     	1.8724452      	-3.0012298     	-1.1946949     	-1.605822      	-0.4246663     	-0.04610553    	3.1283927      	-1.4468848     	-1.6661888     	-1.2342572     	0.35426593     	-1.4179404     	0.88074136     	-1.9898491     	-0.16860406    	-1.7973955     	-0.053141393   	0.32629606     	-1.3502972     	-1.459719      	-2.1731424     	-2.8151639     	-0.6551671     	-0.91485673    	-1.1049922     	-0.5859799     	-0.1252527     	-0.081221424   	
-0.24569105    	1.3511959      	3.125491       	-0.32540995    	-1.1504337     	-1.1192182     	-0.4805707     	1.5757995      	-1.240435      	-1.3527992     	0.42247438     	-0.73512757    	0.8194249      	0.48226842     	0.44135004     	2.3534474      	-0.7455421     	0.2371756      	1.8249899      	2.534435       	-1.5355304     	2.9211853      	3.0856373      	-2.6176424     	2.1286085      	0.29734778     	1.4966869      	-2.7240489     	1.068572       	1.000909       	-0.1700264     	-3.0126176     	-0.48680875    	-2.7377622     	-1.0605356     	-0.44522786    	-1.792647      	-0.8474993     	0.614328       	0.036001936    	-3.080953      	-0.38102695    	1.376727       	1.2509533      	-0.43564913    	0.09291519     	-2.1072838     	-1.8445412     	-1.7735362     	2.385986       	-1.2429775     	-2.301814      	0.0349803      	-2.959255      	-1.0308055     	0.49356776     	-2.190686      	-0.74601614    	-2.3135552     	0.05113432     	-1.6248865     	-0.73670906    	-2.1943498     	2.4163039      	2.2729802      	-3.1137042     	2.8542259      	2.5069437      	-1.2816505     	1.4779516      	0.23338948     	-2.2115433     	2.087822       	0.9084888      	0.32217252     	2.8131049      	0.51373154     	0.036228802    	-3.1410027     	-3.0095613     	-3.0348353     	-0.006367033   	-0.48688802    	-2.807702      	0.30640703     	1.3462048      	1.0024439      	-2.0949008     	-1.7489957     	0.78905445     	-0.19377875    	-2.3451643     	0.06692152     	0.8738753      	2.4142199      	-2.415654      	2.2774992      	-3.1046255     	-0.5723675     	-0.15355349    	
0.96439654     	-0.59201694    	1.9437546      	-1.8883501     	-1.0329334     	-0.48819843    	-2.328026      	1.8791758      	1.8603843      	1.7930568      	1.6986487      	-0.2524486     	-2.910938      	-0.33309725    	-0.28632686    	2.3196507      	0.45036814     	-1.3068545     	1.0080982      	1.720356       	-1.7554759     	-0.4708451     	-0.08486366    	-2.968537      	-3.0419054     	0.27301878     	0.07247863     	-1.2654961     	-1.4985253     	0.79581475     	2.6547017      	-1.7643731     	-3.0940118     	0.30500478     	-0.285709      	1.0371144      	0.83383113     	-0.16170806    	-3.0408068     	3.1371326      	-0.061729625   	-0.06002763    	0.001214311    	3.1312647      	-2.23667       	-3.078556      	1.8147153      	-1.1569042     	0.9782594      	0.41361248     	-1.9017352     	0.6165322      	-1.9304267     	-0.27730635    	-1.168835      	-3.105083      	2.4271913      	0.73517627     	-1.4261011     	0.6563021      	-0.03850313    	1.0646563      	-2.3097363     	-2.437985      	0.7695296      	1.1432234      	-0.5558906     	-2.2049503     	2.1654515      	-0.98464704    	2.1393344      	-2.3361337     	-0.62910825    	-0.22983903    	-0.66720307    	-0.14234254    	-2.810541      	0.2860341      	-0.02841441    	-3.1367388     	-1.90605       	0.6209774      	-0.26989996    	0.23551087     	-0.27614552    	-2.9906178     	-3.023394      	-3.105         	-3.125872      	-0.57330555    	1.3337046      	0.89593405     	2.9921997      	2.9911664      	1.7081138      	-2.972965      	-2.3695855     	-2.5927968     	-0.54454273    	-0.39819196    	
-2.651596      	2.2434301      	-0.83378017    	-1.1087192     	-2.7918077     	-0.47729102    	2.9503393      	2.0371046      	3.0249207      	-1.161525      	-0.9346369     	0.8912632      	3.0117474      	2.8807826      	-1.6125939     	-1.2788534     	2.4378614      	-2.9307094     	3.0352302      	-1.3231199     	2.1443868      	1.2371846      	1.8422649      	1.0449148      	-2.16652       	1.4701275      	-1.7329711     	-2.3878403     	0.8542254      	-1.4316529     	3.1034846      	2.404897       	-1.0493022     	0.74209166     	-2.794238      	-2.8702543     	-0.023946922   	-0.7701536     	-3.010742      	-1.3800896     	2.7533119      	0.7856993      	0.11277616     	0.030990303    	-2.5491054     	-0.063015394   	2.9555442      	0.28705645     	-0.92998004    	1.0840244      	-2.7835588     	-0.57010233    	-2.5617247     	-0.5260873     	1.3893198      	-0.14682268    	1.3905154      	2.7814434      	-0.45295626    	-1.4666699     	0.50622314     	-2.1444952     	1.0358275      	2.3376234      	0.09586706     	0.16210054     	2.5325012      	-2.0340624     	0.03141234     	-0.124008566   	-0.2139354     	2.6479573      	-0.66365993    	-2.712667      	1.5005581      	1.9982854      	2.6420844      	1.0884283      	-0.085055664   	-0.43774086    	-3.1171796     	1.6423804      	-2.6415262     	1.4971209      	-0.1844087     	-1.2495408     	-3.1104188     	-0.10087495    	-0.5295423     	0.28679943     	2.639473       	0.19495565     	0.98015773     	0.49198693     	-0.8045393     	2.2385902      	2.2227983      	1.718509       	-0.9602789     	-0.18426405    	
0.58579755     	1.228769       	-0.6861859     	-0.6422601     	-0.9795053     	-0.8177172     	-0.04779926    	-2.5323856     	2.1416209      	2.6800025      	0.24220072     	-0.4436945     	-3.0343697     	-2.808803      	2.974461       	2.0779157      	-2.894936      	-0.6837047     	0.65825814     	2.9930377      	-0.6733388     	2.332267       	-1.2109298     	0.37903947     	-2.753291      	3.0439494      	-1.6374116     	1.3963943      	-2.1324687     	0.9496627      	-1.2246792     	-2.474178      	3.0507143      	1.0107874      	-0.0030961863  	-0.13175057    	0.15970013     	-3.1010568     	-2.6737657     	-2.0851607     	-1.2898059     	-3.058972      	3.1001017      	-1.8900801     	0.28295556     	-0.087369554   	-0.013834723   	3.010083       	0.648428       	-3.1058676     	1.8517593      	-1.6786941     	1.5988843      	2.1074004      	2.7756357      	1.7515942      	-2.924743      	0.8793315      	2.076431       	2.622194       	1.8540322      	1.1706707      	-2.8920488     	2.0720758      	-1.2591618     	-0.012108718   	0.61339736     	2.5476403      	0.19852866     	1.8734218      	3.048567       	-2.7404764     	-1.9018507     	-0.6817058     	0.28128362     	-2.914131      	0.28770027     	-1.8274149     	2.5789204      	-0.12617491    	3.041594       	-0.27036402    	-2.3665426     	-0.69316584    	0.14409186     	2.9536119      	2.9126263      	0.1045992      	0.63180554     	1.7230475      	1.6843476      	-1.8842475     	1.7010796      	-0.044235118   	1.8855476      	-2.9596882     	0.3017102      	0.591429       	-1.1373427     	-1.2183851     	
-3.0558662     	2.6725028      	-2.2808619     	-0.4539295     	-2.3147578     	2.8245416      	-0.14891322    	-2.1928825     	0.6369704      	-2.7952368     	1.7847862      	2.546053       	-2.7059321     	2.6101532      	-0.13382082    	-0.042845942   	3.129477       	-2.5096865     	-0.694651      	2.0073366      	-2.3264298     	2.723965       	0.2718061      	-2.1112404     	-1.7781584     	-1.0475887     	-2.5875509     	-2.266695      	-0.8172385     	2.279104       	1.4883877      	-1.597667      	0.46287596     	-0.34996292    	-2.2232656     	-0.13591558    	1.6730889      	2.570765       	0.104394935    	-0.9002961     	-1.6277374     	0.70536697     	2.9914608      	-0.022938346   	-2.8694353     	0.04023448     	0.21582158     	-0.0075215837  	2.9236622      	2.3265285      	-1.2134941     	-1.6834697     	1.4624217      	-1.1948249     	0.44217482     	-1.4839971     	3.078204       	-0.013308788   	-1.3312819     	-1.9239162     	1.0367483      	-1.2087078     	-2.6800652     	0.9562943      	2.0198703      	2.0944984      	1.5738647      	2.4420407      	2.8472455      	0.027815288    	-1.5045706     	-1.4800228     	1.9812715      	0.74475765     	-0.027676538   	2.6916027      	-1.4870678     	-1.2478349     	3.0389447      	-0.13149555    	3.1271207      	2.8624225      	0.888531       	-1.7696826     	-0.79034555    	1.267347       	1.0931629      	-0.6233325     	0.42682675     	-2.6564608     	-0.2146701     	-2.4571247     	-0.7996277     	2.9748983      	2.3714802      	0.39186227     	0.78586406     	-2.6757658     	-2.7009654     	-2.1712613     	
-0.6953138     	3.0147045      	-1.5613544     	-3.0966778     	-2.8110166     	-2.3833554     	2.825015       	-2.9706206     	0.9592792      	-0.24045199    	0.5537673      	3.1327322      	2.543517       	-1.1169384     	0.25119764     	0.00054379134  	3.0229416      	2.2624848      	-0.32690522    	-2.456017      	-2.377256      	-2.1314623     	-2.136104      	-2.8819911     	-0.78360236    	1.6712533      	-0.66531396    	0.10380008     	-1.4403884     	0.22377388     	1.3713918      	1.243795       	2.311274       	-3.0730135     	-0.121121414   	2.8870478      	1.7822757      	-1.0268703     	0.09689411     	2.968648       	2.8738708      	0.65934116     	1.0903356      	-1.1700311     	-2.854471      	-0.73820454    	0.33076364     	-0.20184952    	2.9883249      	-2.7751818     	0.70236        	2.5315967      	-1.4163547     	-2.8776999     	-2.1985412     	2.4049752      	-0.4650209     	1.3306036      	-2.9977787     	2.9990404      	0.5101307      	2.6322062      	-2.4822237     	-0.6510365     	2.1077356      	-0.32109284    	-2.4484723     	0.8621383      	1.5017983      	1.6541992      	2.7497976      	1.2223842      	-0.68019664    	1.440705       	-0.12820892    	-0.36246032    	0.33890218     	2.2355735      	-2.022781      	-0.13985011    	0.06383355     	-3.1314948     	2.6411376      	-1.3133314     	3.0332298      	-2.9553568     	2.8773453      	-2.2503026     	-1.6773261     	-1.6947823     	-1.7830865     	-3.038823      	-0.62037235    	1.5746809      	1.5925148      	0.31647366     	0.48090753     	1.6791545      	0.7246722      	1.0424854      	
-1.2846235     	-1.4521898     	1.4513009      	-1.9840721     	0.19304074     	-1.0143629     	0.6116666      	0.90327543     	2.5946422      	-2.6424181     	-0.8098178     	0.60845524     	3.083335       	0.21884672     	1.8286607      	1.5172217      	-0.104538      	3.0692914      	0.9060106      	-1.933126      	-0.98050827    	1.7498554      	0.794458       	-0.23268755    	-0.7822468     	1.6118708      	-1.8375285     	3.0518246      	-2.693416      	-0.85438985    	2.3402946      	-1.6012268     	0.40729082     	1.9318069      	-0.06505297    	0.38487425     	3.0619493      	-2.1337988     	0.095209464    	-3.1354022     	-0.4865859     	2.223076       	-3.0540879     	-0.689781      	-0.1070209     	3.0221457      	-0.43626097    	-0.22928752    	2.9620185      	2.4725966      	-1.9700412     	0.96295816     	-3.1189427     	0.77044743     	-2.075972      	1.24317        	-2.4841754     	0.7326184      	-2.708894      	-1.2938409     	0.0022454544   	1.986604       	-2.5988631     	-0.16745709    	2.1684408      	0.6113803      	2.8818743      	1.8355376      	1.544692       	1.2836554      	0.64019185     	2.0027566      	-2.1633227     	-0.8467726     	-1.4062493     	-2.3629246     	0.17202881     	0.69045174     	1.941999       	0.8595043      	-0.08614996    	3.0868359      	0.753787       	2.9935427      	-1.2335441     	0.2202847      	-1.9081224     	1.042145       	1.0567815      	-1.3834095     	0.08451687     	2.672251       	1.5043414      	2.0977378      	1.4027449      	-1.5048491     	-0.64734817    	-1.022451      	-2.7284365     	1.9042854      	
2.4423661      	1.1524693      	1.635667       	-0.24247083    	-2.4857976     	-0.07566818    	-1.64148       	-3.122366      	1.6779608      	-0.764295      	0.7181295      	1.0262741      	0.2984912      	0.28915456     	0.0060070655   	2.78065        	0.26531625     	-0.12681183    	-3.1249118     	-0.9563822     	2.140831       	-3.075925      	1.6426288      	1.6178191      	1.2510204      	-0.42882708    	1.1243601      	-0.40100086    	-2.9839268     	2.6682723      	0.81590647     	0.9233281      	-0.2405601     	1.9594166      	2.138987       	1.062168       	-2.1751504     	-0.37922218    	1.9724609      	-0.073874414   	-2.8721106     	-1.7679292     	-0.17911069    	0.016710725    	2.1405005      	-2.9677339     	-0.29942888    	-0.74295366    	-2.007526      	-2.3897066     	1.5703553      	-1.6391475     	0.68606794     	-0.031548727   	1.2347933      	1.7621483      	-1.9268612     	-0.99308896    	-1.4233094     	2.0096722      	-2.902014      	3.0382118      	-1.1136755     	2.0543933      	-1.8840064     	2.0638113      	-1.4500768     	-1.8567923     	0.84246373     	-0.97191256    	0.57746243     	-1.9192181     	2.9051144      	-2.8641534     	-0.8704608     	2.7250063      	2.8238423      	-2.7192035     	-1.079076      	-2.3784738     	2.7350647      	-0.074514054   	3.1051722      	1.4639242      	0.9864323      	-1.519907      	0.38623208     	0.20087291     	0.08563341     	-2.4096375     	-1.7761432     	0.57202166     	2.734816       	1.697233       	1.522077       	-2.2151568     	-3.0025947     	-2.6461399     	2.4769807      	2.437574       	
-1.2182915     	1.6459926      	1.6966726      	-0.11198319    	-2.8316584     	3.0365045      	-2.7457771     	-2.960496      	1.0342647      	-1.6293771     	-1.3714442     	-2.0341282     	-1.0153732     	-2.7858374     	0.68497413     	-0.71994406    	2.96355        	0.09205441     	3.0192533      	2.8915753      	0.41445422     	-2.6852138     	1.2129829      	-2.0816398     	-2.3858657     	1.7474458      	-1.3972876     	-2.5277448     	2.7558153      	0.048249766    	-0.12981664    	2.959612       	-1.2368659     	2.1040864      	-1.3661878     	0.87284034     	-0.48131147    	0.44768333     	1.9055244      	-0.4920252     	-0.2375075     	0.20540564     	3.1160986      	-1.1196592     	1.1193594      	1.3379271      	-0.31863096    	-1.7576742     	-0.49077308    	-0.14993478    	-1.3676548     	-1.6744089     	-2.8951151     	0.7249311      	0.55276763     	2.5401735      	0.3781338      	-0.8079666     	-0.92702746    	-0.6356164     	2.279687       	-0.61264634    	-2.7050626     	-2.0719538     	1.8403023      	1.4621007      	-1.4321918     	-0.9639842     	1.1465449      	1.4815676      	0.61228585     	-0.28586203    	-1.0501934     	-0.60181177    	2.8666413      	2.3208873      	1.6304232      	-1.8855288     	-1.4184059     	-0.15409735    	-2.5950005     	0.14340547     	-0.022597862   	3.0636864      	-1.2210945     	-0.49703902    	-2.0552516     	-2.7410135     	1.5615401      	2.8387377      	0.79763484     	-1.503062      	0.009696375    	-2.55399       	1.5284325      	0.23352182     	-0.15113826    	2.2207198      	0.7101494      	-0.33150283    	
2.6349008      	1.0622797      	-0.8099341     	1.3211432      	-0.31354672    	-2.7158093     	-2.2862246     	0.71136653     	-1.124061      	-1.2573762     	-2.8481207     	1.9579633      	-0.5457519     	1.2715223      	-2.2287838     	-0.068787165   	0.7174678      	0.7124362      	-0.025196092   	3.127498       	-2.5963523     	2.5501392      	-0.40647626    	1.8886071      	-0.20121242    	2.5923986      	2.424315       	1.597196       	-1.5190548     	2.1463542      	0.70203245     	-2.4892452     	-0.23221162    	-0.48282412    	-0.70613474    	-1.900381      	2.863455       	-2.249431      	-0.567566      	-3.0352602     	-2.6694233     	-0.100143224   	0.35794494     	3.0473554      	1.429868       	0.12774932     	0.4701004      	1.1566974      	-2.3758206     	-1.216806      	-1.73512       	1.9797424      	3.1383817      	0.5518289      	1.6835792      	-1.284181      	0.75072616     	0.95423615     	-1.8289015     	2.875459       	-1.8687085     	3.116858       	-2.5225537     	-2.6909785     	0.7554067      	1.8448395      	0.8661158      	2.1612105      	2.7924533      	2.7683861      	1.3542898      	0.40855736     	-1.6960888     	0.5811502      	-1.4942558     	2.5249503      	2.4809988      	-1.9939884     	1.9568399      	-1.3642325     	-0.15684898    	-0.55563945    	-0.11467891    	3.1361713      	-2.8454032     	0.23817204     	0.81467366     	0.20231259     	1.2557355      	-2.9154792     	2.544154       	-1.7548107     	3.1369207      	-2.688364      	-3.066888      	1.8413752      	1.9194211      	0.133506       	0.6054194      	2.823912       	
-3.0898435     	1.8240992      	0.3834594      	-0.01591408    	-0.6084991     	1.0761461      	-1.1117367     	-1.1590351     	1.6093173      	2.5488663      	2.227841       	0.22505766     	1.8138382      	-1.4265358     	-3.0670147     	0.9895522      	0.69780004     	-2.665823      	-0.08225203    	3.1116772      	2.971821       	-2.200378      	-2.9488251     	1.9870833      	0.6569999      	0.84775615     	-0.05335315    	1.2924418      	0.24137105     	1.9367081      	-1.919834      	-0.30109587    	0.41116908     	2.7624552      	-0.21236672    	2.737981       	-2.392555      	-0.8828831     	-2.1560783     	0.8118819      	-1.3783368     	-0.073912464   	-1.8428682     	3.122377       	-1.1089271     	2.317306       	-1.3227171     	-1.8849629     	2.7902327      	1.3690826      	1.3713275      	-1.6414487     	-1.5720618     	0.7945478      	0.38306737     	1.3102055      	-1.0876986     	-1.5580838     	-0.92454875    	-2.506193      	-1.4122869     	1.687505       	-0.31976357    	1.3855563      	-2.1430092     	-2.2632751     	1.603405       	-1.6182729     	-0.14273463    	0.5246474      	3.0993893      	1.5995172      	0.3544588      	2.5471003      	-1.0413654     	1.9676262      	2.5992315      	0.6053901      	1.1902713      	2.232742       	0.2501097      	-0.53485924    	0.03707843     	-0.15468834    	3.0816145      	-2.3690188     	-2.4105816     	1.4673115      	-1.2656341     	0.07225115     	-0.19072564    	2.1858263      	3.0970988      	0.23412344     	-2.2508872     	3.0470338      	1.3341175      	1.7594486      	2.4284601      	1.8350029      	
2.7447383      	2.840055       	0.6231487      	-0.32782018    	-2.830359      	0.6765963      	0.6155632      	2.2511454      	3.058928       	-0.80246055    	1.4131032      	0.5071155      	-1.4515933     	-2.7753484     	1.1142828      	2.1622093      	0.9394265      	-0.38069296    	2.204828       	-0.011156872   	3.095972       	1.0529715      	-2.1499312     	-2.315806      	-2.9883847     	-0.9656281     	2.2686331      	2.6226459      	-2.2562242     	-2.9153216     	1.5963838      	-2.1742244     	-2.6299763     	1.377224       	-0.19851518    	1.1370949      	-2.4951966     	2.0026424      	0.5646694      	2.922734       	1.939273       	-2.0344467     	0.012398823    	-1.7040664     	-3.1180172     	-2.9741156     	-0.017805139   	-2.6650805     	-1.8170456     	1.2991942      	2.595184       	-1.0118157     	3.064251       	-1.042581      	-0.7044876     	-2.0236418     	3.1149828      	-0.4264282     	2.9664989      	0.40102586     	0.5513899      	2.7114835      	-0.42883945    	2.385064       	-2.3192348     	0.93356884     	-1.1384058     	1.2926071      	-2.912547      	0.35341626     	-2.3618817     	-2.1031547     	-2.8314996     	0.44447306     	0.80557245     	-1.8121858     	-0.57073253    	1.0354227      	-2.5909479     	-1.0274807     	-0.09401351    	-1.3129092     	3.0981615      	-0.19067708    	3.116332       	-3.1028128     	-1.7462901     	0.33684742     	-0.38826537    	-0.37592688    	-1.6170766     	0.97738314     	-3.0268638     	0.19807763     	1.0675782      	-2.6718898     	-2.1607494     	-2.4184434     	2.817339       	2.9370792      	
