# www.neaspec.com
# Scan:	 	AFM
# Project:	 	20251007_PS
# Description:	 	
# Date:	 	10/07/2025 10:43:47
# Scanner Center Position (X, Y):	[µm]	49.99	50.01	 
# Rotation:	[°]	0	 	 
# Scan Area (X, Y, Z):	[µm]	5.000	5.000	0.000
# Pixel Area (X, Y, Z):	[px]	100	50	1
# Averaging:	 	1	 	 
# Integration time:	[ms]	5	 	 
# Laser Source:	 	4.5-15 µm nano-FTIR laser
# Detector:	 	R
# Target Wavelength:	[µm]	7.502	 	 
# Demodulation Mode:	 	Fourier
# Tip Frequency:	[Hz]	241,340.500	 	 
# Tip Amplitude:	[mV]	45.700	 	 
# Tapping Amplitude:	[nm]	79.665	 	 
# Modulation Frequency:	[Hz]	0.000	 	 
# Modulation Amplitude:	[mV]	0.000	 	 
# Modulation Offset:	[mV]	0.000	 	 
# Setpoint:	[%]	79.75	 	 
# Regulator (P, I, D):	 	4.206850	8.625812	1.000000
# Tip Potential:	[mV]	0.000	 	 
# M1A Scaling:	[nm/V]	0.426	 	 
# M1A Cantilever Factor:	 	1,000	 	 
# Q-Factor:	 	487.4	 	 
# Version:	 	2.1.11536.0
0.41783503     	0.41111052     	0.41397887     	0.42580968     	0.42035824     	0.3452814      	0.45382896     	0.5035404      	0.38373244     	0.46134502     	0.41653582     	0.4244669      	0.4251106      	0.40752923     	0.5015422      	0.3829617      	0.39018714     	0.45983124     	0.42604235     	0.41257802     	0.45837545     	0.4896336      	0.46563795     	0.5237673      	0.33938268     	0.3786328      	0.42927864     	0.4528176      	0.44397        	0.3538076      	0.39214388     	0.41723362     	0.34514934     	0.44878736     	0.46773165     	0.4352862      	0.5375713      	0.44760308     	0.39483014     	0.43409994     	0.34728697     	0.48952928     	0.43099308     	0.37191218     	0.45371205     	0.3753457      	0.4462361      	0.47038597     	0.40856248     	0.37554097     	0.3602136      	0.42313161     	0.36872992     	0.48140782     	0.39702323     	0.43015683     	0.41097832     	0.3339076      	0.48226514     	0.39330134     	0.3777642      	0.39265501     	0.35422572     	0.42438558     	0.5190199      	0.41061285     	0.42517182     	0.42862162     	0.4445847      	0.3319848      	0.38427332     	0.44111845     	0.50065345     	0.49891007     	0.45803967     	0.39845788     	0.45980906     	0.41675904     	0.40741557     	0.4897709      	0.43701735     	0.38514316     	0.39747104     	0.39496225     	0.43228915     	0.3448559      	0.31614122     	0.33612704     	0.24129918     	0.24383076     	0.29826677     	0.26375645     	0.40818465     	0.2953913      	0.29269907     	0.18528865     	0.21789144     	0.14031698     	0.1971415      	0.2034448      	
0.4106816      	0.47723502     	0.40932864     	0.43210924     	0.41368794     	0.45886338     	0.36115265     	0.45125422     	0.47371632     	0.46595162     	0.36357933     	0.2510937      	0.35990238     	0.2710638      	0.46526334     	0.42377782     	0.33393043     	0.2939183      	0.4891252      	0.42312607     	0.3216742      	0.5063959      	0.44702557     	0.39049292     	0.50789285     	0.50776815     	0.31481755     	0.41643947     	0.45065892     	0.48485953     	0.3504624      	0.5582354      	0.35198838     	0.36628067     	0.40057665     	0.47946614     	0.44463456     	0.43398157     	0.3540362      	0.4669338      	0.39081016     	0.37401554     	0.44730657     	0.378574       	0.4356859      	0.32194054     	0.39240116     	0.3808967      	0.3655495      	0.37808713     	0.3952889      	0.47890133     	0.4284588      	0.4292909      	0.36412057     	0.40603396     	0.35294974     	0.43471318     	0.39666346     	0.30248418     	0.49670094     	0.4043886      	0.4729495      	0.40679982     	0.4954834      	0.39509085     	0.38701168     	0.39831284     	0.46717066     	0.41292545     	0.41166767     	0.385943       	0.45870924     	0.45757928     	0.46211457     	0.39134935     	0.46680003     	0.5507956      	0.38354522     	0.45846063     	0.3936124      	0.50844604     	0.44537017     	0.44800106     	0.53112286     	0.35106477     	0.2217225      	0.32491484     	0.116746105    	0.27166805     	0.21236475     	0.18320502     	0.11272115     	0.25397223     	0.12430334     	0.22060403     	0.19331701     	0.23301521     	0.2870637      	0.25156158     	
0.36948785     	0.40248343     	0.39854178     	0.4030386      	0.46021372     	0.43738455     	0.49390388     	0.44551805     	0.4239687      	0.34036723     	0.40059283     	0.45647854     	0.5023206      	0.47259957     	0.4518261      	0.40535155     	0.4031824      	0.41394138     	0.42702833     	0.42272437     	0.31540394     	0.42730537     	0.39603853     	0.3211848      	0.4306978      	0.4712306      	0.5312393      	0.45600808     	0.47028732     	0.36646575     	0.40333098     	0.44963285     	0.47103092     	0.47916576     	0.48709476     	0.43710563     	0.49352223     	0.46046317     	0.4502944      	0.3852727      	0.36246338     	0.33351925     	0.36113825     	0.3442973      	0.4224078      	0.4536159      	0.39883107     	0.3982697      	0.40555373     	0.4855362      	0.34868747     	0.36610842     	0.42352855     	0.44453594     	0.42381784     	0.37473267     	0.46347862     	0.48009753     	0.42287993     	0.35554528     	0.44383848     	0.36136746     	0.40426347     	0.48816758     	0.43068212     	0.445902       	0.52693254     	0.4295435      	0.47626656     	0.39562222     	0.5434864      	0.5915148      	0.5691871      	0.5042623      	0.39015377     	0.4918228      	0.43113497     	0.49884167     	0.35847545     	0.5086403      	0.47672832     	0.54065615     	0.27857935     	0.17272258     	0.25809303     	0.15834235     	0.114634946    	0.23851697     	0.12631775     	0.26349822     	0.12261164     	0.07726965     	0.13002759     	0.13665226     	0.16874397     	0.13222624     	0.13113716     	0.22098762     	0.2842574      	0.21391633     	
0.47551686     	0.4505022      	0.34088844     	0.4691486      	0.37932745     	0.56809264     	0.3665363      	0.29540125     	0.46127528     	0.39801326     	0.4294954      	0.45972377     	0.38492706     	0.35274145     	0.41814253     	0.395446       	0.31506655     	0.52638286     	0.3576262      	0.40120062     	0.47420192     	0.5414367      	0.40686724     	0.44192576     	0.48835778     	0.43674803     	0.3529473      	0.33050203     	0.42776275     	0.44199303     	0.33585128     	0.35745084     	0.3859816      	0.41563937     	0.46420917     	0.4403923      	0.31642252     	0.4475185      	0.3802         	0.45244607     	0.42511603     	0.49282184     	0.37614423     	0.41713396     	0.4131342      	0.37530944     	0.4749253      	0.30342782     	0.38131538     	0.4710938      	0.4107893      	0.30059546     	0.4974333      	0.39233217     	0.4418605      	0.42090562     	0.5355674      	0.38152218     	0.4175127      	0.44560936     	0.34956932     	0.3697783      	0.54579246     	0.34575853     	0.36642167     	0.45812115     	0.53496766     	0.32014987     	0.38707507     	0.5046477      	0.48539865     	0.42370316     	0.5594293      	0.39072964     	0.38296664     	0.41624305     	0.36718497     	0.528122       	0.48804978     	0.48613426     	0.5422088      	0.52681464     	0.26781434     	0.25165495     	0.15386061     	0.22635238     	0.20210192     	0.16121338     	0.12481309     	0.2765596      	0.22684544     	0.13296835     	0.20773898     	0.21877553     	0.20816132     	0.16161068     	0.14743656     	0.13064761     	0.09965489     	0.1892611      	
0.43228143     	0.379242       	0.39503178     	0.322285       	0.3915036      	0.42327553     	0.44382852     	0.40592352     	0.42158222     	0.30519342     	0.51887345     	0.39846712     	0.4327747      	0.48601216     	0.40802395     	0.5020901      	0.46296486     	0.35410294     	0.46827215     	0.39186618     	0.43680972     	0.37345335     	0.47856173     	0.34662622     	0.43645382     	0.36647326     	0.4654172      	0.43401933     	0.4201012      	0.57405156     	0.375281       	0.43128732     	0.39310452     	0.45237422     	0.42981368     	0.50725406     	0.3466227      	0.4434394      	0.39846554     	0.3405092      	0.4423023      	0.3809012      	0.45160285     	0.5187952      	0.42528802     	0.4003573      	0.405592       	0.4920481      	0.49705008     	0.6374438      	0.5353902      	0.44168028     	0.509532       	0.42937747     	0.44563124     	0.41415203     	0.44567728     	0.36624765     	0.5073064      	0.38890442     	0.5157485      	0.491961       	0.41440395     	0.40360323     	0.4160048      	0.40727437     	0.42502156     	0.47313473     	0.4258799      	0.43665692     	0.50255567     	0.41151506     	0.42400163     	0.4004608      	0.43040743     	0.3185792      	0.47956634     	0.45099118     	0.38218436     	0.33015567     	0.4062006      	0.4509628      	0.310973       	0.30458012     	0.25465465     	0.2244245      	0.13255736     	0.19060472     	0.23487979     	0.23828332     	0.20027596     	0.0939434      	0.25232494     	0.16742148     	0.13296103     	0.13427918     	0.010207681    	0.11135044     	0.077400394    	0.06440293     	
0.44939446     	0.42070532     	0.45348582     	0.43615195     	0.42056626     	0.4182368      	0.36076427     	0.44139788     	0.35607335     	0.32868522     	0.41134804     	0.5060496      	0.48611593     	0.39970326     	0.46754512     	0.3536613      	0.40772447     	0.4437606      	0.39755836     	0.4553942      	0.35551977     	0.4569332      	0.35349238     	0.38791546     	0.55883056     	0.32042187     	0.3697231      	0.48671967     	0.3751719      	0.54260844     	0.30859336     	0.4600745      	0.42138615     	0.3479977      	0.31428054     	0.42512482     	0.3881619      	0.46592152     	0.3626825      	0.4644604      	0.4115775      	0.5320853      	0.442292       	0.4946286      	0.49384        	0.45393252     	0.5330834      	0.30598184     	0.36356267     	0.3215554      	0.27553108     	0.32320106     	0.32314184     	0.35518438     	0.30588537     	0.1747021      	0.23923932     	0.4357422      	0.3913378      	0.37316376     	0.4436084      	0.39752847     	0.49683845     	0.3705556      	0.40766552     	0.42931256     	0.55985594     	0.4615826      	0.48397887     	0.46967474     	0.44204822     	0.43809777     	0.49454367     	0.46386802     	0.4800475      	0.43986627     	0.49476317     	0.4612626      	0.46036524     	0.47626263     	0.53887576     	0.49355605     	0.28617868     	0.2335096      	0.2474762      	0.17744088     	0.23250419     	0.20948452     	0.17219199     	0.14704898     	0.216212       	0.1476418      	0.20142727     	0.18858205     	0.20401354     	0.10467074     	0.10006815     	0.15510415     	0.1822204      	0.1924096      	
0.32118526     	0.5019683      	0.44451943     	0.38790715     	0.3197752      	0.36351737     	0.55079484     	0.4968462      	0.4481132      	0.48710582     	0.3446557      	0.47811052     	0.4722013      	0.2872081      	0.41037422     	0.3407594      	0.4108587      	0.53428763     	0.3138705      	0.31942204     	0.38070196     	0.40438247     	0.40922734     	0.3583048      	0.32789892     	0.45657668     	0.4103629      	0.51645374     	0.5066042      	0.45924664     	0.5038488      	0.39324108     	0.5492706      	0.5536148      	0.5541794      	0.42379624     	0.5191481      	0.6131706      	0.5322506      	0.41938183     	0.43587515     	0.31863606     	0.32713088     	0.40855423     	0.28454265     	0.3051841      	0.3247638      	0.18548228     	0.30181423     	0.19684985     	0.19258818     	0.17651378     	0.17355639     	0.1785655      	0.18268645     	0.21700814     	0.15043904     	0.23121086     	0.20798947     	0.32003418     	0.37781876     	0.5564288      	0.4332629      	0.37959862     	0.54246706     	0.45254806     	0.33816475     	0.41631126     	0.48208815     	0.5752313      	0.4569921      	0.42909998     	0.38505483     	0.48061278     	0.4965323      	0.39325202     	0.39853495     	0.48028877     	0.51269966     	0.44495416     	0.50386304     	0.44722494     	0.49655446     	0.3251798      	0.21288358     	0.30954018     	0.19909151     	0.22714493     	0.17929362     	0.20255631     	0.22650649     	0.1749186      	0.2229831      	0.1119284      	0.18427318     	0.22138536     	0.1752711      	0.14708365     	0.1357037      	0.17453161     	
0.48062238     	0.40569568     	0.46063146     	0.46313202     	0.45189762     	0.41487032     	0.36397126     	0.5153386      	0.38971716     	0.47326872     	0.50346506     	0.35744777     	0.4100964      	0.4578374      	0.36509255     	0.41504794     	0.38354683     	0.3519033      	0.42481148     	0.44609833     	0.4011392      	0.42675757     	0.45742044     	0.42596808     	0.44958597     	0.59716916     	0.36464143     	0.42859274     	0.49318886     	0.5348982      	0.4653213      	0.4237328      	0.27546343     	0.46337137     	0.4034618      	0.43158966     	0.43758976     	0.18260229     	0.328723       	0.24347638     	0.18223993     	0.21562332     	0.1424003      	0.10081939     	0.16760707     	0.18470088     	0.19137684     	0.18762761     	0.28173262     	0.11969955     	0.12815215     	0.26620132     	0.27809718     	0.17361529     	0.12078226     	0.16083387     	0.25080603     	0.16462196     	0.22833568     	0.28774548     	0.27593026     	0.38465855     	0.45992255     	0.41153368     	0.36186713     	0.49865147     	0.40350452     	0.52685493     	0.45493302     	0.48703238     	0.38181478     	0.37368706     	0.49292794     	0.48614898     	0.5555678      	0.4443448      	0.5274964      	0.52927107     	0.3862546      	0.4298745      	0.41543618     	0.41020837     	0.4773341      	0.30106565     	0.3409856      	0.2708192      	0.19091733     	0.23737247     	0.23378195     	0.2632192      	0.14416295     	0.13553914     	0.14170295     	0.2004915      	0.27079317     	0.2006666      	0.09939804     	0.08894207     	0.10121455     	0.082986236    	
0.48792538     	0.32415184     	0.4382371      	0.507776       	0.4804505      	0.37263855     	0.44687724     	0.42207697     	0.43207777     	0.38090906     	0.4520657      	0.43737155     	0.38669002     	0.5041819      	0.4095377      	0.49352393     	0.5018307      	0.44241443     	0.43163934     	0.4441525      	0.49300173     	0.43942705     	0.5112745      	0.38956404     	0.48945957     	0.40426812     	0.36562347     	0.35606048     	0.26513946     	0.2736555      	0.34789976     	0.32104906     	0.32375878     	0.31470567     	0.23667084     	0.2983927      	0.18903744     	0.1965238      	0.18378675     	0.13300681     	0.18312295     	0.15233134     	0.17661405     	0.11938146     	0.25941655     	0.32122985     	0.21608062     	0.12613602     	0.23972331     	0.14517386     	0.2304071      	0.1928138      	0.18131204     	0.1346737      	0.1222777      	0.18406567     	0.22118847     	0.12808686     	0.13845207     	0.30556065     	0.18401226     	0.32440427     	0.3703532      	0.4258004      	0.40460026     	0.40843046     	0.39199013     	0.5062426      	0.45424682     	0.49916327     	0.55411136     	0.4030321      	0.5142231      	0.4766781      	0.4204138      	0.3862432      	0.30294895     	0.49985668     	0.44861016     	0.42048356     	0.55225986     	0.42811784     	0.5230681      	0.3863915      	0.25095797     	0.17899281     	0.24023168     	0.22590394     	0.28869534     	0.18561561     	0.13220067     	0.12750684     	0.22079055     	0.25092638     	0.18575701     	0.1822138      	0.1556278      	0.21003422     	0.22679755     	0.23834439     	
0.30565515     	0.38424632     	0.3749428      	0.4154258      	0.451014       	0.45784223     	0.41441074     	0.50617594     	0.48238742     	0.5150487      	0.34619826     	0.50538206     	0.450875       	0.33215755     	0.47971675     	0.47662085     	0.42770946     	0.42106184     	0.43054196     	0.4769068      	0.4395979      	0.42613503     	0.4013475      	0.4582991      	0.39042065     	0.37767524     	0.17868403     	0.18426488     	0.24438362     	0.29360366     	0.16233864     	0.1472894      	0.283571       	0.20245458     	0.17003392     	0.19904989     	0.31665167     	0.23614971     	0.18623462     	0.17700702     	0.22444876     	0.24701537     	0.20392507     	0.12168623     	0.2209421      	0.10278967     	0.10368365     	0.111185335    	0.15203282     	0.21720624     	0.16495797     	0.2467757      	0.13543577     	0.09594832     	0.12119155     	0.27806625     	0.1611664      	0.20080952     	0.21439236     	0.191415       	0.23787719     	0.1090237      	0.4831454      	0.5436406      	0.36964327     	0.4321397      	0.42630118     	0.45699495     	0.43159026     	0.45259422     	0.5033075      	0.4050525      	0.27291122     	0.3715002      	0.36044124     	0.5201311      	0.4674982      	0.3603949      	0.41968152     	0.48958668     	0.44341984     	0.46917188     	0.382293       	0.51250243     	0.27364224     	0.2408993      	0.2567481      	0.2649699      	0.17420183     	0.16730122     	0.23830856     	0.15045455     	0.19034666     	0.29818434     	0.11578864     	0.13216744     	0.09371972     	0.15524758     	0.15612045     	0.06622314     	
0.51015896     	0.41678166     	0.45438695     	0.4635737      	0.3247801      	0.5046383      	0.4117674      	0.47653365     	0.44654208     	0.4675647      	0.4661988      	0.40683338     	0.5090348      	0.36296338     	0.3550635      	0.45642963     	0.44904843     	0.45269147     	0.47368217     	0.47898167     	0.5984361      	0.6013511      	0.29757142     	0.23329258     	0.18003212     	0.15963727     	0.14635085     	0.127104       	0.18028721     	0.230263       	0.09590808     	0.09250984     	0.18199632     	0.23730186     	0.116537295    	0.21991266     	0.21181382     	0.17511548     	0.13639165     	0.20055823     	0.16230404     	0.17895746     	0.119339846    	0.25153428     	0.16956596     	0.09974862     	0.1587597      	0.095745586    	0.12310941     	0.16895892     	0.20247059     	0.24873862     	0.15299232     	0.2252831      	0.1560206      	0.077082366    	0.1836234      	0.23874371     	0.13391307     	0.19810836     	0.29255047     	0.30564317     	0.30023193     	0.45068112     	0.4364473      	0.5631227      	0.51573724     	0.30768585     	0.39614415     	0.3184095      	0.42361075     	0.4507947      	0.40996948     	0.3208362      	0.37277249     	0.4983672      	0.47279388     	0.39286125     	0.43591395     	0.41992733     	0.5210661      	0.4944303      	0.3870631      	0.47487253     	0.53229463     	0.28344476     	0.27677035     	0.20645145     	0.1578171      	0.1939127      	0.1619018      	0.0920557      	0.13834907     	0.08094407     	0.28852984     	0.16346613     	0.15029202     	0.17817572     	0.18135577     	0.20174564     	
0.3254757      	0.44908696     	0.42155322     	0.36090693     	0.44431803     	0.5109155      	0.52055985     	0.41966167     	0.30746678     	0.5293949      	0.45143995     	0.38992506     	0.40230924     	0.48160976     	0.37362203     	0.43493062     	0.4185296      	0.37773195     	0.4730254      	0.39759752     	0.5025676      	0.60270333     	0.4090166      	0.18825161     	0.2571469      	0.27345484     	0.16041116     	0.22212146     	0.18818763     	0.25769922     	0.13079305     	0.11135479     	0.22375995     	0.20544241     	0.19601688     	0.16917071     	0.14383638     	0.045238625    	0.12111492     	0.13715255     	0.30350843     	0.20222378     	0.21519993     	0.23567982     	0.18844676     	0.1366476      	0.2056542      	0.16887648     	0.2142346      	0.16939269     	0.14142251     	0.18994778     	0.21693613     	0.2598702      	0.12372718     	0.21355484     	0.0676508      	0.26081803     	0.14356467     	0.14806682     	0.19588192     	0.27823663     	0.26894397     	0.36947575     	0.38943046     	0.3235032      	0.38881925     	0.41364262     	0.3759615      	0.3764451      	0.46082374     	0.42860097     	0.4355924      	0.42134315     	0.47990215     	0.48211715     	0.44091487     	0.38917187     	0.4203643      	0.4238814      	0.45786026     	0.50418407     	0.44098344     	0.471707       	0.5158942      	0.35558373     	0.3103397      	0.24598737     	0.17585263     	0.19312958     	0.27173454     	0.16284426     	0.30815697     	0.18737426     	0.22352476     	0.17618491     	0.16747724     	0.18641226     	0.20677523     	0.1842876      	
0.4889502      	0.5606974      	0.46074077     	0.45429903     	0.42040247     	0.4227818      	0.46438676     	0.3663579      	0.5482811      	0.41349843     	0.38485983     	0.46017405     	0.37614137     	0.44702438     	0.34836262     	0.44829148     	0.4247178      	0.49117434     	0.3724273      	0.43631262     	0.48774695     	0.39010495     	0.35230535     	0.29594648     	0.12927668     	0.189329       	0.13686499     	0.1669363      	0.15552583     	0.20648967     	0.0894992      	0.25024468     	0.1633551      	0.10482727     	0.23347047     	0.1709056      	0.18050727     	0.14006867     	0.14888151     	0.1563029      	0.16639848     	0.14198765     	0.20578933     	0.18319795     	0.08565861     	0.14462328     	0.16433692     	0.14322948     	0.12193138     	0.19142267     	0.22017445     	0.1269875      	0.26837346     	0.14952761     	0.15030184     	0.27453166     	0.21964248     	0.2016753      	0.16477783     	0.16183011     	0.2300093      	0.19192265     	0.23451756     	0.2236427      	0.45988727     	0.39434704     	0.49287593     	0.51696336     	0.51234597     	0.41212925     	0.52949995     	0.52466416     	0.4448801      	0.5317465      	0.39516214     	0.40910223     	0.3711699      	0.38672516     	0.38958523     	0.39768654     	0.49029788     	0.36772943     	0.47990862     	0.46767238     	0.52398854     	0.5897959      	0.42913693     	0.25059107     	0.28220794     	0.11792453     	0.1523688      	0.1403257      	0.109755576    	0.09260772     	0.22043693     	0.106504984    	0.14060883     	0.23023921     	0.25323257     	0.19440876     	
0.3571275      	0.43871257     	0.42114633     	0.39665988     	0.4558737      	0.46903306     	0.33033174     	0.3939004      	0.46361935     	0.52191144     	0.39630756     	0.4121314      	0.3489587      	0.47155708     	0.40609473     	0.51814675     	0.40795493     	0.4238853      	0.5805133      	0.58229303     	0.47784913     	0.5526944      	0.3773409      	0.1022051      	0.33644333     	0.20883244     	0.14601491     	0.17867802     	0.17965373     	0.061142277    	0.17293277     	0.23496805     	0.22329699     	0.16492519     	0.10928522     	0.07494627     	0.12845454     	0.25993207     	0.14556095     	0.0896815      	0.08431108     	0.19111367     	0.05985369     	0.20175532     	0.15609542     	0.15295485     	0.3024064      	0.13607079     	0.101594366    	0.19016606     	0.1505162      	0.18820675     	0.20076744     	0.1144284      	0.17147905     	0.08239641     	0.17309539     	0.14380579     	0.2172577      	0.18675357     	0.17642143     	0.1943183      	0.29298344     	0.20832406     	0.42354625     	0.3633308      	0.55463475     	0.47469983     	0.43051633     	0.40051123     	0.40619287     	0.40586272     	0.46386322     	0.45437044     	0.4158929      	0.4226475      	0.3976871      	0.40574667     	0.43634263     	0.38112912     	0.45454937     	0.4306894      	0.46444628     	0.42138517     	0.5420777      	0.5112429      	0.4885835      	0.19433655     	0.13194378     	0.13556999     	0.10975462     	0.20821866     	0.17709485     	0.087800056    	0.18574554     	0.21363677     	0.21122916     	0.2184439      	0.20875983     	0.20216627     	
0.44145495     	0.36952174     	0.38047722     	0.46932927     	0.44380486     	0.457974       	0.4166202      	0.4079365      	0.43998158     	0.5464003      	0.42284516     	0.39180392     	0.36495742     	0.41735905     	0.49640062     	0.4645942      	0.4084307      	0.40647978     	0.41124493     	0.4085492      	0.3936185      	0.58605784     	0.3961347      	0.26347134     	0.19732557     	0.18864624     	0.093130454    	0.3224277      	0.22337459     	0.22991438     	0.2367426      	0.19874112     	0.12544852     	0.122196086    	0.17962839     	0.1442331      	0.16795224     	0.13060045     	0.1918885      	0.20937675     	0.12139468     	0.19524309     	0.17855881     	0.19072787     	0.11800878     	0.2094071      	0.20770784     	0.11878119     	0.19124308     	0.08802655     	0.17580438     	0.08682445     	0.22783726     	0.11570507     	0.1460591      	0.2140176      	0.20700791     	0.26267442     	0.059736382    	0.092212416    	0.12257153     	0.24259812     	0.11837865     	0.20408238     	0.28747565     	0.4870454      	0.36975425     	0.5353389      	0.28575325     	0.43189347     	0.39220655     	0.4279219      	0.42786753     	0.34526882     	0.50809395     	0.47672918     	0.4329371      	0.38074228     	0.36490402     	0.41255522     	0.4934114      	0.48497337     	0.44624743     	0.42792633     	0.42859498     	0.4645893      	0.6275489      	0.3805281      	0.21606761     	0.15681116     	0.1922538      	0.17330344     	0.23389745     	0.09970246     	0.2427452      	0.15062302     	0.120488346    	0.11140526     	0.06704437     	0.07506539     	
0.33368522     	0.40484574     	0.38940266     	0.5160276      	0.44422245     	0.54521537     	0.47982466     	0.43390667     	0.4068898      	0.40261373     	0.356463       	0.3139457      	0.49905095     	0.4828928      	0.49673796     	0.4397827      	0.40467945     	0.40810788     	0.37365073     	0.4591149      	0.42723432     	0.45103213     	0.504706       	0.3326258      	0.24025887     	0.19457772     	0.20998439     	0.17479488     	0.27899283     	0.13463454     	0.1250525      	0.17297338     	0.17404397     	0.10828167     	0.20475131     	0.072769634    	0.15071356     	0.17559303     	0.092667446    	0.11570964     	0.11079156     	0.2139109      	0.14688599     	0.20703106     	0.12985665     	0.1620481      	0.100747496    	0.170908       	0.17984644     	0.20891719     	0.21426113     	0.20262131     	0.21732906     	0.25307706     	0.20439638     	0.17154977     	0.24928771     	0.19911316     	0.16590537     	0.16367291     	0.1349837      	0.19954126     	0.24328013     	0.20659642     	0.22788258     	0.24040513     	0.35154358     	0.46450514     	0.39174113     	0.44444618     	0.4571913      	0.4368659      	0.45589966     	0.4304956      	0.43506485     	0.47999042     	0.37683147     	0.35678852     	0.51187664     	0.41988724     	0.34014162     	0.505714       	0.4482301      	0.459867       	0.40431976     	0.47523308     	0.48735386     	0.42300957     	0.18549612     	0.26627973     	0.21459918     	0.2049105      	0.24917628     	0.16639578     	0.22353472     	0.16937624     	0.0864604      	0.17766954     	0.27786112     	0.2461396      	
0.08069881     	0.22490464     	0.4468863      	0.49490544     	0.4933094      	0.51952785     	0.54054        	0.49091738     	0.4555643      	0.53284425     	0.45692033     	0.4439465      	0.53050315     	0.48574686     	0.45384577     	0.4036555      	0.32672215     	0.41269195     	0.44142887     	0.38927487     	0.45485908     	0.45245752     	0.53498685     	0.4038837      	0.2751084      	0.19540977     	0.17846574     	0.19154893     	0.11285242     	0.20429014     	0.29325622     	0.203358       	0.13902552     	0.19517314     	0.08781539     	0.15416212     	0.09012017     	0.11604737     	0.15254773     	0.1826058      	0.2328858      	0.132842       	0.15236627     	0.22421676     	0.070837475    	0.16663094     	0.15653932     	0.23786373     	0.13679728     	0.25574324     	0.122535735    	0.2097987      	0.18125805     	0.1371693      	0.17040503     	0.23616096     	0.22548567     	0.18118301     	0.18722726     	0.13008313     	0.20872644     	0.10463892     	0.26784185     	0.22558305     	0.2154702      	0.25671023     	0.42771354     	0.43336296     	0.43939197     	0.5160316      	0.4255229      	0.4626032      	0.4757568      	0.46965322     	0.4131472      	0.42808154     	0.4897548      	0.40235958     	0.4876982      	0.41161072     	0.42174187     	0.41391942     	0.4684237      	0.5099854      	0.40511873     	0.46923882     	0.5011739      	0.48401955     	0.45949546     	0.28885502     	0.25893176     	0.21221769     	0.20904328     	0.19702491     	0.27191165     	0.22366814     	0.20417887     	0.21559326     	0.19629985     	0.19278441     	
0.124148436    	0.25169477     	0.48960933     	0.47382125     	0.44021896     	0.41474018     	0.5887941      	0.5503017      	0.4415614      	0.43910286     	0.42727983     	0.4155017      	0.4485711      	0.53102875     	0.39904055     	0.55668074     	0.42261544     	0.47905526     	0.43845427     	0.51625067     	0.4975865      	0.40034226     	0.47235855     	0.46209258     	0.34359226     	0.38603786     	0.18991312     	0.29688644     	0.22257364     	0.12921862     	0.113795824    	0.1626263      	0.111087225    	0.10612673     	0.0835512      	0.083276965    	0.06108713     	0.17580678     	0.083373226    	0.26907605     	0.1642652      	0.13105445     	0.15938123     	0.12189236     	0.08840753     	0.15253712     	0.12566997     	0.18884806     	0.12151149     	0.15034233     	0.28025386     	0.2004154      	0.2017705      	0.15558578     	0.19817303     	0.105242535    	0.115031034    	0.18717645     	0.18150133     	0.20300266     	0.19055524     	0.124823734    	0.1714628      	0.1397988      	0.17514212     	0.2118428      	0.3379513      	0.4972071      	0.25827345     	0.41982782     	0.45781338     	0.4447938      	0.4293886      	0.28733757     	0.4625027      	0.41040346     	0.4006133      	0.45765746     	0.42455143     	0.5583394      	0.4241999      	0.4165667      	0.3811718      	0.37645975     	0.5673025      	0.2724813      	0.513321       	0.44603327     	0.543739       	0.3076078      	0.29273623     	0.26914594     	0.2888762      	0.15548825     	0.19278547     	0.13886407     	0.1868242      	0.21646163     	0.20608369     	0.10291672     	
0.2070367      	0.10844962     	0.29962966     	0.3546523      	0.38566178     	0.44844484     	0.40650526     	0.4630097      	0.40271133     	0.5241354      	0.50167865     	0.47892898     	0.4749969      	0.51446515     	0.40390632     	0.47533298     	0.44252646     	0.43910605     	0.43801656     	0.41913098     	0.449872       	0.45830435     	0.47537798     	0.45702443     	0.46190062     	0.3570421      	0.22549914     	0.2228953      	0.28987366     	0.19806185     	0.12370235     	0.2159757      	0.13991728     	0.21097587     	0.15362483     	0.17704315     	0.19502546     	0.16541764     	0.19696404     	0.16610865     	0.30001903     	0.07003812     	0.18004905     	0.1632508      	0.15024263     	0.21160996     	0.12154565     	0.21447314     	0.19978996     	0.15499088     	0.17058939     	0.12961018     	0.106192596    	0.11964407     	0.14717144     	0.21157275     	0.2002838      	0.16370554     	0.051921416    	0.20043409     	0.2052987      	0.16871642     	0.12750383     	0.16723393     	0.06709375     	0.2895342      	0.100078456    	0.37857208     	0.38544673     	0.36408538     	0.45607808     	0.38263556     	0.36900732     	0.37994525     	0.52815753     	0.50237584     	0.42801672     	0.39123845     	0.50394547     	0.39753985     	0.37011778     	0.42694584     	0.5133903      	0.37276745     	0.5541054      	0.44995028     	0.44714805     	0.4511189      	0.55972195     	0.41092676     	0.33057055     	0.27100563     	0.29236317     	0.2262095      	0.12851258     	0.068923764    	0.20692667     	0.23279415     	0.28071564     	0.29700413     	
0.22815175     	0.2989447      	0.25704005     	0.37879872     	0.32835382     	0.35886103     	0.45563322     	0.4002984      	0.51247823     	0.4773419      	0.5190899      	0.44662765     	0.35983488     	0.5723835      	0.41586947     	0.42722633     	0.36855263     	0.4776745      	0.42568082     	0.46794713     	0.3562338      	0.47599885     	0.42527357     	0.51955444     	0.5104689      	0.5416917      	0.31022966     	0.23840836     	0.26588765     	0.2154515      	0.1538638      	0.056887932    	0.18658037     	0.17764698     	0.15306266     	0.27648348     	0.12303339     	0.16468894     	0.16105022     	0.17770644     	0.15990573     	0.23829858     	0.15512279     	0.11985124     	0.19218723     	0.13099091     	0.24827833     	0.2853512      	0.105433255    	0.10790755     	0.19924204     	0.14062816     	0.2365123      	0.1493659      	0.13555409     	0.22668454     	0.13444678     	0.21724786     	0.23480424     	0.14798462     	0.26128826     	0.22714941     	0.17289472     	0.22602725     	0.27287513     	0.26799837     	0.22805728     	0.28762752     	0.3233289      	0.38655895     	0.4107601      	0.35894698     	0.45114183     	0.4359741      	0.43242767     	0.43347743     	0.60566217     	0.43610016     	0.3850534      	0.4047933      	0.43152955     	0.3614185      	0.35353208     	0.39615992     	0.44883704     	0.5916567      	0.46957633     	0.41409665     	0.35135993     	0.50710565     	0.4756584      	0.4180872      	0.37610468     	0.386152       	0.4003013      	0.4311934      	0.3962591      	0.4497118      	0.43760964     	0.32573962     	
0.08203621     	0.21341611     	0.12542003     	0.21285905     	0.3426535      	0.5117674      	0.3968738      	0.44972625     	0.5268784      	0.4944462      	0.35909897     	0.4580187      	0.39992166     	0.49847093     	0.42345282     	0.48253304     	0.35412762     	0.38315627     	0.42472908     	0.44280753     	0.3862242      	0.38369763     	0.41125372     	0.49462077     	0.43988904     	0.44884846     	0.38728422     	0.32115787     	0.3110147      	0.17557241     	0.22366695     	0.27936256     	0.23262887     	0.20995797     	0.25105265     	0.19040732     	0.17801036     	0.15898362     	0.13852055     	0.15674704     	0.2598722      	0.21542872     	0.16036262     	0.15959312     	0.0803396      	0.17261489     	0.12353382     	0.20084736     	0.18233532     	0.16959226     	0.17479748     	0.15243563     	0.19799833     	0.2269732      	0.18269488     	0.24992704     	0.11633124     	0.27081078     	0.23121555     	0.106226206    	0.09298925     	0.13449639     	0.24681443     	0.30632097     	0.11079217     	0.18036659     	0.2860426      	0.22600104     	0.32825956     	0.36515507     	0.4126149      	0.48820344     	0.50226563     	0.48753998     	0.48182768     	0.42786977     	0.39332384     	0.42566794     	0.43816966     	0.42851204     	0.40745008     	0.36115533     	0.33415958     	0.45775947     	0.43854645     	0.46204036     	0.41801476     	0.4155242      	0.44783056     	0.3475107      	0.4984931      	0.48452023     	0.41759345     	0.36973745     	0.4451779      	0.4250808      	0.43311352     	0.41510835     	0.4524359      	0.48234245     	
0.08444007     	0.15645011     	0.29051444     	0.22923139     	0.31676164     	0.4551167      	0.4697163      	0.39981708     	0.3809625      	0.49003592     	0.3896239      	0.41774827     	0.4319896      	0.42435658     	0.46787956     	0.41266945     	0.39334604     	0.5099096      	0.4861971      	0.37921512     	0.31433898     	0.5232145      	0.5494404      	0.46302706     	0.48540837     	0.4610754      	0.48577145     	0.40572742     	0.2717367      	0.2650597      	0.2067286      	0.20682938     	0.112476654    	0.21411096     	0.0771152      	0.10487147     	0.17776492     	0.12864317     	0.21389736     	0.13449043     	0.16848028     	0.10448489     	0.10155        	0.13585913     	0.12663627     	0.16626528     	0.24681287     	0.09733262     	0.22768734     	0.13172317     	0.16434224     	0.19213197     	0.15613633     	0.119395085    	0.17664498     	0.1174291      	0.104030326    	0.09760086     	0.11793331     	0.20906858     	0.20945077     	0.110608496    	0.20372456     	0.12853663     	0.18482167     	0.23016101     	0.12836109     	0.22689037     	0.34905016     	0.4462654      	0.3920425      	0.37923798     	0.41477925     	0.3580262      	0.34581757     	0.33131918     	0.3184147      	0.44266766     	0.4412862      	0.4761168      	0.38549203     	0.40208536     	0.39424503     	0.3379032      	0.48593643     	0.3232618      	0.44345507     	0.3399113      	0.52131504     	0.48286325     	0.45968968     	0.46276397     	0.4350001      	0.42204008     	0.500256       	0.38703832     	0.41759226     	0.41425595     	0.43649876     	0.37604752     	
0.13644302     	0.10257295     	0.20195743     	0.1777131      	0.16881268     	0.3147908      	0.3060632      	0.41618535     	0.46518302     	0.4346444      	0.533619       	0.4605848      	0.5070238      	0.39934        	0.430051       	0.43881586     	0.47656876     	0.39607093     	0.4363829      	0.4079318      	0.37924656     	0.43878093     	0.48707893     	0.4451214      	0.45085695     	0.5231398      	0.49618044     	0.4605372      	0.31416574     	0.24693805     	0.17091939     	0.16518728     	0.13468216     	0.118767396    	0.18457903     	0.15661083     	0.15494707     	0.25222018     	0.15726618     	0.18010265     	0.18540941     	0.2155783      	0.14224905     	0.20764302     	0.20130448     	0.11881912     	0.20492753     	0.08831684     	0.2700227      	0.10714825     	0.15057983     	0.21171975     	0.06918547     	0.15627234     	0.20536405     	0.13101467     	0.19484298     	0.17496        	0.1704893      	0.17356135     	0.24103625     	0.29954767     	0.27854362     	0.17287108     	0.18021184     	0.25917235     	0.19863178     	0.25888        	0.3242499      	0.41765484     	0.4800815      	0.48543996     	0.3699042      	0.32513312     	0.35922864     	0.47638765     	0.5934707      	0.29337487     	0.40184876     	0.41197878     	0.42084098     	0.4763888      	0.4620855      	0.47252288     	0.45889497     	0.3899264      	0.47303426     	0.40776712     	0.39576426     	0.43197343     	0.39811206     	0.49130595     	0.35101476     	0.3375906      	0.55461746     	0.41032615     	0.4611387      	0.502434       	0.5077366      	0.4862052      	
0.22378977     	0.11978083     	0.13852423     	0.21780942     	0.28001925     	0.3451066      	0.40532815     	0.52188665     	0.3951237      	0.32694167     	0.48908275     	0.4041556      	0.44931322     	0.5102857      	0.4233943      	0.34221268     	0.42723092     	0.43287987     	0.47961906     	0.4260108      	0.4352534      	0.45134494     	0.4516523      	0.48301238     	0.53849477     	0.46782133     	0.5855544      	0.5758036      	0.3790067      	0.3556896      	0.1907026      	0.32611758     	0.17061439     	0.22060518     	0.16267976     	0.14336658     	0.13549349     	0.21546616     	0.20558748     	0.15463342     	0.15567106     	0.14267623     	0.113201246    	0.118593276    	0.1301338      	0.11359047     	0.19676265     	0.0653841      	0.114603944    	0.16184096     	0.14712258     	0.1579154      	0.09504446     	0.09765108     	0.19813842     	0.19226885     	0.24123922     	0.21018212     	0.26874173     	0.19734393     	0.23801039     	0.28138864     	0.27932683     	0.23892759     	0.3329385      	0.39059198     	0.39560086     	0.53005505     	0.38606045     	0.39232346     	0.44028723     	0.3413637      	0.35319462     	0.4214816      	0.42318216     	0.3863113      	0.5146877      	0.5239803      	0.4506837      	0.5435674      	0.5049426      	0.5210612      	0.43892843     	0.42906785     	0.418636       	0.419176       	0.30722168     	0.510637       	0.46053824     	0.41547886     	0.4434585      	0.41922784     	0.42094442     	0.46877596     	0.4420621      	0.3998257      	0.43327042     	0.40171883     	0.36283347     	0.31979713     	
0.15972242     	0.2499388      	0.2333446      	0.18588465     	0.11662696     	0.2315931      	0.4155353      	0.4228622      	0.5002148      	0.5475589      	0.5612167      	0.366142       	0.49205893     	0.4585071      	0.40514183     	0.4548995      	0.52532184     	0.44494635     	0.3875485      	0.48608467     	0.44732073     	0.47645333     	0.38164517     	0.4904605      	0.41234314     	0.5636989      	0.48960477     	0.48173448     	0.4230292      	0.33152297     	0.28763795     	0.2301678      	0.15563895     	0.24085887     	0.25736973     	0.22367452     	0.141143       	0.06397405     	0.18382202     	0.20987192     	0.13821575     	0.18746457     	0.16279289     	0.14506774     	0.1717673      	0.029878933    	0.16781674     	0.22733617     	0.11807548     	0.1398974      	0.099890545    	0.14457244     	0.20618616     	0.30211812     	0.20628656     	0.26850227     	0.21284902     	0.32200512     	0.33378452     	0.38452822     	0.36622402     	0.45356214     	0.44278038     	0.46973336     	0.3917145      	0.43106782     	0.36710536     	0.5162218      	0.40581396     	0.41417235     	0.47216767     	0.36315697     	0.44941777     	0.41438127     	0.42377958     	0.5192584      	0.41507077     	0.42393777     	0.47593844     	0.4206326      	0.42802387     	0.3944046      	0.39700267     	0.43489972     	0.43033704     	0.3873272      	0.44913656     	0.46169573     	0.47067726     	0.41399446     	0.4318631      	0.4375606      	0.51109344     	0.42441753     	0.49604368     	0.46411514     	0.41138804     	0.44046482     	0.46675545     	0.34878793     	
0.17780481     	0.1621892      	0.17380494     	0.22024035     	0.123040706    	0.25215906     	0.26968595     	0.52362627     	0.38259172     	0.39798188     	0.5125356      	0.5010944      	0.43385264     	0.42239523     	0.32843778     	0.44003808     	0.44821277     	0.42343378     	0.4899162      	0.4572126      	0.39311242     	0.41375056     	0.42506185     	0.39575854     	0.38078314     	0.33920258     	0.355327       	0.40963885     	0.5026229      	0.45427528     	0.22710289     	0.15995735     	0.25419146     	0.22868071     	0.2149054      	0.2823567      	0.12831579     	0.23624249     	0.105395555    	0.118808776    	0.16785114     	0.15663318     	0.1628167      	0.13477391     	0.24345927     	0.2668298      	0.39573258     	0.26536408     	0.2553282      	0.39617124     	0.42005986     	0.40493572     	0.36742488     	0.5012169      	0.4552154      	0.36057705     	0.42391574     	0.4409623      	0.39718103     	0.35948387     	0.42688334     	0.5644772      	0.3602645      	0.5314278      	0.42132244     	0.4987833      	0.3624748      	0.38304254     	0.41661155     	0.36327776     	0.39317113     	0.4320958      	0.5109849      	0.5101005      	0.563957       	0.3560695      	0.41190606     	0.43314114     	0.3678925      	0.37105387     	0.39203393     	0.5446009      	0.35910773     	0.44443685     	0.34248024     	0.48254097     	0.3449179      	0.50253296     	0.3830552      	0.39034522     	0.35894918     	0.37379137     	0.39673096     	0.44376215     	0.44223493     	0.5203278      	0.54445523     	0.4804337      	0.510708       	0.5705752      	
0.19602211     	0.16210166     	0.24132814     	0.24864802     	0.2271831      	0.13831852     	0.1629334      	0.42881316     	0.4392486      	0.34852347     	0.510704       	0.4146949      	0.44526327     	0.4229969      	0.47301662     	0.37506053     	0.50519127     	0.4261717      	0.55493706     	0.42676926     	0.46306118     	0.60376745     	0.43307105     	0.56456345     	0.4976662      	0.5684397      	0.44581148     	0.48713425     	0.50151765     	0.44603616     	0.23368785     	0.17981143     	0.30965078     	0.33233824     	0.30302614     	0.28821927     	0.14452288     	0.16573347     	0.30924594     	0.3061341      	0.31249598     	0.38369837     	0.36788958     	0.37404475     	0.38339734     	0.35463664     	0.36430347     	0.3887553      	0.4095408      	0.5068673      	0.39917982     	0.3254159      	0.3843427      	0.48992682     	0.43519443     	0.49221262     	0.5004333      	0.45606062     	0.4189751      	0.47030106     	0.37903208     	0.44735223     	0.3763616      	0.3873281      	0.41989258     	0.4020291      	0.32917982     	0.34128025     	0.3626658      	0.4818552      	0.40629467     	0.3676016      	0.48361462     	0.42800212     	0.4725411      	0.4671879      	0.42142463     	0.54898715     	0.4356709      	0.44966444     	0.47549522     	0.45491788     	0.4520184      	0.46041036     	0.4452396      	0.41429037     	0.459853       	0.36369655     	0.4697776      	0.4432072      	0.43535256     	0.50909615     	0.435977       	0.5693037      	0.39397487     	0.4130896      	0.42833242     	0.51089686     	0.47785252     	0.4306188      	
0.28166553     	0.18591934     	0.16666022     	0.15672384     	0.14430681     	0.1573367      	0.30236292     	0.2799769      	0.38905737     	0.33547744     	0.40885958     	0.3784027      	0.4354596      	0.47302306     	0.36163235     	0.4653162      	0.49440375     	0.44917816     	0.48248807     	0.44886023     	0.5658965      	0.4843939      	0.50743324     	0.4666502      	0.4837812      	0.48758417     	0.47917035     	0.484855       	0.48964033     	0.40781635     	0.37889335     	0.48380822     	0.36021042     	0.4464305      	0.27307895     	0.440921       	0.41153675     	0.41807765     	0.41014737     	0.32375908     	0.4626679      	0.5171315      	0.31595492     	0.38013825     	0.43705165     	0.48890835     	0.36791164     	0.45033446     	0.49442142     	0.38811365     	0.39690122     	0.47288007     	0.4290303      	0.46521923     	0.37481427     	0.43883562     	0.43287194     	0.4462321      	0.4584814      	0.39579782     	0.3775059      	0.44808635     	0.5147912      	0.44493458     	0.4492552      	0.483132       	0.36404344     	0.4447638      	0.43167633     	0.41753262     	0.46391344     	0.39419568     	0.42353424     	0.5046927      	0.47078916     	0.38431326     	0.44366017     	0.5495082      	0.4056087      	0.4169436      	0.381913       	0.47891086     	0.4963476      	0.41599295     	0.3511429      	0.46886653     	0.40001372     	0.47922435     	0.31017837     	0.4118168      	0.39788222     	0.36085218     	0.41606548     	0.42674017     	0.4199475      	0.29445514     	0.47095695     	0.41020712     	0.39363524     	0.36232868     	
0.17396387     	0.18209292     	0.09910285     	0.25870353     	0.1532376      	0.21401024     	0.20835243     	0.25301227     	0.28730416     	0.387489       	0.38909456     	0.39968058     	0.51287764     	0.46360904     	0.4847545      	0.30755368     	0.59224415     	0.46009374     	0.54493535     	0.35873175     	0.39743063     	0.41024196     	0.45738313     	0.39807886     	0.3603785      	0.3854599      	0.41883776     	0.42992648     	0.44077486     	0.49521142     	0.35116965     	0.39507478     	0.3914146      	0.38630277     	0.368543       	0.45212987     	0.49279207     	0.49044332     	0.46845075     	0.40182424     	0.5296556      	0.44725743     	0.35267103     	0.45329198     	0.47158548     	0.34396353     	0.46553117     	0.40361264     	0.32619646     	0.45172957     	0.45401612     	0.3877166      	0.4604157      	0.5465736      	0.35233006     	0.44860053     	0.4023988      	0.3836469      	0.46589592     	0.39369482     	0.39144906     	0.51786983     	0.45415205     	0.38250396     	0.4662322      	0.4006794      	0.359966       	0.44893402     	0.41974732     	0.4521478      	0.4373028      	0.36896527     	0.50882715     	0.4680252      	0.4980756      	0.39539686     	0.4839858      	0.3637905      	0.4199323      	0.3340462      	0.3985554      	0.4228583      	0.43300924     	0.40303177     	0.35885432     	0.48203805     	0.43105626     	0.34547985     	0.41707063     	0.4170388      	0.39699146     	0.3995495      	0.43223098     	0.44324133     	0.37748474     	0.45425022     	0.4196667      	0.5086693      	0.52302945     	0.5215034      	
0.20028716     	0.11649263     	0.15679969     	0.23291948     	0.1726859      	0.09988761     	0.24681838     	0.23239288     	0.20569375     	0.5010288      	0.40976065     	0.31334695     	0.33767346     	0.48533323     	0.45332587     	0.45410138     	0.5015565      	0.4552946      	0.50864357     	0.50126225     	0.37047583     	0.40716356     	0.49094284     	0.45037413     	0.43867308     	0.38081613     	0.4075474      	0.43282244     	0.4162065      	0.38900158     	0.4215902      	0.47213367     	0.42057303     	0.36696967     	0.3221107      	0.4908553      	0.4448285      	0.43626803     	0.43453833     	0.36533594     	0.43712014     	0.46109578     	0.49439994     	0.5002228      	0.44321898     	0.49799886     	0.46912214     	0.48248082     	0.33196837     	0.41979265     	0.4855971      	0.42325175     	0.4817549      	0.40146238     	0.56609863     	0.44662237     	0.42819118     	0.4333138      	0.4340304      	0.410413       	0.43361786     	0.441819       	0.41474146     	0.4244971      	0.47268236     	0.5037618      	0.37407127     	0.47908565     	0.41106784     	0.3655517      	0.49003938     	0.34093153     	0.4960498      	0.45523205     	0.4310901      	0.48965442     	0.426809       	0.3766551      	0.42908317     	0.48585293     	0.3918528      	0.34947535     	0.22924308     	0.41881695     	0.4360456      	0.3920573      	0.39073673     	0.47303882     	0.3550627      	0.40912667     	0.46282566     	0.42626783     	0.34784424     	0.45922416     	0.4492403      	0.45191434     	0.4702169      	0.523239       	0.5245379      	0.5340026      	
0.28002733     	0.20897816     	0.24274366     	0.17696944     	0.20946926     	0.10701734     	0.29095405     	0.17198077     	0.20330602     	0.41628984     	0.43989927     	0.40805614     	0.44314113     	0.35531124     	0.44083935     	0.46481073     	0.39957556     	0.58053267     	0.42602226     	0.49687114     	0.4021206      	0.47623146     	0.44773635     	0.45600557     	0.4583067      	0.506468       	0.48427737     	0.52506727     	0.39049032     	0.4379578      	0.34448358     	0.41695404     	0.42082727     	0.39775082     	0.4286646      	0.44871065     	0.43724978     	0.39621383     	0.49069533     	0.34475362     	0.35774451     	0.44253737     	0.42747936     	0.44052094     	0.3682873      	0.5245892      	0.4041412      	0.49600896     	0.42470127     	0.45609432     	0.4148607      	0.3975144      	0.4568136      	0.38601863     	0.43298337     	0.36381447     	0.4568019      	0.46838614     	0.42953888     	0.3442172      	0.50353825     	0.4072758      	0.47005674     	0.43658894     	0.30658397     	0.42998627     	0.36139622     	0.5576422      	0.4113364      	0.47988513     	0.44853768     	0.53257567     	0.41157565     	0.4282486      	0.4922782      	0.50941914     	0.32555914     	0.43390986     	0.43196177     	0.49783918     	0.42485276     	0.48242122     	0.3217566      	0.34669936     	0.41447994     	0.522476       	0.4695919      	0.444813       	0.4225381      	0.5265755      	0.4730021      	0.30688328     	0.32062337     	0.42565858     	0.46641415     	0.48262775     	0.5279321      	0.55879146     	0.48834896     	0.33695042     	
0.27285025     	0.23324175     	0.24097976     	0.3764653      	0.2930936      	0.48445547     	0.49659798     	0.4533538      	0.37369147     	0.36364475     	0.45554557     	0.4906658      	0.39031664     	0.40328798     	0.3967174      	0.44136378     	0.3666161      	0.48865253     	0.49600133     	0.4114415      	0.51046586     	0.42753312     	0.35848513     	0.3539696      	0.41440347     	0.57627594     	0.39921018     	0.3891628      	0.4879205      	0.41306102     	0.31296274     	0.42716995     	0.45749545     	0.3960636      	0.3104258      	0.43315852     	0.36496347     	0.41081434     	0.418766       	0.40711743     	0.41726086     	0.39010325     	0.4206837      	0.40731385     	0.3657233      	0.3477051      	0.38777065     	0.41949144     	0.4368647      	0.5557725      	0.40182066     	0.37561738     	0.50535303     	0.45195702     	0.47210696     	0.3999161      	0.46666163     	0.35432154     	0.45506954     	0.43765354     	0.45706186     	0.4414324      	0.50206155     	0.5429962      	0.3312765      	0.5221044      	0.43734604     	0.55656856     	0.3627707      	0.43529487     	0.4538562      	0.39351177     	0.38790044     	0.4499759      	0.5045773      	0.4918948      	0.44440895     	0.51569134     	0.535255       	0.39950314     	0.50424916     	0.50035876     	0.43642274     	0.4900832      	0.4332652      	0.3953812      	0.45149565     	0.45395374     	0.40958986     	0.44305828     	0.5176403      	0.4905435      	0.4514277      	0.4263738      	0.4316428      	0.45281148     	0.48369092     	0.44328767     	0.34724888     	0.25494805     	
0.33526284     	0.36796606     	0.4390879      	0.42055437     	0.4279689      	0.41679588     	0.42241368     	0.49686992     	0.43901667     	0.3108         	0.36391145     	0.49472058     	0.5137825      	0.36675182     	0.37916952     	0.36642012     	0.4006518      	0.27720785     	0.4112691      	0.3499727      	0.43278053     	0.5229873      	0.44437045     	0.39791328     	0.3561873      	0.4034176      	0.40803656     	0.40975776     	0.4823721      	0.38569787     	0.49567        	0.39439973     	0.45519817     	0.44144678     	0.51059127     	0.4961667      	0.40764642     	0.47866398     	0.45776975     	0.34817615     	0.46674854     	0.4079581      	0.3787484      	0.4028273      	0.53407884     	0.4368185      	0.3083413      	0.49699464     	0.43956894     	0.32741687     	0.49545676     	0.44104782     	0.4083807      	0.41002578     	0.5051665      	0.5014284      	0.4092587      	0.4469188      	0.39758295     	0.4123193      	0.41945705     	0.37320012     	0.43714824     	0.3930471      	0.43216226     	0.40988746     	0.5211156      	0.4010869      	0.47678193     	0.43489438     	0.4615506      	0.4698261      	0.44233137     	0.51828027     	0.49841455     	0.4678468      	0.3432905      	0.47079983     	0.3859999      	0.39966252     	0.5023646      	0.44461453     	0.40010524     	0.4571318      	0.3208987      	0.43816027     	0.4212704      	0.48524123     	0.5176858      	0.40282026     	0.43791854     	0.3534795      	0.4380081      	0.49639043     	0.42932817     	0.4342769      	0.47635645     	0.339211       	0.27539498     	0.21634118     	
0.45065126     	0.44383022     	0.44084817     	0.347439       	0.4667103      	0.35336524     	0.43335006     	0.46138096     	0.44460475     	0.4890936      	0.59306616     	0.47565386     	0.46614805     	0.42809674     	0.43705797     	0.43484995     	0.48306072     	0.4008231      	0.45295483     	0.4892445      	0.43115613     	0.39994934     	0.3582704      	0.4113408      	0.34700063     	0.4072154      	0.50182223     	0.41864175     	0.44124076     	0.52925664     	0.52148354     	0.39637354     	0.53347576     	0.46324745     	0.49740338     	0.4323833      	0.45395643     	0.48787078     	0.5169942      	0.39172694     	0.4036147      	0.53573257     	0.5045671      	0.43185848     	0.3946396      	0.5187459      	0.4212874      	0.47055566     	0.43838194     	0.36558694     	0.45915508     	0.38917118     	0.4897858      	0.53280765     	0.4841361      	0.45282614     	0.51665735     	0.50050116     	0.37506938     	0.28917137     	0.2553836      	0.37448797     	0.3765889      	0.5153194      	0.5165199      	0.4628236      	0.46424565     	0.48830456     	0.565027       	0.36893418     	0.45266765     	0.31296226     	0.5597012      	0.40333962     	0.48915237     	0.45794323     	0.49786535     	0.51507014     	0.3781658      	0.49847502     	0.5269033      	0.55932397     	0.6241649      	0.36861742     	0.5148149      	0.46508086     	0.4230671      	0.50583875     	0.40329874     	0.3916488      	0.5213418      	0.53483397     	0.37625182     	0.4120153      	0.49281046     	0.47644904     	0.5113386      	0.45528895     	0.29854116     	0.2731822      	
0.3677684      	0.5249754      	0.40793782     	0.47512978     	0.3492468      	0.4846197      	0.41429427     	0.49352247     	0.4115903      	0.48546627     	0.49067414     	0.43536106     	0.4631835      	0.41063568     	0.43083176     	0.4487722      	0.48001522     	0.5062972      	0.43834496     	0.44029403     	0.4034289      	0.39604363     	0.393985       	0.54397875     	0.4194434      	0.33122212     	0.3768255      	0.47427124     	0.52623355     	0.49582905     	0.45420384     	0.3351753      	0.40153524     	0.47123775     	0.55196726     	0.52033633     	0.4663217      	0.46156225     	0.5588771      	0.3698053      	0.37835857     	0.41318247     	0.47241056     	0.45561835     	0.3991345      	0.38105232     	0.49080405     	0.46633962     	0.46192625     	0.43723133     	0.45886484     	0.4522781      	0.42994508     	0.43784288     	0.5283071      	0.6046911      	0.4538424      	0.41476715     	0.24906218     	0.3458353      	0.330205       	0.366398       	0.35039255     	0.2603608      	0.39895043     	0.3977406      	0.33179465     	0.2752585      	0.3363909      	0.2907565      	0.2904926      	0.24987765     	0.27760527     	0.21413499     	0.2730555      	0.2582955      	0.41396993     	0.53297585     	0.49974054     	0.40252295     	0.4746131      	0.36125395     	0.4340072      	0.33818772     	0.35259983     	0.549906       	0.47716513     	0.39719254     	0.35971302     	0.41973707     	0.5090603      	0.502613       	0.43928337     	0.4961091      	0.44412896     	0.43702295     	0.48464555     	0.38893318     	0.30358317     	0.22548324     	
0.32188863     	0.39970002     	0.4791238      	0.48957428     	0.42860124     	0.40846094     	0.4476527      	0.421744       	0.4299816      	0.4047234      	0.50733113     	0.3792784      	0.4120863      	0.38254526     	0.4215544      	0.47927523     	0.37971222     	0.41197437     	0.42759964     	0.482992       	0.4283725      	0.47376022     	0.48629338     	0.4124141      	0.41952914     	0.4350247      	0.3710924      	0.3729413      	0.31861603     	0.43938628     	0.4735806      	0.39821163     	0.4565384      	0.4333444      	0.4734215      	0.37246874     	0.38497162     	0.5062         	0.5471808      	0.4055234      	0.44080028     	0.5387269      	0.4897946      	0.4134984      	0.486583       	0.51102525     	0.46311006     	0.4618476      	0.45353553     	0.3259897      	0.47001797     	0.5028494      	0.38396722     	0.3503996      	0.3770717      	0.35428393     	0.27836466     	0.31357548     	0.35441458     	0.34565878     	0.27817166     	0.30780122     	0.2929066      	0.3088976      	0.19789039     	0.25161466     	0.18679622     	0.18395041     	0.2501569      	0.2172987      	0.26051992     	0.20766692     	0.036449485    	0.158361       	0.09084365     	0.25258258     	0.30361643     	0.3977202      	0.46491054     	0.44330055     	0.45982146     	0.4529113      	0.38730183     	0.5316638      	0.44300365     	0.5301195      	0.3724845      	0.46883658     	0.43080088     	0.4553012      	0.40561122     	0.45838076     	0.41504398     	0.35040557     	0.49846715     	0.49845502     	0.49553034     	0.47559673     	0.38289696     	0.28606284     	
0.52371466     	0.48985657     	0.47089374     	0.47261593     	0.3574083      	0.5017665      	0.3847084      	0.44524246     	0.5430091      	0.42576507     	0.5131826      	0.4529911      	0.44255716     	0.4375775      	0.52185285     	0.41231355     	0.4299018      	0.42943683     	0.40911323     	0.47244015     	0.49946997     	0.3789736      	0.48381814     	0.39278227     	0.39064625     	0.48539504     	0.43238208     	0.37524584     	0.4839331      	0.34105548     	0.5129606      	0.37670565     	0.3765154      	0.4234945      	0.49966204     	0.36779988     	0.46115908     	0.36167297     	0.4838191      	0.49749428     	0.51867425     	0.42775416     	0.48936716     	0.4795283      	0.40158415     	0.37610805     	0.33635026     	0.3316617      	0.28155437     	0.34787682     	0.24720018     	0.35221878     	0.29179746     	0.3296906      	0.29251343     	0.34418133     	0.16755173     	0.24334551     	0.1472941      	0.13655068     	0.09296413     	0.10442642     	0.22696577     	0.14287233     	0.23407358     	0.21967296     	0.1904754      	0.17974362     	0.21698575     	0.17673986     	0.26365817     	0.15608111     	0.20046212     	0.17734954     	0.17684196     	0.15903592     	0.10630753     	0.30323923     	0.33381483     	0.5263965      	0.45497376     	0.52402115     	0.35757655     	0.39639628     	0.4939778      	0.2514029      	0.4539572      	0.42493397     	0.59852237     	0.55739        	0.4779886      	0.40622428     	0.51366824     	0.4168702      	0.4562929      	0.54772234     	0.5391773      	0.52216375     	0.41997588     	0.32050648     	
0.45048425     	0.47490996     	0.3826981      	0.4887818      	0.5089748      	0.43523076     	0.43990007     	0.47178861     	0.4047036      	0.49584866     	0.3680942      	0.46438485     	0.36630496     	0.40461043     	0.37242964     	0.43495685     	0.4285704      	0.45642504     	0.2833304      	0.4257318      	0.42919177     	0.51285225     	0.32735196     	0.5031917      	0.4042664      	0.423668       	0.444057       	0.47820163     	0.53618795     	0.40643355     	0.30961823     	0.5198863      	0.5598761      	0.46658894     	0.3454545      	0.4626909      	0.3940147      	0.46565574     	0.4045687      	0.39683422     	0.5528261      	0.48970234     	0.30772802     	0.38092253     	0.34187794     	0.45302317     	0.29468003     	0.30952713     	0.17280585     	0.23894343     	0.12147021     	0.18454356     	0.23105353     	0.15952691     	0.12686063     	0.19364084     	0.26156533     	0.20197532     	0.22799897     	0.107669145    	0.20788823     	0.18804231     	0.15124197     	0.21265599     	0.23344557     	0.18729284     	0.10290356     	0.17361082     	0.11754503     	0.07753236     	0.20068704     	0.15571457     	0.2733676      	0.1444054      	0.19834939     	0.21356602     	0.24099632     	0.2248508      	0.417328       	0.55252856     	0.5025598      	0.36403787     	0.48578885     	0.4600555      	0.36962306     	0.46350008     	0.3923339      	0.4359118      	0.43255392     	0.4472306      	0.46231714     	0.44023824     	0.5242856      	0.46963516     	0.48817536     	0.5412092      	0.5068084      	0.5429512      	0.47490877     	0.40292463     	
0.47302645     	0.4476011      	0.4429609      	0.4705476      	0.44949943     	0.5106553      	0.3648191      	0.47091052     	0.6041087      	0.43178892     	0.49388045     	0.41149977     	0.51438403     	0.34777772     	0.5150995      	0.39035067     	0.40171266     	0.43047643     	0.4719495      	0.4069416      	0.5115303      	0.49007192     	0.48298052     	0.41861743     	0.39710367     	0.36427906     	0.443963       	0.3872226      	0.4774446      	0.46541053     	0.49426696     	0.44778296     	0.4199105      	0.3451819      	0.4483792      	0.41032034     	0.47700295     	0.43597612     	0.5453976      	0.45163372     	0.19005235     	0.13440081     	0.14407645     	0.100613475    	0.31091577     	0.24130613     	0.16341701     	0.24261798     	0.19980966     	0.26256782     	0.23074763     	0.23182115     	0.24126607     	0.11604641     	0.1609351      	0.18239242     	0.17617844     	0.08364273     	0.105343655    	0.29219842     	0.20026475     	0.19659933     	0.15432154     	0.21443272     	0.16510522     	0.20647758     	0.07236995     	0.11310827     	0.16493611     	0.24972318     	0.13630553     	0.19870634     	0.31134626     	0.23518312     	0.16112669     	0.15216269     	0.23591444     	0.25318733     	0.3483202      	0.51719695     	0.4138111      	0.49206218     	0.36549973     	0.48223883     	0.47834188     	0.5601328      	0.45930248     	0.47695383     	0.44655874     	0.3539592      	0.47788423     	0.4724723      	0.481006       	0.4716061      	0.49294692     	0.53892475     	0.5337735      	0.5284915      	0.55409735     	0.53033996     	
0.48696554     	0.48566276     	0.4570314      	0.40214998     	0.37467262     	0.46684423     	0.4306453      	0.38499883     	0.45666128     	0.4604008      	0.45113066     	0.46542385     	0.47203857     	0.45179737     	0.43945715     	0.4561226      	0.4964002      	0.4273719      	0.38486823     	0.48857817     	0.35524353     	0.4979972      	0.5368426      	0.40993452     	0.51506436     	0.4259385      	0.47127149     	0.33829778     	0.43588403     	0.34565818     	0.38884896     	0.4011809      	0.4560313      	0.45626393     	0.44500607     	0.44127828     	0.38839072     	0.46088862     	0.34347764     	0.18468103     	0.20116715     	0.065252       	0.038832683    	0.1678431      	0.24160746     	0.21688928     	0.22021574     	0.2396127      	0.13739073     	0.20058918     	0.083575115    	0.20465389     	0.15231651     	0.16639192     	0.1408527      	0.20236038     	0.16155846     	0.13795622     	0.15259825     	0.14874165     	0.098494634    	0.13752043     	0.23160018     	0.27045065     	0.065369576    	0.14112794     	0.195126       	0.17388827     	0.063326865    	0.25975496     	0.18871821     	0.20495705     	0.17970695     	0.15550806     	0.15753359     	0.2086089      	0.18758865     	0.16376975     	0.27503887     	0.3984487      	0.48411837     	0.3353535      	0.48040503     	0.42637837     	0.44397065     	0.38831207     	0.4084899      	0.46610293     	0.5303679      	0.34379908     	0.58366454     	0.4737004      	0.49039894     	0.4457281      	0.4883583      	0.48698983     	0.4802984      	0.52684736     	0.45826712     	0.38477778     	
0.38861793     	0.4578826      	0.4552827      	0.53916746     	0.5371899      	0.39702013     	0.483688       	0.36970675     	0.3732673      	0.39859432     	0.4171513      	0.39060685     	0.422655       	0.41993934     	0.5119017      	0.425711       	0.3660154      	0.44817206     	0.47777745     	0.4144266      	0.5207355      	0.43738657     	0.45239076     	0.5372236      	0.35657603     	0.47329557     	0.47727877     	0.4079352      	0.47312823     	0.47287753     	0.4824842      	0.46351475     	0.55714977     	0.4075805      	0.4372398      	0.41492176     	0.4338427      	0.25564027     	0.11791434     	0.12462917     	0.15669072     	0.13409866     	0.09818205     	0.20207769     	0.14373006     	0.1663723      	0.13868791     	0.21512945     	0.16397436     	0.146749       	0.20991936     	0.20779125     	0.16899398     	0.16138595     	0.12120616     	0.14333765     	0.17980838     	0.15759483     	0.21012422     	0.0765837      	0.2260199      	0.20849429     	0.16771452     	0.10741406     	0.22210905     	0.06483375     	0.18376336     	0.2483302      	0.22049375     	0.22507048     	0.17572781     	0.07208016     	0.16142966     	0.17976502     	0.1921673      	0.12188287     	0.31929752     	0.22362885     	0.23101826     	0.26165444     	0.35881358     	0.42433852     	0.50330055     	0.5117301      	0.42754373     	0.45119414     	0.4758673      	0.44361615     	0.5122939      	0.4777325      	0.49764523     	0.44468012     	0.39400238     	0.39969054     	0.51351804     	0.5226018      	0.4823506      	0.49000052     	0.48274642     	0.577188       	
0.5006908      	0.53459483     	0.47137746     	0.43146977     	0.45090294     	0.5322345      	0.5364426      	0.41164276     	0.42495906     	0.3676884      	0.30265        	0.31307152     	0.3605834      	0.42477873     	0.38735625     	0.52602625     	0.35387933     	0.43001497     	0.4639228      	0.46001488     	0.5059178      	0.35730314     	0.46888804     	0.3635892      	0.5238301      	0.4933534      	0.5619711      	0.45645413     	0.5057818      	0.44056213     	0.43357038     	0.45557204     	0.537819       	0.53921825     	0.547369       	0.34067726     	0.25025746     	0.13727477     	0.16738161     	0.10855687     	0.038240287    	0.051620763    	0.23430747     	0.05798872     	0.12371663     	0.12548772     	0.10239386     	0.15507436     	0.09607155     	0.110732846    	0.17668866     	0.20252568     	0.12015998     	0.10649073     	0.17536457     	0.18662088     	0.21410224     	0.14953522     	0.14560938     	0.15765303     	0.1933504      	0.10388405     	0.2759368      	0.25477785     	0.13493456     	0.24413103     	0.25088325     	0.13954762     	0.11174573     	0.026288336    	0.11414688     	0.23612699     	0.28889427     	0.1403624      	0.15159856     	0.2368276      	0.18990009     	0.20206265     	0.13134302     	0.14404969     	0.39966604     	0.431604       	0.4302695      	0.48702443     	0.44171757     	0.5102197      	0.5404783      	0.4598107      	0.5162185      	0.39446524     	0.51479775     	0.42214578     	0.3868319      	0.52335864     	0.39598542     	0.4732522      	0.3896446      	0.36890134     	0.36581108     	0.32376522     	
0.43973005     	0.29706067     	0.41334325     	0.22109699     	0.27016532     	0.18689604     	0.18643418     	0.40142453     	0.36210662     	0.3321808      	0.2803647      	0.26232907     	0.2550501      	0.20218758     	0.16858426     	0.27781868     	0.42509088     	0.4340309      	0.4933389      	0.45504248     	0.40097365     	0.44432232     	0.422527       	0.33221546     	0.33252797     	0.5500976      	0.4631644      	0.49318966     	0.49646094     	0.44221273     	0.49847773     	0.44440368     	0.49699494     	0.5254729      	0.5298624      	0.41202277     	0.07996858     	0.11267839     	0.18051817     	0.09834694     	0.09059592     	0.08265472     	0.124949       	0.11804601     	0.077684045    	0.10714811     	0.05554789     	0.17098002     	0.1323596      	0.059920657    	0.2411565      	0.12796095     	0.1619505      	0.12176138     	0.12090825     	0.19960305     	0.095934756    	0.2321066      	0.11753519     	0.24737385     	0.122828946    	0.110046566    	0.15322578     	0.20955585     	0.23466833     	0.05665218     	0.22139414     	0.151698       	0.12374208     	0.22405775     	0.2595292      	0.23143567     	0.2978218      	0.1477654      	0.103249334    	0.19405204     	0.14284523     	0.17812116     	0.17579755     	0.23564821     	0.32916376     	0.5418966      	0.5119483      	0.3843132      	0.4646513      	0.42108744     	0.4266605      	0.45921323     	0.4363685      	0.41591865     	0.46718347     	0.49901918     	0.37958083     	0.47015625     	0.5312803      	0.5147527      	0.46893394     	0.5965844      	0.5397453      	0.51493627     	
0.14690378     	0.31468514     	0.28551424     	0.18830188     	0.2524654      	0.2377111      	0.118270665    	0.22474474     	0.18864878     	0.16511624     	0.2528882      	0.12392212     	0.07622629     	0.28308672     	0.14533593     	0.22338428     	0.23032582     	0.44532746     	0.46307862     	0.4839812      	0.4348628      	0.46859756     	0.54945076     	0.51340955     	0.48279232     	0.4921235      	0.40044987     	0.46947357     	0.42103362     	0.5290475      	0.522427       	0.46947193     	0.4376863      	0.54598683     	0.37226588     	0.14822924     	0.2618497      	0.06737649     	0.1637915      	0.14775023     	0.08565952     	0.124202706    	0.080508366    	0.2122483      	0.17964776     	0.18471813     	0.115193956    	0.07772245     	0.15911607     	0.10206372     	0.2164371      	0.16980776     	0.10922196     	0.14817381     	0.24760224     	0.18259948     	0.14758517     	0.1187988      	0.23230936     	0.124620795    	0.18063408     	0.15092151     	0.1697055      	0.11760201     	0.1106472      	0.16863139     	0.24100183     	0.10492357     	0.2643064      	0.17045148     	0.21123078     	0.23877186     	0.15946409     	0.19363505     	0.16175634     	0.19712108     	0.14584838     	0.16715942     	0.3076498      	0.22308919     	0.201134       	0.3483122      	0.41702744     	0.3899197      	0.4822332      	0.47466227     	0.45004308     	0.42443419     	0.44817907     	0.51181805     	0.5622252      	0.45580536     	0.44886544     	0.40020725     	0.45523566     	0.4741922      	0.5051074      	0.48827404     	0.46536812     	0.37023392     	
0.20399882     	0.18291198     	0.20681117     	0.16364191     	0.22597131     	0.21782899     	0.1373322      	0.18155023     	0.18504128     	0.1901402      	0.10894004     	0.32885954     	0.20819096     	0.19464071     	0.12088177     	0.14443494     	0.20389037     	0.24007726     	0.44974124     	0.39896056     	0.5153024      	0.36567077     	0.50498104     	0.47540975     	0.46333057     	0.48946527     	0.46679702     	0.44590247     	0.40640292     	0.46345198     	0.53057396     	0.52611476     	0.45118594     	0.51584554     	0.3921075      	0.1932083      	0.14755242     	0.11301823     	0.19337142     	0.075664096    	0.13097431     	0.09198356     	0.096181035    	0.119406566    	0.10001693     	0.007035123    	0.031200916    	0.18177699     	0.23317614     	0.03507696     	0.26654127     	0.16044058     	0.13990563     	0.18178889     	0.13558426     	0.14062244     	0.20010754     	0.16977452     	0.18967022     	0.20923017     	0.2098859      	0.17275736     	0.19774722     	0.11838117     	0.1135007      	0.1435451      	0.20814906     	0.17555052     	0.13141003     	0.15000698     	0.11520842     	0.101711765    	0.18237276     	0.22227468     	0.186562       	0.1346386      	0.20318413     	0.25726175     	0.17513904     	0.14226893     	0.18534872     	0.22878766     	0.3944489      	0.35376313     	0.40649837     	0.38773596     	0.5336007      	0.46813327     	0.31191584     	0.479699       	0.47616535     	0.47726035     	0.39756477     	0.3947735      	0.37305942     	0.5567506      	0.42369372     	0.38033703     	0.41605332     	0.44398823     	
0.19440301     	0.13271065     	0.23156944     	0.122514       	0.121760406    	0.12569971     	0.20108774     	0.26165116     	0.17626235     	0.09336999     	0.24984726     	0.034830824    	0.24432342     	0.11974763     	0.19131476     	0.27117392     	0.2134719      	0.19600038     	0.36506677     	0.5493463      	0.45244646     	0.44513077     	0.5074347      	0.42251262     	0.4028796      	0.4603856      	0.5957812      	0.46202222     	0.42748562     	0.46446288     	0.46867695     	0.4740841      	0.43569973     	0.50846636     	0.4444953      	0.56456137     	0.41588697     	0.22479524     	0.26829538     	0.14110509     	0.19865555     	0.181632       	0.10203929     	0.21274118     	0.19906074     	0.11130423     	0.20020208     	0.26907656     	0.15522201     	0.10721219     	0.18347168     	0.25940377     	0.1351213      	0.22512905     	0.17769845     	0.05883259     	0.0839151      	0.1826548      	0.2878191      	0.3216477      	0.13006093     	0.1655839      	0.1567066      	0.17504281     	0.19321653     	0.11433886     	0.18362172     	0.20668414     	0.09476339     	0.097398445    	0.14852016     	0.3135873      	0.16858582     	0.073883586    	0.13862164     	0.19666666     	0.15046267     	0.24680437     	0.15491736     	0.2443961      	0.15265606     	0.31534424     	0.41476843     	0.4720266      	0.45024097     	0.4161719      	0.40605864     	0.5334898      	0.40890566     	0.43618873     	0.45530453     	0.41173896     	0.47107574     	0.52803504     	0.29413176     	0.36539647     	0.49968472     	0.5132966      	0.4786709      	0.4260042      	
0.20701681     	0.16644661     	0.18839541     	0.2275257      	0.2330404      	0.21680549     	0.20815139     	0.20219721     	0.1387731      	0.20490861     	0.17375372     	0.21103603     	0.16533479     	0.18853831     	0.18944459     	0.24658681     	0.18820752     	0.19569619     	0.24554954     	0.48728383     	0.40525436     	0.45530188     	0.4836268      	0.34403732     	0.47774526     	0.41443196     	0.45689946     	0.48777336     	0.4354884      	0.38411778     	0.6141683      	0.5536514      	0.43141025     	0.4733596      	0.44629514     	0.52030164     	0.33398044     	0.5276144      	0.4016802      	0.506216       	0.38081965     	0.25309956     	0.23778169     	0.17661689     	0.15536976     	0.20373464     	0.13063806     	0.2028951      	0.10046781     	0.17892632     	0.23530398     	0.11408577     	0.25638968     	0.13680513     	0.14939487     	0.21191828     	0.06505187     	0.06203642     	0.101018764    	0.13493083     	0.18936518     	0.21524857     	0.07195479     	0.16624473     	0.15951799     	0.21925472     	0.07829665     	0.14864208     	0.11116366     	0.12982003     	0.18195626     	0.0547393      	0.22549689     	0.19887842     	0.17489816     	0.22158198     	0.072504215    	0.17763121     	0.16837078     	0.22945857     	0.105709106    	0.26294947     	0.18446812     	0.3184229      	0.5575733      	0.4015862      	0.4280937      	0.581935       	0.44726652     	0.45005944     	0.39618698     	0.5504823      	0.40081072     	0.33576137     	0.47198313     	0.45364708     	0.46502078     	0.4201477      	0.41698352     	0.38625607     	
0.1878469      	0.18854907     	0.14334525     	0.27358404     	0.17021477     	0.16244702     	0.1961599      	0.20647168     	0.061841708    	0.042674415    	0.29453        	0.21562394     	0.10281537     	0.20521548     	0.1392878      	0.254413       	0.1689736      	0.23130593     	0.25649983     	0.39669067     	0.4990771      	0.51345444     	0.4114393      	0.5660232      	0.47470164     	0.47682372     	0.5273051      	0.4097387      	0.41462615     	0.43123457     	0.43148437     	0.5424707      	0.55163133     	0.42747736     	0.41712442     	0.50861865     	0.55591154     	0.43250096     	0.457058       	0.4176871      	0.47431248     	0.39099336     	0.28193524     	0.2960496      	0.28303114     	0.22683913     	0.09046709     	0.233186       	0.19815986     	0.16225928     	0.21312462     	0.11364342     	0.34530106     	0.11791038     	0.24095026     	0.11385754     	0.14898299     	0.16839415     	0.1630644      	0.23276508     	0.16115554     	0.22807214     	0.10941976     	0.16544497     	0.17068596     	0.16103159     	0.19783878     	0.21365747     	0.11248356     	0.14197615     	0.14068441     	0.16074824     	0.20957488     	0.21231104     	0.1057606      	0.22947705     	0.104714505    	0.20073335     	0.14785273     	0.16428874     	0.238394       	0.29912007     	0.26024106     	0.18548205     	0.41517577     	0.4834044      	0.34803763     	0.39544553     	0.41924715     	0.38204885     	0.37933126     	0.42546028     	0.46014655     	0.41004872     	0.5041052      	0.48161158     	0.54675126     	0.49683192     	0.4132404      	0.411842       	
0.15774778     	0.09265199     	0.15760073     	0.21513562     	0.15252745     	0.29624856     	0.08172576     	0.15334281     	0.17925805     	0.14848043     	0.15273124     	0.17491129     	0.1479465      	0.23395911     	0.22461468     	0.2303739      	0.29106453     	0.2945678      	0.19151889     	0.20579252     	0.34453985     	0.5321363      	0.47342256     	0.39735165     	0.4866118      	0.52411574     	0.4578458      	0.50911725     	0.32962808     	0.41106063     	0.45767695     	0.42839882     	0.44970834     	0.45739517     	0.5467465      	0.3830363      	0.6010677      	0.43267295     	0.3940764      	0.52075255     	0.42395502     	0.47119302     	0.44943258     	0.2593342      	0.20695946     	0.12004994     	0.021742914    	0.23355353     	0.08530338     	0.2283483      	0.24132363     	0.1177809      	0.17171612     	0.08012964     	0.12015639     	0.10231903     	0.17114519     	0.23631062     	0.159629       	0.18048051     	0.14848217     	0.19298407     	0.1789473      	0.13989054     	0.11093957     	0.17679155     	0.10699253     	0.12118293     	0.1756405      	0.20955428     	0.19838947     	0.16359086     	0.17724489     	0.30361825     	0.22684838     	0.15984096     	0.06786328     	0.110984005    	0.18048315     	0.17614257     	0.21944214     	0.10978215     	0.22528084     	0.17251457     	0.35105702     	0.4665144      	0.4418677      	0.4692156      	0.51542413     	0.4630333      	0.48292315     	0.46299788     	0.5007456      	0.5025797      	0.47410193     	0.46195692     	0.4578525      	0.49255568     	0.4278337      	0.36364406     	
0.19056912     	0.29559305     	0.21361177     	0.16309933     	0.24132554     	0.1404693      	0.15311578     	0.083690576    	0.22067235     	0.082126305    	0.09367721     	0.20127074     	0.10061221     	0.14282192     	0.22072092     	0.119539216    	0.09378853     	0.1850999      	0.15829447     	0.18536986     	0.23498383     	0.512545       	0.501057       	0.40768903     	0.42037687     	0.45490944     	0.45155013     	0.4877676      	0.4009712      	0.47638384     	0.46962935     	0.47067523     	0.41331726     	0.44059864     	0.38346782     	0.43524307     	0.3302665      	0.45776564     	0.5007927      	0.523158       	0.59823436     	0.45582756     	0.52011645     	0.3133885      	0.2508153      	0.22157532     	0.18305147     	0.26503205     	0.2851173      	0.18086605     	0.106121786    	0.19094428     	0.18586811     	0.25160128     	0.2284346      	0.1848249      	0.20917861     	0.15251523     	0.13857421     	0.14494279     	0.10756016     	0.18894356     	0.22261147     	0.18415095     	0.12777172     	0.17303623     	0.16423786     	0.17917591     	0.15301074     	0.19210966     	0.20754722     	0.2354468      	0.1553216      	0.24288924     	0.16850224     	0.26674086     	0.19372468     	0.22208112     	0.26200843     	0.089270175    	0.11648343     	0.16485392     	0.13893738     	0.22805074     	0.24776332     	0.511001       	0.46705267     	0.42422986     	0.4813745      	0.48225424     	0.33002537     	0.39911446     	0.4454543      	0.45657787     	0.3948413      	0.44733045     	0.41727206     	0.4354776      	0.39917165     	0.38943312     	
