# www.neaspec.com
# Scan:	 	AFM
# Project:	 	20251007_PS
# Description:	 	
# Date:	 	10/07/2025 10:43:47
# Scanner Center Position (X, Y):	[µm]	49.99	50.01	 
# Rotation:	[°]	0	 	 
# Scan Area (X, Y, Z):	[µm]	5.000	5.000	0.000
# Pixel Area (X, Y, Z):	[px]	100	50	1
# Averaging:	 	1	 	 
# Integration time:	[ms]	5	 	 
# Laser Source:	 	4.5-15 µm nano-FTIR laser
# Detector:	 	R
# Target Wavelength:	[µm]	7.502	 	 
# Demodulation Mode:	 	Fourier
# Tip Frequency:	[Hz]	241,340.500	 	 
# Tip Amplitude:	[mV]	45.700	 	 
# Tapping Amplitude:	[nm]	79.665	 	 
# Modulation Frequency:	[Hz]	0.000	 	 
# Modulation Amplitude:	[mV]	0.000	 	 
# Modulation Offset:	[mV]	0.000	 	 
# Setpoint:	[%]	79.75	 	 
# Regulator (P, I, D):	 	4.206850	8.625812	1.000000
# Tip Potential:	[mV]	0.000	 	 
# M1A Scaling:	[nm/V]	0.426	 	 
# M1A Cantilever Factor:	 	1,000	 	 
# Q-Factor:	 	487.4	 	 
# Version:	 	2.1.11536.0
1.6167151      	1.7843773      	1.6109147      	1.8037169      	1.7242137      	1.782469       	1.6628805      	1.6743418      	1.6824278      	1.6714725      	1.7936586      	1.6671894      	1.5696143      	1.8217977      	1.609736       	1.640738       	1.5591575      	1.6538591      	1.672596       	1.6414171      	1.6331774      	1.7155682      	1.6435771      	1.7677708      	1.7367015      	1.6126261      	1.6248882      	1.7913529      	1.6925627      	1.6490793      	1.6354294      	1.6939484      	1.6152841      	1.6967875      	1.7499192      	1.6905082      	1.6882763      	1.7651823      	1.7945075      	1.708376       	1.7255228      	1.7790827      	1.7506145      	1.7607334      	1.6834911      	1.7192328      	1.7456381      	1.6486166      	1.7089567      	1.7019347      	1.7471867      	1.6760789      	1.7295305      	1.8089017      	1.7654818      	1.7153875      	1.6730427      	1.7536381      	1.6895156      	1.744175       	1.7773082      	1.7429073      	1.6800534      	1.5115075      	1.5910745      	1.6893803      	1.6424674      	1.7319043      	1.6248506      	1.7852314      	1.6110963      	1.7398707      	1.7184441      	1.6250254      	1.7239951      	1.7260412      	1.8879195      	1.6396486      	1.578885       	1.7462044      	1.7099973      	1.6214366      	1.7069093      	1.752688       	1.8267137      	1.5268674      	1.3818827      	1.5121989      	1.417414       	1.3143548      	1.4685719      	1.4058886      	1.467712       	1.3403274      	1.211961       	1.022194       	1.018558       	0.8818416      	0.88382685     	0.9185684      	
1.6309472      	1.6911951      	1.5716542      	1.7180223      	1.6978915      	1.7068225      	1.658846       	1.6658362      	1.6237627      	1.7512448      	1.6882149      	1.7002745      	1.747498       	1.6620094      	1.5093493      	1.6840887      	1.6364876      	1.700939       	1.6613301      	1.5524063      	1.7707703      	1.8230001      	1.7342157      	1.4935821      	1.7279333      	1.6782954      	1.5940228      	1.7612382      	1.6933212      	1.6691518      	1.6175603      	1.7796125      	1.6397644      	1.7279551      	1.615221       	1.6488504      	1.6471839      	1.7863514      	1.7152689      	1.7422987      	1.55885        	1.7642066      	1.7173436      	1.7058349      	1.759932       	1.704283       	1.6181306      	1.6131649      	1.8293632      	1.7558268      	1.6774905      	1.6432304      	1.5362169      	1.8173909      	1.7275946      	1.7464197      	1.7473305      	1.7131023      	1.8535851      	1.640754       	1.7204089      	1.735041       	1.8226365      	1.7971569      	1.7449057      	1.7708433      	1.7311926      	1.771122       	1.7329621      	1.7081144      	1.8319274      	1.7673118      	1.6703286      	1.7932227      	1.7052075      	1.6813753      	1.8019847      	1.6831318      	1.7830718      	1.7298613      	1.7970245      	1.729794       	1.727817       	1.8837944      	1.695498       	1.3002633      	1.0226829      	1.0736926      	0.9134347      	0.9684537      	0.92393345     	0.91642344     	0.9449515      	0.97391105     	0.86515665     	0.880471       	0.99338853     	1.112504       	1.103397       	1.0199419      	
1.7925758      	1.6953604      	1.6429945      	1.7477945      	1.7313713      	1.6202676      	1.7992558      	1.6160463      	1.7934629      	1.7927457      	1.6671588      	1.7046405      	1.6726266      	1.6864344      	1.6439595      	1.6601676      	1.8329839      	1.6739844      	1.6093075      	1.6086913      	1.8105404      	1.6669742      	1.8232751      	1.7881924      	1.8964336      	1.762938       	1.6635493      	1.7009648      	1.6518958      	1.6959093      	1.7462794      	1.703561       	1.7735263      	1.7542728      	1.7862846      	1.7929444      	1.7137204      	1.6881943      	1.608098       	1.6630627      	1.7042525      	1.7765553      	1.818108       	1.7327982      	1.7640493      	1.7783726      	1.6701916      	1.7001332      	1.7382882      	1.7565786      	1.7465531      	1.8587613      	1.6963272      	1.7063782      	1.7098309      	1.7456442      	1.7342781      	1.6887085      	1.81246        	1.6843928      	1.8108177      	1.7924278      	1.64837        	1.7209413      	1.7260876      	1.6641568      	1.7075115      	1.8269669      	1.7699142      	1.7455448      	1.7130507      	1.6243025      	1.5092286      	1.770173       	1.7893302      	1.6271065      	1.7007816      	1.7070686      	1.6801747      	1.8320543      	1.7225417      	1.847589       	1.4855199      	1.108315       	1.0305848      	0.9706521      	1.0096599      	1.0123521      	0.97253954     	0.85644203     	0.90260154     	0.97383        	0.86854744     	1.0145811      	0.93290347     	0.9934371      	0.9692285      	0.9168805      	0.9870216      	0.89258265     	
1.6902086      	1.6956226      	1.7325206      	1.7900493      	1.6246771      	1.5577059      	1.8727832      	1.6694903      	1.6681658      	1.6980392      	1.7348785      	1.680508       	1.6887778      	1.7917334      	1.7893219      	1.7512382      	1.7915032      	1.7119589      	1.7675432      	1.7455119      	1.8052512      	1.7061138      	1.5911367      	1.6709075      	1.7566586      	1.7696794      	1.7026368      	1.7427105      	1.695106       	1.673194       	1.5726106      	1.7432872      	1.7397286      	1.6824857      	1.696622       	1.7168739      	1.7834346      	1.6014056      	1.7028133      	1.4891506      	1.7314597      	1.7592418      	1.6900122      	1.769078       	1.8058615      	1.7768764      	1.7266078      	1.7227556      	1.6282965      	1.8391851      	1.6508346      	1.8187009      	1.6373006      	1.7096648      	1.7354305      	1.6773995      	1.8621593      	1.7585579      	1.6369723      	1.5959773      	1.7636652      	1.7496067      	1.7294402      	1.6322652      	1.6990985      	1.7771457      	1.812987       	1.7745717      	1.7590419      	1.551801       	1.7230238      	1.7011962      	1.7568315      	1.8314736      	1.826691       	1.804787       	1.8177767      	1.7857997      	1.739887       	1.6953683      	1.8907857      	1.9583576      	1.4866045      	1.2079861      	0.9946246      	0.89138514     	0.93265        	0.8582673      	0.9824043      	0.9997393      	1.0032873      	0.9535956      	1.0698267      	1.100644       	0.91255707     	0.9252838      	0.8161461      	0.91566336     	1.0123365      	0.9719583      	
1.7266415      	1.7611219      	1.7189615      	1.7167779      	1.7527275      	1.7703116      	1.7754388      	1.66853        	1.6901294      	1.7257426      	1.7660898      	1.7938502      	1.7090118      	1.8553416      	1.8601309      	1.6840069      	1.718003       	1.7031527      	1.7755507      	1.6714921      	1.7543377      	1.7840295      	1.5866832      	1.7393103      	1.772322       	1.7067086      	1.7286035      	1.7811424      	1.8917567      	1.777117       	1.7536864      	1.7222282      	1.6910266      	1.7925589      	1.7868475      	1.6802684      	1.6826092      	1.7261288      	1.7580769      	1.8485491      	1.7888638      	1.735153       	1.8353279      	1.6021446      	1.6990448      	1.7804874      	1.7873452      	1.710235       	1.7917564      	1.7684         	1.8751755      	1.9817181      	1.8223006      	1.7479055      	1.609202       	1.5202893      	1.6871927      	1.6270183      	1.7430241      	1.6405985      	1.6673739      	1.7944739      	1.6526593      	1.7504759      	1.7549293      	1.8106322      	1.8280109      	1.7673285      	1.6644017      	1.6890289      	1.7867064      	1.7483295      	1.7545992      	1.7458835      	1.7384803      	1.8916084      	1.7940056      	1.6971254      	1.8086516      	1.8585325      	1.9259531      	1.7867066      	1.4379169      	1.1713223      	1.143867       	1.0065436      	0.93248206     	0.9236377      	0.95036775     	0.9220413      	0.91625047     	0.9241585      	0.8725874      	1.0188857      	0.90142757     	0.9595883      	0.9970747      	0.9115284      	0.9062655      	0.9172936      	
1.6349596      	1.6171545      	1.8743364      	1.7078316      	1.621863       	1.6840197      	1.6840322      	1.7375032      	1.5746175      	1.6669155      	1.6842498      	1.6631354      	1.8584226      	1.6951466      	1.6503209      	1.7142298      	1.7225391      	1.7073017      	1.6937205      	1.618015       	1.8569207      	1.7354751      	1.5883697      	1.6220759      	1.739393       	1.6744736      	1.8476933      	1.6924438      	1.7256877      	1.7410518      	1.618468       	1.7812437      	1.71948        	1.7121829      	1.743757       	1.8865341      	1.528229       	1.8170345      	1.8610688      	1.8221622      	1.776689       	1.8322749      	1.8356173      	1.8643382      	1.782807       	1.8964163      	1.7699038      	1.6748827      	1.4784051      	1.5070095      	1.352801       	1.4673327      	1.38593        	1.4401021      	1.3466434      	1.4174421      	1.3934236      	1.4340162      	1.7575302      	1.6859388      	1.7307637      	1.7284853      	1.7461523      	1.6641557      	1.7043808      	1.6689322      	1.8116049      	1.7365717      	1.8738848      	1.8667438      	1.7865721      	1.8100872      	1.8276181      	1.8176527      	1.6853166      	1.8515425      	1.6932684      	1.922031       	1.7708684      	1.9308946      	1.9727025      	2.000539       	1.6593194      	1.2186614      	1.1189368      	0.98420465     	0.87935        	1.0492054      	0.88577175     	0.98829037     	0.861916       	1.0340074      	1.0095998      	0.824321       	0.87568486     	0.9496601      	0.99817514     	0.96258754     	0.9463894      	1.0676066      	
1.8134829      	1.6704286      	1.7231773      	1.7041314      	1.7296293      	1.704893       	1.6127161      	1.826263       	1.8579478      	1.755752       	1.7364386      	1.7681286      	1.7711809      	1.7363569      	1.7674563      	1.8073932      	1.678322       	1.5875233      	1.7225702      	1.8736064      	1.9432681      	1.7146558      	1.695061       	1.7855115      	1.7848346      	1.7461977      	1.7051618      	1.7267991      	1.7515702      	1.883828       	1.690232       	1.8253735      	1.7326403      	1.7258648      	1.7618532      	1.7885752      	1.824636       	1.9954667      	2.0038333      	1.6224017      	1.6204697      	1.5116268      	1.4766463      	1.3814327      	1.2903543      	1.385585       	1.4375931      	1.4752625      	1.2517076      	1.198259       	1.0445853      	1.0396857      	0.88952297     	0.8931691      	0.82944304     	0.89673024     	0.8326419      	1.0207276      	0.9896688      	1.2796817      	1.6912888      	1.7015736      	1.7782215      	1.707645       	1.7292999      	1.7573836      	1.7519741      	1.8075888      	1.7519948      	1.591834       	1.866553       	1.7316533      	1.7552356      	1.7384664      	1.7766759      	1.9102364      	1.7622638      	1.890497       	1.786558       	1.818789       	1.7638434      	1.9025105      	1.9223268      	1.4374712      	1.1836654      	1.1261224      	1.0442541      	0.98687625     	0.9363821      	0.8572271      	1.0366482      	0.92067736     	0.9472226      	0.90590143     	0.9020281      	0.85232073     	0.9055126      	0.95795405     	0.95794296     	0.91174614     	
1.7708511      	1.7104851      	1.597157       	1.6292155      	1.709933       	1.7367154      	1.7422065      	1.7125467      	1.7521178      	1.6954929      	1.7487333      	1.7958372      	1.8511798      	1.7089685      	1.8187108      	1.767479       	1.712458       	1.7080964      	1.8013301      	1.7051462      	1.735877       	1.7905915      	1.6391994      	1.7166976      	1.7261411      	1.7213624      	1.8913739      	1.8628666      	1.7368009      	1.8208485      	2.0084293      	1.7190365      	1.6368256      	1.452343       	1.4201292      	1.4659532      	1.4707946      	1.3349501      	1.313207       	1.3271948      	1.517491       	1.1652666      	1.1129363      	0.97312516     	1.0098444      	0.9088507      	0.9008214      	0.87903196     	0.9655852      	1.1800289      	0.9270297      	0.9750753      	0.96991104     	0.94168526     	1.0338112      	1.0927709      	1.0020822      	1.0240651      	1.1818608      	1.1112986      	1.4575815      	1.7930069      	1.7133005      	1.8303022      	1.7326665      	1.7175752      	1.8039057      	1.7952538      	1.7583266      	1.7479717      	1.7549897      	1.6836637      	1.8141059      	1.8555107      	1.840736       	1.8322265      	1.7654643      	1.8359541      	1.7946047      	1.8688391      	1.8205531      	1.7889057      	1.9108412      	1.5301869      	1.2030604      	1.232834       	1.0298504      	0.8869641      	0.94022375     	0.9823265      	0.93040746     	1.0353038      	0.9772235      	0.93038493     	0.88089716     	0.9518324      	0.8965604      	0.8673153      	0.8973546      	0.95052296     	
1.705552       	1.7533829      	1.6416621      	1.7332294      	1.7280388      	1.6243004      	1.7229598      	1.7159184      	1.6784408      	1.8255206      	1.7494975      	1.7402952      	1.6419293      	1.7035695      	1.5560217      	1.7726768      	1.8334018      	1.8463721      	1.749581       	1.7810731      	1.6583829      	1.7991979      	1.8271056      	1.7927557      	1.9242957      	1.7849374      	1.3534638      	1.4137616      	1.4260935      	1.4389738      	1.3454236      	1.354283       	1.366417       	1.3065466      	1.248873       	0.9840073      	0.9098852      	0.9104706      	0.96981055     	0.9904591      	0.9996031      	0.95825785     	0.997561       	0.80785424     	0.9833833      	0.89723694     	0.9743928      	0.93580246     	0.89994645     	1.0310056      	0.95300955     	0.92364216     	0.8490958      	0.9268572      	0.9542207      	1.0075959      	0.91211504     	0.96145093     	0.9362412      	0.96477413     	1.2943023      	1.4248604      	1.6627986      	1.6309856      	1.709442       	1.7107787      	1.810284       	1.7544637      	1.6645479      	1.7451574      	1.8941447      	1.6827474      	1.7927314      	1.7249815      	1.7499171      	1.6464942      	1.7873733      	1.6385216      	1.7327566      	1.7240491      	1.7682551      	1.8011585      	1.8564527      	1.7135715      	1.1942558      	1.1465844      	0.9662223      	1.0547843      	0.96839553     	1.0294338      	0.99929047     	0.86080396     	1.0865551      	1.0316362      	0.96686137     	0.973155       	0.99551773     	1.0682446      	0.96635103     	0.87445915     	
1.7141386      	1.6702572      	1.7033623      	1.6397817      	1.8187935      	1.751416       	1.6839814      	1.7952824      	1.6824735      	1.6766431      	1.6934786      	1.6994798      	1.6983831      	1.6861845      	1.7537515      	1.7315685      	1.677912       	1.6949519      	1.8343326      	1.7902457      	1.6873993      	1.745904       	1.8095396      	1.6992608      	1.7750942      	1.6790469      	1.2178814      	1.071064       	1.1141875      	1.0318044      	0.979323       	0.88141716     	0.85941434     	0.8907928      	0.99321485     	0.9705865      	0.90911674     	1.0146523      	1.0003736      	1.0928262      	0.97289324     	0.9195829      	0.9835623      	0.972595       	0.9466171      	0.9771327      	0.8845435      	0.9134221      	1.009011       	0.92096186     	1.0078259      	0.8800063      	0.90826476     	0.97517425     	1.0272441      	0.94281465     	0.9689684      	0.86598885     	0.9936585      	1.0526454      	1.125231       	1.192205       	1.7646707      	1.7274594      	1.7058458      	1.7773592      	1.7782555      	1.779913       	1.6723589      	1.6162293      	1.6460698      	1.913285       	1.7542837      	1.8236111      	1.7253044      	1.9051048      	1.7016485      	1.7711122      	1.6976293      	1.7848325      	1.7176771      	1.8152884      	1.7425278      	2.0680192      	1.6183183      	1.2436222      	1.2364197      	1.1082256      	0.9134884      	1.001605       	0.956737       	0.8351377      	1.009325       	0.94650495     	1.0571331      	0.8974134      	0.8555596      	0.86149764     	0.90457743     	0.8722012      	
1.6688503      	1.803889       	1.6540211      	1.6779369      	1.6045958      	1.665395       	1.8170812      	1.6076648      	1.7175993      	1.7539669      	1.8284935      	1.7043787      	1.7071291      	1.790221       	1.6854247      	1.7024665      	1.7000828      	1.7342737      	1.6396158      	1.7446312      	1.8598173      	1.877683       	1.6251005      	1.3354809      	0.9383192      	0.98102874     	0.9734515      	0.92289007     	0.9722835      	0.92626566     	1.0466468      	1.010614       	1.0247666      	0.9286974      	0.9189292      	1.0081077      	1.047913       	1.020163       	0.95829695     	0.9073002      	0.9263872      	0.910336       	0.9703811      	1.0514336      	0.9889897      	0.84809667     	0.8918567      	0.9823304      	0.88774085     	0.85889477     	1.0388464      	1.0006869      	0.8950328      	0.9163647      	0.9818883      	0.98737967     	0.8819022      	0.94080067     	0.8635919      	0.9392335      	0.98084784     	1.0088093      	1.4637347      	1.7636367      	1.6978086      	1.874354       	1.6992608      	1.813412       	1.8951253      	1.7179508      	1.879096       	1.640409       	1.7523443      	1.8484135      	1.6638342      	1.876046       	1.8775269      	1.8018686      	1.8832984      	1.7370882      	1.8630669      	1.7887125      	1.712944       	1.8862042      	1.8061473      	1.4857651      	1.3159124      	1.0300227      	1.0079733      	0.9753802      	0.8605815      	0.8898442      	0.9606352      	1.0105094      	0.91389495     	0.75626165     	0.9801647      	0.9641498      	0.9601514      	0.99103546     	
1.6421338      	1.6545093      	1.7651576      	1.720971       	1.8487931      	1.6510952      	1.7527137      	1.8305721      	1.8416215      	1.6758474      	1.8636745      	1.8003346      	1.7633097      	1.851964       	1.8503742      	1.7021134      	1.7315539      	1.7698585      	1.8042561      	1.7749629      	1.943038       	1.9456496      	1.5264448      	1.1841644      	1.1501292      	1.0346997      	1.0938832      	1.0286831      	1.0194218      	1.0204691      	0.9578625      	0.92450184     	0.9744763      	1.0808395      	1.0091641      	1.058279       	1.0516407      	1.0466728      	1.0201952      	0.99632895     	0.9630834      	0.8078471      	0.9762793      	0.8499093      	0.87438387     	0.9992833      	0.9018616      	0.91381985     	1.0103416      	0.906999       	0.9215754      	0.8647631      	0.8600786      	0.8806284      	0.94007355     	1.0251559      	0.87884814     	0.9511177      	0.95949185     	1.0026449      	1.1684802      	1.0616864      	1.2301067      	1.5666252      	1.7457688      	1.8978866      	1.6881278      	1.7254965      	1.6313231      	1.6388142      	1.8284854      	1.7888199      	1.7940499      	1.7113681      	1.7532142      	1.6959261      	1.6715757      	1.6976203      	1.810274       	1.8076417      	1.6730258      	1.7771469      	1.8567952      	1.804649       	1.8998867      	1.5927382      	1.2624328      	1.3505362      	1.2119642      	1.0659058      	1.009556       	0.9618431      	0.93775946     	0.9983729      	1.0031621      	0.9985035      	0.99401534     	0.99447525     	0.94072235     	0.9798787      	
1.6991159      	1.6317743      	1.8211721      	1.6232424      	1.7040486      	1.7413683      	1.7908672      	1.8107355      	1.7726566      	1.8695799      	1.6657826      	1.7748169      	1.6725547      	1.781651       	1.7661402      	1.7382014      	1.7236086      	1.834815       	1.8216811      	1.8660159      	1.8553727      	1.8687428      	1.382225       	1.2972656      	1.0331432      	1.0696955      	1.0337305      	0.9531373      	1.0131022      	1.0561539      	0.9233886      	1.0387291      	0.9700134      	0.8212136      	1.053863       	0.9439644      	0.880357       	0.8890884      	0.88915235     	0.9011887      	0.90316963     	0.95754385     	0.9098725      	0.9580604      	0.8101876      	0.8980221      	1.0182931      	0.98538536     	0.92195404     	0.9241782      	1.0193119      	0.96659124     	0.9142546      	0.9573757      	0.9143706      	0.93397844     	1.032578       	1.0060133      	0.9302197      	0.9677618      	0.96041065     	1.0006381      	1.1544707      	1.2821542      	1.6934158      	1.8082266      	1.8268149      	1.728711       	1.7749419      	1.7318418      	1.6569799      	1.8389573      	1.753806       	1.7627968      	1.8119378      	1.7705623      	1.7511365      	1.7239232      	1.7683479      	1.746367       	1.6399624      	1.6690038      	1.8539783      	1.9168857      	1.8179648      	1.8361777      	1.4010093      	1.2909616      	1.1156545      	1.0862399      	1.0278206      	1.0180115      	0.7981699      	0.8749626      	0.90912354     	0.91048914     	0.8837451      	0.95179546     	1.1099353      	1.0271854      	
1.7528731      	1.7455715      	1.636866       	1.8178793      	1.7428086      	1.8730923      	1.7241613      	1.6653508      	1.81757        	1.7302971      	1.9164951      	1.7948453      	1.8487933      	1.7295017      	1.7850596      	1.7835991      	1.7314658      	1.8044727      	1.7224685      	1.5769923      	1.8368914      	1.833787       	1.7545916      	1.3791327      	1.1293665      	1.1097189      	1.0314285      	0.95500034     	0.8159475      	0.8566039      	0.7979633      	1.0194125      	0.9195693      	0.9137716      	0.96102786     	0.9758429      	0.8649885      	0.914783       	1.0028187      	0.91457397     	1.0391796      	0.8370103      	0.791758       	0.9126429      	0.9464875      	0.8946971      	0.8393709      	0.94114584     	0.88749987     	1.0307108      	0.9697802      	1.0004333      	0.8965819      	0.9683907      	1.0383542      	0.9631461      	0.9738813      	0.85897106     	0.9074027      	1.010423       	0.9325243      	1.1557261      	1.1494001      	1.1076177      	1.5364236      	1.6432724      	1.7618587      	1.7133995      	1.723506       	1.6989737      	1.763803       	1.7380528      	1.7303374      	1.753131       	1.840156       	1.736679       	1.807525       	1.6944677      	1.7936673      	1.7527534      	1.7544413      	1.7422092      	1.6412466      	1.7286199      	1.5737219      	1.8288723      	1.6961153      	1.2709086      	1.1315197      	1.2000397      	1.0542444      	0.8965123      	0.93794125     	0.92913043     	0.8924555      	0.92650896     	0.96109575     	1.0248042      	0.9878122      	0.9272326      	
1.7838403      	1.6586031      	1.7859092      	1.7525208      	1.8467666      	1.8222558      	1.806351       	1.8065395      	1.7573943      	1.761433       	1.7486547      	1.6594361      	1.8189328      	1.8691112      	1.8342823      	1.8797537      	1.8133632      	1.8096193      	1.7431427      	1.8108959      	1.811632       	1.8220686      	1.7229433      	1.3919094      	1.3076234      	1.2060387      	1.1311908      	1.0793192      	0.9304406      	1.0049535      	0.9744529      	0.9169321      	0.9649937      	0.86114585     	0.8396738      	0.9508673      	0.95337504     	0.9384567      	0.97906095     	0.9202473      	0.9885535      	0.950943       	0.8763587      	0.86906356     	0.830112       	0.8951602      	1.0020329      	0.9482855      	0.99314475     	0.9148891      	0.94747555     	0.866379       	0.7992222      	0.86768806     	1.0307875      	0.92119104     	0.9659666      	0.88896227     	0.92525506     	1.0431994      	0.9120999      	0.99693745     	1.0160279      	1.205919       	1.2735878      	1.6822324      	1.8113376      	1.8047448      	1.6703082      	1.620091       	1.7705972      	1.7567812      	1.689611       	1.8212582      	1.8297006      	1.7155958      	1.7985437      	1.7789882      	1.6818738      	1.6757078      	1.8484207      	1.7126688      	1.6292868      	1.8022716      	1.6931411      	1.8258538      	1.9896677      	1.745112       	1.3833789      	1.1711799      	1.0465138      	0.82645863     	0.9180259      	1.0112654      	0.9125148      	0.8966413      	0.87656057     	0.83071715     	0.87288815     	0.8997119      	
1.266372       	1.6360788      	1.770313       	1.717733       	1.7970232      	1.7668126      	1.589953       	1.8414403      	1.7206599      	1.9398799      	1.712561       	1.8475904      	1.7962244      	1.7623242      	1.784004       	1.8214185      	1.723228       	1.7658273      	1.8025769      	1.6973811      	1.7754738      	1.737887       	1.8873314      	1.7114241      	1.3335919      	1.1391435      	1.1153947      	0.821743       	1.0521886      	0.9319942      	1.0287656      	0.9486555      	0.98971593     	0.86860245     	0.83252597     	0.88158685     	0.8238546      	0.8393193      	0.89273894     	0.8809528      	0.97475743     	0.91048735     	0.9291182      	0.98622847     	0.8173667      	0.92360824     	0.98954535     	0.8764704      	0.7973209      	0.8994881      	0.97170687     	0.7928791      	0.906006       	0.81160676     	1.0601882      	1.0430621      	0.9273866      	0.9552414      	0.91516834     	0.9554134      	0.97930825     	1.0050011      	1.0110742      	1.0064281      	1.0947549      	1.5595999      	1.8593467      	1.7957218      	1.7266942      	1.7149045      	1.8144873      	1.6467115      	1.8263469      	1.6668382      	1.8545927      	1.7663414      	1.8457807      	1.7966235      	1.6742327      	1.8879142      	1.8262962      	1.7991546      	1.7592952      	1.8357005      	1.7173088      	1.7565001      	1.8439608      	1.8558958      	1.5391377      	1.2531265      	1.0648937      	0.99004585     	0.9088289      	0.94939286     	0.8753642      	0.984189       	1.0093117      	1.0594245      	1.0415611      	1.0580529      	
1.0886444      	1.4462115      	1.6875105      	1.8713087      	1.8316326      	1.8360684      	1.7466692      	1.7800896      	1.9040968      	1.7292274      	1.8014956      	1.7011278      	1.7125744      	1.6822219      	1.7233428      	1.7891809      	1.8417114      	1.9246181      	1.788425       	1.8466784      	1.9205438      	1.9405291      	1.9336207      	1.9349133      	1.4044106      	1.2591473      	1.0332462      	1.1451288      	0.9367786      	0.9845149      	0.94966024     	1.0223049      	0.8527621      	0.9311684      	1.0296417      	0.9303841      	0.9896934      	0.98847854     	0.93337756     	0.96065617     	0.89999413     	0.8287957      	0.96188766     	0.76537174     	0.92131895     	1.0374857      	0.8808815      	0.8627279      	0.85856843     	0.81923974     	1.0118288      	0.8915111      	0.90301776     	0.88927        	0.9111859      	0.8995778      	0.946361       	0.8262966      	0.9326041      	0.97786427     	1.0188627      	0.9085144      	1.0140353      	1.0185046      	1.0338441      	1.0287598      	1.7413085      	1.7525496      	1.8381057      	1.852574       	1.8524462      	1.7406725      	1.7238077      	1.6820757      	1.6762393      	1.8431357      	1.7404528      	1.8437192      	1.759145       	1.7828916      	1.7329789      	1.7719672      	1.7990239      	1.7404156      	1.7758658      	1.7409586      	1.8418673      	1.8758279      	1.7773186      	1.319912       	1.1927311      	1.0953681      	0.8300053      	0.9439137      	0.9458223      	0.96195096     	0.94428223     	0.8788065      	0.9298801      	0.90197814     	
1.1158789      	1.1265607      	1.6606109      	1.6799144      	1.6425465      	1.7326998      	1.7342647      	1.9245164      	1.8351403      	1.9023076      	1.7278544      	1.8202007      	1.7821466      	1.7486107      	1.9069408      	1.7475712      	1.8227167      	1.7738369      	1.7343663      	1.6941434      	1.8404181      	1.812255       	1.8266984      	2.0130727      	1.5751673      	1.4500376      	1.1170013      	1.1293137      	1.0211945      	0.9873885      	0.9847287      	0.9516134      	1.0108354      	0.99549127     	0.88618237     	0.9438096      	1.0468935      	1.0051097      	1.0417005      	0.9568857      	0.8765642      	0.8956891      	0.8381072      	1.0029984      	0.84250045     	1.0803725      	0.97193        	0.99331295     	0.9952492      	0.93100816     	1.0335205      	1.0275631      	0.7994527      	0.8814543      	0.92866164     	0.9684548      	0.9318322      	0.90285313     	0.8889129      	0.91199464     	0.96435356     	0.91526395     	0.8938768      	0.9615387      	0.98657197     	0.99942446     	1.4448868      	1.8303934      	1.8097386      	1.854212       	1.720743       	1.8664807      	1.77814        	1.7312744      	1.8299863      	1.8406407      	1.6803782      	1.7908722      	1.8803333      	1.8073016      	1.7497386      	1.7843883      	1.742673       	1.9687771      	1.7916403      	1.784395       	1.9431912      	1.8402675      	1.9227403      	1.5809458      	1.2914891      	1.1207021      	1.0189236      	1.1141697      	0.9047948      	0.933454       	0.9599645      	0.98047626     	0.98615503     	1.069311       	
0.977109       	1.133041       	1.1159165      	1.5825869      	1.7655548      	1.7951282      	1.798631       	1.6757016      	1.7606571      	1.6792814      	1.793588       	1.7261832      	1.6850225      	1.7951467      	1.9284443      	1.7191621      	1.8085518      	1.8184365      	1.7766399      	1.808704       	1.8416388      	1.6903667      	1.8451824      	1.7965592      	1.8616054      	1.419245       	1.2453829      	1.1770498      	0.9965073      	1.0309671      	0.9003838      	1.01252        	0.96529967     	0.8956813      	0.9792513      	0.9102575      	0.9711257      	0.87889916     	0.7883669      	0.7873003      	0.88502294     	0.82584554     	0.84925956     	0.93786854     	0.97396547     	0.9716753      	0.9886382      	0.8490088      	0.8347982      	0.8961313      	1.0227207      	1.0024254      	0.9778954      	0.9337803      	0.94942504     	0.8766975      	0.762497       	0.972841       	1.0147291      	0.91444665     	0.886272       	0.907708       	0.9850176      	1.1371387      	0.8984238      	1.160495       	1.0849535      	1.621996       	1.7354459      	1.9345977      	1.8052117      	1.6900319      	1.7047336      	1.7268709      	1.826209       	1.7344983      	1.6573424      	1.7720922      	1.8294979      	1.7636442      	1.8534948      	1.8031784      	1.837204       	1.6498401      	1.7467481      	1.692327       	1.835664       	1.8884087      	1.7887887      	1.7616402      	1.2412843      	1.1348428      	1.2674112      	1.1240531      	1.1510762      	1.1139796      	1.0923682      	1.0906147      	1.1178004      	1.2107123      	
0.98327        	1.0360831      	1.1820234      	1.4831173      	1.6873336      	1.6464838      	1.7461578      	1.7181758      	1.7666038      	1.8059828      	1.8022277      	1.7465389      	1.8160595      	1.7084185      	1.7091175      	1.8625958      	1.8154601      	1.6908637      	1.7932247      	1.9181272      	1.9204767      	1.7903938      	1.8133235      	1.7215383      	1.8716227      	1.8717115      	1.4352137      	1.2785628      	1.1680773      	0.9713167      	0.93721336     	0.89055127     	0.869987       	0.9742092      	0.95532095     	0.95081973     	0.9399597      	0.9253671      	0.82940096     	0.9302755      	0.824839       	0.8361614      	0.8622676      	0.9991581      	1.0467395      	0.8727539      	0.8892165      	0.8540632      	1.0607611      	0.962446       	0.9315563      	0.99817526     	0.8872734      	0.95776886     	0.9967877      	0.83961684     	0.85127723     	0.89614344     	0.93628204     	0.97761136     	1.026438       	0.8442266      	0.9603654      	0.9778973      	0.95604914     	1.1492236      	1.1143519      	1.4190485      	1.7686985      	1.8148367      	1.7676908      	1.7036799      	1.7982075      	1.8081882      	1.7564903      	1.7697577      	1.829424       	1.6785008      	1.8364713      	1.7849762      	1.6865941      	1.9243814      	1.7820717      	1.7686458      	1.7715559      	1.7460525      	1.8570026      	1.828384       	1.7447028      	1.745539       	1.9021591      	1.849252       	1.7074676      	1.6214883      	1.5155145      	1.5727398      	1.7977087      	1.8364705      	1.7354418      	1.7169329      	
0.9633869      	1.1449676      	1.0452344      	1.1807132      	1.5558292      	1.669928       	1.7421738      	1.7212462      	1.7762755      	1.7207403      	1.8687724      	1.6994505      	1.7509682      	1.7125518      	1.7093765      	1.6888525      	1.6964052      	1.8112254      	1.7681874      	1.7179612      	1.7698712      	1.7742176      	1.8416855      	1.7970606      	1.8032761      	1.883196       	1.7481015      	1.3321286      	1.0351212      	1.0943561      	1.0567343      	0.9746231      	0.931208       	0.97866035     	1.0138334      	0.8318524      	0.9515291      	0.8779301      	0.95392436     	0.91798884     	0.9145343      	0.85641545     	0.89961797     	0.98807436     	1.0514938      	0.8984592      	0.9996512      	0.9427867      	0.9069686      	0.86465746     	0.9485207      	0.7720251      	0.8723487      	0.89545864     	0.94389486     	0.8886908      	0.99438226     	0.9576357      	0.9087857      	0.87430996     	0.92256206     	1.0104746      	0.927571       	0.80468893     	0.9725555      	0.9851291      	1.0339347      	1.2353334      	1.6370701      	1.7728102      	1.9150263      	1.7450894      	1.7917651      	1.7575438      	1.9589529      	1.9107424      	1.7225772      	1.8228452      	1.7926581      	1.7132412      	1.8026356      	1.795537       	1.7227085      	1.6664387      	1.7541579      	1.8323004      	1.728453       	1.7330357      	1.7731602      	1.7829351      	1.6967967      	1.7106832      	1.7515965      	1.8102525      	1.7816337      	1.942013       	1.8634068      	1.6952058      	1.653143       	1.6727675      	
0.9742667      	0.86212224     	1.1154928      	1.1118579      	1.5144922      	1.7607616      	1.6124291      	1.7191367      	1.7271874      	1.8101953      	1.7026682      	1.7354136      	1.765305       	1.7663574      	1.7442136      	1.8193344      	1.8622041      	1.724511       	1.7596674      	1.61173        	1.6726323      	1.7581183      	1.6617669      	1.7675467      	1.7954637      	1.8766714      	2.1023932      	1.4524462      	1.123199       	1.1590112      	1.1105707      	1.0246325      	0.9219859      	0.8710495      	0.7765805      	0.88549477     	0.9483733      	0.9887352      	0.7866511      	0.93309426     	0.9374937      	0.886535       	0.8089497      	1.0025302      	0.86357135     	1.0331312      	0.9987937      	0.9353037      	0.9230422      	0.90226495     	1.0388945      	0.8542635      	0.9954134      	0.96038324     	0.99955624     	0.8945324      	0.8959463      	0.85402095     	1.0648979      	0.93630356     	1.0428234      	0.96496755     	0.9879389      	0.8954603      	0.82990813     	1.0829282      	1.0728397      	0.9848058      	1.3090245      	1.5937349      	1.7438798      	1.7099859      	1.861187       	1.8216276      	1.9182401      	1.7733221      	1.7967191      	1.724039       	1.8172507      	1.750473       	1.8201811      	1.774866       	1.6764796      	1.8092618      	1.8891727      	1.8820686      	1.6300342      	1.8734777      	1.6277267      	1.773121       	1.9006969      	1.8625909      	1.6589438      	1.7494284      	1.6455054      	1.743691       	1.6264558      	1.7040015      	1.774472       	1.7545087      	
0.89657915     	0.9080228      	1.0281404      	1.1006482      	1.0141529      	1.510248       	1.6009669      	1.7485447      	1.7189289      	1.8606217      	1.7703222      	1.7484488      	1.8257505      	1.7266896      	1.7458537      	1.7886924      	1.8325108      	1.7864978      	1.856887       	1.6966568      	1.6528431      	1.6312381      	1.7226194      	1.9104936      	1.6327063      	1.9040157      	1.9741918      	1.8400204      	1.2479879      	1.2693337      	1.085056       	1.0250056      	1.0768586      	0.893175       	1.0001204      	0.9468961      	0.9425897      	0.98245114     	0.9206778      	0.9850892      	0.9397603      	0.90749353     	0.93125385     	0.87325585     	0.82059956     	0.8158668      	1.0717758      	0.9228069      	0.84984666     	0.9574724      	1.0324987      	1.0110387      	0.9092958      	0.9544005      	0.94473916     	0.9084512      	0.9413725      	0.9890278      	0.98284084     	0.936452       	1.1399714      	1.0786844      	1.079289       	1.165405       	1.2062488      	1.1687101      	1.2383931      	1.3617343      	1.293551       	1.7514751      	1.7840097      	1.674315       	1.7675225      	1.787543       	1.6842313      	1.7420663      	1.5833801      	1.6676892      	1.7060388      	1.7953423      	1.7276887      	1.7512066      	1.7181581      	1.8485969      	1.832892       	1.7667942      	1.8287863      	1.7642467      	1.8463714      	1.6173878      	1.7183764      	1.756293       	1.7459594      	1.7688059      	1.7085423      	1.7997651      	1.711259       	1.7742597      	1.9126465      	1.7659796      	
0.96003306     	0.9597563      	0.9981029      	1.0033168      	1.0754898      	1.395013       	1.7821456      	1.7521544      	1.6985805      	1.8721958      	1.6689527      	1.7494593      	1.910912       	1.6536951      	1.8339844      	1.9783669      	1.6995964      	1.8574809      	1.7150406      	1.747708       	1.8013357      	1.8637184      	1.7834231      	1.7799226      	1.7196959      	1.7728575      	1.7693985      	1.8643937      	1.5969534      	1.1753688      	1.1178217      	0.96118367     	0.8820366      	1.0446525      	0.8596133      	1.0332555      	0.97680956     	0.9323793      	0.91040885     	0.87829655     	0.8192504      	0.89495826     	1.0860207      	1.0377954      	0.99539083     	0.81503433     	1.0428908      	1.1207556      	1.0390981      	0.9487502      	0.9761361      	0.97027236     	1.1257894      	1.0592918      	0.9559212      	1.0461185      	1.0992934      	0.98626614     	1.040037       	1.0872324      	1.1209514      	1.3414834      	1.2903416      	1.3206663      	1.5239606      	1.6790905      	1.639511       	1.6401691      	1.7394779      	1.7686871      	1.7025796      	1.8904202      	1.7312353      	1.6786715      	1.7078234      	1.7476699      	1.6454958      	1.7187436      	1.7095166      	1.7255689      	1.7275954      	1.639897       	1.7271144      	1.7430879      	1.78244        	1.9257668      	1.7861514      	1.7497534      	1.7159789      	1.8361514      	1.7968003      	1.7828759      	1.7687172      	1.7848197      	1.8928485      	1.8380269      	1.8261814      	1.704715       	1.6504248      	1.7791239      	
0.9202738      	0.89241767     	0.96759886     	0.97724193     	1.033058       	1.0733658      	1.6072571      	1.7329736      	1.89608        	1.8858887      	1.8268961      	1.8116587      	1.8907377      	1.80906        	1.8645735      	1.7952911      	1.9618101      	1.8671308      	1.7149146      	1.9018975      	1.8398129      	1.7645601      	1.8622389      	1.7330339      	1.8835301      	1.8490157      	1.8175803      	1.6869456      	1.8529879      	1.3907894      	1.2801883      	1.0436306      	1.0680802      	0.91924536     	0.9140939      	0.9524977      	0.84653956     	0.89661723     	0.8720362      	0.9461523      	1.002322       	0.86827445     	0.88211006     	0.9241421      	0.9213879      	0.98025227     	0.85401845     	1.0303022      	1.0157009      	1.0533216      	1.2219137      	1.1488138      	1.0343767      	1.2184635      	1.2342651      	1.2202934      	1.4313563      	1.4376953      	1.5047649      	1.5717133      	1.559023       	1.6377621      	1.7555856      	1.6342688      	1.7156297      	1.7431593      	1.729347       	1.7521143      	1.8200563      	1.7431264      	1.7513014      	1.810338       	1.846508       	1.7196152      	1.5786049      	1.6612651      	1.6855773      	1.7387623      	1.7619867      	1.7305609      	1.8294305      	1.7205156      	1.7925175      	1.6727201      	1.7134567      	1.7576545      	1.6963356      	1.7307496      	1.7482017      	1.8718089      	1.6974335      	1.695676       	1.7293949      	1.8088529      	1.7556146      	1.7725395      	1.6881742      	1.7338003      	1.694046       	1.7646943      	
0.99428606     	0.94912213     	0.9820176      	1.0150628      	1.0966029      	1.0805365      	1.3302059      	1.7266774      	1.6030684      	1.8140326      	1.7913285      	1.8098279      	1.7906147      	1.6312289      	1.7571638      	1.6787088      	1.7614272      	1.7855557      	1.6635934      	1.742786       	1.7529969      	1.7576222      	1.7279543      	1.7503746      	1.7836212      	1.8001318      	1.7938461      	1.7711023      	1.9275211      	1.5710155      	1.1947792      	1.083939       	1.0156235      	0.9945151      	0.95890796     	0.8088463      	1.0261083      	1.0649446      	1.0967518      	1.1812447      	1.0133084      	0.9702464      	1.1065086      	1.1052917      	1.1175432      	1.1061572      	1.2295449      	1.2491773      	1.445514       	1.4969252      	1.5525072      	1.6860448      	1.5677687      	1.6267102      	1.8291152      	1.6020641      	1.586677       	1.6865816      	1.7393656      	1.7785411      	1.6520886      	1.7194008      	1.6710492      	1.6700305      	1.7026823      	1.7758666      	1.6510996      	1.7088596      	1.7961724      	1.7660341      	1.6906381      	1.6387787      	1.8835763      	1.641407       	1.7852689      	1.7615442      	1.787332       	1.8899738      	1.7526089      	1.7066903      	1.8443661      	1.7197732      	1.7434157      	1.7579236      	1.8123441      	1.8417798      	1.774765       	1.7964318      	1.7873708      	1.6642518      	1.7644898      	1.7962216      	1.6597602      	1.7630482      	1.7753522      	1.7814572      	1.7439601      	1.6754405      	1.6641669      	1.7187339      	
1.0559293      	1.0255998      	0.9380822      	1.1440433      	1.0250593      	1.0315527      	1.0559449      	1.572788       	1.7517558      	1.7739137      	1.8218989      	1.6371497      	1.7031986      	1.790856       	1.7758914      	1.6829705      	1.7829474      	1.7639899      	1.9270016      	1.7585851      	1.8457391      	1.6843904      	1.7017567      	1.687829       	1.7406946      	1.7688521      	1.683934       	1.8150365      	1.9765028      	1.8150945      	1.4371768      	1.270392       	1.206778       	1.1724654      	1.0964084      	1.0409577      	0.9860524      	1.0512972      	1.2754779      	1.3297611      	1.3738981      	1.402678       	1.3936888      	1.5821179      	1.7327195      	1.6451492      	1.6310354      	1.6728497      	1.66848        	1.668276       	1.627729       	1.715239       	1.7424766      	1.5759147      	1.6483942      	1.67645        	1.7699676      	1.6526682      	1.699762       	1.7386532      	1.61311        	1.7367022      	1.7407621      	1.7828014      	1.8324382      	1.7177253      	1.7750595      	1.7361507      	1.7463247      	1.7765173      	1.8542227      	1.8893049      	1.8708893      	1.7191007      	1.7230095      	1.7081149      	1.7160125      	1.7967561      	1.6921937      	1.7501994      	1.8577442      	1.8597461      	1.79915        	1.6527311      	1.6062515      	1.755184       	1.7505982      	1.6826915      	1.7258301      	1.5728701      	1.689405       	1.7087952      	1.716166       	1.7956756      	1.7710605      	1.8113234      	1.8105372      	1.7848508      	1.8261771      	1.7894524      	
0.88165283     	0.9475434      	0.96265215     	0.93217397     	1.0736014      	1.0997462      	1.0383606      	1.1693325      	1.7425994      	1.8686876      	1.7341448      	1.6081744      	1.6404166      	1.7330307      	1.7796056      	1.777122       	1.8077605      	1.7611024      	1.8555089      	1.7396601      	1.66177        	1.6427808      	1.8238208      	1.8101357      	1.8431654      	1.8134128      	1.8250839      	1.8194422      	1.7481929      	1.8378932      	1.7269088      	1.9197515      	1.4989436      	1.4730043      	1.5793186      	1.618023       	1.5560203      	1.6854724      	1.6141158      	1.7286627      	1.6924081      	1.549344       	1.5887406      	1.7378926      	1.5844895      	1.6202867      	1.60737        	1.6909293      	1.6360786      	1.7915158      	1.7153934      	1.6159503      	1.6661549      	1.7808172      	1.7460674      	1.790774       	1.6982161      	1.7488769      	1.8403482      	1.8186005      	1.7645522      	1.7772402      	1.7803627      	1.7520846      	1.631402       	1.7753805      	1.759364       	1.748837       	1.808883       	1.7474602      	1.8018196      	1.8090276      	1.7395669      	1.7666054      	1.6344439      	1.8892758      	1.7328031      	1.822223       	1.7685553      	1.6347888      	1.8030418      	1.8127457      	1.6023425      	1.7851123      	1.7223883      	1.6590645      	1.8642863      	1.7283612      	1.7908794      	1.8149965      	1.7543777      	1.6924667      	1.7270821      	1.6276902      	1.8720336      	1.7399045      	1.7553592      	1.7691528      	1.708485       	1.7377894      	
0.78815836     	0.9142303      	1.0240784      	0.90044576     	1.0016594      	1.1469159      	1.0245664      	1.1423231      	1.2992966      	1.756194       	1.75047        	1.7485412      	1.7287157      	1.6509372      	1.7721981      	1.6910336      	1.8321258      	1.7072865      	1.7297779      	1.7738087      	1.7597681      	1.757209       	1.6127262      	1.7423773      	1.5801139      	1.7348402      	1.6888771      	1.6374441      	1.5872564      	1.7001716      	1.717628       	1.5599521      	1.6427753      	1.7389431      	1.7046189      	1.5992432      	1.6414317      	1.587356       	1.6674234      	1.7931077      	1.6238176      	1.6325805      	1.77044        	1.5782459      	1.6891882      	1.6080846      	1.642476       	1.8156332      	1.8317009      	1.6503453      	1.8231776      	1.7853695      	1.6326085      	1.8477963      	1.7639378      	1.7297535      	1.5952542      	1.7624389      	1.7591506      	1.6720192      	1.6487681      	1.6053576      	1.7153955      	1.5634911      	1.7505063      	1.6986794      	1.7934402      	1.6088201      	1.6345774      	1.697398       	1.6186785      	1.8117769      	1.7530597      	1.7646326      	1.7361618      	1.7377737      	1.7381842      	1.7936972      	1.7000641      	1.8057494      	1.7340292      	1.7415934      	1.7816855      	1.7389362      	1.7174166      	1.8156782      	1.7012839      	1.7131803      	1.6850908      	1.6029134      	1.8417959      	1.7388464      	1.7873949      	1.8467385      	1.7787575      	1.7072104      	1.741708       	1.5904424      	1.6627258      	1.6291713      	
0.98912627     	0.89087504     	0.93619984     	0.9105972      	0.94107544     	1.1061332      	1.0820917      	1.1077867      	1.2059206      	1.6171424      	1.6778512      	1.6561674      	1.7036115      	1.8132937      	1.8085487      	1.7834442      	1.7656803      	1.7418526      	1.8008068      	1.8345037      	1.7652638      	1.7016034      	1.7494812      	1.7302592      	1.7731043      	1.6487079      	1.6909735      	1.7583185      	1.8260736      	1.7600956      	1.6576327      	1.6866308      	1.7819186      	1.671272       	1.6476223      	1.7638832      	1.7110208      	1.6947914      	1.7002604      	1.5898548      	1.7766402      	1.6207391      	1.7257088      	1.7181318      	1.6924647      	1.6929399      	1.7807436      	1.7742877      	1.8481368      	1.7898903      	1.6507852      	1.6622714      	1.6612271      	1.7544099      	1.6344743      	1.7134299      	1.7671627      	1.7722834      	1.6699262      	1.8821845      	1.8672351      	1.8186415      	1.6357682      	1.7708973      	1.8205888      	1.7527444      	1.661594       	1.6944275      	1.8317232      	1.6927828      	1.8318894      	1.7711128      	1.8416167      	1.7429329      	1.7198236      	1.731574       	1.7214631      	1.8953933      	1.6991202      	1.816468       	1.8061482      	1.6599455      	1.7473012      	1.7418425      	1.7463921      	1.7909734      	1.7390682      	1.7237883      	1.8523996      	1.6392084      	1.7874622      	1.726844       	1.7554098      	1.781334       	1.6678699      	1.6800872      	1.7708893      	1.809581       	1.9839495      	1.8696424      	
1.0617472      	0.96998835     	0.99941564     	1.1068945      	1.036758       	1.1271876      	1.2318608      	1.4260322      	1.3602537      	1.5567726      	1.8500487      	1.7568738      	1.7244484      	1.7266549      	1.767294       	1.7917032      	1.6891397      	1.7182889      	1.7356884      	1.7031187      	1.6231803      	1.7710762      	1.6847756      	1.7199752      	1.7640378      	1.6421635      	1.8115171      	1.7553995      	1.7759607      	1.6222506      	1.6276115      	1.6890373      	1.8153528      	1.6494616      	1.711861       	1.8474648      	1.8486289      	1.6825935      	1.8312916      	1.842795       	1.787711       	1.6178513      	1.7929902      	1.819035       	1.7804809      	1.7672874      	1.8037596      	1.8678851      	1.6937163      	1.647808       	1.7523403      	1.5951891      	1.6657453      	1.8348694      	1.7982644      	1.6782575      	1.8125211      	1.7940767      	1.6658928      	1.745119       	1.7793587      	1.7322351      	1.8171957      	1.7734247      	1.7169608      	1.8810952      	1.8585268      	1.812572       	1.730827       	1.6994442      	1.7276853      	1.8076935      	1.740413       	1.7037256      	1.7613035      	1.6630557      	1.7375934      	1.6412021      	1.7533673      	1.7711934      	1.7153537      	1.7693874      	1.7791998      	1.8091822      	1.8078912      	1.7799903      	1.6302077      	1.8478585      	1.7764002      	1.8544508      	1.727694       	1.8835098      	1.7786199      	1.8544071      	1.75077        	1.7643374      	1.8306842      	1.9979813      	1.9130936      	1.6320819      	
1.226285       	1.28995        	1.3376398      	1.4314063      	1.5185432      	1.5751169      	1.6764745      	1.7888986      	1.7945757      	1.7138942      	1.680415       	1.8201624      	1.7347699      	1.7043636      	1.6757624      	1.7882106      	1.7249844      	1.7185119      	1.8389963      	1.720529       	1.7527554      	1.6015052      	1.7683033      	1.7598208      	1.5872245      	1.7630693      	1.7143679      	1.7063218      	1.7160764      	1.7448326      	1.7447801      	1.8957143      	1.7228204      	1.6331011      	1.8157341      	1.6596416      	1.5761191      	1.7993118      	1.673965       	1.8190893      	1.7630562      	1.7330874      	1.7493557      	1.8195916      	1.7599026      	1.6325976      	1.7098446      	1.6670041      	1.7144051      	1.6620471      	1.8008825      	1.7255856      	1.6150173      	1.7865252      	1.7414868      	1.861503       	1.8037263      	1.7744678      	1.6615632      	1.7362695      	1.6943145      	1.8129673      	1.7595733      	1.7209375      	1.679928       	1.7336789      	1.754409       	1.7522222      	1.7461162      	1.7669455      	1.7548485      	1.8280805      	1.7535293      	1.6192822      	1.7396479      	1.8087429      	1.7361753      	1.7074004      	1.6243939      	1.8631204      	1.6387794      	1.7548687      	1.6863832      	1.8846061      	1.6669587      	1.8873153      	1.8349469      	1.8508344      	1.9046093      	1.8460492      	1.8462532      	1.6886392      	1.8373966      	1.739639       	1.7367932      	1.7872181      	1.8960171      	1.851212       	1.4255779      	1.2157074      	
1.5995657      	1.6146122      	1.7137084      	1.7844375      	1.6716557      	1.7029412      	1.6461446      	1.7402086      	1.8490182      	1.7783817      	1.5715952      	1.7913629      	1.7083642      	1.7792909      	1.891273       	1.6633872      	1.6957798      	1.7853822      	1.7960076      	1.9031785      	1.7399654      	1.8179255      	1.7263557      	1.7014259      	1.7750196      	1.7487404      	1.8275173      	1.907525       	1.8123219      	1.889292       	1.7335216      	1.7133908      	1.8295748      	1.8079532      	1.7315723      	1.7746003      	1.8560907      	1.9209896      	1.6998997      	1.7461038      	1.6316637      	1.7656126      	1.707444       	1.7134107      	1.7332175      	1.8345755      	1.7724614      	1.7735168      	1.8915228      	1.7986563      	1.7380642      	1.7974452      	1.9143817      	1.684006       	1.5808004      	1.7287182      	1.795961       	1.7290264      	1.7771688      	1.7965438      	1.8002993      	1.7793521      	1.8604056      	1.8548758      	1.8721268      	1.7768093      	1.6786537      	1.7447504      	1.7428099      	1.6994811      	1.73367        	1.7188263      	1.9070663      	1.7998297      	1.8843865      	1.7267624      	1.7477708      	1.6223253      	1.6746975      	1.8542502      	1.649548       	1.7416239      	1.7765409      	1.7627132      	1.6894631      	1.6219162      	1.8092761      	1.7565298      	1.7458845      	1.9168845      	1.8699813      	1.834075       	1.7733791      	1.7750921      	1.9003098      	1.8114697      	1.9412133      	1.9293872      	1.4820514      	1.2374592      	
1.5851574      	1.7412694      	1.7511401      	1.715511       	1.7335365      	1.8389889      	1.7096957      	1.7239151      	1.7133477      	1.8062699      	1.8753394      	1.5816506      	1.8205973      	1.8131682      	1.7899023      	1.8161694      	1.730581       	1.7863348      	1.7116988      	1.7377175      	1.7417449      	1.7826353      	1.7502971      	1.7300308      	1.7144647      	1.7252129      	1.783084       	1.7033632      	1.8058534      	1.6912895      	1.8577722      	1.778691       	1.7480633      	1.8925563      	1.7756977      	1.7215351      	1.8338711      	1.732387       	1.7636191      	1.8884771      	1.7999972      	1.8055327      	1.7249684      	1.8936938      	1.755181       	1.8075871      	1.7708776      	1.8370236      	1.699212       	1.7755884      	1.7737674      	1.8548772      	1.7883081      	1.8213949      	1.794668       	1.8097941      	1.8761132      	1.9728119      	1.7193829      	1.4134067      	1.55039        	1.7074839      	1.843987       	1.8317102      	1.852168       	1.8818969      	1.8572049      	1.8598305      	1.8096173      	1.5764065      	1.4088303      	1.3723996      	1.6935809      	1.7285371      	1.8127807      	1.7537309      	1.8407015      	1.7965955      	1.8024853      	1.8161731      	1.827103       	1.9017434      	1.8527375      	1.8969308      	1.6581802      	1.7962674      	1.7363126      	1.8025496      	1.7094398      	1.8844866      	1.8129251      	1.8432981      	1.8245742      	1.9172695      	1.8159124      	1.8248652      	2.0056648      	1.8237715      	1.4696897      	1.154098       	
1.6206102      	1.743615       	1.75713        	1.8898935      	1.8550891      	1.9040837      	1.7643859      	1.6930616      	1.8024857      	1.7271756      	1.719723       	1.8142091      	1.7766193      	1.7830731      	1.7742621      	1.6915523      	1.8131777      	1.7964854      	1.8332627      	1.8655751      	1.7171532      	1.7803621      	1.6911924      	1.684592       	1.8415278      	1.742166       	1.8089211      	1.7958882      	1.8555614      	1.8077188      	1.8788403      	1.7811338      	1.7559389      	1.9037707      	1.7411212      	1.7788812      	1.8306971      	1.8295462      	1.8237188      	1.7905968      	1.8112308      	1.8072224      	1.7671198      	1.6958184      	1.7880026      	1.804331       	1.6943185      	1.8103077      	1.8581169      	1.7787926      	1.9762238      	1.9133697      	1.8661336      	1.8387281      	1.9417088      	2.0532556      	1.6977564      	1.5349201      	1.3288842      	1.3102027      	1.3101248      	1.6310972      	1.6226876      	1.3516397      	1.3636693      	1.4194804      	1.4870296      	1.490425       	1.4099423      	1.440612       	1.196905       	1.1379373      	1.1350676      	1.180936       	1.1764941      	1.5187913      	1.7331314      	1.8004208      	1.6999187      	1.8006095      	1.85374        	1.8330532      	1.7930886      	1.7717315      	1.864456       	1.9259883      	1.968665       	1.7148402      	1.8059001      	1.7868237      	1.7544632      	1.7906051      	1.828781       	1.798206       	1.8752676      	1.8125746      	1.9295832      	1.8580668      	1.5018559      	1.2635787      	
1.6788806      	1.708039       	1.7792147      	1.6888443      	1.8002303      	1.7726197      	1.7101353      	1.7721199      	1.6698598      	1.7423747      	1.7493093      	1.8864777      	1.7361394      	1.747521       	1.6904093      	1.8538396      	1.7963202      	1.6848931      	1.8327866      	1.6983285      	1.7933328      	1.7024003      	1.8146515      	1.8162991      	1.6672711      	1.7577431      	1.7716864      	1.7662385      	1.7872989      	1.7117399      	1.8344448      	1.7886962      	1.8094071      	1.8064967      	1.7725533      	1.8163285      	1.7059376      	1.8057089      	1.7677524      	1.7914541      	1.8162031      	1.6994123      	1.8117169      	1.8413321      	1.7094749      	1.8361588      	1.7752527      	1.7741213      	1.9808508      	1.9165422      	1.9203217      	1.9292196      	1.7455567      	1.4988406      	1.464293       	1.4636093      	1.4667528      	1.4261495      	1.4951729      	1.4448376      	1.4201447      	1.3756087      	1.3942419      	1.3504918      	1.1352631      	0.9593713      	0.94094884     	1.0369312      	1.0414712      	0.9076897      	1.0977129      	0.8736337      	0.93478125     	1.021548       	0.9955318      	0.97456133     	1.4590914      	1.8496343      	1.7791061      	1.8792431      	1.840018       	1.7792844      	1.7492678      	1.7204945      	1.7413299      	1.7092576      	1.7046998      	1.851011       	1.774506       	1.8731933      	1.811051       	1.8243952      	1.868247       	1.8658597      	1.860717       	1.8457576      	1.6978467      	1.8418013      	1.7399594      	1.5351855      	
1.8430204      	1.8129284      	1.8390372      	1.6332159      	1.7313938      	1.6432877      	1.76443        	1.7360482      	1.6959279      	1.6515999      	1.7035502      	1.7948114      	1.6523364      	1.7589734      	1.6437997      	1.7765495      	1.7763152      	1.7609512      	1.650588       	1.6843138      	1.5863771      	1.8288578      	1.780101       	1.8221204      	1.7356381      	1.6736281      	1.7540495      	1.7927516      	1.7001776      	1.8012108      	1.6428823      	1.7846096      	1.7258618      	1.7775637      	1.9204249      	1.6910375      	1.8826405      	1.7810646      	1.8469533      	1.8062998      	1.8657236      	1.939367       	1.8691088      	1.9535602      	1.9336895      	1.7203362      	1.7247167      	1.7514263      	1.5365872      	1.4560922      	1.3563731      	1.3936443      	1.3895911      	1.450213       	1.4589947      	1.2959876      	1.1406024      	1.1077721      	0.96651226     	0.90430075     	0.82886434     	0.82477397     	0.97306854     	0.82722527     	0.96609855     	1.0244526      	0.9788082      	0.9504958      	0.9941475      	1.0288701      	1.1137211      	0.9795869      	0.8511659      	1.0142701      	1.1093405      	1.1746236      	1.0307482      	1.6824018      	1.9109039      	1.8010012      	1.8292198      	1.8288507      	1.7267787      	1.8445541      	1.736451       	1.780757       	1.742002       	1.7764665      	1.8388608      	1.7643852      	1.8490076      	1.8028198      	1.736308       	1.9428141      	1.8274413      	1.8857131      	1.9133565      	2.023232       	1.9085302      	1.6091566      	
1.8302364      	1.6421326      	1.758974       	1.725935       	1.8711848      	1.7804514      	1.8685281      	1.7865815      	1.8230077      	1.7951844      	1.7142531      	1.6828094      	1.8147136      	1.76934        	1.7688668      	1.7070135      	1.9064959      	1.6950634      	1.7276818      	1.8849183      	1.7687197      	1.738877       	1.6762362      	1.8122915      	1.7596228      	1.7591925      	1.7573098      	1.6934593      	1.7214981      	1.8410243      	1.7617171      	1.7854927      	1.9319612      	1.7454611      	1.7655258      	1.8170241      	1.8256752      	1.8409579      	1.6990634      	1.8543456      	1.8828411      	1.8473675      	1.3991048      	1.3972604      	1.4050606      	1.3867203      	1.4879589      	1.4122217      	1.2006996      	1.1296784      	1.0159594      	0.981701       	0.7745172      	1.0703014      	0.9079544      	0.9668296      	0.84822804     	1.047593       	0.9813615      	0.9329775      	1.054355       	0.9708506      	0.9484524      	1.0666417      	1.0214229      	1.0582784      	0.9410378      	0.91340774     	0.8743512      	1.0093461      	1.0297846      	0.92125654     	0.98492223     	0.9598457      	0.9541214      	1.0395231      	0.93544537     	1.213982       	1.7426629      	1.7598139      	1.7600124      	1.7680432      	1.8343334      	1.7762753      	1.6120831      	1.7093658      	1.691291       	1.841629       	1.8735787      	1.7698369      	1.8942884      	1.8780425      	1.8055209      	1.9129299      	1.8559422      	1.8511503      	1.821528       	1.7994325      	1.8371878      	1.7705593      	
1.7007098      	1.8457752      	1.7996236      	1.7511691      	1.8000392      	1.7450364      	1.7770876      	1.7815902      	1.7043309      	1.6668495      	1.8292165      	1.7605549      	1.8462946      	1.836101       	1.7640449      	1.758537       	1.7703896      	1.7962924      	1.6616573      	1.8236895      	1.7502137      	1.7322215      	1.6888406      	1.835202       	1.6294744      	1.7233188      	1.7751011      	1.7997948      	1.7873257      	1.8367133      	1.6425663      	1.8852265      	1.7037797      	1.8380338      	1.7095032      	1.8516494      	1.8915105      	1.8109248      	1.8532306      	2.0145967      	1.4059788      	1.1314566      	0.8702045      	1.020162       	0.8440984      	0.9473513      	0.9603978      	0.9502328      	0.90394694     	1.1077157      	0.96879953     	1.0992814      	1.0869917      	0.86026394     	1.0951676      	0.9926667      	1.0764991      	0.9454565      	1.080646       	1.0046827      	1.0043459      	0.9548064      	0.9580754      	0.9864189      	1.0012987      	0.96142787     	1.0620561      	1.1099687      	0.98312426     	1.033045       	1.0706038      	0.91848636     	0.97959507     	1.0918506      	1.0212215      	1.0700945      	1.1036503      	1.0708002      	1.4442024      	1.7899469      	1.8254983      	1.7672896      	1.6887683      	1.8905538      	1.7358326      	1.7160853      	1.785202       	1.8964412      	1.7370223      	1.8545104      	1.8086042      	1.8051339      	1.8558294      	1.7477804      	1.9790093      	1.8380076      	1.89538        	1.7746545      	1.8204428      	1.8991482      	
1.6582156      	1.7030213      	1.8483592      	1.7681329      	1.7480353      	1.6617056      	1.7089728      	1.7426053      	1.7063121      	1.7070317      	1.825171       	1.740155       	1.7818232      	1.9259185      	1.9236505      	1.8279352      	1.809864       	1.7581484      	1.713498       	1.7313466      	1.7430829      	1.7892236      	1.7656999      	1.7379138      	1.7945133      	1.8130614      	1.8415382      	1.665291       	1.7581192      	1.8451053      	1.921016       	1.7558093      	1.886709       	1.7528701      	1.8704755      	1.8140953      	1.8647132      	1.9665447      	1.490974       	1.2751744      	0.82028466     	0.56636        	0.54604644     	1.0370169      	0.9756581      	1.0435245      	1.0365411      	0.95044494     	1.0660248      	0.8851022      	1.0259858      	1.0723219      	0.92651343     	0.8318645      	0.88196623     	0.9184368      	0.92376316     	1.0609657      	1.0227433      	1.038246       	0.8735296      	1.0374832      	1.0278547      	0.9999886      	0.9792618      	0.9461591      	1.0144755      	0.866485       	1.0179111      	1.0210619      	1.0789464      	1.0009494      	1.0340022      	0.94716674     	0.928315       	1.0398115      	1.0972465      	1.040358       	1.1569574      	1.7213595      	1.7428449      	1.7927072      	1.7683203      	1.7906891      	1.8256049      	1.7112005      	1.6930399      	1.8202124      	1.7850633      	1.7391105      	1.739305       	1.818811       	1.7780724      	1.7757331      	1.8010601      	1.7617092      	1.9526516      	1.8819418      	1.9004362      	1.941905       	
1.8080257      	1.691684       	1.8091584      	1.9306817      	1.778108       	1.7453319      	1.7582152      	1.7609166      	1.8435371      	1.6543486      	1.769188       	1.7378875      	1.8784627      	1.8865551      	1.7597843      	1.8525778      	1.730788       	1.8860435      	1.7530895      	1.723322       	1.8000453      	1.7426232      	1.8607143      	1.6399629      	1.8791534      	1.7368673      	1.8675233      	1.8487983      	1.8708824      	1.8526107      	1.8248781      	1.9306062      	1.8768451      	1.8242806      	1.8658346      	1.8044779      	1.8237509      	1.0539776      	1.0285802      	0.91043264     	0.82011783     	0.49319878     	0.59836435     	0.60932696     	0.66666996     	0.7581931      	0.93931264     	0.82922566     	1.0783701      	1.0307758      	1.0609946      	0.9316597      	0.9614427      	0.8711108      	1.045904       	1.0152868      	0.96176314     	0.8850034      	0.9559382      	0.8910415      	0.96935856     	0.92807746     	0.85316783     	0.8856953      	1.1025068      	0.89584243     	1.0044987      	0.91802835     	1.0501502      	0.9105314      	1.0714583      	1.0471386      	1.0685729      	0.9110614      	1.0053164      	0.8871349      	0.841938       	1.03548        	1.0645422      	1.3009126      	1.7655444      	1.7434539      	1.807906       	1.8280867      	1.6978104      	1.7630256      	1.8025998      	1.7826853      	1.7476971      	1.7562706      	1.8763015      	1.789179       	1.7664332      	1.773774       	1.7554631      	1.8124729      	1.7833046      	1.8450773      	1.803753       	1.7779732      	
1.7683403      	1.8979028      	1.8839542      	1.7400494      	2.0103009      	1.9326571      	1.9669474      	1.7792044      	1.6425505      	1.4883375      	1.4588708      	1.4301887      	1.4231818      	1.7845244      	1.7619935      	1.8521007      	1.7781212      	1.7694489      	1.7555134      	1.8000271      	1.8770101      	1.7708898      	1.6920418      	1.766144       	1.8834656      	1.7395079      	1.731517       	1.752067       	1.7715392      	1.8685538      	1.8026828      	1.7735182      	1.9432029      	1.89602        	1.9020154      	1.9454219      	1.0874748      	0.7795349      	0.6804179      	0.568263       	0.48194197     	0.58584696     	0.61103284     	0.7529739      	0.53598857     	0.5876764      	0.5325144      	0.7623851      	1.0475934      	0.9619615      	0.8644201      	0.98689383     	0.99271643     	0.8347216      	0.97746044     	0.9632901      	0.97865885     	0.9004325      	0.9621959      	0.93529993     	0.9739469      	0.85958123     	0.8834698      	0.9604089      	0.98524594     	0.9801988      	0.89005613     	1.0711259      	1.0251105      	0.8983764      	1.1007789      	1.0273992      	0.9795291      	0.94373274     	1.0983999      	0.9292115      	1.0130028      	0.7473817      	1.0670512      	1.2293229      	1.572753       	1.7863744      	1.792796       	1.7755916      	1.8063956      	1.8448392      	1.8193227      	1.7698247      	1.7089101      	1.7492578      	1.744365       	1.7730286      	1.8950367      	1.7957721      	1.791774       	1.8472036      	1.7866344      	1.8858565      	1.8893951      	1.7954433      	
1.7605857      	1.739517       	1.6812469      	1.4120425      	1.5208837      	1.4274281      	1.3799486      	1.374099       	1.5187157      	1.4724915      	1.2326508      	1.1476172      	0.94777757     	1.2133045      	1.0474449      	1.1789926      	1.6999532      	1.8418647      	1.705402       	1.8920505      	1.7440785      	1.6865367      	1.8443906      	1.8888625      	1.7021606      	1.7984375      	1.8104436      	1.8674555      	1.8796563      	1.7622123      	1.7372118      	1.8949713      	1.8107369      	1.9746294      	1.8875979      	1.8079535      	0.89255536     	0.7990472      	0.7104583      	0.7393472      	0.6087671      	0.6494805      	0.599441       	0.64127326     	0.5674441      	0.76660097     	0.53577214     	0.59368896     	0.7117878      	0.8859338      	0.88915086     	0.8756604      	0.9945516      	0.9448652      	0.9960948      	1.0019678      	0.9541832      	1.0046088      	0.9490198      	0.940349       	1.0175871      	1.0208892      	0.9764058      	0.9231391      	0.82789457     	0.9851069      	0.89100766     	0.94414186     	1.0260847      	0.9383083      	1.0635957      	0.89936227     	0.9117051      	0.94677985     	1.111661       	1.0333213      	0.9672303      	0.9325895      	1.1342711      	1.11781        	1.1703633      	1.725323       	1.7978072      	1.7010022      	1.8254672      	1.7384341      	1.7833512      	1.7945185      	1.8704036      	1.8534743      	1.9462816      	1.8078991      	1.7588015      	1.9370434      	1.8499018      	1.6534449      	1.7331133      	1.7866597      	1.7552115      	1.7784288      	
1.3742133      	1.3004153      	1.1911068      	1.1021954      	1.1014743      	1.1352082      	0.9623936      	0.93745303     	0.9386584      	0.89795125     	0.88801885     	0.9911523      	0.98709744     	0.9421671      	1.0569521      	1.1864464      	1.2642877      	1.8172147      	1.882186       	1.875493       	1.9043944      	1.8561168      	1.8340738      	1.8107797      	1.8845525      	1.8628949      	1.9317837      	1.8354229      	1.7776947      	1.8696586      	1.8314879      	1.898858       	1.9155813      	1.9534119      	1.7591859      	0.9489735      	0.82554907     	0.77294        	0.5160256      	0.6424559      	0.60336334     	0.55481637     	0.5459424      	0.5525293      	0.6878987      	0.76516336     	0.65617573     	0.715914       	0.71244305     	0.84883827     	1.0089824      	0.99974585     	0.9712746      	0.96102166     	0.9556196      	0.94514936     	0.7953518      	0.99652183     	0.92511225     	0.8114118      	0.9856296      	1.0616822      	0.9035611      	0.92122966     	1.0550634      	0.8540105      	0.9698235      	1.0214096      	1.0462483      	0.9394361      	0.8542491      	0.8694287      	0.9466531      	0.89430785     	1.0061915      	0.9956781      	0.9051953      	0.8962895      	1.0990022      	1.1180104      	1.258167       	1.4496295      	1.8721598      	1.7945087      	1.9845387      	1.8764589      	1.6893898      	1.9017029      	1.8306363      	1.9082355      	1.8617786      	1.8262886      	1.7961447      	1.7174889      	1.8183936      	1.7972062      	1.9215509      	1.8551111      	1.8509624      	1.8526322      	
1.007376       	0.9081809      	0.93274057     	0.95441735     	0.8988989      	0.9055535      	0.96170026     	0.90129304     	0.982481       	0.9140048      	0.9413834      	0.9357559      	0.9719335      	0.8667792      	1.0645635      	1.0788442      	1.0236729      	1.2477303      	1.7756412      	1.7517585      	1.7689369      	1.8095155      	1.857837       	1.7961167      	1.8484364      	1.8833445      	1.8207688      	1.8526988      	1.8077455      	1.9054657      	1.9517294      	1.7410439      	1.8363668      	1.9241657      	1.504084       	0.93351483     	0.8483888      	0.7778697      	0.71510756     	0.6111609      	0.68600315     	0.69114864     	0.7203676      	0.7802241      	0.6866551      	0.74970776     	0.83496356     	0.73958844     	0.9687295      	0.9622174      	0.9537841      	0.86773396     	0.9622167      	0.98091465     	0.88058394     	0.9383456      	0.9896386      	0.88263065     	1.0385468      	0.86839217     	0.8674136      	1.035919       	1.03988        	0.9457028      	0.87435776     	0.8782863      	0.95496696     	0.91321534     	0.8637981      	0.834199       	0.8887053      	1.0283484      	0.8895053      	0.8788976      	1.0040673      	0.9804844      	1.0218555      	0.9645645      	1.0123005      	1.0620645      	1.1457446      	1.3371917      	1.7998921      	1.8358436      	1.7336745      	1.7015767      	1.8789221      	1.8037012      	1.7447227      	1.7435958      	1.7296449      	1.832835       	1.7400446      	1.8851804      	1.8478526      	1.8371196      	1.7489733      	1.6940157      	1.7958394      	1.8413316      	
0.9164556      	1.0933558      	1.0415921      	0.9599058      	0.8947886      	1.0469872      	1.0184879      	0.99161386     	1.1638707      	0.9914072      	0.937267       	1.1079322      	1.0118479      	0.9580888      	0.8954424      	1.0483629      	1.015406       	1.1040144      	1.5171056      	1.8654372      	1.78155        	1.8327435      	1.882061       	1.8731724      	1.8932667      	1.7668712      	1.7407712      	1.7031908      	1.8105652      	1.7668041      	1.9275098      	1.768701       	1.8598158      	1.9733223      	1.8301183      	1.8917257      	1.5854679      	1.077034       	1.2570901      	1.0358343      	0.94415605     	0.8820027      	0.8559427      	0.93174857     	0.8010065      	0.8859848      	0.99650514     	0.9487838      	0.9538665      	1.0028849      	1.0505642      	0.8440994      	0.8958952      	0.92762345     	0.9811722      	0.92777014     	0.9166462      	0.87401146     	0.98074293     	0.86237097     	0.9334359      	1.011355       	0.9378179      	0.95114815     	0.9110267      	0.8780186      	0.8596674      	0.9653991      	0.90206176     	0.9387109      	0.9879398      	0.8830805      	0.923608       	1.0211394      	1.0173427      	1.014903       	1.0073559      	0.94950783     	0.8079288      	0.89992714     	1.030551       	1.1281314      	1.4225761      	1.7692088      	1.8421116      	1.8040468      	1.8476894      	1.7507868      	1.7797894      	1.7781671      	1.7485656      	1.8571059      	1.7563215      	1.9156907      	1.8315511      	1.8703164      	1.9871194      	1.8588225      	1.7860844      	1.7755284      	
0.8946524      	0.9753871      	0.808222       	0.88385904     	0.9125985      	1.0165746      	1.0410537      	0.9334563      	0.86496085     	1.1055659      	1.1114808      	0.8725764      	0.80345315     	0.9693254      	0.95242697     	0.97262615     	1.0373626      	1.2532214      	1.2444925      	1.816924       	1.7227014      	1.7266221      	1.7949018      	1.8395917      	1.7907789      	1.9126832      	1.850058       	1.8887857      	1.848078       	1.7962085      	1.8542182      	1.7766355      	1.6888444      	1.7935972      	1.8620132      	1.8799977      	1.9016553      	1.8813342      	1.8521059      	1.8395116      	1.90922        	1.3900694      	1.2300813      	1.0662112      	1.0550357      	0.92819726     	0.9402928      	0.9747159      	0.9898441      	0.9488955      	0.88808936     	0.9248372      	0.8940042      	0.8023979      	0.90388066     	0.86868215     	1.0115856      	0.97309905     	0.96779686     	1.0556587      	0.96602756     	0.8694584      	1.0196123      	0.8812801      	0.9577972      	0.91079366     	0.990513       	0.98071223     	0.8574775      	0.96184677     	0.92331994     	0.8673932      	1.025667       	0.98642904     	0.96720594     	0.8742047      	0.8991958      	1.1112223      	1.0236412      	1.0834279      	1.012296       	1.0996773      	1.1789932      	1.6289636      	1.7614987      	1.7914433      	1.8699741      	1.8142375      	1.8235447      	1.7820967      	1.9069002      	1.836081       	1.860724       	1.8017471      	1.8651471      	1.8808825      	1.8584675      	1.793026       	1.7611277      	1.7358735      	
0.9134738      	0.88029414     	1.0083723      	0.87836283     	0.8829098      	1.0177404      	0.92784524     	0.9195694      	0.9323597      	1.0791372      	0.9229174      	1.013171       	0.94371057     	0.99330556     	0.92913187     	1.0281376      	1.102896       	1.2061661      	1.0451083      	1.547976       	1.8114622      	1.823931       	1.7794414      	1.7752846      	1.918988       	1.7774189      	1.8909427      	1.7717991      	1.7873518      	1.8784685      	1.7414428      	1.7370808      	1.7983341      	1.8386286      	1.7875243      	1.8589126      	1.814311       	1.775707       	1.7262107      	1.8220774      	1.7990551      	1.799194       	1.3215472      	1.2209146      	1.076332       	1.0500417      	0.87288237     	0.9143243      	0.88662076     	0.8915711      	0.89143336     	0.9445473      	0.83871055     	1.0742444      	0.76907873     	0.97432023     	0.8988343      	0.98718625     	0.9575212      	0.9482119      	0.9051697      	0.92337483     	0.9865463      	0.9066209      	0.9385249      	0.82235473     	0.9275679      	0.84316427     	0.93095917     	0.9747349      	0.93033195     	0.86278766     	1.012981       	0.97761637     	0.94134533     	0.9131412      	1.04454        	0.9772667      	1.0389532      	0.9593117      	0.97045094     	1.0353137      	1.1348081      	1.2184865      	1.8199993      	1.827107       	1.8160189      	1.7174852      	1.7603793      	1.7483475      	1.8808068      	1.7622938      	1.8040863      	1.8143709      	1.8055117      	1.8777316      	1.8142351      	1.7753134      	1.8581238      	1.7833937      	
0.8655447      	0.9893021      	1.12317        	0.8618304      	0.8330315      	0.8674191      	0.9482242      	0.95550454     	0.98616046     	1.0737766      	0.9341414      	1.0741036      	0.87951696     	0.89894295     	0.8460866      	0.896237       	1.0138619      	0.9669434      	1.012195       	1.2454199      	1.839052       	1.9074111      	1.8001323      	1.8302813      	1.8397529      	1.7086986      	1.7700309      	1.804427       	1.7488352      	1.8235036      	1.7638569      	1.8665434      	1.8227578      	1.751909       	1.7979205      	1.7839463      	1.8463869      	1.9234301      	1.6726338      	1.8322824      	1.8001132      	1.8291168      	1.6927297      	1.1930053      	1.1534249      	1.1101928      	0.8302574      	0.8288429      	0.93848133     	1.0100513      	0.89679456     	0.91035235     	0.9286323      	0.8417044      	0.7354432      	0.89502245     	0.9936445      	0.89624304     	0.9683225      	1.0169258      	0.994158       	0.8838297      	0.93456465     	0.97928953     	1.006125       	1.0702659      	0.9569625      	1.0071019      	0.9445098      	0.9461767      	0.94338864     	0.9661724      	0.9458351      	0.8537183      	1.0024679      	0.9932455      	0.9057181      	0.86498207     	0.9445615      	1.0910087      	1.0072092      	1.1597717      	1.1938589      	1.126531       	1.5808599      	1.6935843      	1.8307308      	1.8281227      	1.7421112      	1.7803751      	1.8600513      	1.7805142      	1.8514683      	1.8381222      	1.7187765      	1.8048238      	1.7601422      	1.76494        	1.7540084      	1.7085649      	
0.9867384      	1.0146209      	0.91191435     	0.9720262      	1.0298703      	0.9281371      	1.0882819      	0.9592527      	1.0116302      	0.9369204      	0.9137223      	0.9913884      	0.9576634      	0.8909012      	0.9857596      	0.8689147      	0.96222365     	0.99403244     	1.024544       	1.0056394      	1.6403817      	1.7590091      	1.7723354      	1.697023       	1.7479451      	1.7604678      	1.8296236      	1.8139018      	1.7186061      	1.7369431      	1.7579278      	1.847922       	1.7037036      	1.8573843      	1.8021382      	1.8569156      	1.8114706      	1.8339331      	1.846951       	1.7052778      	1.7694294      	1.8107878      	1.9676609      	1.4245629      	1.1227746      	1.0729938      	1.0296018      	0.95004904     	0.87359643     	0.9029466      	1.0267681      	0.9674074      	1.0041555      	0.92211926     	1.0047501      	0.7836641      	0.9748429      	1.022861       	0.95307785     	0.9952481      	1.0011692      	0.8313957      	1.0142542      	0.9189692      	0.85741097     	0.96738607     	0.89363545     	0.74164057     	0.96182775     	0.950565       	0.8805296      	0.8764713      	1.0044312      	1.0201803      	0.9693949      	0.94275665     	1.0107532      	0.98790437     	0.9957685      	1.0838197      	0.9618464      	0.8967469      	0.9396023      	1.031516       	1.2013414      	1.6680926      	1.818875       	1.8051507      	1.9179332      	1.792833       	1.7082098      	1.8922393      	1.6073177      	1.7346721      	1.8873696      	1.7803601      	1.7104179      	1.7848231      	1.905113       	1.9269989      	
