# www.neaspec.com
# Scan:	 	AFM
# Project:	 	20251007_PS
# Description:	 	
# Date:	 	10/07/2025 10:43:47
# Scanner Center Position (X, Y):	[µm]	49.99	50.01	 
# Rotation:	[°]	0	 	 
# Scan Area (X, Y, Z):	[µm]	5.000	5.000	0.000
# Pixel Area (X, Y, Z):	[px]	100	50	1
# Averaging:	 	1	 	 
# Integration time:	[ms]	5	 	 
# Laser Source:	 	4.5-15 µm nano-FTIR laser
# Detector:	 	R
# Target Wavelength:	[µm]	7.502	 	 
# Demodulation Mode:	 	Fourier
# Tip Frequency:	[Hz]	241,340.500	 	 
# Tip Amplitude:	[mV]	45.700	 	 
# Tapping Amplitude:	[nm]	79.665	 	 
# Modulation Frequency:	[Hz]	0.000	 	 
# Modulation Amplitude:	[mV]	0.000	 	 
# Modulation Offset:	[mV]	0.000	 	 
# Setpoint:	[%]	79.75	 	 
# Regulator (P, I, D):	 	4.206850	8.625812	1.000000
# Tip Potential:	[mV]	0.000	 	 
# M1A Scaling:	[nm/V]	0.426	 	 
# M1A Cantilever Factor:	 	1,000	 	 
# Q-Factor:	 	487.4	 	 
# Version:	 	2.1.11536.0
0.20902853     	0.2090438      	0.21391663     	0.21036799     	0.20562012     	0.21047747     	0.21123774     	0.21042767     	0.20263359     	0.2038969      	0.20724156     	0.21323828     	0.21471703     	0.21140203     	0.20637535     	0.21182369     	0.20954749     	0.21152237     	0.20809348     	0.20660804     	0.20474243     	0.21093231     	0.20718032     	0.20855653     	0.20749228     	0.2069956      	0.20369259     	0.20767081     	0.20556058     	0.20256092     	0.20893651     	0.20727594     	0.20132184     	0.20764516     	0.20439148     	0.20806445     	0.2100747      	0.20993583     	0.2046499      	0.20678572     	0.20120646     	0.2014917      	0.20990604     	0.20472956     	0.2050429      	0.20964417     	0.209602       	0.20913501     	0.2095731      	0.2050506      	0.20949426     	0.20475766     	0.21096279     	0.20666264     	0.20605652     	0.20888823     	0.21135594     	0.20994698     	0.20947988     	0.20727535     	0.21034682     	0.20975496     	0.20547573     	0.21353203     	0.20415875     	0.20467822     	0.21788795     	0.21406218     	0.20714384     	0.21257305     	0.20481057     	0.2116544      	0.2061809      	0.20336816     	0.21186733     	0.20869988     	0.20900074     	0.20746814     	0.20941888     	0.20246233     	0.21102852     	0.20529269     	0.20848306     	0.21425734     	0.20068067     	0.2110286      	0.12740222     	0.19874263     	0.21021631     	0.20430547     	0.2082241      	0.21295135     	0.20700662     	0.20547572     	0.14334302     	0.17743361     	0.19936834     	0.20067413     	0.20014985     	0.20522271     	
0.20985973     	0.20886706     	0.20978841     	0.20908238     	0.20391364     	0.20949893     	0.20925204     	0.2148869      	0.20399456     	0.20811266     	0.2095732      	0.20550397     	0.21026143     	0.21118046     	0.20438266     	0.20974751     	0.20215245     	0.20764138     	0.20545885     	0.2082268      	0.21147034     	0.20777641     	0.20600986     	0.19892448     	0.21197632     	0.21262668     	0.20959967     	0.19939958     	0.21527667     	0.20783208     	0.20971242     	0.2152602      	0.20318703     	0.21425568     	0.20775369     	0.20691642     	0.21113914     	0.20286418     	0.2067924      	0.21285234     	0.20376499     	0.21426255     	0.20977198     	0.21453771     	0.20478953     	0.21280596     	0.20708534     	0.21019828     	0.20935774     	0.21095285     	0.20789479     	0.20943163     	0.2107041      	0.20953141     	0.21137899     	0.21125048     	0.20715414     	0.20436016     	0.2119108      	0.20519388     	0.20396563     	0.2083569      	0.21652544     	0.2049859      	0.21027115     	0.20671268     	0.2077995      	0.2016611      	0.21337718     	0.20938084     	0.20424992     	0.20655283     	0.20528229     	0.20657015     	0.21594125     	0.20171444     	0.21189933     	0.20461202     	0.21245147     	0.21005654     	0.20885089     	0.2122298      	0.20845243     	0.21173193     	0.20580913     	0.19403017     	0.18101248     	0.19935691     	0.19799131     	0.19186112     	0.19846983     	0.19711663     	0.19805229     	0.20911942     	0.20864338     	0.20142181     	0.2079271      	0.2097881      	0.20699877     	0.20559445     	
0.20666188     	0.2070971      	0.2099607      	0.213002       	0.20300192     	0.20994233     	0.20678379     	0.20465231     	0.21125492     	0.2067513      	0.20937589     	0.20925255     	0.20534329     	0.20760576     	0.213495       	0.20879011     	0.20497763     	0.21143751     	0.20597853     	0.21043032     	0.21196522     	0.20743859     	0.20334123     	0.20686813     	0.20927781     	0.20827463     	0.21076521     	0.19924352     	0.20577131     	0.20638664     	0.2053307      	0.20669793     	0.20990497     	0.20746832     	0.20524473     	0.20915365     	0.20716837     	0.20698175     	0.21047345     	0.20659643     	0.20639902     	0.20581608     	0.20758852     	0.21310268     	0.20923394     	0.20032193     	0.20947385     	0.20569922     	0.20447268     	0.20821232     	0.2101115      	0.20952787     	0.20692047     	0.20864621     	0.20868775     	0.20398143     	0.2117431      	0.21299744     	0.20850039     	0.21078666     	0.20860168     	0.21070673     	0.21048318     	0.20051494     	0.20642886     	0.2038112      	0.20845082     	0.204199       	0.20828994     	0.20649478     	0.20689346     	0.20556675     	0.21407063     	0.20771283     	0.20670722     	0.20161143     	0.20914796     	0.21426031     	0.21103904     	0.20324343     	0.21246402     	0.2061747      	0.2048191      	0.15093292     	0.18619002     	0.18167235     	0.20076029     	0.2067944      	0.20809147     	0.21109326     	0.20660427     	0.2168173      	0.20947652     	0.20374984     	0.20690678     	0.21075037     	0.21030307     	0.20863952     	0.20652752     	0.2075433      	
0.20806086     	0.21038312     	0.21012111     	0.20856428     	0.2039748      	0.21453926     	0.20832479     	0.21202892     	0.20394625     	0.20943546     	0.21066633     	0.20620304     	0.21237469     	0.20526333     	0.20003502     	0.20440808     	0.2063087      	0.20484133     	0.20730573     	0.2077842      	0.2101641      	0.20907976     	0.2076978      	0.20133206     	0.20918421     	0.20304708     	0.20881268     	0.2115014      	0.20959322     	0.19748685     	0.20210133     	0.2048774      	0.20712878     	0.20607625     	0.20574129     	0.20562813     	0.21206596     	0.20908844     	0.20684278     	0.20841491     	0.20940787     	0.21012531     	0.20332183     	0.20874217     	0.20944667     	0.21270636     	0.20988217     	0.21004556     	0.2032618      	0.21139969     	0.20882346     	0.2049761      	0.20218652     	0.20753482     	0.21929929     	0.20686263     	0.20702146     	0.20611745     	0.21116965     	0.21149129     	0.21000367     	0.20494841     	0.21006419     	0.20251219     	0.20285991     	0.21110117     	0.21265142     	0.20841745     	0.20410971     	0.21052197     	0.20952378     	0.20623739     	0.2066506      	0.2114069      	0.2082958      	0.20785196     	0.21408136     	0.20786943     	0.2062001      	0.20788115     	0.2036141      	0.21090622     	0.20745188     	0.1579167      	0.18065439     	0.19993658     	0.20344532     	0.19388144     	0.21549079     	0.2163755      	0.20996618     	0.21056165     	0.21437415     	0.20397331     	0.20763864     	0.21051317     	0.20636505     	0.206534       	0.20875289     	0.21398732     	
0.21359125     	0.20971602     	0.20891364     	0.20568739     	0.20399378     	0.21088718     	0.21517672     	0.20344011     	0.2095549      	0.20584378     	0.20719434     	0.20846151     	0.20690134     	0.2077424      	0.21633105     	0.20625135     	0.20782751     	0.20550917     	0.2085359      	0.20816357     	0.20433366     	0.20471539     	0.20258604     	0.19818816     	0.208795       	0.20805113     	0.21040292     	0.2088175      	0.20856516     	0.21461456     	0.21319635     	0.20078324     	0.20787787     	0.20544676     	0.20829892     	0.20863183     	0.2056796      	0.20450176     	0.20935099     	0.21288598     	0.20911364     	0.20764643     	0.21397308     	0.2105123      	0.2037981      	0.20930614     	0.20334785     	0.20954795     	0.20532213     	0.2104786      	0.20832686     	0.20849645     	0.21327691     	0.20653518     	0.20448236     	0.13668212     	0.17983302     	0.2053107      	0.21076104     	0.20029877     	0.20502502     	0.20862186     	0.20450692     	0.20639946     	0.21706685     	0.20030797     	0.20784974     	0.20421581     	0.20195577     	0.21079105     	0.21408351     	0.20519976     	0.20335315     	0.20759633     	0.20956376     	0.20505638     	0.20230703     	0.20421118     	0.21235721     	0.20257081     	0.20478414     	0.21419607     	0.14764369     	0.19082971     	0.14993799     	0.19831936     	0.19653408     	0.20456393     	0.20440647     	0.20871928     	0.20678034     	0.21440725     	0.20434746     	0.20706569     	0.20623997     	0.20619439     	0.2036296      	0.2114665      	0.20322831     	0.20625065     	
0.21538483     	0.20932357     	0.20572156     	0.20312211     	0.2119787      	0.20777419     	0.20760071     	0.20696542     	0.20917037     	0.20896076     	0.20723702     	0.20959274     	0.20426929     	0.20700823     	0.20876938     	0.20590116     	0.20912956     	0.20056628     	0.20797822     	0.21032356     	0.21002796     	0.203555       	0.20836836     	0.21207088     	0.20572422     	0.21194881     	0.21522975     	0.20523927     	0.20934296     	0.20380022     	0.20696178     	0.2210219      	0.20144813     	0.20912485     	0.20149611     	0.20093237     	0.21901259     	0.20700662     	0.2111768      	0.20659624     	0.20759718     	0.21285865     	0.20695029     	0.20373324     	0.21001072     	0.20571029     	0.20838967     	0.20362224     	0.18803473     	0.19588128     	0.204774       	0.20349634     	0.20889392     	0.20482433     	0.2074683      	0.20790707     	0.2070679      	0.19737433     	0.20846611     	0.18173252     	0.20219737     	0.20682265     	0.21465686     	0.20437193     	0.20383841     	0.20949952     	0.20667882     	0.20573545     	0.2048314      	0.20609449     	0.20592868     	0.2096795      	0.21325956     	0.20251109     	0.20841326     	0.20677677     	0.20567618     	0.20731929     	0.20339736     	0.2090939      	0.20975316     	0.20575821     	0.20544903     	0.1569724      	0.19798188     	0.15709896     	0.20010261     	0.1991792      	0.20371774     	0.21487151     	0.2053597      	0.20757248     	0.20947377     	0.20843771     	0.21007302     	0.21223027     	0.20577407     	0.212532       	0.20824015     	0.21205132     	
0.21453477     	0.21396418     	0.21128304     	0.20709813     	0.21054952     	0.21179867     	0.20518187     	0.20815364     	0.2072325      	0.21213202     	0.20702702     	0.20782559     	0.214384       	0.20687369     	0.21634078     	0.2127064      	0.20876677     	0.2040817      	0.2071188      	0.20616516     	0.20174877     	0.20684703     	0.21176086     	0.20715569     	0.20626862     	0.2081337      	0.20845245     	0.20963553     	0.21335499     	0.20497014     	0.21152587     	0.20245537     	0.20662412     	0.2026801      	0.21092327     	0.20298599     	0.21158895     	0.2054883      	0.20968069     	0.20198685     	0.19180697     	0.16823775     	0.19987689     	0.20670287     	0.20232342     	0.20774311     	0.21301572     	0.20864867     	0.20438106     	0.19990404     	0.19662134     	0.19050218     	0.19866635     	0.20439562     	0.20294967     	0.21478437     	0.20396286     	0.21189347     	0.21406285     	0.2163283      	0.24927273     	0.1994083      	0.20731935     	0.20338398     	0.20860544     	0.20983262     	0.20825413     	0.20761117     	0.20921664     	0.21225467     	0.21185447     	0.20598345     	0.20796041     	0.20874299     	0.21148849     	0.20614062     	0.20883152     	0.20554644     	0.21169464     	0.20717695     	0.20643564     	0.21343423     	0.2037534      	0.15533295     	0.18554713     	0.17649104     	0.19335394     	0.19803649     	0.19992289     	0.20479189     	0.2121442      	0.2051369      	0.21986917     	0.20450673     	0.21064836     	0.20774597     	0.21106517     	0.20837823     	0.20819037     	0.20912299     	
0.2077797      	0.2093134      	0.20264246     	0.20138459     	0.20818157     	0.20368627     	0.21425034     	0.20624253     	0.20528987     	0.2150624      	0.21034613     	0.20818731     	0.20207724     	0.20546249     	0.21060182     	0.21069345     	0.20571175     	0.20811711     	0.20843303     	0.20445715     	0.21709433     	0.20585366     	0.2073034      	0.20965122     	0.205879       	0.20789185     	0.20393197     	0.21062095     	0.20446828     	0.2128006      	0.2066056      	0.2085562      	0.21157898     	0.19790815     	0.20770489     	0.20143147     	0.20560203     	0.20821099     	0.2086577      	0.20686635     	0.20446914     	0.20267783     	0.16195427     	0.18933295     	0.19141597     	0.19358376     	0.2094369      	0.19651183     	0.19870529     	0.20549351     	0.21140492     	0.2104683      	0.2084812      	0.21221024     	0.20826541     	0.21049303     	0.20556036     	0.20569432     	0.21205306     	0.21606836     	0.21877        	0.19579485     	0.15086691     	0.19864118     	0.2122621      	0.20696753     	0.20860276     	0.20309207     	0.2108161      	0.20878021     	0.20812835     	0.20945883     	0.20839763     	0.20950535     	0.20659065     	0.20698111     	0.20452231     	0.21204962     	0.20346884     	0.21018781     	0.21024002     	0.20945807     	0.20634747     	0.20574313     	0.15597339     	0.18804008     	0.18501532     	0.20255885     	0.19515103     	0.20454012     	0.2060491      	0.20807283     	0.20794205     	0.20641413     	0.2068561      	0.2096649      	0.20706251     	0.21070014     	0.21192122     	0.2063213      	
0.21289532     	0.21540786     	0.2122507      	0.21035206     	0.21073827     	0.21588653     	0.20982003     	0.20612094     	0.20736241     	0.20296952     	0.20659184     	0.20895453     	0.2044277      	0.21164316     	0.2046431      	0.20582683     	0.21017191     	0.20635153     	0.20846261     	0.2109603      	0.20755263     	0.21078943     	0.2066379      	0.20610517     	0.2048149      	0.20598702     	0.16973914     	0.19981271     	0.21192172     	0.2000801      	0.21994905     	0.2058463      	0.20781793     	0.20753558     	0.21576175     	0.17568995     	0.18239085     	0.19175303     	0.20407909     	0.20786373     	0.20308006     	0.20716593     	0.2047142      	0.20542614     	0.20153351     	0.21196233     	0.20620112     	0.20585205     	0.20166042     	0.20896529     	0.21349484     	0.20465778     	0.21070643     	0.20714836     	0.20879658     	0.2070864      	0.2115019      	0.20746712     	0.20988992     	0.21293469     	0.21816328     	0.21558683     	0.20670854     	0.20897882     	0.20288393     	0.20876461     	0.20485635     	0.2088506      	0.20692937     	0.20470347     	0.20824201     	0.21627365     	0.20796983     	0.20350535     	0.2115704      	0.20796853     	0.20940493     	0.20661189     	0.20805554     	0.21313632     	0.21560384     	0.20376413     	0.20541899     	0.2120444      	0.15433481     	0.18756196     	0.18660606     	0.19730252     	0.195242       	0.20069027     	0.20750774     	0.20792823     	0.2112406      	0.20407446     	0.21131422     	0.20627117     	0.20754032     	0.21063168     	0.20702872     	0.21128483     	
0.2097519      	0.20407416     	0.2061859      	0.2082354      	0.21002933     	0.21156949     	0.20843382     	0.20527725     	0.20056953     	0.21158701     	0.21160594     	0.2083356      	0.2057637      	0.21181777     	0.20566097     	0.20467356     	0.20910744     	0.20967628     	0.21028282     	0.20542918     	0.2062196      	0.20466904     	0.20552175     	0.21686822     	0.2022217      	0.2098377      	0.20395906     	0.19253567     	0.19078436     	0.19867235     	0.19278696     	0.19823828     	0.20200245     	0.20179383     	0.2057575      	0.20471875     	0.20825788     	0.20952378     	0.20534806     	0.20955856     	0.20799063     	0.2099752      	0.21174634     	0.20815481     	0.20416561     	0.20716739     	0.20216861     	0.20637247     	0.20861451     	0.211835       	0.20696612     	0.20902455     	0.21031646     	0.21083711     	0.21094021     	0.20397249     	0.21243066     	0.20548531     	0.20634826     	0.21630892     	0.21165301     	0.21841536     	0.19599769     	0.16151288     	0.2033174      	0.21136682     	0.20245348     	0.2102133      	0.20798711     	0.20469971     	0.20783153     	0.20766993     	0.20567992     	0.21367154     	0.20723058     	0.20343573     	0.20430617     	0.20643187     	0.20739967     	0.21118033     	0.21321577     	0.20834416     	0.20627303     	0.20960726     	0.20681314     	0.16496794     	0.1956398      	0.13440756     	0.19805832     	0.19915527     	0.20125122     	0.20817024     	0.20556302     	0.20552143     	0.2097517      	0.20587        	0.20514461     	0.2045194      	0.20513201     	0.20160492     	
0.21472864     	0.21462782     	0.21194685     	0.20781815     	0.2072221      	0.20725286     	0.21287335     	0.20900853     	0.20691366     	0.21682282     	0.2110296      	0.21236952     	0.20367584     	0.20462802     	0.21256143     	0.20500425     	0.20876576     	0.20830359     	0.20729329     	0.20758656     	0.20489368     	0.20252271     	0.20771004     	0.20311272     	0.19106461     	0.18681955     	0.19927199     	0.20012015     	0.20252165     	0.2061051      	0.20165204     	0.20768225     	0.202885       	0.21365838     	0.20518139     	0.2094589      	0.20626798     	0.20795615     	0.20500235     	0.17395207     	0.20461506     	0.21225864     	0.21487461     	0.21756148     	0.20692387     	0.19956993     	0.20501162     	0.20700152     	0.2080894      	0.2076494      	0.20143048     	0.20556602     	0.2116008      	0.20312408     	0.20422858     	0.20963724     	0.20214388     	0.21176276     	0.21515994     	0.21014622     	0.22130111     	0.21357019     	0.22054473     	0.2241454      	0.20978598     	0.2060169      	0.20343713     	0.20386878     	0.21782552     	0.20994632     	0.20049953     	0.20824611     	0.21329592     	0.20575736     	0.2147595      	0.20550928     	0.20220412     	0.20837478     	0.21167941     	0.2011618      	0.21054977     	0.20978473     	0.21410866     	0.20890936     	0.20779699     	0.14757426     	0.19127005     	0.18519527     	0.1993906      	0.20573573     	0.20094328     	0.20826238     	0.20903084     	0.20243745     	0.21084683     	0.20514373     	0.206841       	0.21039464     	0.20603558     	0.20192412     	
0.21128552     	0.2080227      	0.20725991     	0.211921       	0.20905119     	0.20700856     	0.20465054     	0.20231023     	0.203432       	0.20701648     	0.21337877     	0.2138213      	0.20768191     	0.21155581     	0.20350496     	0.20820965     	0.2116523      	0.20759523     	0.20916857     	0.20514028     	0.1995386      	0.20763728     	0.20432042     	0.15606223     	0.18324417     	0.19916922     	0.19970578     	0.19732365     	0.21388231     	0.20430224     	0.2053319      	0.20439796     	0.21028383     	0.21077095     	0.20472798     	0.20796934     	0.205562       	0.20038532     	0.21113348     	0.20834848     	0.19521517     	0.1963189      	0.20947841     	0.2066044      	0.21197091     	0.21347813     	0.21224597     	0.20457889     	0.20563316     	0.21003903     	0.20581317     	0.21022755     	0.20729254     	0.20965305     	0.20694114     	0.21538946     	0.21254121     	0.21168865     	0.20838872     	0.20707233     	0.20976762     	0.21421696     	0.21772914     	0.20962256     	0.16730826     	0.20507851     	0.216027       	0.20349838     	0.21094729     	0.2091793      	0.21176718     	0.21134786     	0.2042924      	0.21033485     	0.20576386     	0.20579724     	0.21892177     	0.20680246     	0.2026403      	0.20736672     	0.21414559     	0.2023257      	0.21001337     	0.20908192     	0.21084315     	0.21437502     	0.14988829     	0.20005609     	0.15398467     	0.20044479     	0.19627091     	0.20160276     	0.20844302     	0.20751202     	0.20914948     	0.20528236     	0.20571429     	0.21467233     	0.21036935     	0.20675735     	
0.2099379      	0.21048789     	0.20965168     	0.20355631     	0.2061286      	0.20914611     	0.20583175     	0.20869136     	0.20805846     	0.20758028     	0.20904104     	0.20368567     	0.21131372     	0.20785569     	0.21136962     	0.20248267     	0.2099516      	0.20968908     	0.20230608     	0.21099073     	0.21021435     	0.20890011     	0.2067134      	0.16952252     	0.17557818     	0.19527684     	0.20057234     	0.20399527     	0.20303164     	0.2051418      	0.20211218     	0.20811632     	0.21129383     	0.20756559     	0.20353469     	0.20002586     	0.20923303     	0.20874956     	0.20609829     	0.20761774     	0.20629518     	0.20645241     	0.2072774      	0.21061501     	0.21734194     	0.20153023     	0.20519064     	0.2109325      	0.21441332     	0.20603117     	0.21220805     	0.20384102     	0.21085565     	0.20903018     	0.20544001     	0.20901275     	0.20580764     	0.20811029     	0.20288494     	0.20591858     	0.20684008     	0.21662244     	0.2182755      	0.22254938     	0.21828412     	0.20277062     	0.2040701      	0.20947842     	0.20840324     	0.1991616      	0.20986        	0.2053125      	0.20665011     	0.20521949     	0.21278335     	0.20455989     	0.20419379     	0.2109971      	0.21036258     	0.21063033     	0.20898186     	0.21242386     	0.20810871     	0.20532447     	0.20939696     	0.209704       	0.20218764     	0.18222111     	0.20767514     	0.15966772     	0.19387375     	0.18964893     	0.20981893     	0.207601       	0.20644225     	0.20428406     	0.21369936     	0.20496292     	0.20636106     	0.20616421     	
0.20794505     	0.21074784     	0.21071057     	0.20498928     	0.20759952     	0.20737262     	0.20760195     	0.21151073     	0.21059018     	0.21016723     	0.21342859     	0.21208885     	0.20561767     	0.20689799     	0.20969032     	0.21517804     	0.21475857     	0.2138305      	0.20790972     	0.21204968     	0.2081818      	0.20746514     	0.2211145      	0.19164337     	0.18589056     	0.14884749     	0.20123124     	0.19983494     	0.19844495     	0.20963499     	0.21349722     	0.21271446     	0.20229886     	0.2076765      	0.20861663     	0.21160746     	0.2101985      	0.2044767      	0.209342       	0.21127129     	0.20607726     	0.21338578     	0.20632724     	0.20049931     	0.2053081      	0.20489691     	0.2065097      	0.21333621     	0.20253393     	0.20387281     	0.2090295      	0.21120256     	0.20313834     	0.20783173     	0.20619114     	0.2110443      	0.21301462     	0.21516806     	0.20697251     	0.20800401     	0.20844951     	0.20962937     	0.2184958      	0.21930031     	0.20233355     	0.21926199     	0.2058192      	0.20586719     	0.21395847     	0.20189722     	0.20677269     	0.20747209     	0.20971155     	0.20778969     	0.20930876     	0.21022059     	0.1982087      	0.20280296     	0.20119904     	0.20738606     	0.2098217      	0.21241784     	0.20228295     	0.20810737     	0.20573063     	0.21298139     	0.21055998     	0.18135577     	0.19005767     	0.18974257     	0.19612058     	0.19915237     	0.20029986     	0.20961559     	0.21388474     	0.20369157     	0.2096053      	0.20573318     	0.20723377     	0.20622888     	
0.19980691     	0.1265028      	0.19063595     	0.20551972     	0.20536113     	0.21301304     	0.21199699     	0.20562935     	0.20700923     	0.20709299     	0.21259543     	0.20935415     	0.2042394      	0.20199494     	0.20941365     	0.21019901     	0.20836645     	0.21260005     	0.20370588     	0.20800106     	0.20764522     	0.20920074     	0.20455061     	0.19532055     	0.17962395     	0.20435189     	0.16870543     	0.19281921     	0.20184748     	0.20094858     	0.21148491     	0.21003288     	0.21255626     	0.20016882     	0.2116428      	0.20922184     	0.2048465      	0.21432216     	0.2135459      	0.2100317      	0.20888323     	0.20952882     	0.21022613     	0.20836967     	0.20909166     	0.20678559     	0.20235248     	0.21043271     	0.2046147      	0.21370183     	0.20455837     	0.2066884      	0.21192135     	0.20438154     	0.2079012      	0.21080668     	0.20593771     	0.21022941     	0.2028893      	0.20830414     	0.20521763     	0.20912892     	0.22110502     	0.21531864     	0.21837877     	0.2011183      	0.18837479     	0.19807877     	0.20180959     	0.20930493     	0.20609672     	0.20607975     	0.21156964     	0.20899722     	0.20580383     	0.2129143      	0.20006391     	0.20190784     	0.20403992     	0.21143588     	0.21272807     	0.20940456     	0.2033727      	0.21402664     	0.20615081     	0.21202457     	0.20674297     	0.21561682     	0.13776815     	0.1923667      	0.16125217     	0.20228635     	0.1965887      	0.1990778      	0.20762268     	0.21154654     	0.2060674      	0.20668189     	0.20656219     	0.21007185     	
0.20565489     	0.21870562     	0.24773593     	0.18888932     	0.20253831     	0.20029524     	0.20880766     	0.20908612     	0.21032974     	0.20592834     	0.20803761     	0.20903666     	0.2023454      	0.20299202     	0.21153875     	0.20760573     	0.21243334     	0.21228264     	0.21059425     	0.20223042     	0.21366449     	0.20796575     	0.20271644     	0.21030395     	0.1462898      	0.18818364     	0.15672965     	0.19713306     	0.1924833      	0.2030897      	0.20269236     	0.2044349      	0.207944       	0.20688386     	0.20172775     	0.20172596     	0.21084838     	0.20669708     	0.20860854     	0.20177358     	0.20856912     	0.21543927     	0.20010604     	0.21046574     	0.20807165     	0.2086231      	0.20829459     	0.21009962     	0.21323822     	0.21018496     	0.20919918     	0.20554349     	0.20378582     	0.21225551     	0.21044157     	0.21103133     	0.2021085      	0.20431998     	0.21163176     	0.20527133     	0.20397395     	0.20713142     	0.20826909     	0.21473968     	0.2101044      	0.22628698     	0.21717198     	0.20878603     	0.20636742     	0.20919548     	0.20886917     	0.20970924     	0.206708       	0.20694087     	0.2055687      	0.20767511     	0.2015423      	0.21253264     	0.20505509     	0.2028231      	0.208508       	0.20708887     	0.20435274     	0.2039795      	0.2109752      	0.20628454     	0.21118537     	0.21088722     	0.20900911     	0.1477153      	0.17904595     	0.20119648     	0.19673744     	0.19843431     	0.20838247     	0.2141355      	0.20814516     	0.20539908     	0.2119751      	0.21002011     	
0.20213544     	0.20970641     	0.23541336     	0.20546986     	0.19953056     	0.20333122     	0.21111012     	0.20041683     	0.2064543      	0.20504409     	0.20859884     	0.20856391     	0.21052615     	0.21032673     	0.20563376     	0.21184401     	0.20774107     	0.20377928     	0.20208535     	0.20088862     	0.21106383     	0.2109139      	0.20769933     	0.21091878     	0.206037       	0.16209306     	0.19560742     	0.17105639     	0.20611523     	0.19959964     	0.19779557     	0.20644742     	0.20655924     	0.2088517      	0.20630053     	0.20707837     	0.20997317     	0.21049675     	0.20574082     	0.20957866     	0.2068589      	0.21201569     	0.20311084     	0.20639335     	0.20633246     	0.21101402     	0.20938836     	0.20050083     	0.21370418     	0.20873435     	0.21008287     	0.20806633     	0.20661603     	0.20882975     	0.20530254     	0.20475952     	0.20933932     	0.21453208     	0.20869903     	0.20656163     	0.20981684     	0.21041511     	0.20562801     	0.21429558     	0.21515153     	0.22080664     	0.20355204     	0.14953619     	0.1958507      	0.20899422     	0.21060933     	0.2088759      	0.20688081     	0.20648755     	0.20681499     	0.2109142      	0.21422786     	0.21336885     	0.20471637     	0.20991296     	0.20717053     	0.21274853     	0.20525526     	0.20586072     	0.21103318     	0.20312141     	0.20344849     	0.20973158     	0.20658049     	0.15317407     	0.18753102     	0.14332394     	0.19599006     	0.19804826     	0.20599824     	0.21156801     	0.21045662     	0.20770614     	0.2117215      	0.20083281     	
0.20971759     	0.21882702     	0.2362765      	0.23764916     	0.20729513     	0.19988942     	0.20802289     	0.20471619     	0.21166673     	0.2041037      	0.2023396      	0.21006708     	0.20696704     	0.20782766     	0.20894217     	0.20526583     	0.2076953      	0.20952101     	0.20575528     	0.20631823     	0.20904097     	0.21247582     	0.20505944     	0.21231307     	0.2080927      	0.17854138     	0.18823582     	0.16817373     	0.19358373     	0.19859742     	0.19753432     	0.20357543     	0.20580523     	0.2066738      	0.20755418     	0.20951468     	0.20234269     	0.21338582     	0.20116737     	0.20148733     	0.20660183     	0.21255668     	0.20635375     	0.20551191     	0.21048503     	0.21275233     	0.20728609     	0.20189403     	0.2084053      	0.21246602     	0.20963551     	0.20415908     	0.20899239     	0.20276046     	0.21015207     	0.20576487     	0.20268597     	0.20961013     	0.21617298     	0.20280012     	0.21352874     	0.20593108     	0.20465016     	0.2099099      	0.2104228      	0.21354388     	0.22782423     	0.19942416     	0.19443704     	0.20021307     	0.20646685     	0.21463813     	0.20930672     	0.21053134     	0.21267055     	0.20699374     	0.20421444     	0.20348929     	0.2007632      	0.20523134     	0.21062899     	0.20112687     	0.20387474     	0.21092245     	0.20641878     	0.20983627     	0.20832483     	0.20816699     	0.20734857     	0.20135191     	0.1868801      	0.1879172      	0.18548824     	0.20937663     	0.20015629     	0.20165546     	0.2063541      	0.2109104      	0.21333916     	0.21151258     	
0.21116203     	0.2130952      	0.22162291     	0.20529792     	0.18454653     	0.20922881     	0.21002468     	0.20347565     	0.21043636     	0.20862226     	0.20713188     	0.20920843     	0.20819506     	0.21306139     	0.20836848     	0.21060711     	0.20249258     	0.20632023     	0.20709974     	0.19811781     	0.21131235     	0.21139959     	0.20820597     	0.20833102     	0.20878422     	0.2074104      	0.15036659     	0.19358143     	0.15190417     	0.19161883     	0.19291598     	0.20311652     	0.20767432     	0.20181629     	0.20830475     	0.21056816     	0.20766528     	0.20681965     	0.2068529      	0.2108986      	0.20174743     	0.20318685     	0.20606129     	0.20153792     	0.20969962     	0.2054715      	0.20471892     	0.20280483     	0.20880404     	0.21359126     	0.20869876     	0.20729366     	0.21018529     	0.21177945     	0.20861131     	0.20306383     	0.20610665     	0.20979269     	0.20272745     	0.2058803      	0.20474984     	0.20936063     	0.21142124     	0.21094036     	0.21395738     	0.2171558      	0.22085331     	0.2237433      	0.23855262     	0.20383266     	0.20772915     	0.20918058     	0.20478983     	0.21705943     	0.20733373     	0.20701058     	0.20737076     	0.20481662     	0.20550592     	0.20763221     	0.21689868     	0.20243958     	0.1994492      	0.21801174     	0.20781395     	0.20972435     	0.2085568      	0.20769766     	0.2072243      	0.20307656     	0.1593813      	0.19355457     	0.21139355     	0.2076607      	0.15951104     	0.20183475     	0.21099791     	0.2103439      	0.20606458     	0.20784551     	
0.20138499     	0.2121173      	0.22112885     	0.22507642     	0.21286905     	0.20874166     	0.20907302     	0.20413736     	0.20769688     	0.21008477     	0.20510451     	0.20323177     	0.21578605     	0.21123001     	0.20738503     	0.2083267      	0.21174355     	0.20189005     	0.20945105     	0.20696498     	0.20602176     	0.20719032     	0.20111603     	0.212139       	0.20544791     	0.21055661     	0.17435183     	0.19379629     	0.20093209     	0.1654185      	0.19976929     	0.1960734      	0.21320848     	0.20882143     	0.20836157     	0.21060586     	0.19865583     	0.21140966     	0.21019043     	0.20956837     	0.20662475     	0.20916893     	0.2073437      	0.20947768     	0.20662516     	0.20617262     	0.20287775     	0.20713961     	0.21456361     	0.209158       	0.20770967     	0.21166362     	0.20409742     	0.20693998     	0.20674232     	0.20297973     	0.20273292     	0.20999506     	0.21134503     	0.21061377     	0.21269497     	0.20330518     	0.20449956     	0.20850284     	0.2063549      	0.21661174     	0.21838734     	0.22301139     	0.22558676     	0.17226788     	0.20158646     	0.20386268     	0.2057203      	0.20801196     	0.20871028     	0.2031544      	0.21549724     	0.2041121      	0.20727775     	0.20932077     	0.20631263     	0.20422861     	0.21400224     	0.21218547     	0.21105756     	0.20614065     	0.20609649     	0.21255353     	0.2109944      	0.20828329     	0.20726156     	0.20800845     	0.19798696     	0.20917237     	0.16591106     	0.19552502     	0.2056414      	0.2133361      	0.20240575     	0.20454559     	
0.20720434     	0.21028481     	0.2162418      	0.2207871      	0.19432114     	0.16906863     	0.20017801     	0.20747118     	0.19564171     	0.20330782     	0.20721196     	0.21156344     	0.20928848     	0.20449655     	0.21077676     	0.20185599     	0.20764129     	0.20769864     	0.20426767     	0.20958406     	0.21075566     	0.20443079     	0.20900646     	0.21176568     	0.20421661     	0.20373988     	0.21734823     	0.12457923     	0.19196758     	0.15930174     	0.19901769     	0.19374464     	0.19780965     	0.20995072     	0.20960537     	0.20758148     	0.2029269      	0.20836222     	0.20487848     	0.21037872     	0.20996447     	0.20942587     	0.2082113      	0.2088062      	0.20746823     	0.20463726     	0.2090245      	0.21276052     	0.20645747     	0.21149895     	0.20561069     	0.21021932     	0.21050557     	0.21270357     	0.1986505      	0.20573792     	0.21341272     	0.21354532     	0.2076765      	0.20984887     	0.21037343     	0.21304694     	0.20270717     	0.20735736     	0.20028071     	0.20811191     	0.2158331      	0.2219432      	0.20078732     	0.20230757     	0.20183735     	0.20860352     	0.20214666     	0.19602561     	0.2120763      	0.20916915     	0.20506246     	0.20746526     	0.2083139      	0.20297177     	0.20626038     	0.20941137     	0.20520568     	0.2131956      	0.20905738     	0.2131271      	0.2097119      	0.20934807     	0.20650022     	0.2108468      	0.20531906     	0.21128535     	0.21215175     	0.20748974     	0.20514646     	0.20702727     	0.20955147     	0.20428284     	0.20528501     	0.2107311      	
0.2116291      	0.20927536     	0.21070746     	0.21953249     	0.2297638      	0.2297283      	0.20416635     	0.20426431     	0.20466867     	0.20600384     	0.20512262     	0.21121173     	0.20828247     	0.20647335     	0.2060789      	0.20742947     	0.20859069     	0.20510292     	0.20853937     	0.2062765      	0.2085275      	0.20620868     	0.20627378     	0.20651975     	0.21073659     	0.20642985     	0.20471714     	0.20681527     	0.16434976     	0.18774915     	0.18544537     	0.20233233     	0.1963432      	0.20976353     	0.20585164     	0.21100396     	0.20515515     	0.20805869     	0.20108898     	0.21270461     	0.20563205     	0.20881292     	0.2134131      	0.20463663     	0.20397878     	0.20474124     	0.20833991     	0.20955901     	0.2087756      	0.21281287     	0.21016675     	0.20493793     	0.20514175     	0.19619215     	0.2112966      	0.2065161      	0.20964207     	0.21098608     	0.20635214     	0.20470057     	0.20640776     	0.20656967     	0.20405895     	0.20824957     	0.21273202     	0.21108039     	0.21627693     	0.21849602     	0.20844646     	0.23087375     	0.22323196     	0.19293344     	0.19804268     	0.20510471     	0.20432042     	0.20697284     	0.20188862     	0.20522393     	0.20366776     	0.20674656     	0.20691943     	0.2054961      	0.2107976      	0.2098913      	0.20922597     	0.21104681     	0.21187615     	0.20932703     	0.20724256     	0.21134049     	0.20472547     	0.20527305     	0.21530499     	0.21300477     	0.22131284     	0.2043377      	0.21152806     	0.20433153     	0.2091245      	0.20584865     	
0.20912018     	0.21348639     	0.2126165      	0.21292283     	0.22025087     	0.19935355     	0.19039449     	0.20532028     	0.1999722      	0.20867257     	0.20457362     	0.21324126     	0.21345358     	0.20900498     	0.21094695     	0.20560533     	0.20900266     	0.20771787     	0.21410158     	0.20614304     	0.21168917     	0.21315968     	0.20986286     	0.20920578     	0.20523418     	0.21256895     	0.20448254     	0.21094815     	0.17669107     	0.1886517      	0.16106363     	0.19315824     	0.20119964     	0.2072322      	0.2050939      	0.20889719     	0.20357996     	0.21128005     	0.19754717     	0.21151137     	0.21121065     	0.21111202     	0.20802207     	0.2075162      	0.20598271     	0.20535623     	0.21174371     	0.20925868     	0.2094702      	0.20698552     	0.20888631     	0.20637257     	0.20861353     	0.20631543     	0.20567167     	0.21218482     	0.21153572     	0.21221599     	0.21244748     	0.21183217     	0.20829481     	0.2148139      	0.21239907     	0.20534158     	0.20498128     	0.20951417     	0.21784131     	0.20429783     	0.2078266      	0.20642287     	0.15755329     	0.20104639     	0.20276335     	0.2083387      	0.20875122     	0.20767826     	0.20340408     	0.20906216     	0.1978728      	0.20372453     	0.20677948     	0.210596       	0.20394474     	0.21359596     	0.21418448     	0.21057415     	0.21049261     	0.20572032     	0.21493909     	0.21151567     	0.2030094      	0.20432945     	0.21031274     	0.20440108     	0.20834877     	0.20841768     	0.21200241     	0.20529613     	0.20564331     	0.21036935     	
0.21126033     	0.21244928     	0.2119441      	0.21778712     	0.22424117     	0.2125399      	0.21309188     	0.20561114     	0.19850118     	0.19966525     	0.2061941      	0.21357445     	0.2026214      	0.20842952     	0.20487118     	0.21109499     	0.20362294     	0.20880483     	0.20025878     	0.20734319     	0.2040071      	0.20874597     	0.20335478     	0.21252675     	0.2077901      	0.21073969     	0.2070322      	0.20812765     	0.20271054     	0.17370027     	0.19257778     	0.16463467     	0.20230848     	0.1950394      	0.1995578      	0.211781       	0.2061212      	0.20442252     	0.20999306     	0.20710604     	0.20483238     	0.20909467     	0.20139888     	0.20361853     	0.2074178      	0.2142393      	0.20795797     	0.21110645     	0.20529003     	0.2077013      	0.20964542     	0.20367907     	0.20953885     	0.20753367     	0.20575477     	0.21265635     	0.2165309      	0.20862484     	0.21073428     	0.2102207      	0.21649629     	0.21487224     	0.21752435     	0.20414923     	0.21084893     	0.20999098     	0.20651285     	0.20750302     	0.21243714     	0.164367       	0.2009729      	0.20839524     	0.2134896      	0.2028519      	0.21090586     	0.20661958     	0.20039478     	0.20871218     	0.20107499     	0.20605348     	0.20720431     	0.20207517     	0.20769158     	0.2083164      	0.21224268     	0.20478499     	0.20754841     	0.209541       	0.21118438     	0.21413101     	0.20356394     	0.20821233     	0.20454127     	0.20608701     	0.2113441      	0.21012065     	0.21127717     	0.20397022     	0.20729633     	0.2116469      	
0.20941412     	0.20698045     	0.20609316     	0.20718192     	0.21814246     	0.22490633     	0.18403088     	0.1765389      	0.20850591     	0.20716663     	0.21460907     	0.20440526     	0.20470466     	0.21226752     	0.20968877     	0.21115805     	0.21402033     	0.20232303     	0.20733294     	0.2115152      	0.20317009     	0.20252353     	0.20631103     	0.20662636     	0.20106481     	0.21074475     	0.20569201     	0.20242465     	0.21220534     	0.20464115     	0.17560332     	0.18341908     	0.19593877     	0.19968538     	0.20088471     	0.20179944     	0.21160255     	0.2107842      	0.20395984     	0.20941971     	0.20830455     	0.21280931     	0.20403783     	0.21322413     	0.21631736     	0.21234052     	0.21170868     	0.20740291     	0.20951515     	0.21051241     	0.21111894     	0.2026349      	0.21375722     	0.21404094     	0.21290301     	0.21407574     	0.21127774     	0.20670283     	0.20709611     	0.21266566     	0.21572232     	0.21436638     	0.21104053     	0.13541776     	0.20837072     	0.20366934     	0.21592265     	0.20959409     	0.20802304     	0.20231892     	0.21013838     	0.20948343     	0.20103984     	0.21102443     	0.20443618     	0.2095226      	0.20814203     	0.2104371      	0.2055344      	0.20734985     	0.21050434     	0.2012239      	0.20718338     	0.20951486     	0.21003819     	0.21111909     	0.20688538     	0.21191718     	0.21430919     	0.21015656     	0.20982453     	0.20352946     	0.21091491     	0.20606852     	0.21355753     	0.20093153     	0.21534063     	0.20596805     	0.20782275     	0.206509       	
0.20935158     	0.20418595     	0.20361759     	0.20935643     	0.2168078      	0.21805851     	0.22143939     	0.20520662     	0.18081619     	0.19766618     	0.20030087     	0.20740864     	0.2137816      	0.20988429     	0.20531091     	0.2049466      	0.20267889     	0.20353647     	0.21522136     	0.20800127     	0.20239638     	0.20492485     	0.20800442     	0.20731238     	0.21011479     	0.21062016     	0.20700504     	0.20590724     	0.20938146     	0.2024854      	0.16510297     	0.18915533     	0.14738034     	0.20424032     	0.20201421     	0.20494056     	0.20484991     	0.21190321     	0.21279708     	0.2088874      	0.208462       	0.21449783     	0.20398712     	0.21270154     	0.2135755      	0.2099265      	0.21651605     	0.20425883     	0.2070863      	0.20619787     	0.21415503     	0.21303701     	0.20863721     	0.21389727     	0.20272295     	0.20402117     	0.15733905     	0.20379063     	0.20033924     	0.21156883     	0.19969901     	0.20550619     	0.20748763     	0.20191365     	0.21551225     	0.20653415     	0.20279954     	0.20938653     	0.21083568     	0.20437467     	0.2067511      	0.20996384     	0.2131248      	0.20908439     	0.20337711     	0.20647669     	0.20655537     	0.21278545     	0.20500095     	0.20226865     	0.20736192     	0.20832947     	0.21010374     	0.20775285     	0.20706458     	0.21307342     	0.21208559     	0.20964074     	0.20802937     	0.20429853     	0.2104991      	0.20227525     	0.20752482     	0.21019654     	0.20734204     	0.20770288     	0.20849904     	0.20860921     	0.20711206     	0.21052347     	
0.20906548     	0.20370932     	0.20879413     	0.2120102      	0.21664229     	0.2132356      	0.21847351     	0.2047155      	0.170498       	0.20833485     	0.215304       	0.20562886     	0.20255141     	0.20806402     	0.2071165      	0.20437929     	0.20861109     	0.21063924     	0.20842414     	0.20504823     	0.20760521     	0.21192619     	0.20794834     	0.20339467     	0.21116385     	0.20522484     	0.2041225      	0.20418383     	0.21092273     	0.2129684      	0.17502712     	0.19143203     	0.20021999     	0.21437302     	0.17456703     	0.19347341     	0.20129909     	0.20891748     	0.21286602     	0.21103477     	0.21312444     	0.21100217     	0.21283653     	0.20619082     	0.20681697     	0.21064703     	0.20677365     	0.20013918     	0.14942932     	0.20851        	0.2079555      	0.21077532     	0.20981972     	0.2084999      	0.2114091      	0.20406148     	0.20379534     	0.21291637     	0.20954011     	0.2065322      	0.20842128     	0.20553394     	0.2118214      	0.2128991      	0.20849138     	0.21313396     	0.20495205     	0.20509675     	0.2067906      	0.20626728     	0.21192662     	0.20505956     	0.21069679     	0.2093288      	0.2053897      	0.20475617     	0.20549108     	0.20416497     	0.21058455     	0.20991693     	0.20781629     	0.21214658     	0.20838928     	0.20650943     	0.20738631     	0.20409214     	0.20737816     	0.20711029     	0.20716512     	0.21572788     	0.2073299      	0.20770825     	0.20883034     	0.21325146     	0.21192226     	0.20472664     	0.21442866     	0.20329067     	0.20592615     	0.20375358     	
0.20377803     	0.20709576     	0.20630267     	0.20566474     	0.20913921     	0.21416532     	0.21309178     	0.22214742     	0.2081946      	0.19878012     	0.20430207     	0.21144424     	0.20829272     	0.21025842     	0.20643064     	0.206398       	0.20898314     	0.20520067     	0.20133209     	0.20982844     	0.20639431     	0.20654383     	0.20354934     	0.21110466     	0.21480125     	0.20713642     	0.20654896     	0.20883942     	0.20313041     	0.20807499     	0.2053457      	0.20806861     	0.19047657     	0.2003952      	0.18024251     	0.20899211     	0.20910385     	0.21215722     	0.21332635     	0.19959487     	0.2034883      	0.17797521     	0.19895676     	0.20556419     	0.2037011      	0.20693235     	0.21135603     	0.2067418      	0.20444395     	0.20828228     	0.20874353     	0.2155649      	0.212973       	0.20881243     	0.20474152     	0.20264249     	0.20900159     	0.20405614     	0.20215867     	0.21094728     	0.20025423     	0.21386018     	0.21334091     	0.21115573     	0.20365424     	0.21020994     	0.20993069     	0.21130034     	0.20838082     	0.20973031     	0.20634647     	0.20830539     	0.21095976     	0.20759057     	0.21478005     	0.20450659     	0.20903659     	0.20759134     	0.20836145     	0.20993815     	0.21193093     	0.20915847     	0.20652439     	0.2096065      	0.21081276     	0.21052417     	0.2045105      	0.20850459     	0.19801776     	0.20658314     	0.2080058      	0.20739229     	0.2048461      	0.20532317     	0.20620413     	0.20573148     	0.20785944     	0.20638557     	0.21115749     	0.20356844     	
0.20386522     	0.20895511     	0.21108647     	0.2050092      	0.20892051     	0.21246585     	0.21952851     	0.21727394     	0.21435136     	0.24139851     	0.20159122     	0.20733815     	0.21016705     	0.20999986     	0.21175002     	0.20791173     	0.21075782     	0.20732705     	0.21036409     	0.2070723      	0.20479943     	0.21095964     	0.21272567     	0.20333202     	0.21035193     	0.20956731     	0.20775089     	0.20735602     	0.20394231     	0.20589636     	0.20499793     	0.2122097      	0.2080399      	0.20878366     	0.2052321      	0.20481776     	0.2093844      	0.2085437      	0.20995553     	0.20737539     	0.21159965     	0.20810378     	0.21125709     	0.21501085     	0.20468956     	0.20957132     	0.20822369     	0.21166348     	0.21116969     	0.21232928     	0.20683594     	0.20706706     	0.21490656     	0.20581485     	0.20781454     	0.20749876     	0.20907459     	0.21178572     	0.21275811     	0.21022269     	0.20726186     	0.21184961     	0.20936638     	0.208692       	0.19991975     	0.21337299     	0.21222028     	0.20699373     	0.21320307     	0.20281073     	0.21037577     	0.21332961     	0.20741513     	0.21414724     	0.20300804     	0.20554386     	0.20617498     	0.2073101      	0.21226977     	0.20527667     	0.20629773     	0.20776859     	0.21077076     	0.20974214     	0.20745167     	0.20690757     	0.21095009     	0.20575789     	0.20279923     	0.209003       	0.20517135     	0.21266228     	0.20239735     	0.207526       	0.20978159     	0.20593233     	0.20920998     	0.20061094     	0.21014996     	0.20426995     	
0.20435843     	0.20617081     	0.20897308     	0.21540296     	0.21047708     	0.21194795     	0.21581432     	0.20926067     	0.19980413     	0.2278886      	0.20748948     	0.20005019     	0.20378846     	0.20199798     	0.20525882     	0.20546523     	0.20704983     	0.2045924      	0.20685779     	0.21413079     	0.20341153     	0.20635882     	0.2096078      	0.20747        	0.20318222     	0.20116438     	0.21085493     	0.20838417     	0.20231695     	0.2044776      	0.2030506      	0.20313762     	0.20780613     	0.21419817     	0.20388664     	0.20840462     	0.20722032     	0.20456156     	0.20871912     	0.20380339     	0.20867407     	0.21011384     	0.20822753     	0.20623955     	0.20719191     	0.2038057      	0.20787436     	0.20717782     	0.20785461     	0.21022564     	0.20651554     	0.21364562     	0.20828483     	0.20925474     	0.20757139     	0.21017802     	0.20610029     	0.20440783     	0.2084852      	0.20789093     	0.20714721     	0.21343482     	0.21323982     	0.20905796     	0.20733456     	0.21240875     	0.20799835     	0.20483887     	0.20439778     	0.21237604     	0.20804754     	0.210979       	0.2092229      	0.20678887     	0.2113726      	0.21019138     	0.20941116     	0.21085161     	0.20309085     	0.2032603      	0.21346125     	0.2066741      	0.20816967     	0.2075911      	0.21369164     	0.2078454      	0.20327476     	0.21317434     	0.20822085     	0.20728743     	0.20456232     	0.2058344      	0.2064178      	0.20620425     	0.20898424     	0.20162788     	0.20758839     	0.20244415     	0.20887043     	0.20517048     	
0.2073227      	0.20719498     	0.21143997     	0.21109132     	0.20856342     	0.20852406     	0.21833138     	0.19603711     	0.19666947     	0.2035423      	0.20691277     	0.20006129     	0.2103827      	0.2061532      	0.20788814     	0.20551048     	0.20301197     	0.21279481     	0.21562345     	0.20541364     	0.20678261     	0.20055959     	0.20910275     	0.21286005     	0.20401315     	0.21144316     	0.20372209     	0.2105392      	0.20710059     	0.19718339     	0.20604779     	0.20913213     	0.20410956     	0.20589328     	0.2050822      	0.20781167     	0.20547962     	0.20980702     	0.21435344     	0.20757215     	0.20584145     	0.2061043      	0.2038839      	0.2099998      	0.20300147     	0.21486528     	0.20218572     	0.20269836     	0.21270537     	0.20636232     	0.2124853      	0.21181476     	0.20273785     	0.21422778     	0.21034557     	0.20563915     	0.20236538     	0.20636556     	0.20595437     	0.20891157     	0.20709588     	0.20748244     	0.20359449     	0.20616679     	0.20799233     	0.20931342     	0.2052134      	0.20683216     	0.20391628     	0.20988464     	0.2016553      	0.21146955     	0.20848536     	0.20407669     	0.20303173     	0.2060613      	0.20686918     	0.21069221     	0.20606768     	0.20118667     	0.20658644     	0.21231274     	0.20718239     	0.20985286     	0.2080299      	0.20646322     	0.2017398      	0.20924827     	0.20082903     	0.20508793     	0.20390116     	0.20742533     	0.20391193     	0.20895655     	0.21107878     	0.2095923      	0.20403975     	0.20344023     	0.210933       	0.20485382     	
0.21156333     	0.2123504      	0.22120525     	0.22074018     	0.21429859     	0.20665509     	0.2098519      	0.21974432     	0.18859228     	0.20424362     	0.20396897     	0.20124316     	0.20526181     	0.20659323     	0.20493379     	0.20444411     	0.20751822     	0.20733263     	0.20419791     	0.21408568     	0.2110021      	0.20949635     	0.21088849     	0.21438113     	0.21384333     	0.21044523     	0.20967282     	0.20479636     	0.20877591     	0.20145413     	0.2086531      	0.2110976      	0.20223086     	0.20319447     	0.21073143     	0.20052215     	0.21369302     	0.2101428      	0.20352982     	0.20522352     	0.21107294     	0.21009362     	0.20830634     	0.20411314     	0.20392662     	0.20961392     	0.21120508     	0.21413675     	0.21060775     	0.20654805     	0.20405641     	0.20756072     	0.20761782     	0.20693605     	0.2029512      	0.2040137      	0.20761025     	0.20888077     	0.20592186     	0.20688431     	0.20619483     	0.20779343     	0.20194104     	0.20691873     	0.20225506     	0.21007033     	0.21158403     	0.21064076     	0.20751734     	0.2059273      	0.20810951     	0.21013846     	0.20508373     	0.21023391     	0.20884193     	0.20439172     	0.20599262     	0.20591483     	0.20989642     	0.21109942     	0.20328188     	0.20998256     	0.20519903     	0.20565987     	0.20642166     	0.21729945     	0.19777958     	0.20507483     	0.20811898     	0.20167433     	0.207213       	0.2026069      	0.20919022     	0.20898663     	0.20446791     	0.20548043     	0.21028544     	0.20522898     	0.2105922      	0.12906225     	
0.21020871     	0.2212396      	0.18568757     	0.16205174     	0.20926835     	0.20600617     	0.2009399      	0.20616226     	0.2088996      	0.20812        	0.20407748     	0.21062353     	0.2139392      	0.21005617     	0.20549172     	0.20456855     	0.2065316      	0.20501392     	0.20387867     	0.20225209     	0.20914513     	0.20564407     	0.2089295      	0.21082889     	0.20369336     	0.208026       	0.20491365     	0.21191275     	0.20552853     	0.20642029     	0.20766813     	0.20929217     	0.2103044      	0.20313025     	0.20915335     	0.20983674     	0.20161258     	0.2071395      	0.20870088     	0.20312206     	0.20921749     	0.20898178     	0.20957145     	0.20577878     	0.21033534     	0.20581338     	0.21493393     	0.20537636     	0.20959201     	0.21179168     	0.20348336     	0.21349543     	0.20873702     	0.20344652     	0.21043068     	0.20265466     	0.20843627     	0.20765515     	0.21603674     	0.211575       	0.21125004     	0.21067247     	0.20933054     	0.20992875     	0.2044844      	0.20247447     	0.20917676     	0.20514081     	0.20167352     	0.21011293     	0.2116798      	0.21046941     	0.21212263     	0.21010017     	0.20980242     	0.21392392     	0.20808868     	0.21153727     	0.20644313     	0.20606753     	0.2061598      	0.20382106     	0.21216269     	0.20830746     	0.20638555     	0.1980654      	0.20830174     	0.20774813     	0.2153647      	0.20786507     	0.20817837     	0.20943058     	0.20470497     	0.2086304      	0.21081324     	0.20952336     	0.20536925     	0.20619436     	0.20316689     	0.13053605     	
0.20759818     	0.20865452     	0.20538956     	0.20351928     	0.20762652     	0.20356274     	0.21261127     	0.208832       	0.21202344     	0.2058137      	0.2082432      	0.20724306     	0.2045049      	0.20859534     	0.20683824     	0.20120116     	0.20884721     	0.20426585     	0.2070724      	0.20500144     	0.20391116     	0.20364189     	0.20461643     	0.21498708     	0.1995953      	0.20499821     	0.20786816     	0.19906074     	0.20781505     	0.20317574     	0.20726034     	0.20655583     	0.20957413     	0.20758736     	0.20972398     	0.20987357     	0.20478517     	0.20830037     	0.20593831     	0.20970589     	0.21326348     	0.20766148     	0.20731385     	0.2104311      	0.20744917     	0.21106036     	0.21179314     	0.2099927      	0.20820767     	0.20768031     	0.20820265     	0.20950198     	0.21242197     	0.20359842     	0.20971303     	0.21279314     	0.21058829     	0.21160007     	0.20956814     	0.12795377     	0.19789243     	0.21373923     	0.21415515     	0.21897843     	0.1895266      	0.20547377     	0.20572416     	0.20900616     	0.20909137     	0.20816055     	0.18565877     	0.20644133     	0.19981156     	0.18194562     	0.20146336     	0.20337294     	0.20876518     	0.20716287     	0.20537528     	0.20830968     	0.20858267     	0.2062283      	0.21322341     	0.21193786     	0.21743782     	0.20254238     	0.20511463     	0.20561977     	0.20992859     	0.21349765     	0.20494956     	0.20352013     	0.20482472     	0.20966981     	0.20705001     	0.21208747     	0.20557049     	0.21679115     	0.14834365     	0.18535322     	
0.21119735     	0.20759012     	0.20530897     	0.20904012     	0.20625511     	0.20949078     	0.20448244     	0.20772809     	0.21153396     	0.20611888     	0.21832919     	0.2114236      	0.2046213      	0.20542674     	0.20754175     	0.20704539     	0.2095339      	0.20810893     	0.21274735     	0.21524139     	0.21520871     	0.20516305     	0.19781439     	0.20500274     	0.20448929     	0.20517774     	0.20922373     	0.21484049     	0.20579892     	0.20173632     	0.20971328     	0.20717661     	0.20521012     	0.20892544     	0.20338482     	0.21308617     	0.21086799     	0.20803781     	0.20396805     	0.2105445      	0.20693266     	0.2115571      	0.20512119     	0.20888852     	0.20441805     	0.20755918     	0.20664161     	0.21228747     	0.20472825     	0.20432538     	0.21139164     	0.20513433     	0.20381097     	0.20807734     	0.21254854     	0.20478733     	0.20913635     	0.1452248      	0.19869548     	0.19712315     	0.20376648     	0.21235572     	0.21252675     	0.19103663     	0.20297852     	0.20655835     	0.20505407     	0.2073943      	0.21138424     	0.21032497     	0.21341284     	0.14015353     	0.1960971      	0.21861327     	0.2006871      	0.2056975      	0.22352302     	0.19271949     	0.20995283     	0.20229447     	0.21271902     	0.20596021     	0.2053925      	0.20941229     	0.20616306     	0.20911863     	0.2100417      	0.21575074     	0.20913558     	0.21190777     	0.20774658     	0.21204038     	0.2065551      	0.20601356     	0.20939209     	0.20481493     	0.20516053     	0.21287611     	0.2048581      	0.12222356     	
0.2125128      	0.20907094     	0.21481645     	0.21056516     	0.20633078     	0.20954295     	0.20627664     	0.20759727     	0.20683123     	0.20934898     	0.20582087     	0.19958128     	0.21060604     	0.21113081     	0.2081237      	0.20694007     	0.20995474     	0.2106437      	0.200817       	0.21658285     	0.20882028     	0.21217735     	0.20637384     	0.20228964     	0.20659962     	0.20870593     	0.2113943      	0.20915405     	0.20429246     	0.20742549     	0.20818838     	0.2072682      	0.20572376     	0.2074599      	0.20775427     	0.20627138     	0.20839569     	0.20876221     	0.20823492     	0.20664686     	0.20314814     	0.21316619     	0.20197704     	0.21117438     	0.20879745     	0.21137092     	0.21051435     	0.20887879     	0.20565839     	0.20610738     	0.20735584     	0.21308587     	0.20347637     	0.20472078     	0.17712261     	0.20042548     	0.20304321     	0.2055535      	0.21550757     	0.2041651      	0.2099126      	0.20665376     	0.20668484     	0.20384365     	0.19809708     	0.1683618      	0.19527029     	0.20019181     	0.19835436     	0.20621951     	0.20366138     	0.20441782     	0.211285       	0.207656       	0.20711827     	0.21434939     	0.21026371     	0.20803328     	0.20521246     	0.20113562     	0.21323836     	0.21186872     	0.21106185     	0.19830061     	0.20416111     	0.20452641     	0.21487278     	0.20370747     	0.20407006     	0.21248221     	0.21108148     	0.2115653      	0.20655234     	0.2021499      	0.20831198     	0.2122794      	0.21477841     	0.20001873     	0.2012281      	0.21017732     	
0.20907402     	0.20936346     	0.20971195     	0.21123558     	0.20646289     	0.21102804     	0.21124071     	0.20812786     	0.20649308     	0.20590557     	0.20382513     	0.20819917     	0.21418314     	0.21003568     	0.2107945      	0.2075882      	0.2075717      	0.20630984     	0.21084169     	0.20845112     	0.21134642     	0.21348745     	0.19996269     	0.21261166     	0.2128145      	0.20838088     	0.19930673     	0.20967625     	0.2057682      	0.2086618      	0.2019846      	0.20879404     	0.21129392     	0.2052056      	0.2023324      	0.20821248     	0.20797151     	0.20490052     	0.2069845      	0.20579292     	0.20149802     	0.20318253     	0.2030477      	0.20819134     	0.20882066     	0.20827517     	0.21125963     	0.18622045     	0.19315474     	0.19627044     	0.20335479     	0.20555513     	0.21082738     	0.20604499     	0.20857982     	0.19876426     	0.15556546     	0.20240894     	0.17460765     	0.19656087     	0.20119438     	0.2056359      	0.20763068     	0.20700684     	0.20837492     	0.20886807     	0.20537692     	0.20703612     	0.20764126     	0.20238894     	0.20564175     	0.20355232     	0.20452623     	0.20239742     	0.20853461     	0.21589918     	0.20839079     	0.22118984     	0.19718497     	0.20086764     	0.20779912     	0.20197678     	0.20767628     	0.20590572     	0.20717633     	0.21541187     	0.1998916      	0.20800342     	0.2033875      	0.20379576     	0.20473346     	0.2039973      	0.20232435     	0.21023652     	0.20566031     	0.20260295     	0.21360724     	0.20836629     	0.21203424     	0.20651758     	
0.20548952     	0.20655346     	0.20038913     	0.20567803     	0.20932925     	0.21336891     	0.2054717      	0.20048335     	0.21479093     	0.2027912      	0.20458995     	0.21391316     	0.20969929     	0.2101778      	0.20843837     	0.20297918     	0.21100067     	0.20557615     	0.20806746     	0.20358871     	0.20465772     	0.20468533     	0.20787501     	0.20709409     	0.20880352     	0.20662162     	0.20888397     	0.21170089     	0.20998074     	0.19976036     	0.21182331     	0.21075417     	0.21035846     	0.20638046     	0.21019587     	0.21447657     	0.20255676     	0.20887806     	0.20317292     	0.2120181      	0.20848013     	0.21054362     	0.1755417      	0.19345815     	0.20916094     	0.21046415     	0.20224342     	0.2047336      	0.20978945     	0.1932758      	0.1780723      	0.1865388      	0.20448694     	0.20094933     	0.20181778     	0.20824972     	0.2042703      	0.20375656     	0.21021335     	0.20710708     	0.20664132     	0.21371318     	0.2030487      	0.20128477     	0.20567803     	0.20921119     	0.20511283     	0.20707461     	0.2101252      	0.21356198     	0.21179186     	0.21256343     	0.207067       	0.20280318     	0.21454349     	0.21289343     	0.21186984     	0.22028491     	0.19093353     	0.19797046     	0.20610015     	0.20369874     	0.21086639     	0.20778684     	0.19951099     	0.20333779     	0.20402025     	0.20406851     	0.20661904     	0.20992257     	0.20603023     	0.20729813     	0.21251644     	0.20757066     	0.2110709      	0.20742752     	0.2032404      	0.2051326      	0.20808485     	0.20981939     	
0.2072284      	0.20880765     	0.21400413     	0.20980708     	0.20507331     	0.20974045     	0.2106165      	0.20849831     	0.20491986     	0.21145606     	0.20430565     	0.20258033     	0.20948306     	0.20621525     	0.21051116     	0.21900886     	0.21081206     	0.20863156     	0.21120778     	0.20717496     	0.20683703     	0.20405312     	0.20279758     	0.20886056     	0.20725253     	0.21052471     	0.2044196      	0.2059438      	0.20400417     	0.2092925      	0.20760524     	0.21059066     	0.20536888     	0.20323764     	0.20995413     	0.20478137     	0.20546879     	0.20243326     	0.21272868     	0.20803857     	0.1966807      	0.1803729      	0.18751167     	0.19418482     	0.1766729      	0.20813236     	0.20681354     	0.205276       	0.21208403     	0.20674735     	0.21177241     	0.20894304     	0.20644844     	0.20525417     	0.21208708     	0.2035871      	0.20316654     	0.20649955     	0.20610577     	0.20084389     	0.20171846     	0.21278273     	0.2089627      	0.21589074     	0.20300178     	0.20835891     	0.21000546     	0.2091171      	0.20924321     	0.20359235     	0.21206403     	0.20647801     	0.20805408     	0.2058607      	0.20944996     	0.21649314     	0.21714105     	0.21402648     	0.22833999     	0.22617456     	0.21144223     	0.21192928     	0.2061291      	0.20910066     	0.20796034     	0.20716508     	0.2076142      	0.2033088      	0.21029852     	0.20885427     	0.20653126     	0.20898604     	0.20346811     	0.20499362     	0.20747072     	0.20976058     	0.20511545     	0.21186894     	0.20997262     	0.20512483     	
0.20701192     	0.20787437     	0.21480237     	0.21549414     	0.20633988     	0.20247169     	0.21406169     	0.20513245     	0.21162099     	0.20604572     	0.21088895     	0.2112511      	0.20318857     	0.20913646     	0.20247327     	0.20514108     	0.20465755     	0.20377408     	0.20396057     	0.21124785     	0.20646407     	0.20959063     	0.2110573      	0.20580584     	0.21040829     	0.20221457     	0.21168578     	0.2045384      	0.2094872      	0.20742026     	0.20885845     	0.20973566     	0.19862139     	0.20470023     	0.2101669      	0.20664255     	0.20337318     	0.2103657      	0.20737658     	0.104322135    	0.1292325      	0.15942727     	0.19790688     	0.22608231     	0.2407147      	0.20507416     	0.20572877     	0.2085826      	0.2070425      	0.20773888     	0.21045627     	0.20475364     	0.21188162     	0.20800851     	0.20726666     	0.20573878     	0.20772067     	0.20659326     	0.20783436     	0.20821086     	0.20474675     	0.20397052     	0.21650325     	0.21492153     	0.20543237     	0.20679177     	0.20455484     	0.20410827     	0.20530744     	0.21052015     	0.21211812     	0.21557659     	0.20675324     	0.20624018     	0.20999712     	0.21086594     	0.20769446     	0.21313621     	0.21802035     	0.2038459      	0.17205858     	0.20243177     	0.20669618     	0.21443088     	0.19930129     	0.20822607     	0.2053171      	0.21467069     	0.20771733     	0.20692517     	0.20793681     	0.20570463     	0.20705365     	0.20861948     	0.20061941     	0.20765615     	0.21248172     	0.20876758     	0.21203469     	0.21066537     	
0.20786972     	0.20552087     	0.20087285     	0.21083851     	0.2129821      	0.20728654     	0.2079888      	0.20500709     	0.20335446     	0.20750149     	0.20551328     	0.20974948     	0.20558067     	0.20801611     	0.21018533     	0.21189801     	0.21438184     	0.20440267     	0.21237299     	0.20899712     	0.21272777     	0.21123524     	0.20818734     	0.2056795      	0.21022041     	0.21079957     	0.2074921      	0.21109635     	0.20462742     	0.20827068     	0.2090687      	0.20487054     	0.21681602     	0.20598517     	0.21222582     	0.20814686     	0.20904154     	0.21133766     	0.1637784      	0.18518808     	0.168308       	0.17723991     	0.16269675     	0.21018526     	0.17814128     	0.22170325     	0.23084715     	0.24722388     	0.20840809     	0.20781188     	0.20684907     	0.21121122     	0.20573436     	0.20647156     	0.20828441     	0.20486675     	0.20650336     	0.20779812     	0.20925269     	0.20827796     	0.21202552     	0.21077757     	0.20957877     	0.20597178     	0.20152384     	0.20212713     	0.20824845     	0.2055992      	0.20304953     	0.20723854     	0.20685005     	0.21047227     	0.20837013     	0.21128812     	0.20822084     	0.20916562     	0.20625624     	0.21523839     	0.2179688      	0.21706972     	0.20771594     	0.14089614     	0.20302519     	0.2009769      	0.20322214     	0.20471089     	0.21284503     	0.20675491     	0.20688994     	0.20786606     	0.2059999      	0.20763215     	0.20182557     	0.20943828     	0.2072641      	0.21133423     	0.1971878      	0.20769021     	0.20157719     	0.21142314     	
0.20423411     	0.21707843     	0.21693954     	0.20985372     	0.20833021     	0.20100209     	0.21140821     	0.20857166     	0.19733933     	0.2035087      	0.20074838     	0.19666271     	0.20563234     	0.21754919     	0.1944065      	0.2004377      	0.2035548      	0.20292445     	0.20306797     	0.20827663     	0.20963465     	0.21034813     	0.205197       	0.21012285     	0.20251824     	0.20775215     	0.21300077     	0.21045646     	0.20439552     	0.21057792     	0.20481034     	0.20660555     	0.20551789     	0.21303765     	0.1983646      	0.20655371     	0.14797442     	0.16115251     	0.17523138     	0.12673753     	0.17347094     	0.19394334     	0.20707881     	0.21065965     	0.20970315     	0.2120298      	0.21687144     	0.21982664     	0.25083116     	0.21183236     	0.19889879     	0.20450021     	0.21143158     	0.20455627     	0.20546322     	0.20639877     	0.2069428      	0.20391378     	0.20930104     	0.21023008     	0.20790838     	0.20271361     	0.20166378     	0.21410242     	0.20302099     	0.20651568     	0.20856433     	0.21084215     	0.2070138      	0.20877448     	0.20135523     	0.2074685      	0.21178783     	0.2082847      	0.21498208     	0.20046705     	0.21112825     	0.21397209     	0.21605659     	0.21755806     	0.19013806     	0.16237421     	0.20405534     	0.20470868     	0.20076783     	0.20627585     	0.21597481     	0.20908187     	0.20846336     	0.2122223      	0.20354407     	0.20761967     	0.20793374     	0.20625329     	0.21165083     	0.21148936     	0.21314049     	0.20831168     	0.20323071     	0.21411218     	
0.20444873     	0.20488048     	0.204377       	0.20065746     	0.20027596     	0.20582975     	0.21347128     	0.21128604     	0.21149528     	0.20488226     	0.20669009     	0.1974303      	0.19165386     	0.20234042     	0.20740385     	0.20776851     	0.21183148     	0.17017499     	0.2042738      	0.20033227     	0.21297054     	0.20496787     	0.21126647     	0.21058197     	0.20157799     	0.21612668     	0.20917334     	0.20191388     	0.20832202     	0.20652464     	0.20860977     	0.20973249     	0.21267803     	0.20742479     	0.20741786     	0.20824255     	0.19144669     	0.13002557     	0.17052354     	0.18180138     	0.19804488     	0.20270273     	0.19641264     	0.21188338     	0.20776312     	0.2180735      	0.21348068     	0.2101208      	0.22808771     	0.24213545     	0.24210247     	0.2010604      	0.20776825     	0.20830853     	0.20519744     	0.21146266     	0.19561636     	0.20709814     	0.20571938     	0.20657927     	0.20537058     	0.20725097     	0.21551152     	0.20869921     	0.21188648     	0.20382875     	0.20470457     	0.21406801     	0.21010226     	0.20978147     	0.20535313     	0.20704539     	0.21024746     	0.21073844     	0.21017879     	0.2107616      	0.2021971      	0.20003209     	0.21545358     	0.21232207     	0.21907037     	0.19063692     	0.17908874     	0.20554832     	0.20559308     	0.21147634     	0.20981394     	0.20946655     	0.20991047     	0.21331908     	0.20923151     	0.20782436     	0.20503986     	0.20854487     	0.21441685     	0.20365538     	0.20115462     	0.20820172     	0.21151403     	0.20846376     	
0.21888348     	0.20656796     	0.20094061     	0.1882997      	0.19129542     	0.19473396     	0.20717177     	0.20039825     	0.20361026     	0.20492497     	0.2044534      	0.20816766     	0.21091256     	0.20530446     	0.2159358      	0.2164191      	0.22098008     	0.22479065     	0.1606025      	0.20858186     	0.20373516     	0.20782393     	0.20572145     	0.209999       	0.20574537     	0.20952        	0.20674545     	0.20136575     	0.20644201     	0.21074967     	0.21167381     	0.20184638     	0.20831002     	0.20863652     	0.2135365      	0.09238772     	0.1799855      	0.17317994     	0.1447157      	0.1617008      	0.20850727     	0.18971257     	0.20297171     	0.2053004      	0.20974457     	0.2261546      	0.21789213     	0.19769576     	0.21387726     	0.23555145     	0.23197895     	0.19974141     	0.20592493     	0.20378278     	0.20350756     	0.20706792     	0.2065047      	0.20372112     	0.20634212     	0.20698124     	0.20604369     	0.20877938     	0.2106228      	0.20813584     	0.20641361     	0.20500726     	0.20577237     	0.20993516     	0.19897212     	0.20847291     	0.21111338     	0.20853363     	0.20406094     	0.20640352     	0.2084587      	0.20367262     	0.20742315     	0.20927228     	0.21707843     	0.21261527     	0.21521735     	0.20669264     	0.23595726     	0.18771328     	0.2026251      	0.20434736     	0.20901813     	0.20790766     	0.21028017     	0.20764644     	0.20164381     	0.20914085     	0.20752497     	0.20864198     	0.21082304     	0.20271157     	0.20717694     	0.20926869     	0.20761748     	0.20858552     	
0.2036999      	0.19989502     	0.20135076     	0.20466436     	0.20765711     	0.2071501      	0.20534259     	0.20473097     	0.20849007     	0.20298035     	0.20525947     	0.21089345     	0.20463626     	0.20808402     	0.21245754     	0.21248731     	0.21486513     	0.21242432     	0.20908317     	0.19570504     	0.2043797      	0.20852688     	0.21008527     	0.20771058     	0.20887186     	0.20654474     	0.20399779     	0.21085021     	0.2129793      	0.21068333     	0.20922722     	0.21446115     	0.20896168     	0.20727146     	0.2080921      	0.06585529     	0.16178657     	0.20150234     	0.18915889     	0.1878328      	0.2045237      	0.17193426     	0.19323444     	0.20680687     	0.21861677     	0.2143555      	0.17460789     	0.17387743     	0.21788105     	0.25201985     	0.21318266     	0.20232019     	0.21132356     	0.21071175     	0.2054117      	0.20481826     	0.20856723     	0.20662011     	0.20626573     	0.20389633     	0.20311639     	0.20378903     	0.20410955     	0.21150066     	0.20289922     	0.20525622     	0.20523849     	0.20775494     	0.2079171      	0.20467938     	0.20999235     	0.2071151      	0.21061014     	0.21166724     	0.20751931     	0.20418294     	0.20497243     	0.21542376     	0.21214935     	0.21065304     	0.2057387      	0.22252232     	0.20564538     	0.18546288     	0.21091452     	0.21055655     	0.20535742     	0.20699398     	0.21502413     	0.20253496     	0.20719312     	0.21279332     	0.20641735     	0.20578116     	0.20651783     	0.2092926      	0.21001033     	0.21093984     	0.21464755     	0.20807122     	
0.20793127     	0.20765278     	0.20752366     	0.20598815     	0.20633453     	0.20444296     	0.20503572     	0.21325499     	0.20920499     	0.20390995     	0.20199211     	0.20773609     	0.21038687     	0.20599112     	0.21190037     	0.20978956     	0.21748829     	0.2169948      	0.21021599     	0.22441295     	0.20657256     	0.2075519      	0.20559481     	0.20460775     	0.2105997      	0.20676717     	0.20099697     	0.2092757      	0.20727889     	0.21569599     	0.2075203      	0.21029791     	0.20925908     	0.20650712     	0.20667413     	0.20906845     	0.20636018     	0.13675494     	0.123276554    	0.19596946     	0.13390027     	0.19851334     	0.17436871     	0.20429051     	0.15885668     	0.2032486      	0.20749813     	0.22142869     	0.20126925     	0.21061578     	0.21299076     	0.20377682     	0.20649005     	0.20408913     	0.21034434     	0.20522898     	0.20357484     	0.21685234     	0.20603968     	0.20509647     	0.20453267     	0.21065287     	0.20906766     	0.21118839     	0.20525707     	0.20911987     	0.21132551     	0.210658       	0.20798598     	0.20841834     	0.21006462     	0.20531139     	0.20592558     	0.20473497     	0.21409708     	0.2085579      	0.20620544     	0.2115947      	0.20586543     	0.21116892     	0.2115541      	0.21856946     	0.22729906     	0.20105687     	0.20621204     	0.20791556     	0.20699453     	0.20399679     	0.21181744     	0.20772867     	0.20817862     	0.2089318      	0.20560323     	0.20441505     	0.20610477     	0.20789297     	0.20794988     	0.21416725     	0.20496064     	0.20222466     	
0.21039687     	0.21374199     	0.20518458     	0.21147242     	0.20868246     	0.20467676     	0.20525411     	0.20607522     	0.20861374     	0.21009775     	0.21216731     	0.21024914     	0.21066499     	0.20596379     	0.20774722     	0.21157734     	0.22009441     	0.21636468     	0.21634054     	0.20255789     	0.17733864     	0.20809303     	0.20278883     	0.205752       	0.2135985      	0.20765872     	0.20642541     	0.20865889     	0.21015538     	0.21234061     	0.2103828      	0.20674865     	0.20643367     	0.20701845     	0.20408449     	0.20996626     	0.20904037     	0.21627891     	0.20626901     	0.2133039      	0.2132599      	0.19482014     	0.1926366      	0.20350854     	0.1407757      	0.20489793     	0.20403942     	0.1995741      	0.21139297     	0.2071962      	0.21221893     	0.20611686     	0.20520891     	0.2047507      	0.20093267     	0.21187879     	0.21004552     	0.21151808     	0.2088828      	0.21168844     	0.20521234     	0.2105225      	0.20576352     	0.20523906     	0.20867799     	0.20281272     	0.2112403      	0.21240127     	0.20609972     	0.20553042     	0.20895955     	0.21093793     	0.20805638     	0.20318161     	0.21110006     	0.2161552      	0.20448112     	0.20797248     	0.20917635     	0.20782094     	0.2123921      	0.20934868     	0.22062536     	0.21713753     	0.17849231     	0.19283901     	0.20372781     	0.20694074     	0.20442918     	0.21030512     	0.20743401     	0.20722757     	0.20769152     	0.20745549     	0.20991592     	0.20807767     	0.20242928     	0.20877773     	0.20736237     	0.2061429      	
0.21140212     	0.21023497     	0.21094091     	0.20347406     	0.20733362     	0.20562796     	0.1996044      	0.21175179     	0.21206261     	0.20658888     	0.2017505      	0.20530239     	0.21264076     	0.20682298     	0.2102889      	0.20785537     	0.20729396     	0.21456487     	0.21977626     	0.20648025     	0.17892379     	0.20207725     	0.20467381     	0.20527929     	0.2055189      	0.20853892     	0.20706308     	0.20282246     	0.20857075     	0.20483406     	0.2092698      	0.21299198     	0.20642824     	0.205868       	0.20794909     	0.21485709     	0.20857275     	0.20490918     	0.2108472      	0.21214516     	0.20727193     	0.21572423     	0.11480447     	0.18688004     	0.20574352     	0.18910018     	0.19579156     	0.19823343     	0.19976074     	0.20620704     	0.21189517     	0.20224325     	0.20914166     	0.21092889     	0.2116899      	0.21201271     	0.20903572     	0.21132958     	0.20762862     	0.20864682     	0.20859817     	0.20713438     	0.211776       	0.20775637     	0.20489363     	0.20950933     	0.20412755     	0.20829286     	0.20509617     	0.20792568     	0.20486112     	0.20860119     	0.20546494     	0.2069615      	0.20962259     	0.20727673     	0.20502986     	0.20762873     	0.20330659     	0.20478895     	0.21062724     	0.21749489     	0.22231455     	0.22187015     	0.22265847     	0.16550882     	0.20145033     	0.21070546     	0.21035083     	0.20351508     	0.20386161     	0.21053769     	0.20391628     	0.20886834     	0.20770095     	0.20647344     	0.20879656     	0.21320291     	0.21158057     	0.2073175      	
0.20759782     	0.21049865     	0.20682952     	0.2069632      	0.20862676     	0.20649555     	0.20783545     	0.20582502     	0.20989567     	0.20751436     	0.19866583     	0.20785308     	0.21143715     	0.20604444     	0.20535359     	0.20601287     	0.20554328     	0.20851907     	0.21796556     	0.22687055     	0.22198251     	0.15218815     	0.20213161     	0.20207335     	0.2057123      	0.19928165     	0.20166159     	0.21008377     	0.1987271      	0.20784317     	0.20449068     	0.21557462     	0.20489639     	0.20802438     	0.21487291     	0.20728116     	0.2103725      	0.20967807     	0.20580599     	0.20345913     	0.20605583     	0.2064046      	0.21402638     	0.11800869     	0.18412262     	0.16379091     	0.19972728     	0.18619975     	0.19985689     	0.20749229     	0.20821747     	0.20478082     	0.21147634     	0.20671552     	0.20483296     	0.20101784     	0.20689459     	0.21474265     	0.20473143     	0.20503575     	0.20208102     	0.20947774     	0.19810076     	0.20191686     	0.21376719     	0.19924566     	0.20892577     	0.20543507     	0.20941801     	0.20782743     	0.20541133     	0.20692742     	0.19967613     	0.20361733     	0.20001727     	0.20528413     	0.2184799      	0.20644385     	0.2125158      	0.20741475     	0.20686424     	0.22050075     	0.21564962     	0.20975877     	0.19840059     	0.19084978     	0.20564646     	0.20193014     	0.2085282      	0.20669943     	0.20119819     	0.20928489     	0.20831032     	0.210923       	0.20594905     	0.20235556     	0.21070217     	0.21188529     	0.21175703     	0.20841233     	
0.20706435     	0.21192834     	0.21424672     	0.20822828     	0.21238095     	0.21372972     	0.20486721     	0.20438467     	0.20512185     	0.20879896     	0.20933631     	0.20778775     	0.20698422     	0.21107568     	0.20948432     	0.20683078     	0.20476754     	0.2158687      	0.21722734     	0.21768165     	0.21102057     	0.2133896      	0.20225021     	0.2000837      	0.20377733     	0.2055991      	0.21110588     	0.2077066      	0.20843042     	0.20664133     	0.2059325      	0.2084417      	0.21099932     	0.21015143     	0.2110239      	0.201345       	0.2107683      	0.20646566     	0.20914234     	0.21546045     	0.2009057      	0.20873122     	0.20457727     	0.21295941     	0.15561682     	0.19359209     	0.19378926     	0.20354569     	0.19924937     	0.19776848     	0.20554276     	0.21010117     	0.2079635      	0.20717108     	0.20483336     	0.21245189     	0.20611326     	0.20664613     	0.21134545     	0.20791315     	0.20314384     	0.2049014      	0.20617178     	0.21162601     	0.20270364     	0.2031298      	0.21268262     	0.20981702     	0.20421456     	0.21033145     	0.21268106     	0.2112087      	0.20723954     	0.20344533     	0.20874864     	0.20353025     	0.20465334     	0.2064527      	0.20935212     	0.20784973     	0.20723322     	0.20301145     	0.21416485     	0.21006718     	0.21241093     	0.2119461      	0.17272101     	0.20336053     	0.20654778     	0.20974882     	0.20422016     	0.20323119     	0.19972596     	0.20646659     	0.2050227      	0.20494911     	0.20847112     	0.20992656     	0.20772748     	0.21546286     	
