# www.neaspec.com
# Scan:	 	AFM
# Project:	 	20251007_PS
# Description:	 	
# Date:	 	10/07/2025 10:43:47
# Scanner Center Position (X, Y):	[µm]	49.99	50.01	 
# Rotation:	[°]	0	 	 
# Scan Area (X, Y, Z):	[µm]	5.000	5.000	0.000
# Pixel Area (X, Y, Z):	[px]	100	50	1
# Averaging:	 	1	 	 
# Integration time:	[ms]	5	 	 
# Laser Source:	 	4.5-15 µm nano-FTIR laser
# Detector:	 	R
# Target Wavelength:	[µm]	7.502	 	 
# Demodulation Mode:	 	Fourier
# Tip Frequency:	[Hz]	241,340.500	 	 
# Tip Amplitude:	[mV]	45.700	 	 
# Tapping Amplitude:	[nm]	79.665	 	 
# Modulation Frequency:	[Hz]	0.000	 	 
# Modulation Amplitude:	[mV]	0.000	 	 
# Modulation Offset:	[mV]	0.000	 	 
# Setpoint:	[%]	79.75	 	 
# Regulator (P, I, D):	 	4.206850	8.625812	1.000000
# Tip Potential:	[mV]	0.000	 	 
# M1A Scaling:	[nm/V]	0.426	 	 
# M1A Cantilever Factor:	 	1,000	 	 
# Q-Factor:	 	487.4	 	 
# Version:	 	2.1.11536.0
2.1457229      	2.0694785      	2.153136       	2.1501358      	2.4008093      	2.2070806      	2.0236745      	2.3156025      	2.4666042      	2.1696599      	2.0559464      	2.217711       	2.491179       	2.400844       	2.1567225      	2.3603058      	2.4303527      	1.9652854      	2.15208        	2.2654095      	2.24127        	2.342776       	1.9404914      	2.150065       	2.3321157      	2.3333018      	2.30507        	2.0469031      	2.311132       	2.324079       	2.4138136      	2.1525857      	2.6038353      	2.46694        	2.3577647      	2.2237828      	2.3572233      	2.3108912      	2.269023       	2.2247581      	2.134067       	2.4367335      	2.0831242      	2.2680511      	2.4983459      	2.3427477      	2.3828902      	2.2551017      	2.2096434      	2.0562572      	2.3238602      	2.2223482      	2.3517258      	2.01311        	2.3334775      	2.133937       	2.2913578      	2.022481       	2.312039       	2.5390434      	2.1324396      	2.1795866      	2.3987288      	2.1178195      	2.3428388      	2.2243953      	2.2347271      	2.273353       	2.1388688      	2.284156       	2.640556       	2.446284       	2.0500638      	2.00645        	2.04922        	2.0977182      	2.3833241      	2.26669        	2.297677       	2.231418       	2.4342277      	2.2684016      	2.1689625      	2.3260279      	2.161764       	-2.297872      	-2.2470644     	-2.6093214     	-2.2253208     	-2.620093      	-2.0983953     	-2.4262507     	-2.0606823     	2.7478356      	2.7260635      	2.620212       	2.1808457      	2.4060378      	2.5066082      	2.5053973      	
1.9291842      	2.5107365      	2.2367368      	2.4765518      	2.3056054      	2.7099946      	2.3298843      	2.4148238      	2.2586753      	2.5061007      	2.2331553      	2.119007       	2.746613       	2.4625301      	2.0688071      	2.516724       	2.0745654      	2.3722277      	2.2668703      	2.322757       	2.175343       	2.2521222      	2.012506       	2.1754963      	2.4460914      	2.3328085      	2.1268911      	2.5470436      	2.182781       	2.1591575      	2.34867        	2.0821955      	2.4957814      	2.539401       	2.401107       	2.3884778      	2.2090223      	2.3320413      	2.3572073      	2.3396816      	2.4033003      	2.0600147      	2.369564       	2.1268892      	2.3170424      	2.2310686      	2.3619795      	2.293792       	2.3743365      	2.3780184      	1.9480611      	2.2928538      	2.2345757      	2.407525       	2.062255       	2.3827565      	2.3420382      	2.3720965      	2.2513328      	2.3678324      	2.4886944      	2.5463052      	2.1743312      	2.174051       	2.512492       	2.3296137      	2.2517831      	2.1423247      	2.4083552      	2.3690329      	2.3187625      	2.4670997      	2.2672358      	2.3054368      	2.103015       	2.4548478      	2.3281565      	2.6554916      	2.2795641      	2.0920444      	2.1006587      	2.5261078      	2.0879178      	2.1470826      	-1.7257822     	-1.9326192     	2.9592874      	3.0325408      	2.9600146      	2.4087467      	2.295361       	2.58514        	2.4551704      	2.4206023      	2.1214814      	2.2817342      	2.363978       	2.5469747      	2.3994324      	2.5604267      	
2.1067708      	2.2916796      	2.5049608      	2.4234076      	1.924305       	2.3114948      	2.4971788      	2.449226       	2.2576375      	2.1914608      	2.3994153      	2.1553643      	2.0879993      	2.340226       	2.2057571      	2.3753557      	2.5162044      	2.3533437      	2.2409697      	2.3174052      	2.2723482      	2.3014174      	2.5159266      	2.3717413      	2.5262573      	2.4226732      	2.4156327      	2.2501235      	2.0289068      	2.383249       	2.2811246      	2.3156905      	2.432991       	2.520315       	2.2056298      	2.402297       	2.356472       	2.3699632      	2.5554         	2.5878673      	2.4529562      	2.4477584      	2.352319       	2.306476       	2.1425028      	2.6458695      	1.9870962      	2.6124654      	2.1807094      	2.3702931      	2.2635653      	2.1536214      	2.231417       	2.1083074      	2.319745       	2.1793983      	2.1380892      	2.6596403      	2.4242642      	2.3181396      	2.3101788      	2.0835075      	2.2001786      	2.3031576      	2.4288352      	2.2721786      	2.1059167      	2.1200213      	2.1197207      	2.4427888      	2.307162       	2.6250758      	2.5376415      	2.3988137      	2.3468294      	2.319327       	2.3541746      	2.476945       	2.183578       	2.3613462      	2.2863975      	2.487503       	2.462163       	2.7047732      	2.5681276      	2.0677557      	2.427663       	2.2305276      	2.1427524      	2.2830405      	2.179962       	2.4510999      	2.4117656      	2.3333318      	2.4720178      	2.4218616      	2.262342       	2.2116048      	2.3372521      	2.4409618      	
2.3448586      	2.2328577      	2.3006198      	2.3122337      	2.3972769      	2.2336962      	2.465166       	2.2339346      	2.149792       	2.1388717      	2.4465103      	2.3471637      	2.3576472      	2.3675184      	2.216791       	2.2670555      	2.5094812      	2.016921       	2.3217         	2.119535       	2.616318       	2.268941       	2.4071226      	2.2435315      	2.20545        	2.3263776      	2.2217307      	2.199812       	2.3762133      	2.089076       	2.5218387      	2.1506846      	2.4378462      	2.2812927      	2.3940845      	2.3288803      	2.1699905      	2.2946799      	2.4576745      	2.3188572      	2.1872187      	2.0792406      	2.3115585      	2.330586       	2.4821029      	2.5533805      	2.18689        	2.4271836      	2.5555396      	2.4057813      	2.474449       	2.390704       	2.3517427      	2.0443726      	2.0751152      	2.0308862      	2.1584322      	2.5176864      	2.6226735      	2.3103402      	2.0106783      	2.269436       	2.4181175      	2.3893156      	2.18229        	2.0851998      	2.354251       	2.0523028      	2.3473468      	2.3057694      	2.444596       	2.4401462      	2.3134935      	2.2228394      	2.4359856      	2.524237       	2.0879054      	2.476677       	2.217215       	2.2409177      	2.2278357      	2.6364217      	2.7639935      	2.4106717      	2.3067179      	2.3143096      	2.247447       	1.9561608      	2.28175        	2.3053584      	2.5274637      	2.3475828      	2.2804792      	2.174799       	2.4794798      	2.1397247      	2.3252525      	2.4808295      	2.3955731      	2.43573        	
2.0646257      	2.3853703      	2.1009207      	2.1861143      	2.2683353      	2.367437       	2.5279465      	2.2301843      	2.1243432      	2.0877788      	2.2320416      	2.5841124      	2.3593771      	2.403429       	2.125095       	2.2010684      	2.225831       	2.2307286      	2.3267322      	2.4519327      	1.8402426      	2.1034894      	2.4951928      	1.9752417      	2.3391526      	2.7011948      	2.3180084      	2.2425094      	2.3392916      	2.0919447      	2.5336587      	2.3733883      	2.378339       	2.307581       	2.098381       	2.1813295      	2.3056946      	2.3431964      	2.1910133      	2.4995158      	2.5480769      	2.3025298      	2.3979616      	2.1032045      	2.2093167      	2.2727048      	2.4483936      	2.1460729      	2.211689       	2.432231       	2.2899792      	2.2479403      	-1.2856829     	-2.474011      	-2.1982784     	2.5238314      	2.0463595      	2.255622       	2.4165022      	2.229988       	2.1290064      	2.2575388      	2.4253259      	2.1716855      	2.474466       	2.1839762      	2.0916593      	2.2365913      	2.2044945      	2.47917        	2.1526804      	2.2042356      	2.2672052      	2.169688       	2.2810206      	2.3247025      	2.125353       	2.4009376      	2.5180268      	2.3942776      	2.3739781      	-2.08151       	-2.903196      	2.5728445      	2.4233484      	2.4514103      	2.3609922      	2.028214       	2.1659918      	2.5474157      	2.449258       	2.110344       	2.1309595      	2.3188224      	2.3896523      	2.426832       	2.3125427      	1.9304827      	1.9109763      	2.1405907      	
2.1752152      	2.4709475      	2.3836482      	1.9880317      	2.2156177      	2.1603584      	2.1216388      	2.4560974      	2.3283033      	2.393514       	2.346871       	2.584          	2.1898363      	2.6846151      	2.4343438      	2.24265        	2.2122655      	2.310772       	1.9122719      	2.11157        	2.3936005      	2.275924       	1.987975       	2.3589916      	2.3037052      	2.433681       	2.026035       	2.25903        	2.388771       	2.639102       	2.2343848      	2.279748       	2.3196015      	2.094023       	1.8469628      	2.2937388      	2.150419       	2.0966964      	2.5077467      	2.4914317      	2.3539286      	2.5449634      	2.2519283      	2.352019       	2.111024       	-1.7614226     	-2.2696948     	-2.6625304     	-2.6779463     	-2.4652777     	-2.468432      	-2.4953218     	-2.2570243     	-1.9859079     	-2.8523564     	-1.9188658     	-2.2500708     	3.1330826      	2.3634408      	2.6640759      	2.3724778      	2.1554108      	2.120988       	2.340757       	2.3158028      	2.3489623      	2.0272863      	2.342322       	2.2525115      	2.4910274      	2.7332776      	2.3117523      	2.1959302      	2.0105028      	2.4712975      	2.4391587      	2.2974186      	2.2619667      	2.3969889      	2.4248524      	2.3256478      	-2.8060396     	-2.5442605     	2.8742597      	2.4555354      	2.5537398      	2.3676524      	1.8216003      	2.3835201      	2.2188892      	2.4130025      	2.2254143      	2.2049487      	2.2066646      	2.3283458      	2.3222377      	2.470374       	2.6005964      	2.3089294      	2.3418326      	
2.3621678      	2.171767       	2.349339       	2.1540513      	2.230674       	2.0555134      	2.2043211      	2.4305153      	2.287263       	2.0020168      	2.1684878      	2.258017       	2.2148767      	2.4693925      	2.1649566      	2.4742053      	2.2881303      	2.45047        	2.2759237      	2.2887075      	2.079761       	2.2345552      	2.1513207      	2.2608368      	2.3163114      	2.4603257      	2.2527604      	2.1391008      	2.1944542      	2.3420355      	2.6723955      	2.2998364      	2.1487637      	2.09028        	2.3930964      	2.3506424      	2.2279546      	2.0860915      	-1.3950083     	-2.3291216     	-2.5019426     	-2.794571      	-2.131351      	-2.2536955     	-2.1341066     	-2.1977022     	-1.9276309     	-2.3469005     	-2.9508426     	2.4936855      	2.807866       	2.6062453      	2.7375534      	2.13206        	2.3780603      	2.0893939      	2.3980436      	2.3746512      	-1.5126544     	2.6232924      	2.4787197      	2.2680259      	2.2173052      	2.0978255      	2.0560167      	2.381336       	2.0847344      	2.4215412      	2.3924322      	2.149442       	2.1117382      	2.3992467      	2.2042947      	2.076725       	2.1810951      	2.3146944      	2.3834531      	2.5912976      	2.1941206      	2.217385       	2.3670049      	2.119833       	-2.357901      	-2.375751      	2.5658977      	2.6582427      	2.3682923      	2.3462896      	2.2220278      	2.5967965      	2.6072235      	2.408463       	2.5803723      	2.2712793      	2.3360941      	2.4147515      	2.1972854      	2.21855        	2.2122178      	2.2254505      	
2.2796288      	2.3558931      	2.2638273      	2.0140748      	2.40612        	2.2807791      	2.3383002      	2.498317       	2.021113       	2.4485738      	2.4505527      	2.43544        	2.4748077      	2.0103693      	2.5045853      	2.3278537      	2.3383632      	2.2118013      	2.0279474      	2.079743       	2.1883247      	2.4446611      	2.2066598      	1.9191332      	2.2459052      	2.2191782      	2.267061       	2.2710605      	2.3760304      	2.3731523      	-1.9545244     	-2.3602753     	-2.5751567     	-2.7008362     	-2.803171      	-2.5628295     	-1.8939308     	-2.4355838     	-2.2302113     	-1.9215603     	3.0827444      	2.8968763      	2.9939332      	2.6984158      	2.58034        	2.4290051      	2.6316242      	2.3537493      	2.268394       	2.226472       	2.0337157      	2.4296443      	2.3656242      	2.4139104      	2.2595522      	1.9496906      	2.239854       	2.3472269      	2.1169245      	2.975807       	-2.7743573     	2.3139567      	2.10356        	2.2168765      	2.418291       	2.3683248      	2.219976       	2.4663854      	2.2850409      	2.2956862      	2.2330008      	2.2505136      	2.2072954      	2.1205788      	2.1956193      	1.9267316      	2.2723866      	2.4585438      	2.2381222      	2.4194891      	2.107623       	2.5407643      	2.45093        	-2.4348073     	2.9680767      	2.556098       	2.2175837      	2.6220586      	2.128407       	2.4130144      	2.4093199      	2.2004201      	1.9990376      	2.315566       	2.2378523      	2.2499475      	2.4984658      	2.345758       	2.3469248      	2.544359       	
2.1007962      	2.0948198      	2.2083364      	2.1602595      	2.2379255      	2.2150729      	2.232345       	2.517686       	2.5398326      	1.9608715      	2.355631       	2.3311253      	2.4527194      	2.1510627      	2.0809245      	2.2955234      	2.2735238      	2.4241433      	2.3343291      	2.2143922      	2.33429        	2.370963       	2.2225876      	2.3116946      	2.2737153      	-2.4903955     	-2.3192143     	-2.408663      	-2.3511043     	-2.4559298     	-2.4854598     	-2.2731323     	-2.2450109     	-3.0605366     	2.641362       	2.6596014      	2.6558769      	2.573554       	2.3793612      	2.676956       	2.1197639      	2.0315714      	2.2438405      	2.5197184      	2.4586105      	2.3974948      	2.3750067      	2.208919       	1.9774009      	2.2307177      	2.258243       	2.284635       	2.3817298      	2.2398362      	2.3633955      	2.3396587      	2.42231        	2.1420567      	2.2771504      	2.0400789      	-2.1627288     	2.885803       	2.0975323      	2.3266118      	2.3985567      	2.1498117      	2.507743       	2.29838        	2.3278253      	2.392702       	2.198367       	2.2197359      	2.3487558      	2.0759225      	2.0444465      	2.28342        	2.3059535      	2.168828       	2.0975108      	2.3782976      	2.6160717      	2.3873415      	2.2356892      	-2.5370188     	-2.63302       	2.5233057      	2.5786316      	2.1068249      	2.3310208      	2.0962238      	2.4756227      	2.1067767      	2.1836388      	2.3472311      	2.5374827      	2.4606042      	2.4399471      	2.2311504      	2.1997366      	2.2676084      	
2.4754958      	2.320786       	2.0879288      	2.0705519      	2.1625912      	2.334818       	1.9720049      	2.273616       	2.4006953      	2.3174608      	2.0178628      	2.1396074      	2.0448847      	2.3341749      	2.0956662      	2.4244661      	2.348969       	2.3203592      	2.452701       	2.2399259      	2.0703654      	2.5036113      	2.303443       	2.4085414      	2.494342       	-2.4348621     	-3.0201268     	2.50985        	3.0494473      	2.5649807      	2.6432104      	2.0910685      	2.2320967      	2.0791683      	2.107116       	2.086114       	2.2389526      	2.2219076      	2.330535       	2.1686354      	2.4757862      	2.29125        	2.268263       	2.0072448      	2.1900518      	2.4866781      	2.4741147      	2.1834173      	2.3579366      	2.212807       	2.3440316      	2.1889186      	2.1459482      	2.3584926      	2.368976       	2.256775       	2.5221791      	2.261178       	2.4026427      	2.093481       	2.6043916      	-2.4745831     	2.3280687      	2.4142838      	2.3034859      	2.1768718      	2.2309701      	2.2975087      	2.337114       	2.4706037      	2.4023395      	2.1144645      	2.2793694      	2.3956032      	2.2949414      	2.1084673      	2.2477329      	2.4023442      	2.2875972      	2.3200588      	1.9845244      	2.4323406      	2.6352148      	2.2729082      	-2.2692957     	-2.7622337     	2.636506       	2.4644508      	2.51477        	2.435338       	2.485337       	2.1832561      	2.3192317      	2.129262       	2.3145044      	2.0290356      	2.3242986      	2.2974904      	2.1820295      	2.0750642      	
2.0407157      	2.4331493      	2.3385959      	2.102096       	2.526534       	2.4079652      	2.012076       	2.29287        	2.483779       	2.4188454      	2.2524405      	2.0572731      	2.1806011      	2.2841394      	2.436502       	2.36917        	2.387185       	2.409099       	2.29549        	2.4232485      	2.4352593      	2.3470225      	2.5706327      	2.876803       	2.3172596      	2.2555223      	2.3607113      	2.0717196      	2.4084878      	2.4089944      	2.0345368      	2.3614717      	2.319463       	2.490222       	2.476224       	2.0175056      	2.327704       	2.7122576      	3.1177318      	-3.0050075     	-2.9644244     	2.089079       	2.1374586      	2.5225556      	2.2445836      	2.2897542      	2.4677293      	2.02154        	2.3865902      	2.376875       	2.3595748      	2.240221       	2.2642589      	2.291441       	2.4135246      	2.2770977      	2.2820928      	2.478533       	2.3642251      	2.2376175      	2.295542       	-2.7986126     	2.916966       	2.0294049      	2.5725706      	2.1141095      	2.5028932      	2.3383832      	2.5022578      	2.0833797      	2.1719706      	2.329216       	2.5739307      	2.2060385      	2.2205362      	2.2035294      	2.1163263      	2.5909936      	2.3411026      	2.318104       	2.4065099      	2.2681832      	2.3747923      	2.366235       	-2.170086      	-2.3570027     	2.7166793      	2.2323313      	3.0733244      	2.1567607      	2.634073       	1.9163136      	2.250227       	2.3696244      	2.5476813      	2.3475337      	2.269459       	2.433057       	2.2841768      	2.2680726      	
2.36537        	2.399662       	1.9826488      	2.461688       	2.311834       	2.3070173      	2.438816       	2.3726368      	2.3202496      	2.2403638      	2.320142       	2.1522408      	2.344603       	2.2207103      	2.3879828      	2.1848998      	1.9841833      	2.2358065      	2.408657       	2.348662       	2.245203       	2.5564795      	2.8523676      	2.5398958      	2.458081       	2.4967704      	2.4075065      	2.0942268      	2.525107       	2.1251326      	1.9612708      	2.2755837      	2.13253        	2.1877542      	2.4911647      	2.2530446      	2.375707       	2.2553723      	2.5161002      	2.6241078      	2.0049615      	2.0822716      	2.3172836      	2.1408553      	2.6062636      	2.333473       	2.4008641      	2.4141095      	2.4867792      	2.0340347      	2.2674258      	2.175723       	2.372147       	2.5175006      	2.3125558      	2.4262645      	2.3847814      	2.422471       	2.1888964      	2.2502084      	2.1931515      	2.3724988      	-1.7392725     	2.5878062      	2.2107658      	2.2276611      	2.3093727      	2.378959       	2.2408917      	2.2350934      	2.3166971      	2.2870667      	2.3663032      	2.470968       	2.1959004      	2.3443372      	2.5661416      	2.270432       	2.3249238      	2.2656162      	2.2434008      	2.1568184      	2.396054       	2.480661       	2.5458846      	-2.289938      	-2.3797746     	2.453864       	2.1478753      	2.371011       	2.3510094      	2.1565645      	2.4828289      	2.5469604      	2.4777215      	2.3850586      	2.1706517      	2.2185233      	2.3311954      	2.1986938      	
2.2841306      	2.3888383      	2.404482       	2.395261       	2.3087509      	2.5948122      	2.3673685      	2.412741       	2.3842611      	2.2664132      	2.3253045      	2.4484596      	2.1952639      	2.2448864      	2.274078       	2.3145978      	2.281577       	2.1601276      	2.4417627      	2.0627294      	2.3792279      	2.9959276      	-2.8326435     	2.3904276      	2.3277736      	2.2722297      	2.1827018      	2.3926318      	2.3205338      	2.3397198      	2.0960479      	2.3982525      	2.3622973      	2.253252       	2.2521067      	2.4424195      	2.3342376      	2.2974536      	2.331273       	2.2990336      	2.2850704      	2.449166       	2.3931627      	1.8999888      	2.4388523      	2.4577446      	2.2330275      	2.2646818      	2.4800014      	2.4620843      	2.125884       	1.9511306      	2.379301       	2.316033       	2.305567       	2.568749       	2.2249463      	2.6394227      	2.3055136      	2.329019       	2.1583018      	2.2996068      	-3.0132787     	-2.9062133     	2.1015658      	2.2625108      	2.1223326      	2.2127323      	2.2791646      	1.9291071      	2.0566278      	2.3803945      	2.0006855      	2.303756       	2.0612702      	2.3614726      	2.0314379      	2.3824923      	2.2454214      	2.135395       	2.1294298      	1.930767       	2.090054       	2.1721287      	2.1360588      	2.6320481      	-2.4696078     	2.7300005      	2.2725356      	2.7162797      	2.7496705      	2.359136       	2.2936563      	2.1147866      	2.4446197      	2.314357       	2.2089088      	2.324675       	2.4438148      	2.163628       	
2.215702       	2.3215702      	2.0758684      	2.1245823      	2.3180375      	2.5077152      	2.3830342      	2.324253       	2.4094567      	2.299348       	2.307246       	2.3114328      	2.1995387      	2.4027033      	2.2730186      	2.146636       	2.2000701      	2.6542501      	2.1118116      	2.2248976      	2.1540449      	2.4583824      	-2.9621592     	3.0531466      	2.2721722      	2.199336       	2.7986784      	2.2550905      	2.3569648      	2.2457385      	2.0180113      	2.2370229      	2.4702134      	1.9861989      	2.4447362      	2.1577275      	2.3457475      	2.403207       	2.5033002      	2.1993783      	2.1020994      	2.2198186      	2.2918453      	2.0312805      	2.675323       	2.630443       	2.512117       	2.100457       	2.2405846      	2.4383771      	2.3661456      	2.2949781      	2.1708577      	2.283284       	2.1334305      	2.2905588      	2.3177786      	2.638501       	2.1336012      	2.3064137      	2.1825197      	2.096215       	2.5882983      	-1.8019915     	2.6539214      	2.2476506      	2.2754836      	2.1606843      	2.1968527      	2.5737166      	2.3401315      	2.0010216      	2.431685       	2.1927087      	2.3115268      	2.2904162      	2.752361       	2.4353447      	2.468265       	2.2011805      	2.2877617      	2.244664       	2.269524       	2.3946366      	2.2225132      	2.1061888      	-2.2619343     	-2.55066       	2.7975461      	2.3196511      	2.459034       	2.1373324      	2.3405519      	2.0924406      	2.4606512      	2.0519567      	2.0956097      	1.995334       	2.1457615      	2.0729606      	
2.2215452      	2.4987004      	2.3917794      	2.4981802      	2.0553486      	2.1008341      	2.2931519      	2.2976325      	2.3899207      	2.3914397      	2.3810232      	2.3171918      	2.2801268      	2.3078187      	2.2690074      	2.1660655      	2.4574208      	2.118607       	2.0796714      	2.1776283      	2.3661356      	2.0039907      	-2.1387181     	-2.2272117     	2.6724296      	2.231541       	2.4128282      	2.6560214      	2.5133255      	2.361445       	2.425551       	2.0982852      	2.1455455      	2.2925594      	2.4246712      	2.3542085      	2.0712233      	2.2909977      	2.571217       	2.4503427      	2.3441787      	2.1857553      	2.4409437      	2.1319323      	2.344535       	2.2046194      	2.2690244      	2.1767526      	2.0743718      	2.5041907      	2.4549975      	2.2955935      	2.2684412      	2.3827248      	2.47417        	2.2982228      	2.4701898      	2.3281066      	2.2698438      	2.4434376      	2.29272        	2.2909646      	2.242524       	2.6985948      	2.9186687      	2.212847       	2.308765       	2.1144269      	2.3084273      	2.4109325      	2.0831974      	2.3216128      	2.355272       	2.648978       	2.5255086      	2.2815952      	2.633664       	2.4398832      	2.0677094      	2.4074469      	2.3365471      	2.37955        	2.2477674      	2.3637962      	2.3524737      	2.2603471      	1.9657041      	3.0226412      	3.1307032      	2.5333586      	2.530048       	2.5183365      	2.672759       	2.2750506      	2.3967342      	2.6673586      	2.2186716      	2.3129318      	2.4438493      	2.2920635      	
-2.8449779     	2.6841779      	2.1448946      	2.6570346      	2.0135703      	2.1879902      	2.3674543      	2.3369832      	2.0368469      	2.297042       	2.2315955      	2.1734586      	2.2549114      	2.2296517      	2.4002542      	2.2203593      	2.4997396      	2.2149549      	2.1870637      	2.4397035      	2.2708092      	2.293218       	2.3000395      	-2.2548997     	3.0273347      	2.568636       	2.1888814      	1.9915278      	2.269896       	2.5943704      	2.37843        	2.3316083      	2.1603856      	2.0146828      	2.4352913      	2.3855276      	2.379621       	2.3530316      	2.2432737      	2.5735488      	2.2026985      	2.1837323      	2.1891663      	2.2002726      	2.2103074      	2.4870772      	2.2064054      	2.2839985      	2.66333        	2.40696        	2.0392528      	2.1759179      	2.0253184      	2.4293947      	2.5340478      	2.3918214      	2.1955695      	2.325715       	2.317164       	2.3228393      	2.5338342      	2.3055406      	2.2994418      	2.1589427      	-1.8992368     	2.6475904      	2.312615       	2.0365906      	2.1334527      	2.2843082      	2.310633       	2.1500137      	2.4082031      	2.4209766      	2.1441727      	2.37621        	2.4920917      	2.2160566      	2.2258916      	2.4975715      	2.2638297      	2.0691106      	2.423673       	2.1057553      	2.0333555      	2.4405608      	2.1801863      	2.5902686      	2.926303       	2.6097434      	2.8106632      	2.5993614      	2.5938346      	2.7303054      	2.4240415      	2.464972       	2.2600112      	2.001624       	2.3516154      	2.3926253      	
2.7084708      	2.8087595      	2.271506       	2.4651756      	1.9672726      	2.069675       	2.4612021      	2.4341826      	1.9187807      	2.1257253      	2.2502477      	2.3224635      	2.5535722      	2.0647726      	2.4189603      	2.3740819      	2.324174       	1.9163767      	2.3984141      	2.160359       	2.2568307      	2.1974547      	2.1311717      	3.085025       	-2.8487315     	2.4969153      	2.4448843      	2.3001924      	2.5184236      	2.188391       	2.5694227      	2.1242194      	2.153038       	2.2341259      	2.33401        	2.3814383      	2.403877       	2.0630198      	2.3271937      	2.24973        	2.3864431      	2.4183917      	2.4217849      	2.1138868      	2.2386541      	2.583391       	2.1293132      	2.418596       	2.3591597      	2.3676789      	2.4680624      	2.387598       	2.4086251      	2.2620945      	2.2251592      	2.1187973      	2.2225478      	2.3576863      	2.331557       	2.3617005      	2.5729876      	2.3715582      	2.5136511      	2.122137       	2.9137359      	-1.9124644     	2.4484065      	2.6850069      	2.4752498      	2.0637112      	2.391391       	2.1455142      	2.2667527      	2.1191747      	2.3615663      	1.8042885      	2.3921347      	2.3885007      	2.4133284      	2.425465       	2.3465455      	2.4375997      	2.1205301      	2.3094325      	2.0566964      	2.374933       	2.4583116      	2.5009143      	-2.6938398     	-3.1149166     	2.373834       	2.707497       	2.5783892      	2.3644366      	2.6360211      	2.1164355      	2.3037333      	2.4115398      	2.3561282      	2.2189698      	
2.3254492      	-1.5699704     	2.440558       	2.4153066      	2.1659586      	2.0080807      	2.3493872      	2.1938415      	2.3547628      	1.944993       	2.5133073      	1.9655477      	2.199326       	2.2866395      	2.375239       	2.0529246      	2.5249493      	2.320528       	2.1456735      	2.269203       	2.093204       	2.4451215      	2.5618644      	2.143428       	-3.0527494     	3.0015492      	2.1493192      	2.4630866      	2.5779786      	2.5155647      	2.388245       	2.1068876      	2.2233686      	2.5138834      	2.260448       	2.403318       	2.1468358      	2.626836       	2.1184485      	2.223308       	2.3932676      	2.3908248      	2.488914       	2.308695       	2.2765183      	2.3351228      	2.2476268      	2.460144       	2.4593697      	2.4261506      	2.119248       	2.3260427      	2.750737       	2.195803       	2.0606647      	2.1279936      	2.2860909      	2.300504       	2.3621287      	2.371901       	2.1154263      	2.1500645      	2.164071       	1.9405836      	2.185943       	2.9108496      	2.6277833      	2.5676382      	2.1379304      	2.3712478      	2.0505295      	2.2451732      	2.384127       	2.3273351      	2.3708897      	1.9923625      	2.291723       	2.2948067      	2.4431994      	2.4107804      	2.2120605      	2.1091747      	2.255787       	2.4846842      	1.9522722      	2.35785        	2.30235        	2.462423       	-2.264892      	-2.50275       	2.82216        	2.6587486      	2.3662903      	2.3339243      	2.542651       	2.4949508      	2.2701626      	2.3421073      	2.3517456      	2.3255439      	
2.1536863      	3.1409433      	-1.7864345     	2.6613054      	2.2450447      	2.2004535      	2.3681545      	2.418748       	2.680257       	2.195118       	2.349504       	2.3338845      	2.1699624      	2.2468977      	2.2436485      	2.4253416      	2.3720708      	2.006065       	1.9555024      	2.4040053      	2.466631       	2.2118206      	2.3381875      	2.0008664      	2.0665781      	-2.409346      	3.1371555      	2.6425552      	2.583152       	2.67992        	2.516211       	2.3479643      	2.47405        	2.3193178      	2.2809563      	2.4600725      	2.4359422      	2.1654465      	2.5061438      	2.3379338      	2.2247005      	2.433916       	2.1707137      	2.410272       	2.28152        	2.3117898      	2.3653474      	2.5492225      	2.0947895      	2.1416404      	2.4551673      	2.2813554      	2.1997228      	2.3777308      	2.5081477      	2.2426314      	2.3690686      	2.2866142      	2.1865017      	2.378656       	2.1962388      	2.1790252      	2.2907302      	2.04817        	2.4326327      	2.5465138      	-2.3782911     	2.8118622      	2.1989079      	2.3809495      	2.4332356      	2.2500596      	2.393705       	2.294184       	2.3281386      	2.4833956      	2.4336271      	2.5614216      	2.2445076      	2.3229127      	2.2258606      	1.9851915      	2.3808606      	2.2329302      	2.1595402      	2.1037307      	2.508958       	2.3181546      	2.1754704      	3.048064       	-1.958719      	-2.0936804     	2.6582916      	2.3440108      	2.393288       	1.8145244      	2.1580641      	2.1340055      	2.215039       	2.2698116      	
2.4744985      	2.1962092      	-1.9710284     	2.7080817      	2.4761834      	2.1384883      	2.264048       	2.261893       	2.4546187      	2.2584367      	2.365056       	2.4844854      	2.3595724      	2.17462        	2.220022       	2.120951       	2.1221623      	2.178047       	2.0324397      	2.14197        	2.210178       	2.4261796      	2.3709123      	2.3100305      	2.2805042      	-2.548826      	-2.8683927     	2.7408996      	2.3475857      	2.5365765      	2.3561242      	2.5430696      	2.2652726      	2.1556845      	2.4667554      	2.7329168      	2.6163275      	2.3662934      	2.3071556      	2.3915722      	2.4984274      	2.2439373      	2.2663872      	2.0831413      	2.1072392      	2.3277414      	2.1277668      	2.2509952      	2.120603       	2.238685       	2.205019       	2.419107       	2.1217532      	2.4851742      	2.6041594      	2.03657        	2.4810112      	2.3362548      	2.416178       	2.077784       	2.1631722      	2.2302377      	2.09183        	2.3212104      	2.5577936      	2.319965       	2.7783399      	-3.0048711     	2.4243202      	2.220798       	2.1823072      	2.5775626      	2.3633742      	2.198241       	2.4995196      	2.4209936      	2.2691128      	2.157429       	2.4083962      	2.37152        	2.304169       	2.3567085      	2.5253518      	1.9904922      	2.3298206      	2.2249851      	2.4363754      	2.51687        	2.079168       	2.245448       	2.3312502      	2.9190826      	3.0552626      	2.5539112      	2.6029813      	2.813134       	-3.0741906     	2.6181824      	2.288132       	2.2058394      	
2.023514       	2.2347555      	2.4031103      	-1.5340723     	2.6436815      	2.3274882      	2.1097152      	2.3964684      	2.2622128      	2.1798985      	2.3431797      	2.3357809      	2.2900198      	2.567088       	2.5214612      	2.3809817      	2.2122283      	2.2521043      	2.4196882      	1.9188432      	2.2113855      	2.219936       	2.3117678      	2.1670136      	2.2126622      	2.3923726      	-1.9614679     	-3.0493572     	2.4007254      	2.4108584      	2.202601       	2.2864394      	2.4915538      	2.1646776      	2.4991295      	2.3754928      	2.234218       	2.3972363      	2.2803025      	2.3333895      	2.3014297      	2.47774        	2.3402114      	1.9954787      	2.197394       	2.4515347      	2.5707865      	2.4705248      	2.4076862      	1.9965059      	2.282117       	2.1086924      	2.4179997      	2.3364863      	2.330471       	2.356226       	2.2751079      	2.3929584      	2.3679857      	2.2829762      	2.089498       	2.168692       	2.4097435      	2.2876732      	2.2181356      	2.2459338      	2.4710197      	-1.8344564     	2.7114358      	2.4790585      	2.3035824      	2.2642314      	1.8757193      	2.411572       	2.5431204      	2.3941524      	2.2625136      	2.5381587      	2.2780874      	2.0675006      	2.16193        	2.1206787      	2.1612313      	2.1316895      	2.250606       	2.137703       	2.2387276      	2.352168       	2.3856988      	2.3480463      	2.247396       	2.1584847      	2.1734846      	2.2330284      	2.184122       	2.3200698      	2.490995       	2.2334468      	2.2263768      	2.271324       	
2.3129282      	2.3244665      	2.3251746      	3.0678344      	2.9864717      	2.3730538      	2.3064938      	2.3972282      	2.0601017      	2.399026       	2.2218046      	2.1831665      	2.3372588      	2.158156       	2.2088747      	1.9488683      	2.137727       	2.4601283      	2.5528939      	2.5779562      	2.2658415      	2.200508       	2.3176289      	2.1364894      	2.3721638      	2.1756086      	-2.851214      	-2.5631013     	2.8141305      	2.6009426      	2.4536808      	2.383858       	2.0483513      	2.1240933      	2.6066337      	2.038494       	2.3313518      	2.2556882      	2.299543       	2.3142061      	2.1756768      	2.5205255      	2.0996878      	2.4067264      	2.378323       	2.2141998      	2.4044535      	2.0517287      	2.3062325      	2.3825674      	2.5013156      	2.3115268      	2.344279       	2.1160383      	2.4935257      	2.2352386      	2.5023937      	2.2982967      	2.3478086      	2.1141856      	1.9230311      	2.2960877      	2.4480417      	2.169571       	2.0712023      	2.3434026      	2.35354        	2.9090347      	3.1052463      	2.0170527      	2.1476011      	2.239471       	2.1425881      	2.4777842      	2.2863698      	2.0441546      	2.1866124      	2.239195       	2.3772337      	2.417256       	1.9219322      	2.5878873      	2.223838       	2.2903643      	2.1389294      	2.183235       	2.0944853      	2.3315146      	2.362993       	2.419335       	2.3929074      	2.201938       	2.1434803      	2.3734343      	2.318229       	2.3430166      	2.1698823      	2.4589252      	2.6208632      	2.4161153      	
2.4859774      	2.1170218      	2.269475       	2.825482       	-2.2533858     	2.520703       	2.6863072      	2.221298       	2.4606905      	2.0523133      	2.3150892      	2.3621364      	2.2380393      	2.3240156      	2.1929574      	2.1987689      	2.47311        	2.2969723      	2.1462286      	2.2274468      	2.2096994      	2.3700826      	2.6878803      	2.259919       	2.465892       	2.0415845      	2.1872609      	-2.8310885     	-2.8267548     	2.5306516      	2.2902632      	2.353204       	2.3284624      	2.3215103      	2.3815892      	2.3778152      	2.124408       	2.228856       	2.5545127      	2.6760225      	2.1646473      	2.5006645      	2.21817        	2.2149487      	2.393011       	2.223605       	2.109066       	2.3346875      	2.3221953      	2.3191218      	2.425332       	2.5939577      	2.354277       	2.2806237      	2.5742877      	2.3781207      	2.3928618      	2.317551       	2.1213965      	2.040516       	2.353497       	2.3972912      	2.7339058      	2.529641       	2.1810524      	2.5472436      	2.3308883      	-3.1407983     	-3.0052114     	2.4348693      	2.1962788      	2.3622515      	2.3146942      	2.0333917      	2.5191588      	2.2430935      	2.181753       	2.4953392      	2.2721112      	2.1496713      	2.3406298      	2.1907797      	2.2154717      	2.338373       	2.4549363      	2.1755176      	2.214556       	2.5271797      	2.4438477      	2.272623       	2.2101998      	2.4427774      	2.2178872      	2.5016382      	2.5015233      	2.0667644      	2.2859435      	2.2716038      	2.4564288      	2.6607056      	
2.2437892      	2.2500308      	2.3144221      	2.2482154      	-2.4753246     	2.8121927      	2.5432582      	2.478954       	2.46718        	2.3002787      	2.1923203      	2.3339698      	2.1948788      	2.3322167      	2.252172       	2.3124826      	2.2236404      	2.3622992      	2.3977318      	2.3272915      	2.3728447      	2.2314577      	2.3007712      	2.3444927      	2.2955112      	2.0378823      	2.1480649      	2.4658098      	-2.5429337     	3.023895       	2.6430545      	2.474153       	2.5552263      	2.11169        	2.155322       	2.3074126      	2.358356       	2.3384426      	2.4840164      	2.4159384      	2.23153        	2.687893       	2.166241       	2.3529618      	2.2898052      	1.9414314      	2.2228103      	2.5492985      	2.279769       	2.463089       	2.484346       	2.3969307      	2.3341465      	2.2901344      	2.4003913      	2.3618455      	2.7642894      	2.7284577      	2.0853448      	2.5244641      	2.6998036      	2.4674127      	2.4006696      	2.1313887      	2.386119       	-3.0746446     	2.68575        	2.0815015      	2.446516       	2.255226       	2.3996887      	2.1757145      	2.3650932      	2.2300975      	2.3021448      	2.347121       	2.2865796      	2.2008448      	2.5257995      	2.2667327      	2.4264646      	2.3770185      	2.3149223      	2.1943598      	2.5314786      	1.786332       	2.2062023      	2.233265       	2.3798134      	2.4640713      	2.3213155      	2.4022775      	1.9240245      	2.126855       	2.3410475      	2.2758842      	2.2486293      	2.0670156      	2.0504098      	1.8474207      	
2.494608       	2.3088856      	2.2448273      	2.0323508      	2.3061721      	-2.157322      	2.7323337      	2.1626773      	2.3043654      	2.080105       	2.514021       	2.0666833      	2.0710168      	2.4962204      	2.222302       	2.1774714      	2.4505498      	2.2537515      	2.2794347      	2.4030075      	2.445112       	2.3164415      	2.2676558      	2.2859612      	2.390949       	2.323419       	2.01676        	2.2964766      	-2.156064      	-2.9782686     	2.4864633      	2.5660446      	2.5735986      	2.4517121      	2.202992       	2.3224187      	2.3529603      	2.515995       	2.3333821      	2.1768646      	2.3458927      	2.1477296      	2.410546       	2.5466259      	2.2170358      	2.602258       	2.3492723      	2.3363898      	2.3529935      	2.3519087      	2.1474795      	2.515496       	2.0757606      	2.390233       	2.2690177      	2.1957223      	2.1322255      	2.233406       	2.3638496      	2.2281935      	2.2491565      	2.2673979      	2.274741       	2.2227373      	2.2431967      	2.4961185      	2.3844182      	1.8669008      	2.488211       	2.2128522      	2.1300697      	2.3670855      	2.2766204      	2.2561855      	2.1746802      	2.1019492      	2.0093055      	2.2199774      	2.2056882      	2.2229528      	2.265327       	2.164455       	2.3362432      	2.3218749      	2.8326335      	2.2312264      	2.245543       	2.3761892      	2.1591938      	2.241588       	2.5240006      	2.3206909      	2.2658315      	2.1522076      	2.3384442      	2.3101964      	2.5529404      	2.472014       	2.2400599      	2.1926959      	
2.4202492      	2.2652683      	2.3928993      	2.1663904      	1.9723302      	2.6327317      	-2.6248052     	2.6567063      	2.335563       	2.5594552      	2.2274418      	2.245172       	2.486801       	2.4909453      	1.9848285      	2.2334301      	2.1384625      	2.4010112      	2.377906       	2.2177794      	2.33639        	2.1248636      	2.273898       	2.1249652      	2.1826828      	2.2714844      	2.5293398      	2.0288308      	2.4184954      	-2.5971115     	2.8897648      	2.6136808      	2.3910282      	2.590283       	2.4929054      	2.0965307      	2.4253538      	2.2017376      	1.9041685      	2.313566       	2.6433127      	2.0944061      	2.3621473      	2.0943058      	2.3843493      	2.3989472      	2.174542       	2.317111       	2.4980855      	2.1466649      	2.6014006      	2.476376       	2.159875       	2.1813831      	1.9669089      	2.0743623      	2.3994021      	2.2495427      	2.2743318      	2.0313766      	2.3042538      	2.1343641      	2.3728142      	2.3515987      	2.3782258      	2.0274644      	2.2632387      	2.4513075      	2.295102       	2.4989488      	2.191494       	1.8764454      	2.2751374      	2.316156       	2.4128118      	2.3575108      	2.2495239      	2.2075696      	2.3260653      	2.1642284      	2.5213156      	2.2073193      	2.288498       	2.2866106      	2.410406       	2.0221558      	2.307041       	2.2301507      	2.7485313      	2.3701096      	2.2226076      	2.426617       	2.211306       	2.3164415      	2.2073054      	2.3251288      	2.2539368      	2.3177555      	2.3236206      	2.3701653      	
2.3684156      	2.3026905      	2.6384232      	2.3168664      	2.34557        	2.2385674      	-1.5319566     	2.7051833      	2.27978        	2.259527       	2.3209076      	2.2632601      	2.0470185      	2.4335458      	2.3234966      	2.2856946      	2.340381       	2.4928555      	2.300976       	2.1466475      	2.020025       	2.4173589      	2.1411662      	2.4634285      	2.0227957      	2.260202       	2.3968341      	2.4195046      	1.9228002      	2.9364421      	-2.1255531     	-2.4469628     	2.8378043      	2.284504       	2.2044606      	2.1104383      	2.2732875      	2.491299       	2.2811544      	2.4166791      	2.479505       	2.2767231      	2.7286994      	2.3194184      	2.4005744      	2.1105883      	2.5085955      	1.9299583      	2.5641725      	2.2234337      	2.1895547      	2.4701478      	2.240148       	2.222703       	2.382207       	2.596007       	2.2110631      	2.1722956      	2.2443454      	2.421672       	2.1902564      	2.2562747      	2.3636355      	2.2418869      	2.1952903      	2.258061       	2.1992965      	2.2103097      	2.3423498      	2.372475       	2.4356914      	2.5392146      	2.360425       	2.2672884      	2.4615636      	2.0952358      	2.0958865      	2.0323033      	2.2208934      	2.0803978      	2.2919726      	2.228527       	2.0092027      	2.368259       	2.4541633      	2.5484667      	2.2254589      	2.317613       	2.5141168      	2.4011421      	2.4136534      	2.0556087      	2.4229136      	2.248679       	2.4990516      	2.5687747      	2.3517902      	2.4657683      	2.415626       	2.33001        	
2.0921211      	2.1625032      	2.5921183      	2.414486       	2.022615       	2.509408       	2.1454988      	-2.7808354     	2.4003403      	2.4333646      	2.1450207      	2.2839627      	2.1324873      	2.0463452      	2.3476558      	2.2834103      	2.1901703      	2.2800844      	2.1656992      	2.1500478      	2.178978       	2.1604054      	2.416397       	1.989291       	2.1297467      	2.1843188      	2.252705       	1.954403       	2.446034       	2.2891402      	2.5588405      	-2.594917      	2.8983717      	2.4633453      	2.5442681      	2.3611689      	2.6982822      	2.294281       	2.172071       	2.3548236      	2.189826       	2.3366652      	2.383235       	2.047958       	2.2390482      	2.5545042      	2.3393998      	2.4960504      	2.2077942      	2.3521519      	2.0136642      	2.2189279      	2.4336102      	2.2242765      	2.3205595      	2.1045063      	2.3611202      	2.189767       	2.33258        	2.2509153      	2.0456803      	2.3291593      	2.5049255      	2.4472094      	2.429582       	1.9761196      	2.0779266      	2.0835133      	2.221717       	2.183272       	2.4739356      	2.0594306      	2.1617975      	2.397385       	2.2629743      	2.3976927      	2.2816124      	2.402718       	2.1687632      	2.3782532      	2.2619097      	2.3878913      	2.1049333      	2.2166197      	2.2669413      	2.2716184      	2.1751056      	2.1958842      	2.2862227      	2.0835629      	1.8903052      	2.1520176      	2.1607504      	2.3985815      	2.0828755      	1.9850956      	2.2720668      	2.3708892      	2.3579001      	2.358748       	
1.8755137      	2.329766       	2.419377       	2.4753132      	2.0969472      	2.117691       	2.4672806      	-2.587993      	-3.0242722     	2.0668468      	2.5546927      	2.4349751      	2.462918       	2.289894       	2.3950014      	2.085542       	2.324045       	2.1499         	2.359918       	2.4732761      	2.1712122      	2.1376975      	2.1108193      	2.1591058      	2.159369       	2.1552215      	2.4394517      	2.4642324      	2.3847957      	2.2597632      	2.4384825      	2.0484047      	2.3819087      	2.4619982      	2.1603348      	1.9347755      	2.0459375      	2.4320674      	2.4501717      	2.29917        	2.0011444      	2.1125588      	2.4163496      	2.075573       	2.3761518      	2.317446       	2.1814048      	2.4460065      	2.1655903      	2.4880614      	1.9672638      	1.9285148      	2.0731819      	2.3913279      	2.5364587      	2.3235197      	2.3759863      	2.1695738      	2.6017442      	2.2651992      	2.142654       	2.1791446      	2.629034       	2.2757401      	2.4885418      	2.2331476      	2.3245854      	2.3550472      	2.3976433      	2.1916418      	2.5843468      	2.1713157      	2.3337636      	2.2543418      	2.3363652      	2.2863493      	2.296419       	2.4448678      	2.3063412      	2.4408042      	2.1507685      	2.1495821      	2.168312       	2.297322       	2.2280228      	2.1819124      	2.3838818      	2.6022625      	2.4662395      	2.1111088      	2.2119546      	2.3861933      	2.3672795      	2.2037966      	2.0417213      	2.3972473      	2.1863313      	2.3142943      	2.5513616      	2.5096135      	
2.4152095      	2.5741096      	2.3684325      	2.4275997      	2.4730268      	2.484934       	2.503378       	2.830966       	-2.849866      	2.2670212      	2.265735       	2.411399       	2.2577863      	2.4864793      	2.3369942      	2.2649138      	2.2612197      	2.3655763      	2.0996938      	2.1743355      	1.9855769      	2.2298074      	1.9786279      	2.464856       	2.2240345      	2.071336       	2.3539248      	2.3662977      	2.207103       	2.3938262      	2.553375       	2.02112        	2.480184       	2.0110452      	2.5700197      	2.241642       	2.083139       	2.3174167      	2.3373237      	2.2220378      	2.4347196      	2.1572886      	2.2445364      	2.1797538      	2.0995455      	2.3889453      	2.4412656      	2.2551482      	1.9598994      	2.3449588      	2.406513       	2.4662032      	2.14206        	2.0336761      	2.0590818      	2.3710897      	2.2862048      	2.334537       	2.2346628      	2.359782       	2.207433       	2.1945465      	2.3635278      	2.3604307      	2.2565627      	2.5274448      	2.097053       	2.4633248      	2.3774772      	2.2029321      	2.1403985      	2.4396236      	2.3684843      	2.418222       	2.1613054      	2.3011956      	2.3679557      	2.080099       	2.1485639      	2.5142348      	2.3655467      	2.252449       	2.1744466      	2.3156142      	2.123683       	2.1349068      	2.5938935      	2.3203468      	1.9222988      	2.5435479      	2.5818493      	2.3727834      	2.2758758      	2.246499       	2.5751476      	2.5193443      	2.5026188      	2.2940302      	2.7461023      	-2.2327626     	
2.2109423      	2.2434676      	2.2590308      	2.3269792      	1.9341652      	2.2474496      	2.6524053      	2.5537555      	-1.9930942     	2.662087       	2.2208579      	2.1868298      	2.1831906      	2.4365413      	2.3267112      	2.4698393      	2.2648716      	2.4098368      	2.4908676      	2.2957475      	2.2611814      	2.0587153      	2.1862109      	1.9450896      	2.1655757      	2.4521863      	2.074197       	2.6172392      	2.3925538      	2.07545        	2.3616166      	2.3969483      	2.2424033      	1.9063016      	2.205086       	2.5850606      	2.1938844      	2.399557       	2.3379002      	2.1948376      	2.4844453      	2.3205533      	2.017891       	2.360211       	2.3585358      	2.4378543      	2.2695992      	2.2779708      	2.5795858      	2.1842363      	2.297476       	2.297023       	2.4641442      	2.3938696      	2.379487       	2.5507548      	2.4539328      	2.5041723      	2.285779       	2.4211235      	2.4726076      	2.1478713      	2.3232315      	2.1997404      	2.0070608      	2.2256544      	2.289708       	2.6673174      	2.4222383      	2.163036       	1.9842769      	1.9373688      	2.5575335      	2.220022       	2.4890018      	2.3792846      	2.3022437      	2.3850427      	2.3795335      	2.3214848      	2.0952265      	2.2324312      	2.6138608      	2.306584       	2.1492796      	2.1667123      	2.2233038      	2.1787035      	2.2723062      	2.216052       	1.9928105      	2.332171       	2.3982596      	2.1640635      	2.259949       	2.1931896      	2.1913042      	2.3862643      	2.972039       	-2.996058      	
3.0303993      	2.0627022      	2.361592       	2.200539       	2.4393096      	2.4341054      	2.0413995      	2.214152       	2.2347798      	2.032734       	1.8238479      	2.2388482      	2.4413831      	1.9371629      	2.2903268      	2.1908846      	2.141932       	2.2622151      	2.6472447      	2.1866899      	2.4271774      	2.2933164      	2.3611772      	2.4029787      	2.2689505      	1.9846675      	2.393371       	2.6330276      	2.481845       	2.1991687      	1.9840604      	2.112156       	2.2891257      	2.2990038      	2.1781569      	2.3679807      	2.6112447      	2.1711767      	2.3985295      	2.205684       	2.218726       	1.982698       	2.3124378      	2.4776554      	2.4460282      	2.321481       	2.4325268      	2.4529803      	2.5417244      	2.505468       	2.1920648      	2.232113       	2.125973       	2.189705       	2.5179143      	2.2094924      	2.571415       	2.499449       	2.1964808      	2.2781236      	2.5512946      	1.9068083      	2.2710633      	2.1775405      	2.4594626      	2.3034463      	2.287588       	2.5709982      	2.5085404      	2.229489       	2.3408365      	2.1917653      	2.2581198      	2.1008625      	2.2412257      	2.5237834      	2.4319654      	2.302638       	2.3414679      	2.3263674      	2.2743745      	2.2870114      	2.359769       	2.3862472      	2.216821       	2.175194       	2.2772634      	2.5363824      	2.3010743      	2.2297332      	2.170013       	2.032455       	2.4244857      	2.422654       	2.2299995      	2.2362747      	2.7910886      	2.9861677      	2.949328       	2.779718       	
2.4317005      	2.2014446      	2.3414006      	2.3042572      	2.0681257      	2.2301898      	2.5915623      	2.365632       	2.3203535      	2.3287485      	2.334654       	1.9568247      	1.9528944      	2.1118326      	2.193469       	2.3106413      	2.257219       	2.0950613      	2.4655678      	2.1016574      	2.0027232      	2.02671        	2.528472       	2.5103164      	2.244398       	2.04256        	2.3533354      	2.4204261      	2.3318977      	2.3299034      	2.4029522      	2.0969791      	2.2216876      	2.3544574      	2.2662191      	2.4110281      	2.2698338      	2.211764       	2.3370585      	2.2157044      	2.1522667      	2.5034096      	2.072474       	2.5480409      	1.9424709      	2.3931496      	2.062687       	2.2668855      	2.2565014      	2.0844207      	2.1285949      	2.5280879      	2.3720007      	2.2818196      	2.1645277      	2.108489       	2.3662298      	2.6220372      	2.2542567      	2.457255       	2.3436034      	2.2516317      	2.5203981      	2.5221186      	2.1157374      	2.0879116      	2.4106295      	2.1754751      	2.4534802      	2.408564       	2.15237        	2.2367585      	2.2871382      	2.1391878      	2.2815902      	2.3651867      	2.464726       	2.217103       	2.2076266      	2.1555815      	2.3741183      	2.26638        	2.7113743      	2.6683514      	2.3679767      	2.1112192      	2.4022055      	2.341035       	2.4797678      	2.1455195      	2.1657631      	2.3362207      	2.5352647      	2.0844998      	2.1133442      	2.389936       	2.6539884      	3.008648       	2.8020551      	2.7116811      	
2.1820662      	2.2051604      	2.247464       	2.2757916      	2.2155387      	2.489211       	2.1912513      	2.186366       	2.1800818      	2.0564003      	2.4739752      	2.3895392      	2.2644696      	2.2172384      	2.2964163      	2.306913       	2.3567913      	2.1592255      	2.3071604      	2.2426834      	2.2809863      	2.0442348      	2.3200738      	2.2679386      	2.4768639      	2.2319741      	2.132306       	2.065669       	2.1539626      	2.5971718      	2.1669817      	2.6542761      	2.225176       	2.0345304      	1.9536817      	2.212777       	2.1942208      	2.207448       	2.3413913      	2.549767       	2.1166825      	2.419868       	2.0486217      	2.1684563      	2.1251593      	2.4319723      	2.7262611      	2.4484687      	2.121635       	2.1995265      	1.9703534      	2.1708903      	2.5908318      	2.3047376      	2.321208       	2.2529528      	2.1158872      	2.8237774      	-2.4503841     	-2.5504093     	-2.8182633     	-2.7575898     	2.8357964      	2.291267       	2.1715937      	2.3116872      	2.1006756      	2.5518432      	-2.0081906     	-2.1345553     	-2.4346383     	-1.4446288     	2.721377       	2.5518925      	2.3350992      	2.0425034      	2.257009       	2.464738       	2.1917744      	2.5277405      	2.3448186      	2.017202       	2.2597814      	2.2142084      	2.4865394      	2.302269       	2.3748908      	2.188685       	2.1641273      	2.3013058      	1.8907233      	2.1081529      	2.5298884      	2.2975254      	2.1038656      	2.2693791      	2.3881233      	-2.5341759     	2.8260455      	2.7850904      	
2.537674       	2.1156316      	2.3171508      	2.1614928      	2.3794565      	2.2605925      	2.528598       	2.1918151      	2.2872894      	2.3440511      	2.3278263      	2.7142713      	2.371507       	2.0002854      	2.120854       	2.2048838      	2.012063       	2.253566       	1.987909       	2.5212288      	2.477929       	2.2838104      	2.3488941      	2.295857       	2.1592414      	2.2846303      	2.1774297      	2.3198352      	2.4357975      	2.1479473      	2.1419592      	2.2559195      	2.2790601      	2.3193238      	2.369824       	2.3006299      	2.0403993      	2.0781975      	2.3261113      	2.3652341      	2.3103533      	2.3236043      	2.3601732      	2.2581792      	1.9692491      	2.319418       	2.3146338      	2.2629185      	2.3703132      	2.142066       	2.0490863      	2.3346157      	2.4256146      	2.4298031      	2.41511        	-2.9356673     	-2.9015265     	3.1407928      	-3.0690615     	-2.629979      	-2.1868114     	-2.9352546     	-2.5591397     	-2.3681138     	-1.8639714     	-2.4247832     	-2.16681       	-2.2270145     	-1.9312226     	-3.1067567     	-2.4730558     	-2.2140048     	-2.6700869     	-2.647611      	-1.7141181     	2.768107       	2.3462448      	2.2518566      	2.1528125      	2.3876138      	2.2623944      	2.114048       	2.2993593      	2.0005305      	2.2968605      	2.2448988      	2.2994514      	2.519967       	2.4193912      	2.2003925      	2.1739366      	2.263641       	2.17413        	2.306557       	2.044845       	2.3022163      	2.4389563      	-2.3810198     	-2.641124      	3.020525       	
2.2732923      	2.4466438      	2.2637312      	2.1194499      	2.200984       	2.059831       	2.458805       	2.096579       	2.3202205      	2.0793858      	2.3042445      	2.1759555      	2.1341774      	2.3307981      	2.433263       	2.3437533      	2.3239455      	2.3888388      	2.4574137      	2.193478       	2.1316035      	2.4575574      	2.3381534      	2.2533512      	2.0479207      	2.528483       	2.3088675      	2.354157       	2.4416442      	2.2849083      	2.2359936      	2.3537145      	2.7741091      	2.3533797      	2.017672       	2.3707952      	2.5128603      	2.27259        	2.3173733      	2.245172       	2.532819       	1.9320704      	2.3707335      	2.4699376      	2.2420464      	2.2679682      	2.0487413      	2.3140833      	2.3699212      	2.2030041      	2.417057       	-2.5787942     	-2.0653071     	-2.4284775     	-2.5247626     	-2.0963993     	-2.246427      	-2.5591776     	-2.583993      	-2.5392985     	-2.3029718     	-2.012835      	-2.276798      	-2.0915327     	2.7682655      	2.3659227      	2.7547097      	2.4596462      	2.6492445      	2.3519325      	2.2165132      	2.3183508      	2.2057528      	2.1425998      	3.0033095      	-1.6777022     	2.646402       	2.2747107      	2.5570407      	2.2586913      	2.566548       	2.40059        	1.8819063      	2.1861384      	2.126666       	2.1202388      	2.2088797      	2.6741018      	2.3899066      	2.3133335      	2.5347173      	2.211157       	2.1978195      	2.2146409      	2.3344269      	2.3555813      	2.3634312      	2.8676176      	3.0478175      	2.9815564      	
2.251463       	2.5316277      	2.2256992      	2.7082705      	2.5207026      	2.2688453      	2.3051012      	2.1084151      	2.512069       	2.3065858      	2.1977444      	2.6004887      	2.075046       	2.3504221      	2.4742475      	2.2670562      	2.0780668      	2.4521985      	2.0161376      	2.3058238      	2.716189       	2.24558        	2.1236382      	2.2752419      	2.3036082      	2.5159464      	2.1828463      	2.2479284      	2.3272705      	2.0382547      	2.0017061      	2.4276972      	2.1145895      	2.2445297      	2.4112139      	2.138061       	2.48099        	2.2413068      	2.3045201      	1.9306321      	2.300994       	2.1761243      	2.303111       	2.2544093      	-1.6279827     	-1.9354619     	-1.7456647     	-2.5858736     	-2.0905252     	-2.2855997     	-2.0958757     	-1.864995      	-1.8525327     	-2.2328162     	3.0411346      	-2.7137973     	2.774925       	2.7543168      	2.5684385      	2.5743036      	2.3149064      	2.00388        	2.5195925      	2.4761488      	2.2005935      	2.285246       	2.4838724      	2.122305       	2.2037532      	2.4129999      	2.4308429      	2.302433       	2.3349738      	2.1069393      	2.4216962      	2.3034062      	-2.3510303     	2.6596406      	2.2836854      	2.4507914      	2.3608823      	2.1991057      	2.4067705      	2.541984       	2.0475883      	2.3622754      	2.3773208      	2.1929486      	2.265047       	2.6210108      	2.576661       	2.2065845      	2.2176712      	2.5859056      	2.5812802      	2.3980632      	2.455383       	2.3292353      	-2.5258605     	-2.2644672     	
1.9778574      	2.1586962      	2.0665886      	2.3205724      	2.4233146      	2.498467       	2.165011       	2.4256864      	2.3235068      	2.23148        	2.3471165      	2.2551882      	2.2204194      	2.2110467      	2.1486063      	2.281185       	2.2145395      	2.1456954      	2.350022       	2.3372035      	2.1668684      	2.4490678      	1.9749266      	2.155014       	2.4277182      	2.4679112      	2.4018703      	2.3374584      	2.1278758      	2.1931484      	1.9298362      	2.4505649      	2.3126848      	2.54774        	2.3940444      	2.141167       	2.2237353      	2.2394946      	2.114685       	2.25234        	2.0278788      	-2.143371      	-2.1212418     	-2.4502053     	-2.1704354     	-2.3668342     	-1.8901247     	-2.5869744     	-2.2052858     	2.5624075      	2.79343        	2.188914       	2.7803593      	2.3063343      	2.5365944      	2.4105673      	2.553886       	2.3428872      	2.3760843      	2.3348348      	2.049818       	2.350292       	2.2077591      	2.278001       	1.9358133      	2.272376       	2.0600314      	2.5072362      	2.3601458      	2.3687642      	2.0553803      	2.4028568      	2.6730492      	2.3418233      	2.263485       	2.4975703      	2.0652733      	-2.0022388     	2.4955704      	2.3459167      	2.6061819      	2.2168312      	2.413928       	2.3985293      	2.271171       	2.2435505      	2.1288457      	2.2852356      	2.312108       	2.3229156      	2.377946       	2.098731       	2.299806       	2.2974834      	2.5105393      	2.2615314      	2.3590722      	2.4074528      	3.0650759      	-2.557027      	
2.3822992      	2.1990223      	2.0462384      	2.4872534      	2.349093       	2.5046902      	2.260079       	2.234877       	2.1854472      	2.170014       	2.2134945      	2.1156974      	2.358475       	2.2215743      	2.3360102      	2.3794377      	1.8160422      	2.0834196      	2.40885        	2.2601447      	2.3969631      	1.7287836      	2.0808072      	2.240536       	2.5604227      	2.2369785      	2.403098       	2.3184478      	2.3765934      	2.438296       	2.2679086      	2.181572       	2.404916       	2.4952598      	2.400937       	2.2279477      	2.0532005      	2.4401696      	2.5329843      	-1.5513248     	-2.9351346     	2.754728       	2.409279       	2.4102411      	2.5306807      	2.4282556      	2.2344244      	2.1949034      	2.0787094      	2.2552524      	2.1540105      	2.200863       	2.2392957      	2.3264027      	2.2574651      	2.5230217      	2.180272       	2.1742983      	2.391316       	2.2545028      	2.6406643      	2.4595134      	2.2193537      	2.0530257      	2.422626       	2.362176       	2.2581704      	2.4736838      	2.272679       	2.3678586      	2.2699027      	2.4256985      	2.0692675      	2.1978445      	2.1255066      	2.2508726      	2.051622       	2.6215963      	-2.9156456     	1.9759516      	2.3455229      	2.2395802      	2.2547963      	2.0059977      	2.5761726      	2.0610228      	2.2321417      	2.4035053      	2.320454       	2.2170124      	2.2821388      	2.2584019      	2.4336615      	2.176278       	2.3580344      	2.1635368      	2.361165       	2.1930091      	2.4381387      	2.785694       	
2.0490565      	2.174053       	2.6482522      	2.281224       	2.1701376      	2.6359563      	2.502677       	2.5375466      	2.5001774      	2.2183456      	2.2666245      	2.1861541      	2.2698207      	2.1918378      	2.419103       	2.2542832      	2.3048713      	2.0519428      	2.2076044      	2.4530127      	2.296365       	2.268749       	2.4937756      	2.234058       	2.3809333      	2.4695425      	2.4280825      	2.3858707      	2.4026859      	2.6727464      	2.5268133      	2.1101131      	2.3017967      	2.3834405      	2.1889615      	2.3504643      	2.1886618      	-3.0941901     	-2.5311775     	-3.0773244     	-2.872994      	-2.0544367     	-1.9823111     	2.7000895      	2.310836       	2.3499582      	2.2105448      	2.2805133      	2.2812552      	2.5479908      	2.5424178      	2.3759928      	2.1841269      	2.167975       	2.3855915      	2.4203942      	2.3493166      	2.2050633      	2.131597       	2.305055       	2.2046876      	2.0726743      	2.2320967      	2.704067       	2.3947637      	2.0881119      	2.2082279      	2.2825694      	2.3745403      	2.190611       	2.2706683      	2.3565767      	2.2251766      	2.3290398      	2.450411       	2.5310023      	1.9795222      	2.2791176      	-1.4589385     	2.7115085      	2.268673       	2.3079093      	2.3958812      	2.3353179      	2.2408164      	2.2549999      	2.3598158      	2.101921       	2.214449       	2.039434       	2.1875043      	2.2580876      	2.2348692      	2.2573345      	2.2560916      	2.3086405      	2.2340899      	2.3672388      	2.6727247      	-2.9196448     	
1.9329629      	2.5960066      	2.3401895      	2.4281027      	2.4664724      	2.0398266      	2.3905673      	2.105081       	2.404406       	2.2221105      	2.303908       	2.2468681      	2.277772       	2.6263285      	2.1336145      	2.2674177      	2.2477767      	2.3070223      	2.62888        	2.258377       	2.3680453      	1.9858543      	2.1577024      	2.2232032      	2.4567688      	2.2995236      	2.4145994      	2.4586427      	2.0646496      	2.2306287      	2.1739948      	2.3698597      	2.000914       	2.2868273      	2.3960495      	2.312005       	-2.6629868     	-1.9694353     	3.0687943      	2.896177       	2.6566448      	2.3214834      	2.3986216      	2.421756       	2.393674       	-2.742711      	2.6790369      	2.439254       	1.9481115      	2.2774153      	2.4231114      	2.3966177      	2.1052465      	2.3442144      	1.870845       	2.6077402      	2.5762153      	2.1565595      	2.3712916      	2.3155723      	2.0745769      	2.2556162      	2.335245       	2.521787       	2.272973       	2.3385715      	2.2246256      	2.3991485      	2.3740096      	2.6146502      	2.4364192      	2.2278867      	2.3869019      	2.074996       	2.1423047      	2.4008563      	2.2430568      	2.1613805      	2.8489473      	-2.1357465     	2.1093602      	2.5273278      	2.2296302      	2.148609       	2.018322       	2.1518564      	2.2745683      	2.2934482      	2.1256206      	2.1095748      	2.1285634      	2.3178926      	2.1532187      	2.1695902      	2.4161437      	2.0690637      	2.3979452      	2.38556        	2.303341       	2.282853       	
2.3526168      	2.1683965      	2.1618059      	2.3694205      	2.214153       	2.2887676      	-1.3230865     	-2.250403      	-2.3065543     	-2.3777115     	-2.1321988     	-1.8417801     	-3.0270083     	2.3954837      	2.1247556      	2.182601       	2.1518457      	2.1981292      	2.4254355      	2.3244328      	2.113903       	2.2814398      	2.183387       	2.4957495      	2.2686908      	2.5579739      	2.224115       	2.2194018      	2.471162       	2.2594273      	2.2735758      	2.3639765      	2.3991544      	2.298816       	2.3066225      	-2.8735094     	-2.110496      	3.1195226      	2.308157       	2.8558855      	2.3827343      	2.3378444      	2.406331       	2.1771765      	2.448372       	2.6240146      	-2.8114235     	2.908971       	2.1162484      	2.3776398      	2.2208133      	2.0703044      	2.3489566      	2.2093387      	2.1399345      	2.2208912      	2.459476       	2.3378959      	2.331944       	2.2506127      	2.49186        	2.366702       	2.2058659      	2.5501556      	2.5106196      	2.2584977      	2.2218053      	2.2061749      	2.346867       	2.3152723      	2.035658       	2.3738017      	2.2252862      	2.2450638      	2.2877226      	2.5679355      	2.3415241      	2.3202336      	2.163779       	-1.532314      	2.478285       	2.4941201      	2.273832       	2.520306       	2.0120077      	2.3205638      	2.343086       	2.4081812      	2.0103173      	2.534898       	2.14879        	2.5011053      	2.6766295      	2.3737273      	2.261193       	2.3512864      	2.081849       	2.1944659      	2.3135889      	2.1685443      	
-2.3737564     	-2.1025715     	-2.525145      	-1.9528084     	-1.6345265     	-2.2665632     	-2.4198203     	-2.3232927     	-2.314415      	-2.3694508     	-2.5596423     	-2.6307096     	-2.7777321     	-3.1124988     	-2.3992186     	-1.506798      	2.5845728      	2.191228       	2.283311       	2.214398       	2.2540824      	2.2255208      	2.0355906      	2.0484767      	2.2716985      	2.0673509      	2.087998       	1.9971726      	1.9061257      	2.28475        	2.1789806      	2.1241007      	2.1387587      	2.0785398      	2.5328298      	-2.9132533     	2.809244       	2.7899504      	2.4028482      	2.5717602      	2.5804744      	2.4960852      	2.2215018      	2.2328928      	2.3016603      	2.5545585      	2.7615168      	-2.8271103     	-3.1229863     	2.3829904      	2.2338312      	2.0944486      	2.4410796      	2.4365485      	2.285912       	2.3354037      	2.5785217      	2.3680606      	2.2245054      	2.304544       	2.3805537      	2.1132574      	2.268972       	2.2881055      	2.4320211      	2.2907915      	2.2004547      	2.2116013      	2.1243525      	2.265194       	2.2065368      	2.494213       	2.245302       	1.9300959      	2.247283       	2.2159066      	2.1861267      	2.3707767      	2.4937015      	2.2962112      	-2.9560072     	2.2739518      	2.3508976      	2.325642       	2.4325538      	2.1352663      	2.2918682      	2.1880565      	2.4305363      	2.278676       	2.3428578      	2.171208       	2.3470383      	2.1938097      	2.1984499      	2.17549        	2.5073025      	2.43405        	2.197449       	2.2378197      	
-2.2270799     	-2.6321626     	-2.952991      	2.8673801      	2.5668325      	2.3611822      	2.0892642      	2.3812146      	2.0826168      	2.366747       	1.9619505      	2.4522138      	2.0435977      	2.4638023      	2.4921303      	-2.4651332     	-2.5597732     	2.2231581      	2.1100287      	2.3486538      	2.4480681      	2.6252637      	2.2434442      	2.36824        	2.3863602      	2.3211226      	2.3082664      	2.3068345      	2.283719       	2.4089012      	2.0173066      	2.085886       	2.3218746      	2.2479925      	-1.8409957     	-2.2393856     	-2.8024127     	2.900023       	-2.0817475     	-3.0807815     	2.523033       	2.296939       	2.2227273      	2.3407376      	1.9717178      	2.47228        	2.3949094      	2.778799       	2.9343884      	2.304554       	2.4532468      	2.329668       	2.3405328      	2.4096453      	2.4747214      	2.3492055      	2.352239       	2.282804       	2.5352576      	2.3598008      	2.3572006      	2.2062397      	2.213932       	2.4286492      	2.253254       	2.2463875      	2.6040215      	2.4724405      	2.2684288      	2.255785       	2.418239       	2.3167303      	2.0384927      	2.4201465      	2.4518976      	2.2349117      	2.3353186      	2.2042313      	2.1718419      	2.2711608      	-2.2883465     	-2.9300215     	2.2653165      	1.9757639      	2.4814587      	2.4676042      	2.0303535      	2.308708       	2.5216746      	2.3824677      	2.1407404      	1.9755106      	2.1397557      	2.3379278      	2.294053       	2.3597329      	2.2789319      	2.3502712      	2.3554733      	2.2521346      	
2.3229694      	2.3227994      	2.466982       	2.492663       	2.479352       	2.2276716      	2.1580899      	2.352518       	2.3376799      	2.1035562      	2.1496053      	2.5496418      	2.175242       	2.356573       	2.4133942      	2.01475        	-3.0545497     	-3.0294359     	1.972154       	2.0902083      	2.2990143      	2.3424025      	2.1117778      	2.4524815      	2.3381526      	2.2118447      	2.330341       	2.3007545      	2.1956291      	2.2779508      	2.3013523      	2.287383       	2.1004734      	2.0447884      	-2.1271925     	-1.6447349     	-2.5671523     	-2.5123267     	-2.2824147     	3.140293       	2.3017542      	2.381922       	2.3681197      	2.1523724      	2.7409348      	-3.1112685     	2.8774464      	-2.747369      	2.6754403      	2.3858447      	2.4287229      	2.518705       	2.1116824      	2.507084       	2.3203835      	2.4656916      	2.254988       	2.3568354      	2.4059906      	2.629259       	2.2332778      	2.406648       	2.4779885      	2.2136648      	2.503971       	2.4942584      	2.1123805      	2.327933       	2.566597       	2.1864054      	2.2254488      	2.2644873      	2.314239       	2.350722       	2.2872033      	2.2057478      	2.1989272      	2.4015708      	2.1970608      	2.1883905      	2.479849       	-2.940453      	2.3586798      	2.287671       	2.2616234      	2.429345       	2.3469927      	2.1095479      	2.429156       	2.2268727      	2.3556237      	2.3879511      	2.3344562      	2.555668       	2.3939447      	2.2239535      	2.494052       	2.3685505      	2.239714       	2.1388338      	
2.294041       	2.5326228      	2.2661264      	2.2390904      	2.238212       	2.2725825      	2.3049314      	2.4486544      	2.5444188      	2.1261616      	2.5216274      	2.48186        	2.2511113      	2.1640368      	2.0943816      	2.0528047      	2.273486       	-2.6129818     	2.7874503      	2.3836868      	2.262978       	2.3644893      	2.1674254      	2.3864238      	2.4398928      	2.6104455      	2.4117734      	2.4138188      	2.3567102      	2.3740227      	2.336499       	2.2910016      	2.4793944      	2.2748265      	2.0771744      	2.8196201      	2.326469       	2.4014983      	2.1924322      	-3.0130436     	2.8639417      	2.476257       	2.373251       	-2.302125      	-3.139765      	2.9713662      	2.2288918      	2.2320414      	2.0916815      	2.1763692      	2.1113837      	2.3070416      	2.1984327      	2.0829997      	2.345456       	2.0763292      	2.147542       	2.4502485      	2.5578196      	2.669329       	2.2726204      	2.2893028      	2.1891036      	2.1976557      	2.026558       	2.3633513      	2.2325754      	2.366014       	2.0633473      	2.271897       	2.4473107      	2.2069325      	2.2003696      	2.361501       	2.6446514      	2.3346405      	2.286278       	2.315072       	2.0760818      	2.0953748      	2.3328133      	2.3740697      	2.7897177      	1.9755672      	2.5568147      	2.2083464      	2.3509064      	2.6077154      	2.4209092      	2.2355192      	2.2840028      	2.2368248      	2.4091258      	2.4109302      	2.3348105      	2.6064186      	2.551077       	2.1157951      	2.340418       	2.2801683      	
2.0810838      	2.5498676      	2.4065359      	2.5024016      	2.0485         	2.5095277      	2.420502       	2.2680998      	2.3334007      	2.3407335      	2.5178928      	2.4013166      	2.343052       	2.5069528      	1.8699228      	2.1974719      	2.1378574      	2.8615236      	-2.916644      	2.376801       	2.2051187      	2.3638659      	2.2397463      	1.9164857      	2.255999       	2.1652648      	2.2637737      	2.102472       	2.3248174      	2.2538614      	2.3789673      	2.4980388      	2.1774611      	2.1172183      	1.9911608      	2.305267       	2.3036647      	2.244319       	2.4741392      	2.3869014      	3.1164558      	-2.3090892     	2.862469       	2.7259827      	2.4595177      	2.2313163      	2.3967004      	2.2522972      	2.3032122      	2.4531174      	2.1014328      	2.2090507      	2.3887825      	2.4180095      	2.4064248      	2.6544516      	2.2197442      	2.51574        	2.402376       	2.4787674      	2.452655       	2.515676       	1.9517504      	2.3997362      	2.3468618      	2.1223536      	2.4719372      	2.5688791      	2.3211412      	2.4765825      	2.0625877      	2.3625464      	2.3270712      	2.3049655      	2.3514004      	2.0170102      	2.155641       	2.2321215      	2.216185       	2.282411       	1.9748738      	2.4795372      	-1.9706562     	2.8546538      	2.3397183      	2.2192974      	2.1968825      	2.688403       	2.2722628      	2.1742675      	2.3228264      	2.5137205      	2.20233        	2.3720436      	2.2166176      	2.184559       	2.4120755      	2.5225344      	2.478502       	2.4538167      	
2.5378032      	2.3353324      	2.4332092      	2.4236927      	2.482884       	2.1024928      	2.2939308      	2.1029825      	1.9881935      	2.239665       	2.2778895      	2.5343473      	2.2197642      	2.2430243      	2.374103       	2.4055126      	2.6139545      	2.225938       	-1.6471735     	2.6637542      	2.1218882      	2.436922       	2.2487922      	2.4670177      	2.1694293      	2.274691       	2.338925       	2.386614       	2.368607       	2.3011029      	1.955923       	2.2690256      	2.4567862      	2.0733604      	2.0366876      	2.0570924      	2.369199       	2.6405575      	2.2546384      	2.3996396      	2.1847663      	-2.0180545     	-2.0776825     	2.6004915      	2.7241201      	2.4035428      	2.1921248      	2.1998134      	2.2853801      	2.4227026      	2.3538218      	2.32051        	2.082359       	2.3734758      	2.5187967      	2.3415308      	2.5010285      	2.0853562      	2.5857193      	2.260509       	2.4756858      	2.4323664      	2.202774       	1.8067132      	2.3665318      	2.4596772      	2.363692       	2.276577       	2.5922267      	2.5303168      	2.6753643      	1.9662222      	2.5134337      	2.350358       	2.3349175      	2.038682       	2.1543362      	2.4462104      	2.2717159      	2.3127873      	2.1138144      	2.2558818      	-3.025177      	-2.2281117     	2.4261973      	2.0456119      	2.6028004      	2.5135407      	2.324332       	2.142993       	2.339467       	2.4501128      	2.2554708      	1.8551865      	2.4078827      	2.3966954      	2.4149737      	2.3826141      	2.126479       	2.0791502      	
2.5156043      	1.9432254      	2.283616       	2.3616238      	2.329961       	2.4186733      	2.3488085      	2.226905       	2.485306       	2.2116566      	2.3084607      	2.4874797      	1.9609326      	2.2792883      	2.5098486      	2.4277608      	2.2347398      	2.3393557      	3.089262       	-2.4708118     	2.254534       	2.1910493      	2.588217       	2.1564326      	2.3660502      	2.1158755      	2.393073       	2.3910182      	2.2647543      	1.9101051      	2.1642008      	2.2287896      	2.3716762      	2.3915997      	2.189429       	2.41398        	2.3985214      	2.110107       	2.1147895      	2.0567741      	2.120914       	2.5563643      	-2.6287067     	-3.037817      	2.6396194      	2.300197       	2.4354196      	2.473693       	2.3862247      	2.3792453      	2.3826928      	2.3995135      	2.3671224      	2.5075781      	2.284627       	2.4002585      	2.352589       	2.413191       	2.3327727      	2.1362414      	2.176579       	2.3349116      	2.5221052      	2.1911929      	2.5485916      	2.3285346      	2.5150542      	2.231185       	2.3421218      	2.2282476      	2.344542       	2.4755478      	2.404087       	2.403757       	2.330734       	2.4303732      	2.3348763      	2.4921875      	2.2972298      	2.2196178      	2.265573       	2.1250858      	2.4924989      	-1.9701899     	2.72278        	2.2479372      	2.2278073      	2.396102       	2.4733117      	2.2076588      	2.0854397      	2.300219       	2.0850084      	2.4034617      	2.32275        	2.4597492      	2.6380417      	2.4776287      	2.2693315      	2.247134       	
2.2961206      	2.4031148      	2.1807194      	2.1740751      	2.1143723      	2.1195345      	2.1067352      	2.3602214      	2.343699       	2.2884195      	2.7322958      	2.5042055      	2.4525788      	1.9449719      	2.4352307      	2.1765828      	2.288116       	2.1003995      	2.0373816      	-2.3850343     	2.9380798      	2.318335       	2.285853       	2.0746145      	2.3152063      	2.3760338      	2.0789635      	2.161722       	1.9343715      	2.3369746      	2.3177652      	1.9875488      	2.211448       	2.5700262      	2.4303572      	2.2782698      	2.101579       	2.1813529      	2.1309104      	2.2812111      	2.1785483      	2.442237       	-2.7557373     	-2.6848905     	2.4667413      	2.5815053      	2.1055012      	2.4355738      	2.552171       	2.3228676      	2.3463347      	2.180367       	2.2382128      	2.4357502      	2.3398428      	2.2978888      	2.349678       	2.1475363      	2.3308597      	2.007022       	1.7805803      	2.3634255      	2.0440521      	2.3258622      	2.2462268      	2.3112807      	2.6251493      	2.1631804      	1.943383       	2.5653076      	2.3840446      	2.576761       	2.0809445      	2.4448023      	2.1614404      	2.2275214      	2.0907671      	2.3184137      	2.1460772      	2.4772272      	2.2518253      	2.1605997      	2.1916132      	2.859545       	-2.392077      	2.4454443      	1.8802487      	2.2923775      	2.1784568      	2.4033108      	2.2770925      	2.4434855      	2.4111545      	2.2501075      	2.2926855      	2.283807       	2.0911968      	2.219874       	2.3540697      	2.5361187      	
