# www.neaspec.com
# Scan:	 	AFM
# Project:	 	20251007_PS
# Description:	 	
# Date:	 	10/07/2025 10:43:47
# Scanner Center Position (X, Y):	[µm]	49.99	50.01	 
# Rotation:	[°]	0	 	 
# Scan Area (X, Y, Z):	[µm]	5.000	5.000	0.000
# Pixel Area (X, Y, Z):	[px]	100	50	1
# Averaging:	 	1	 	 
# Integration time:	[ms]	5	 	 
# Laser Source:	 	4.5-15 µm nano-FTIR laser
# Detector:	 	R
# Target Wavelength:	[µm]	7.502	 	 
# Demodulation Mode:	 	Fourier
# Tip Frequency:	[Hz]	241,340.500	 	 
# Tip Amplitude:	[mV]	45.700	 	 
# Tapping Amplitude:	[nm]	79.665	 	 
# Modulation Frequency:	[Hz]	0.000	 	 
# Modulation Amplitude:	[mV]	0.000	 	 
# Modulation Offset:	[mV]	0.000	 	 
# Setpoint:	[%]	79.75	 	 
# Regulator (P, I, D):	 	4.206850	8.625812	1.000000
# Tip Potential:	[mV]	0.000	 	 
# M1A Scaling:	[nm/V]	0.426	 	 
# M1A Cantilever Factor:	 	1,000	 	 
# Q-Factor:	 	487.4	 	 
# Version:	 	2.1.11536.0
2.181541       	2.1506968      	2.3816173      	2.4725358      	1.9211146      	2.0437002      	2.3241408      	2.2305925      	2.015779       	2.3948975      	2.1653097      	2.3036897      	2.1681542      	2.1793566      	2.199688       	2.4652185      	2.1298938      	2.1478631      	2.4193392      	2.285274       	2.206691       	2.345584       	2.0637836      	2.0132458      	2.2840118      	2.3483658      	2.28955        	2.2619379      	2.076521       	2.317803       	2.7484787      	2.3784919      	2.2949333      	2.0937264      	2.479646       	2.0805264      	2.2956967      	2.4222982      	2.1718938      	2.2791626      	2.2294376      	2.5562177      	2.1920753      	2.4107826      	2.3854706      	2.1565955      	1.928465       	2.3589473      	2.36114        	2.3050199      	2.0187945      	2.062046       	2.5099444      	1.7096034      	2.292964       	2.3299372      	2.081476       	2.181889       	2.102496       	2.4916506      	1.9618945      	2.0650868      	2.4302464      	2.508347       	2.4338498      	2.184013       	2.329237       	2.4799638      	1.9780282      	2.3106313      	2.0961776      	2.1324198      	2.1064563      	2.1855717      	2.246723       	2.33795        	2.2412975      	2.5039582      	2.2297542      	2.2554479      	2.2403097      	2.075357       	2.397127       	2.2205048      	2.2206953      	2.5697634      	3.0125222      	-2.244863      	-2.4470663     	-2.219433      	-2.320939      	-2.3565001     	-2.2276852     	-2.264001      	-3.0232358     	-3.0698283     	-2.7366962     	2.528842       	2.332754       	2.4205103      	
2.0634937      	2.117101       	2.1904705      	2.200687       	2.5152829      	2.1063435      	2.2538695      	2.2671428      	2.2736263      	2.1098795      	2.3726397      	2.281792       	2.1327968      	2.1556146      	2.184085       	2.2287197      	2.0899973      	2.1733747      	2.147444       	2.3026018      	2.4580345      	2.4225218      	2.2599         	2.3518016      	2.0564632      	2.204413       	2.1769772      	2.0554624      	2.1951356      	2.2529085      	2.2716901      	2.2826324      	2.2758439      	2.438638       	2.4356086      	2.129571       	2.1794896      	2.0960302      	2.152978       	2.0312963      	1.9481963      	2.3821478      	2.1681778      	2.4777274      	2.4052155      	2.1255744      	2.407509       	2.1416616      	2.2619822      	2.44202        	2.201034       	2.2151048      	2.2714267      	2.2931576      	2.2161794      	2.0565023      	2.2453065      	2.238729       	2.3209631      	2.2902663      	2.3848         	2.0195642      	2.3761246      	2.3037093      	2.1203575      	2.006323       	2.3134644      	2.4613066      	2.3153505      	2.3747635      	2.4582222      	2.1622         	2.3986034      	2.2590878      	2.188942       	2.107371       	2.1337144      	2.070008       	2.2924552      	2.4440007      	2.4147735      	2.1319466      	2.2077918      	2.5388234      	1.9646705      	2.4081593      	-2.091215      	-2.10114       	2.7165434      	-2.700504      	2.7856147      	2.278713       	2.3449705      	2.2812424      	2.1135225      	2.303207       	2.2499151      	2.319365       	2.1784596      	2.1326787      	
2.4379277      	2.3191428      	2.3809655      	2.2254434      	2.2822626      	2.3844109      	2.403677       	2.0752234      	2.0659842      	2.3613274      	2.027392       	2.028401       	2.554495       	2.2222643      	2.3938172      	2.2178466      	2.3102512      	2.0827234      	2.3390484      	2.280206       	2.3047783      	2.359411       	2.5261123      	2.1100044      	2.138287       	2.1443527      	2.3870814      	2.452469       	2.3373508      	2.3286057      	2.3558288      	2.2531457      	2.3612309      	2.2808406      	2.395539       	2.3554971      	2.2231903      	2.138205       	2.2931647      	2.525919       	2.4242828      	2.1154804      	2.48273        	2.2553284      	1.7254994      	2.0850284      	2.5015557      	2.1809769      	2.2048306      	2.231638       	2.2153301      	2.2773983      	2.2115068      	2.5438929      	2.2430212      	2.2586708      	2.3429058      	2.2571533      	2.0252123      	2.5679164      	2.4536686      	2.5051723      	2.129257       	2.3248343      	2.1387167      	2.1424353      	2.2416542      	2.6361856      	2.5559015      	2.5196354      	2.2884576      	2.1658223      	2.3697424      	2.524938       	2.3510785      	2.2938538      	2.3151226      	2.3041568      	2.4720013      	2.1181974      	2.504287       	2.368006       	2.4131553      	2.5066388      	-2.9137082     	2.4603233      	2.2101476      	2.2943726      	2.24368        	1.8768058      	2.1071098      	2.5586545      	2.2167802      	2.4011598      	1.8931856      	2.186114       	2.504972       	2.040568       	2.112152       	2.171178       	
2.0699143      	2.5057116      	2.5319         	2.3757114      	2.3649292      	2.2458158      	2.2852995      	2.1659305      	2.36587        	2.125394       	2.1141853      	2.4957943      	2.2255383      	2.1588585      	2.1780388      	2.1333797      	2.1138415      	2.0032692      	2.4744477      	2.26927        	2.147545       	2.268144       	2.3294492      	2.194755       	2.1950846      	2.356515       	2.0740986      	2.4425156      	2.1430728      	2.2819817      	1.8346411      	2.2370124      	2.1574728      	2.4344015      	2.3736968      	2.4864726      	2.1459522      	2.312          	2.3517206      	2.3046618      	2.3433816      	2.1931746      	2.2941318      	2.4628048      	2.0001554      	2.4526222      	2.5886645      	2.6113925      	2.3009984      	1.8837079      	2.3079846      	2.2693133      	2.0098166      	2.3173995      	2.320841       	2.2954137      	2.0224543      	2.042762       	2.0778003      	2.290718       	2.1407576      	2.5317404      	2.1552792      	2.4334247      	2.5147812      	2.1878777      	2.1783507      	2.452607       	2.5810037      	2.2338572      	2.1712627      	2.2717047      	2.5830965      	2.6125455      	2.6982067      	1.9157518      	2.3880334      	2.3883486      	2.3544412      	2.204416       	2.2959516      	1.944438       	2.3058875      	2.8488617      	2.4263659      	2.0600295      	2.3696213      	2.2573066      	2.6068795      	2.328652       	2.425403       	2.1107645      	2.1862655      	2.1402872      	2.2866807      	2.0648742      	2.2740855      	2.336276       	2.673931       	2.4570827      	
2.2499657      	1.9466817      	1.9909238      	2.105793       	2.2934217      	2.378069       	2.5217772      	2.0852902      	2.3020372      	2.308597       	2.0826504      	2.4679787      	2.3289042      	2.1521606      	1.9946536      	2.3254237      	2.3776953      	2.2191057      	2.1715152      	1.9682342      	2.2080083      	2.2561958      	2.131794       	2.2929564      	2.0242443      	2.4494126      	2.3568764      	2.3612278      	2.249744       	2.3214602      	2.0443857      	2.0229495      	2.329001       	2.1992989      	2.3348758      	2.4407876      	2.191752       	2.2285898      	2.1937134      	2.3143373      	2.1066644      	2.2749321      	2.206913       	2.0458672      	2.173172       	2.1405625      	2.2878566      	2.1538904      	2.4013243      	2.2619476      	2.2815611      	2.1973364      	2.2599933      	2.1968026      	2.3780053      	2.659336       	-2.304307      	1.9574978      	2.0317206      	2.1345148      	2.4175344      	2.455115       	2.2584977      	2.239335       	2.2177536      	2.142902       	2.3465834      	1.9891158      	2.1628544      	2.0091755      	2.3266058      	2.1992266      	2.254907       	2.370718       	2.508134       	2.5636156      	2.1996927      	2.3212914      	2.4988716      	2.1295812      	2.3671408      	2.1583652      	2.582224       	-2.3964522     	-2.4139419     	2.180061       	2.2433114      	2.255628       	2.2941165      	2.288495       	2.1639495      	2.4834142      	2.1754181      	2.3403428      	2.2202678      	2.2554338      	2.5150447      	2.4277985      	2.3198001      	2.2534223      	
2.0982168      	2.1862612      	2.3798687      	2.1444063      	2.2306406      	2.2279859      	2.1813498      	2.3870153      	2.160218       	2.513708       	1.960264       	2.1211295      	2.4100907      	2.7363691      	2.1829443      	2.237976       	2.381126       	2.1056933      	2.3111534      	2.2714586      	2.0753274      	2.3520193      	2.255055       	2.4112673      	2.2854156      	2.4415145      	2.4420192      	2.1640625      	2.313023       	2.3213491      	2.379187       	2.1209037      	2.2356493      	2.2063284      	2.082343       	2.602308       	2.3978684      	2.336458       	2.4681535      	2.0221944      	2.3911781      	2.2218394      	2.1521885      	2.1711993      	2.4043128      	2.4526136      	2.2255015      	2.2275891      	2.4172606      	-2.600385      	-2.9418912     	-2.7283762     	-2.6155999     	-2.5521283     	-2.3591187     	-2.534653      	-2.737585      	-2.3547661     	-1.5361868     	-2.987558      	2.1295137      	2.4801419      	2.216937       	2.1135683      	2.0446496      	2.3971393      	2.3435493      	2.2400734      	2.3100986      	2.1906846      	2.2271903      	2.3399467      	1.9866596      	2.2704194      	2.1878242      	2.2279105      	2.4453797      	2.19797        	2.3780513      	2.437387       	1.9639167      	2.1876345      	2.0796328      	-3.043103      	-1.812261      	-2.858162      	2.205988       	2.2067354      	2.2955904      	2.5284972      	2.4693036      	2.417502       	2.4434035      	2.2134118      	2.3497374      	2.6108146      	2.0700424      	2.2575135      	2.0767422      	2.2475233      	
2.2231956      	2.4552932      	2.100665       	2.2919235      	2.4042442      	2.149527       	2.3462048      	2.1428025      	2.2069256      	2.3051333      	2.6107337      	2.6445346      	2.3637698      	2.2428987      	1.9450378      	2.337391       	2.2153747      	2.2570422      	2.4134965      	2.3692465      	2.3002944      	2.2716413      	2.1629288      	2.1773176      	2.3168848      	1.9393418      	2.2463033      	2.0891757      	2.2142587      	2.4899664      	2.275505       	2.4984393      	1.9693701      	2.3614213      	2.3370342      	2.259566       	2.5258372      	2.052401       	2.2990124      	2.2917798      	2.390512       	2.6706364      	-2.1819904     	-2.7376847     	-2.3747418     	-2.1866322     	-2.3618448     	-2.3930175     	-2.2758923     	-2.097775      	3.0155375      	3.0919564      	2.6745284      	2.3334415      	2.3204918      	2.3365872      	2.187364       	2.3792844      	2.3814673      	2.4538062      	-2.7656617     	2.403051       	2.1664023      	2.3435597      	2.3232596      	2.4161592      	2.3544047      	2.2275872      	2.4327033      	2.3141472      	2.2714744      	2.3154898      	2.2096765      	2.0054781      	2.1174617      	2.203881       	2.6080644      	2.3891475      	2.327172       	1.8859578      	2.061964       	2.235865       	2.2285118      	2.872407       	-2.3195276     	-2.3595643     	2.3668582      	2.280595       	2.2429104      	2.2890177      	2.4733112      	2.559709       	2.5448446      	2.1630106      	2.6162527      	2.4595737      	2.3117485      	2.2884545      	2.4390767      	2.374227       	
2.0604992      	2.3500776      	2.3535132      	2.2376304      	2.6190228      	2.0876822      	2.3205965      	2.2172668      	2.1122077      	2.5663023      	2.2010007      	2.0562332      	2.3437061      	2.068851       	2.3067956      	2.0926228      	2.332663       	2.1848407      	2.2607012      	2.515966       	2.5356526      	2.425998       	2.180932       	1.9491621      	2.3425574      	2.161801       	2.225184       	1.9002489      	2.387357       	2.3052576      	2.4417071      	2.1500092      	2.0551462      	-3.1206021     	-2.3330343     	-2.1761725     	-2.3284674     	-2.3822002     	-2.4920907     	-2.5838351     	-2.4781716     	-2.678284      	3.1176686      	-2.3861458     	-2.9645255     	2.5293548      	2.5030756      	2.3573842      	2.437871       	2.2514403      	2.6072574      	2.3888454      	2.430371       	2.00775        	2.1722744      	1.9937048      	2.116106       	2.0046144      	2.366326       	2.3806417      	2.9346159      	-2.967905      	-2.8510993     	2.280545       	2.4925482      	2.203343       	2.1200004      	2.2128043      	2.6496444      	2.51086        	2.457858       	2.2633734      	2.186845       	2.1268907      	2.1933732      	2.5565841      	2.068903       	2.4999483      	2.2629194      	2.2489939      	2.1889613      	2.3018572      	2.5692377      	1.8342086      	-3.1239288     	-1.7981902     	2.2100735      	2.4151797      	2.0762367      	2.2213364      	2.281          	2.3754187      	2.2316558      	2.2317376      	2.2589307      	2.3158584      	1.9407883      	2.3202724      	2.2310197      	2.4212878      	
2.2797132      	2.186259       	2.2375133      	2.261091       	2.5691898      	2.297942       	1.9429734      	2.3414404      	2.4991932      	1.998646       	2.3360188      	2.3305888      	2.36339        	2.353466       	2.3975582      	2.3658133      	2.4438584      	2.1325445      	2.2286103      	2.2230945      	2.1941028      	2.509339       	2.781256       	2.1271853      	2.2370398      	2.1915922      	2.579107       	-2.402122      	-2.6113179     	-2.954918      	-2.3778665     	-2.0258517     	-2.6102576     	-2.1241899     	-2.4374855     	3.0239704      	-2.9571505     	2.590877       	2.6460629      	2.614985       	2.0228333      	2.257862       	2.442877       	2.5017853      	2.2572663      	2.1656194      	2.042181       	2.5785413      	2.3602293      	2.3174627      	2.0947769      	2.128498       	2.3435824      	2.2876124      	2.3560705      	2.6242502      	2.1430159      	2.1814373      	2.5479722      	2.2421176      	2.205865       	2.6626792      	-2.2420914     	2.163774       	2.0688062      	2.2600417      	2.13596        	2.1165242      	2.0381866      	2.134183       	2.0794406      	2.462485       	1.9838754      	2.2585876      	2.4130893      	2.381472       	2.1821127      	2.0822043      	1.9914367      	1.9488493      	2.2579648      	2.2169108      	2.0643306      	2.2835062      	2.4513435      	-2.5051088     	-2.0732398     	2.2424002      	2.4096842      	2.4092605      	2.052931       	2.3850658      	2.2869468      	2.030088       	2.1934047      	2.3067737      	2.1525204      	2.5404172      	2.4410682      	2.0895753      	
2.279561       	2.5187516      	2.2207456      	2.2731438      	2.3529322      	2.13248        	2.016348       	2.324435       	2.0248117      	2.5202804      	2.4489267      	2.1412952      	1.9565434      	2.4359546      	2.1672242      	2.2869759      	2.2133913      	2.3383975      	2.1238186      	2.4490905      	2.152709       	2.2030742      	2.5062513      	2.095963       	2.047268       	2.3887336      	2.3228703      	-2.5129929     	-2.9797475     	-3.1219323     	3.1082518      	2.455141       	2.408945       	2.271197       	2.452243       	2.3965206      	2.3373585      	2.119207       	2.4262042      	2.5642815      	1.8039032      	2.1462078      	2.3686857      	2.2744408      	2.0494585      	2.4594483      	2.388413       	2.274956       	2.167056       	2.3012218      	2.322011       	2.1965404      	2.3168113      	2.4944599      	2.3097117      	2.352552       	2.416179       	2.3129134      	2.3656113      	2.4872804      	2.4142656      	2.581112       	3.0037122      	-2.9360545     	2.1721885      	2.2861767      	2.1534345      	2.301575       	2.406959       	1.9105622      	2.1075492      	2.2470248      	1.9570466      	2.347662       	2.2871294      	2.25179        	2.3032033      	2.2278152      	2.343148       	2.464189       	2.3879418      	2.3419082      	2.2177117      	1.9169923      	2.5914643      	-2.9403317     	-2.305051      	-2.2405872     	2.2927148      	2.0677485      	2.2782807      	2.2208207      	2.295362       	2.4897325      	2.3882256      	2.331992       	2.260245       	2.1881022      	2.525693       	2.2935538      	
2.2499616      	2.5309176      	2.517135       	2.279239       	2.1846068      	2.1540055      	2.2383876      	2.1063623      	1.9890672      	2.1292863      	2.5373769      	2.3690515      	2.4262242      	2.434265       	2.182693       	2.2455394      	2.3786006      	2.300702       	2.2467873      	1.8180794      	2.2850935      	2.0591278      	1.9026116      	2.3504047      	-3.0584137     	2.6073568      	2.2962408      	2.3349206      	2.0767808      	2.265555       	2.3692446      	2.2813215      	2.2113397      	2.4948528      	2.223764       	2.3457618      	2.2791657      	2.2649503      	2.306861       	2.8796163      	-3.0446053     	2.7642906      	2.5517757      	2.3844903      	2.2559178      	2.2288394      	2.2063758      	2.2590256      	2.4279363      	2.3585594      	2.1687307      	1.9481493      	2.2794988      	2.1521568      	2.2153077      	2.3603575      	2.3733206      	2.1756673      	2.5389552      	2.3702636      	2.4019868      	2.6249058      	2.5800643      	-2.1432607     	2.4524603      	2.4032469      	2.2159493      	2.4354646      	2.5398118      	2.218552       	2.0523071      	2.234477       	2.4337575      	2.146867       	2.3924985      	2.3890142      	2.1577682      	2.2785413      	2.2511961      	1.7766043      	2.397978       	2.5314867      	2.3812718      	2.102153       	2.2740386      	2.6800852      	-1.9165403     	-1.7237607     	2.2425036      	2.3164127      	2.2816696      	2.455323       	1.947625       	2.3662548      	2.2887251      	2.2677765      	2.5078924      	2.1028943      	2.1565428      	2.4122283      	
2.4631162      	2.2498116      	2.293277       	2.3653717      	2.0742888      	2.0346713      	2.1993637      	2.1973076      	2.0887115      	2.1033733      	2.189076       	2.3399906      	2.5059571      	2.495349       	2.3762035      	2.1699326      	2.387328       	1.99353        	2.1753163      	2.4014568      	2.1378703      	2.098805       	2.3218842      	2.9372334      	3.0593042      	2.4160416      	2.270752       	2.371426       	2.3437514      	2.5225253      	2.3211427      	2.5482185      	2.5776377      	2.5903146      	2.1926994      	2.2133017      	2.1773982      	1.9686089      	2.0919256      	2.4272876      	2.6210036      	-2.7503867     	2.4922333      	2.161189       	2.08917        	2.062929       	2.4846241      	2.1643753      	2.125324       	2.4261878      	2.5994995      	2.3164473      	2.519447       	2.363488       	2.3229046      	2.4821033      	2.3565168      	2.1554646      	2.4413872      	2.1720653      	2.5448334      	2.3464735      	2.5415912      	2.9375017      	-1.8425562     	2.3321579      	2.446736       	2.163235       	2.2775764      	2.3098617      	2.2971992      	2.3401778      	2.5362964      	2.447535       	2.2138674      	2.5642107      	2.0318308      	2.2681777      	2.108624       	2.2951496      	2.4444592      	2.3617492      	2.528329       	2.3793507      	2.1643813      	2.7948623      	-3.133891      	-1.9624554     	-2.643212      	2.4269137      	2.5295296      	2.2997072      	2.6369724      	2.3620565      	2.2550309      	2.1035907      	2.1423013      	2.3074183      	2.4464827      	2.1511734      	
2.3023171      	2.1995173      	2.216272       	2.2559962      	2.0707421      	2.2308412      	2.512331       	2.6161509      	2.070597       	2.2106144      	2.3809648      	2.088255       	2.2066827      	2.3156936      	2.0772452      	2.1881475      	2.5308917      	2.4539971      	2.360955       	2.3696966      	2.360426       	2.3506162      	2.2990532      	-3.1112344     	-2.4056058     	2.7844028      	2.4355154      	2.1020863      	2.4521677      	2.2298803      	2.175508       	2.215108       	2.4029293      	2.3667514      	2.2788076      	2.4673805      	2.0629773      	2.5345263      	2.4470847      	2.0926428      	2.5806203      	1.887721       	2.2233756      	2.1360817      	2.526356       	2.376172       	2.2372918      	2.537025       	2.7012427      	2.2069561      	2.324374       	2.3026972      	2.404701       	2.285305       	2.184598       	2.3864625      	2.403459       	2.479722       	2.4335303      	2.2843785      	2.293084       	2.6324334      	2.4399447      	3.0170655      	-2.9344153     	2.932015       	2.2122958      	2.2148917      	2.4656076      	1.9943335      	2.2459939      	2.0861177      	2.2225807      	1.9947438      	1.9979557      	2.5291095      	2.1220822      	2.4159636      	2.2806911      	1.8543755      	1.9119861      	2.0980637      	1.9375657      	2.3699856      	2.0947182      	2.1787472      	2.498262       	-2.5294535     	-2.322349      	2.291296       	2.4082053      	2.2293751      	2.3194845      	2.0702977      	2.3494763      	2.186613       	2.5477922      	2.0325031      	2.5334814      	2.0831032      	
2.4521542      	2.1145694      	2.1673143      	2.5771294      	2.2909493      	2.2340405      	2.3447223      	2.3827896      	2.3607996      	2.3374934      	2.3953032      	2.0617924      	2.0147977      	2.5673087      	2.5955372      	2.3332949      	2.646049       	2.33891        	2.252534       	2.3638396      	2.1266537      	2.5214944      	2.5405045      	2.2450736      	-2.7043808     	2.726631       	2.268321       	2.2765708      	2.1410427      	2.3583162      	2.425789       	2.130535       	2.0972486      	2.316265       	2.2472382      	2.1599023      	2.375926       	2.195901       	2.4227235      	2.1261039      	2.1929913      	2.269189       	2.5042048      	2.3361516      	2.3430781      	2.3720114      	2.212192       	2.1444707      	2.2562878      	2.6462538      	2.0684123      	2.5011961      	2.4805748      	2.450579       	2.373844       	2.2998798      	2.4313817      	2.5043166      	2.1884234      	2.2726657      	2.276587       	2.261226       	2.7588081      	2.6678708      	2.8406153      	-2.4332032     	2.148217       	2.1925285      	2.3170114      	2.1330004      	2.3489478      	2.3641136      	2.3005757      	2.3952866      	1.9840094      	2.2937212      	2.3118887      	2.4122772      	2.3111145      	1.9871111      	2.156494       	2.5868738      	2.2253566      	1.9949334      	2.214067       	2.2975404      	2.1158762      	2.5000162      	-2.5155616     	-2.332182      	2.343331       	2.274029       	2.1677866      	2.428617       	2.1667182      	2.314073       	2.184122       	2.4361         	2.418576       	2.2960641      	
-1.7941529     	-1.3953187     	1.9497697      	2.323576       	2.4454591      	2.314863       	2.3675158      	2.5398877      	2.3463604      	2.245397       	2.0868816      	2.3207185      	2.4088285      	2.3778062      	1.9284798      	2.452642       	2.444827       	2.1558676      	2.144845       	2.361974       	2.3674386      	2.3381119      	2.6730924      	2.2995877      	-2.171467      	-2.2443516     	2.7907362      	2.217815       	2.2415302      	2.3866303      	2.2206235      	2.0079856      	2.293275       	2.2120914      	2.3637857      	2.4955997      	2.4307373      	2.2429805      	2.4729395      	2.1792786      	2.526202       	2.157361       	2.3207078      	2.0000606      	2.4898224      	2.5572884      	2.192146       	2.4686077      	2.2732353      	2.5211492      	2.0221682      	2.450584       	1.9207987      	2.3436382      	2.4649148      	2.2062232      	2.2189348      	2.3951786      	2.6364095      	2.1620307      	2.3571215      	2.5736172      	2.5234308      	2.332163       	2.5259936      	-2.979561      	2.5077982      	2.2663658      	2.0573392      	2.3008482      	2.2051027      	2.5122907      	2.3888555      	2.2848096      	2.1210618      	2.095601       	2.2761092      	2.420838       	2.240668       	2.0869355      	2.06257        	2.3683083      	2.1067781      	2.2987266      	2.6692367      	2.408558       	2.2106423      	2.336588       	-3.07612       	-2.2594976     	-2.6732614     	2.3986378      	2.3409781      	2.2369294      	2.2715232      	2.257137       	2.3351517      	1.9310505      	2.309114       	2.5714772      	
2.673601       	3.015918       	-2.745708      	-3.0642679     	2.1899583      	2.0609307      	2.306771       	2.324251       	2.2733102      	2.0788305      	2.5893018      	2.2449694      	2.1330295      	1.9814222      	2.272638       	2.2371027      	2.2473452      	2.3639672      	2.3035576      	2.3878345      	2.1209         	2.2847981      	2.3521419      	2.2651653      	2.8012996      	-2.4105992     	-2.8408513     	1.9689411      	2.3525581      	2.2427416      	2.250685       	2.2209044      	2.0235937      	2.649449       	2.238538       	2.4916308      	2.1862311      	2.348386       	2.100494       	2.3258746      	2.4347773      	2.2792544      	2.3108191      	2.434739       	2.469168       	2.1248693      	2.2432003      	2.2755957      	2.3435047      	2.290754       	2.345199       	2.5435302      	2.1150746      	2.1906724      	2.4722028      	1.8470027      	2.2595878      	2.21836        	2.4454985      	2.2208338      	2.384168       	2.037609       	2.4205017      	2.2033753      	2.55362        	2.7951167      	-2.3786554     	2.1113858      	2.4375067      	2.4328084      	2.0949774      	1.9916891      	2.0772815      	2.188536       	2.191369       	2.3955064      	2.5680456      	2.1438437      	2.2079148      	2.0203183      	2.288566       	2.3108857      	2.2434893      	2.325727       	2.214005       	2.3784568      	2.2132742      	2.448637       	2.4078526      	2.6955097      	-2.2692366     	2.4455738      	2.289866       	2.2954457      	2.3652601      	1.9895004      	2.4025319      	2.3346186      	2.1451242      	2.329393       	
2.504496       	2.5957575      	3.0632308      	2.9372087      	2.04767        	1.9500422      	2.3068953      	2.3810723      	2.1161547      	2.1119246      	1.9998505      	2.1477094      	2.5276344      	2.0344887      	2.0460792      	2.1430144      	2.9546487      	2.2573295      	2.2501345      	2.3219829      	2.4162993      	2.2724907      	2.0038657      	2.3519216      	2.2708204      	3.0946422      	-1.6920528     	2.6307554      	2.168376       	2.2605553      	2.3561897      	2.1034045      	2.22283        	2.0616684      	2.1480958      	2.0864155      	2.522305       	2.5449955      	2.289569       	2.6227317      	2.1532745      	2.1830854      	2.4056942      	2.194827       	2.3374968      	2.6034079      	2.2643256      	2.1962566      	2.498994       	2.255109       	2.2544236      	2.4082732      	2.3437808      	2.2574697      	2.5620713      	2.050023       	2.2415566      	2.3395984      	2.3115711      	2.3520494      	2.2336345      	2.0639708      	2.292275       	2.4822378      	2.3805795      	2.6339426      	2.8601513      	-2.8025253     	2.2304068      	2.1603055      	2.2288702      	2.126905       	2.2903855      	2.5741737      	2.4174387      	2.0020452      	2.6463735      	2.3814306      	2.2859614      	2.173862       	2.1499188      	2.425131       	2.215538       	2.33735        	2.102921       	2.3135874      	2.1227806      	2.4792733      	2.3428574      	2.6601038      	-2.5438333     	-2.5984035     	2.469996       	2.367623       	2.4515967      	2.3141737      	2.4354877      	2.344027       	2.4235911      	2.0969336      	
2.2809086      	2.405829       	2.4602423      	2.983973       	2.441553       	2.2180085      	2.2764618      	2.3800628      	2.318858       	2.4151003      	2.3044183      	2.2891436      	2.4629374      	2.25062        	2.2977715      	2.4761307      	2.2637992      	2.2496672      	2.333817       	2.1178603      	2.2421994      	2.2825742      	2.2236452      	2.1108942      	2.3565364      	2.46748        	-2.6644132     	-2.4071205     	2.2704422      	2.393526       	1.9374673      	1.9897968      	2.4093         	2.2924905      	2.3786726      	2.4168253      	2.4939182      	2.2333198      	2.3125343      	2.1650367      	2.3361597      	2.07237        	2.6534         	2.5827045      	2.3122528      	2.287096       	2.399439       	2.2507553      	2.363558       	2.3974333      	2.21774        	2.3625903      	2.1301522      	2.3812652      	2.2699032      	2.2965984      	2.1201024      	2.356051       	2.4899302      	1.9947227      	1.987865       	2.2152896      	1.8778409      	2.4493775      	2.2434528      	2.8053348      	2.6737967      	-2.4392548     	2.182284       	2.0511785      	1.9794968      	2.3541787      	2.2752345      	2.1390529      	2.4174418      	2.185711       	2.2695436      	1.9208726      	2.1228085      	2.2733486      	2.2198253      	2.3186243      	2.3110843      	2.3304386      	2.621756       	2.1689782      	2.2449746      	2.047406       	2.1715524      	2.3560474      	-2.6217651     	-2.1922088     	2.4073431      	2.235813       	2.379767       	2.390057       	2.2003531      	2.354974       	2.4993532      	2.3312867      	
2.4850044      	2.4218762      	2.4929385      	2.8415902      	-2.425482      	2.0485094      	2.2400684      	2.0950427      	2.064651       	2.0674472      	2.4510398      	2.19066        	2.1497948      	2.6433048      	1.9553597      	2.2771971      	2.096633       	2.0019102      	2.2231383      	2.125442       	1.9769483      	2.5750113      	2.210723       	2.2079687      	2.5220358      	2.2440767      	2.8694777      	-2.2068987     	-2.6735091     	2.1606407      	2.3219128      	2.3178928      	2.3896384      	2.2054842      	2.2905674      	2.518447       	2.4416142      	2.550303       	2.2318876      	2.2893903      	2.4894872      	2.4436235      	2.2957196      	2.3033645      	2.3563592      	2.0451708      	2.3125625      	2.383987       	2.3743885      	2.0740862      	2.5586534      	2.0885668      	2.5460186      	2.7035224      	2.4920697      	2.2329316      	2.3468218      	2.3480256      	1.8668287      	2.2321715      	2.0361276      	2.564302       	2.501598       	2.309178       	2.571058       	2.4089117      	2.7233505      	2.3879542      	-3.002387      	2.5251245      	2.2750578      	2.517076       	2.4696531      	2.265182       	2.4140131      	2.339966       	2.1515846      	2.3750482      	2.0241652      	2.3304567      	2.1866128      	2.2243478      	2.2528408      	2.4493423      	2.2116203      	2.5697997      	2.0604978      	2.4189668      	2.3208592      	2.3765955      	2.7572086      	-2.2923656     	-2.399012      	-1.6940205     	-2.7831523     	2.2756667      	2.2621226      	2.6279874      	2.5551925      	2.2776427      	
2.2247477      	2.3212073      	2.5208073      	2.8076997      	-2.807344      	2.3414927      	2.2931826      	2.2969093      	2.2311263      	2.4384928      	2.2482238      	2.2472622      	2.2911887      	2.2848759      	2.331854       	2.0897255      	2.3161783      	2.2844024      	2.2106023      	2.6421084      	2.4356277      	2.3286824      	2.3611622      	2.3654866      	2.524622       	2.2023287      	2.5811386      	-2.5942779     	-1.851988      	2.7523081      	2.320984       	2.5009077      	2.4826682      	2.2398849      	2.0724235      	2.1545985      	2.2276998      	2.2682881      	2.1890037      	2.4909055      	2.429371       	1.9675106      	2.3084905      	2.2117493      	2.2943203      	2.0852628      	2.204214       	2.263728       	2.2552953      	2.223638       	2.1911292      	2.4082084      	2.1110682      	2.190507       	2.2835555      	2.0952368      	2.28673        	2.3330069      	2.3861027      	2.304219       	2.138984       	2.334835       	2.3090894      	2.3830347      	2.166408       	2.3595133      	2.5309405      	2.7679784      	2.866765       	2.8310032      	2.3214936      	2.1128578      	2.1666555      	2.1848886      	2.273588       	2.2895799      	2.471836       	2.4062865      	2.1366324      	2.5240445      	2.213819       	2.4426441      	2.473521       	2.535517       	2.1664507      	2.3999279      	2.3070152      	2.1635401      	2.7233443      	2.1358666      	2.476386       	2.3716078      	2.2060845      	3.0395699      	2.6070347      	2.2870357      	2.862247       	2.5230422      	-3.020747      	-2.503654      	
2.5011218      	2.3917618      	2.257862       	2.6421309      	-2.9200432     	-2.1662407     	2.3046165      	2.1251519      	2.1107106      	2.2953053      	2.152686       	2.3271484      	2.0156345      	2.2288947      	2.2558193      	2.0480824      	2.2728152      	2.2375638      	2.2814415      	2.0571961      	2.51271        	2.1846795      	2.5112953      	2.106666       	2.3182259      	2.2731476      	2.3653977      	2.9465983      	-2.4747295     	-2.307101      	2.0411024      	2.372522       	2.1053722      	2.2973962      	2.153235       	2.4443886      	2.295476       	2.2789288      	2.3304062      	2.4411592      	2.1039896      	2.361588       	2.1052842      	1.9411415      	2.3120308      	2.2836971      	1.9261205      	2.75263        	2.2207336      	2.3423953      	2.3613904      	2.281867       	2.373855       	2.2650204      	2.076714       	2.353542       	2.30784        	2.126534       	2.3606129      	2.4136176      	2.6982896      	2.4955754      	2.344603       	2.2540913      	2.360157       	2.5218153      	2.1642904      	3.0143077      	2.9873285      	-2.2068753     	2.399629       	2.4744         	2.3490686      	2.4267085      	2.1773753      	2.4026377      	2.1732216      	2.1143885      	2.3874273      	2.1691918      	2.5378423      	2.2585137      	2.1657         	2.2918644      	2.3568013      	2.4594314      	2.69696        	2.5035968      	2.340386       	2.5003643      	2.199541       	2.1587749      	2.1699424      	2.4382024      	2.1270444      	2.1696393      	2.3846073      	1.8929204      	2.3061461      	2.0858078      	
2.4413369      	2.401204       	2.3029003      	2.635336       	2.492036       	-2.670499      	2.4987087      	2.3094745      	2.3929837      	2.4133508      	2.3733685      	2.1900775      	2.3157017      	1.971411       	2.330172       	2.2959385      	2.1713824      	2.3702402      	2.1404467      	2.2285707      	2.161049       	2.100051       	2.2686925      	2.1529493      	2.0192273      	2.1567588      	2.3758435      	2.5614996      	-3.05804       	-1.8289095     	2.3088353      	2.0024996      	1.9963769      	2.2966998      	2.2510128      	2.5386968      	2.4851956      	2.4132695      	2.215582       	2.2753386      	2.301777       	2.4923265      	2.0418768      	2.2954803      	2.3487287      	2.3108635      	2.2530622      	2.2596574      	2.1711059      	2.3998508      	2.4366987      	2.317707       	2.397867       	2.4844842      	2.422358       	2.491708       	2.3563435      	2.303666       	2.0751204      	2.2399688      	2.0752544      	2.1631713      	2.2767334      	2.708934       	2.4290452      	2.5843751      	2.5180197      	2.9065735      	2.2529023      	2.953276       	2.889582       	2.0836916      	2.203148       	1.8827797      	2.2153943      	2.5427213      	2.204807       	2.3299756      	2.1477394      	2.260668       	2.1855807      	2.2666817      	1.9973912      	2.2844958      	2.071733       	2.09171        	2.126551       	2.1944165      	2.0458584      	2.267395       	2.2894163      	2.2624612      	2.0709581      	2.3381646      	2.3348696      	2.3103693      	2.3448155      	2.4002285      	2.748723       	2.3506982      	
2.4412374      	2.2955313      	2.476559       	2.488005       	2.3713996      	3.1142464      	-2.3401196     	2.3648143      	2.0677214      	2.3779674      	2.0743725      	2.1541147      	2.1400287      	2.2902288      	2.2820492      	2.2451801      	2.2805674      	2.3297033      	2.3875556      	2.2416966      	2.2508163      	2.0549421      	2.526993       	2.482989       	2.0345368      	2.262249       	2.2471948      	2.2943368      	2.5776558      	-2.5701442     	-2.4884653     	2.2237203      	2.4532928      	2.4996228      	2.3048077      	2.3026938      	2.49006        	2.4540648      	2.254659       	2.4000468      	2.41565        	2.2343447      	2.3102713      	2.2482762      	2.354825       	2.4396384      	2.0644612      	2.0492344      	2.3780122      	2.1823688      	2.2839541      	2.3864975      	2.3396106      	2.2719762      	2.3309329      	2.2821975      	2.5487041      	2.312719       	2.0873442      	2.481361       	2.5988808      	2.2199662      	2.1473112      	2.4623184      	2.4817896      	2.5641198      	2.4507048      	2.4684815      	2.3221502      	3.0682182      	-1.1866606     	2.266259       	2.1434321      	2.4254735      	2.4795637      	2.07265        	2.4869833      	2.3208623      	2.2441158      	2.3875604      	2.3326766      	2.1907918      	2.2205112      	2.3331048      	2.3292027      	2.4330359      	2.1004858      	2.450782       	2.246784       	2.569413       	2.437471       	2.3662965      	2.539093       	2.1114802      	2.3340256      	2.1259766      	2.422941       	2.1270564      	2.3461308      	2.1696901      	
2.5560884      	2.119535       	2.197967       	2.5840123      	2.4963033      	2.7693164      	-2.5340693     	2.170835       	2.3224978      	2.0824509      	2.3639245      	2.3868496      	2.1673107      	2.6631424      	2.0726361      	2.4772902      	2.5363653      	2.244506       	2.4321585      	2.2187476      	2.2348993      	2.265525       	2.1629932      	2.1063309      	2.2825541      	2.311108       	2.3525317      	2.4016278      	2.603109       	-2.8164318     	-2.0554597     	2.6122923      	2.4595795      	2.1601589      	2.213381       	2.2085147      	2.2273617      	2.0307643      	2.4373143      	2.6862586      	2.3450105      	2.0926585      	2.3319001      	2.4300027      	2.19364        	2.3210006      	2.3456142      	2.258469       	2.3240192      	2.563958       	2.3922322      	2.4487195      	2.3638453      	2.3546827      	2.0754533      	2.477285       	2.2727854      	2.4775348      	2.3511035      	2.3064852      	2.5019119      	2.553907       	2.5380597      	2.419634       	2.3853686      	2.3312888      	2.9275784      	2.9756944      	3.0306282      	-2.4365132     	2.3567178      	2.1688302      	2.181297       	1.9684753      	2.3504648      	2.4291246      	2.2191393      	2.2380323      	2.2234118      	2.1522026      	2.1786797      	2.3676424      	2.093729       	2.123477       	2.5265589      	2.1280398      	2.4001055      	2.5494237      	2.3465095      	2.315726       	2.4738226      	2.287881       	2.3993607      	2.168595       	1.930831       	2.4773734      	2.2631822      	2.251665       	2.1047022      	2.2776918      	
2.2360132      	2.2783418      	2.3906274      	2.3463595      	2.5002947      	2.6542554      	2.8841019      	-2.832724      	2.5571454      	2.254214       	2.3461852      	2.3587923      	2.3404338      	2.3579218      	2.3730924      	2.2595057      	2.3528795      	2.3746293      	2.4786756      	2.3238916      	2.194804       	2.5614862      	2.371094       	2.2542312      	2.1526954      	1.9926349      	2.1011205      	2.475722       	2.3630614      	2.1338499      	-3.0892382     	-2.5121012     	2.470542       	2.509847       	2.181673       	2.0929265      	2.291825       	2.177122       	2.229188       	2.2585652      	2.337378       	2.55594        	2.3605852      	2.3723006      	2.4965072      	2.39413        	2.424798       	2.623867       	2.1758413      	2.404717       	2.2982342      	2.3891373      	2.0925183      	2.475319       	2.5299168      	2.5681467      	2.371049       	2.447888       	2.4483407      	2.2195249      	2.211387       	2.3317811      	2.630353       	2.4978747      	2.1703935      	2.2045486      	2.46553        	2.1199963      	2.374929       	2.3366997      	2.3860717      	1.928178       	2.347555       	2.5313787      	2.0387182      	2.215825       	2.19691        	2.1407053      	2.3442378      	2.1216524      	2.4644146      	2.3059492      	2.3073618      	2.2356465      	2.2637305      	2.1709208      	1.9549135      	2.620628       	2.300026       	2.3388195      	2.2182684      	2.2123163      	2.4675865      	2.2506962      	2.1640534      	2.3319588      	2.391478       	2.2719078      	2.4185529      	2.2088687      	
2.1890287      	2.4576643      	2.435798       	2.0742044      	2.013083       	2.329123       	2.3888962      	-2.861977      	2.438428       	2.38458        	2.298533       	2.4222205      	2.1730838      	2.370852       	2.5136306      	2.2967343      	2.1593432      	2.099775       	2.0741563      	2.1504679      	2.183186       	2.1885762      	2.4992862      	2.3494425      	2.516124       	2.1752605      	2.274053       	2.1243718      	2.2932594      	2.3105283      	2.9737751      	-2.2759225     	3.014779       	2.4475636      	2.3626695      	2.2654104      	2.3787906      	2.3719368      	2.3172035      	2.0737028      	2.2596369      	2.5248456      	2.1215296      	2.1678526      	2.1392484      	2.0786455      	2.46722        	2.486037       	2.430414       	2.137362       	2.0904796      	2.7322707      	2.3778112      	2.7342243      	-3.0844355     	-2.5874848     	-2.884256      	2.15743        	2.3390217      	2.1800668      	2.2381368      	2.3406754      	2.7052624      	2.58773        	2.3279486      	2.0053415      	2.3307648      	2.598407       	2.261368       	2.4064307      	2.165414       	2.2679331      	2.2533689      	1.9150178      	2.15395        	2.2564845      	2.0160646      	2.12844        	2.2049072      	2.3149729      	2.1509588      	2.019421       	2.5537772      	2.3922906      	2.4160695      	2.2774782      	2.877778       	2.4543428      	2.3796291      	2.4054499      	2.3843176      	2.1478112      	1.9934053      	2.1564643      	2.1311622      	2.3023245      	2.217482       	2.1892514      	1.9476148      	2.413405       	
2.3823876      	2.2162995      	2.0822353      	2.302841       	2.3983092      	2.6265652      	2.9577518      	3.0856035      	-2.2141414     	2.4783201      	2.2431211      	2.382474       	2.3847687      	2.219152       	2.4531436      	1.9127461      	2.4969368      	2.3301861      	2.3396525      	2.3040805      	2.1740603      	2.3329015      	2.2237027      	2.4497178      	2.440833       	2.1683307      	2.4629276      	2.559215       	2.5882626      	2.2800846      	2.4239259      	-2.5475368     	-2.4976983     	-2.5310404     	-2.003887      	2.6266556      	2.3412201      	2.2879748      	2.5859222      	2.3244896      	2.350751       	2.332328       	2.530119       	2.3683927      	2.4814892      	2.4863293      	2.5831943      	2.9619462      	-2.539793      	2.43711        	2.4338443      	2.4253812      	2.1692548      	2.3991091      	2.5957413      	2.2020674      	2.6767967      	2.3670535      	2.1609864      	1.9615476      	2.419908       	2.6408415      	2.071802       	2.1612706      	2.312897       	2.1899967      	2.08288        	2.0167289      	2.4693651      	1.9857293      	2.2370603      	2.507244       	2.2872672      	2.123828       	2.278266       	2.5169652      	2.1400466      	2.3831294      	2.5135987      	2.3217144      	2.4637525      	2.4488835      	1.8810412      	2.233448       	2.233427       	2.351584       	2.2094247      	2.32702        	2.1542253      	2.474909       	2.4241533      	2.1447856      	2.236716       	2.7427976      	2.1007643      	2.4132955      	2.6209993      	2.0548797      	2.193667       	2.1520143      	
2.2544594      	2.5535753      	2.5129733      	2.3432713      	2.2752526      	2.322234       	2.4495337      	2.489129       	-2.805159      	2.873878       	2.300452       	2.4618545      	2.3732266      	2.3292608      	2.1991227      	2.37397        	2.3449898      	1.9741799      	1.868546       	2.5434604      	2.2478795      	2.0363765      	2.1284702      	2.464182       	2.4202623      	2.381922       	2.3248155      	1.8932557      	2.2223194      	2.3089356      	2.358726       	2.3260798      	2.2299829      	2.8823056      	2.4970179      	2.3099566      	2.1385345      	2.4343731      	2.507104       	3.0008693      	-2.6219676     	2.6716654      	2.2202892      	1.9224507      	2.0460944      	2.3272672      	2.1637135      	2.320646       	2.2231536      	2.0356166      	2.3370948      	2.366887       	2.1877291      	2.3934765      	2.222693       	2.228511       	2.4821672      	2.2387106      	2.1594129      	2.8792303      	2.1638398      	2.4818337      	2.409262       	2.17749        	2.0401943      	2.4482427      	2.3079784      	2.1058826      	2.461397       	2.3565586      	2.1494668      	2.1852524      	2.2060432      	2.3106337      	2.2552066      	2.237422       	2.102447       	2.3993142      	2.2739236      	2.3691247      	2.4012766      	2.06469        	2.4010975      	2.141554       	2.3293176      	1.9006383      	2.46974        	2.2588356      	2.1549716      	2.1760757      	2.067999       	2.214451       	2.200917       	2.3449044      	2.4650052      	2.473065       	2.2936192      	2.2568238      	1.9718465      	2.0061407      	
2.3185692      	2.082118       	2.2978034      	2.2165186      	2.0770273      	2.2557201      	2.344647       	2.6835809      	2.9850974      	-2.0368311     	2.2131214      	2.1690211      	2.513108       	2.3130445      	2.0966809      	2.1202564      	2.0790343      	2.1520987      	2.244924       	2.2387812      	2.5061448      	2.0806546      	2.34523        	2.216014       	2.38855        	2.410102       	2.0865593      	2.1024556      	2.1524775      	2.4558053      	2.2515965      	2.5968165      	2.4755723      	2.3881505      	2.4158916      	2.3411078      	2.5697403      	2.1854377      	2.103195       	2.4273632      	2.149071       	2.278467       	2.0840788      	2.1798537      	2.4234207      	2.143701       	2.4743536      	2.2087536      	2.4532723      	2.3932004      	2.3102877      	2.4267368      	2.4194639      	2.4104848      	2.126313       	2.234705       	2.2297125      	2.352955       	2.360518       	2.263391       	2.3138793      	2.4231913      	2.2414203      	2.2614992      	2.293991       	2.7447393      	2.195896       	2.311053       	2.157308       	2.2804356      	2.5360098      	2.149908       	2.275893       	2.4131162      	2.6543276      	2.4876263      	2.020368       	2.3529165      	2.483048       	2.0988703      	2.3295984      	2.2279787      	2.3990684      	2.3818493      	2.1263208      	2.1083755      	2.3910103      	2.1473033      	2.4340482      	2.4902232      	2.3302772      	2.4717865      	2.314671       	2.2110472      	2.5060563      	2.375286       	2.0461855      	2.4979253      	2.3640437      	2.073462       	
2.5257485      	2.5671413      	2.215578       	2.480923       	2.5631695      	2.501755       	2.6294322      	2.5060885      	2.1901581      	-3.0071793     	2.5650585      	2.2168102      	2.1570363      	2.067357       	2.1252327      	2.2551079      	2.4529624      	2.161222       	2.2712493      	2.5485976      	2.190509       	2.2503152      	2.5097165      	1.8930206      	2.248406       	2.4348598      	2.2056887      	2.3482869      	2.3040817      	2.1261675      	2.1949034      	2.35364        	2.330612       	2.340927       	2.4211805      	2.460913       	2.1658504      	2.246459       	2.2843182      	2.3950553      	2.4699953      	2.154129       	2.3708816      	2.262262       	2.146443       	2.2686086      	2.1923857      	2.0184245      	2.428643       	2.524629       	2.418845       	2.5250363      	2.2764652      	2.3135123      	2.184316       	2.363437       	2.1871734      	2.1531332      	2.1057563      	2.4387424      	2.2429962      	2.2537024      	2.1761107      	2.2526188      	2.325455       	2.1155515      	2.340426       	2.0690646      	2.2556999      	2.1859307      	2.0824842      	2.1499317      	2.3351562      	2.33351        	2.2125854      	2.3208625      	2.4846642      	2.177806       	2.2555048      	2.0640256      	2.5563664      	2.5097554      	2.1949015      	2.0370991      	2.633603       	2.0639067      	1.9787254      	2.445268       	2.3320968      	2.35993        	2.102252       	2.2152598      	2.1440783      	2.5684571      	2.5665176      	2.0633483      	2.2687273      	2.2172348      	2.113156       	2.5302901      	
2.1653466      	2.2491524      	2.38747        	2.5850809      	2.2835753      	2.2078488      	2.8954315      	2.379481       	2.7022645      	2.4836907      	-1.9451989     	2.4142056      	2.4653068      	2.1838915      	2.294735       	2.1663842      	2.216991       	2.2644877      	2.0905929      	2.3872714      	2.1833262      	2.1715572      	2.1283937      	2.375884       	2.2824786      	2.1629364      	2.2185745      	2.321381       	2.2448397      	2.382226       	2.3229206      	2.4175317      	2.2041702      	2.365475       	2.058765       	2.450967       	2.220301       	2.1994998      	2.4630213      	2.177376       	2.177774       	2.4927285      	2.1829064      	2.1738458      	2.0209577      	2.387865       	2.4536035      	2.3758924      	2.37707        	2.1516557      	2.198842       	2.1124725      	2.349057       	2.2403154      	2.2068167      	2.0882134      	2.2762036      	2.3689716      	2.3875327      	2.2432697      	2.2691717      	2.5409193      	2.244328       	2.3359487      	2.3842118      	2.332934       	2.327063       	1.9762331      	2.3993642      	2.3893702      	2.2521322      	2.2053854      	2.3765688      	2.4670403      	2.7971241      	2.1088526      	2.2362223      	2.318412       	2.381122       	2.42083        	2.1723673      	2.4209878      	2.2945495      	1.9039679      	2.2510781      	2.4493527      	2.5904384      	2.391341       	2.3029625      	2.2899456      	2.305036       	2.3002014      	2.4669642      	2.1981912      	2.4765399      	2.2185662      	1.9845977      	2.082989       	2.2359643      	2.1657043      	
2.6452389      	2.380814       	2.4746773      	2.5863793      	2.783616       	2.616225       	2.9746425      	3.089794       	3.0678933      	2.1795135      	2.1866689      	2.3536837      	2.3632097      	2.200454       	2.211233       	2.3594742      	2.36837        	2.5028129      	2.2158046      	2.0321436      	2.5992785      	2.1397538      	2.2741141      	2.17732        	2.381744       	2.2551374      	1.9696236      	2.0424147      	2.5207825      	2.1669173      	2.6506913      	2.6028848      	2.311397       	2.3669667      	2.4294608      	2.4666183      	2.2982528      	2.4632525      	2.485098       	2.1521769      	2.0773435      	2.1414673      	1.977619       	2.3076172      	2.4333477      	2.4695387      	2.2880187      	1.8609892      	2.4458652      	1.948493       	2.0575511      	2.4711032      	2.0261383      	2.303783       	2.4126163      	2.3444967      	2.572365       	2.3566008      	2.259879       	2.2122917      	2.324469       	2.4543586      	2.1331868      	2.3986351      	2.3612657      	2.1265976      	2.47189        	2.2840703      	2.2143288      	2.3274245      	2.282618       	2.364468       	2.1661656      	2.2209396      	2.2194884      	2.25239        	2.5156403      	2.3860974      	2.5062745      	2.3223495      	2.5170891      	2.5333061      	2.2753887      	2.634909       	2.3496287      	2.2835739      	2.3527694      	2.1669302      	2.2965686      	2.2642794      	2.2772276      	2.4538422      	2.4390147      	2.0398278      	2.0523152      	2.2819169      	2.282563       	2.4219146      	2.1002011      	-3.0543194     	
3.116718       	-2.932976      	-2.9133475     	2.2573762      	1.8619182      	2.0568583      	2.2113945      	2.4072547      	2.366199       	2.355717       	2.0663137      	2.4642992      	2.5180275      	2.486155       	2.3048668      	2.4960427      	2.0503657      	2.1800323      	2.216878       	2.372469       	2.3730686      	2.3060763      	2.209693       	2.3534346      	2.2069974      	2.1882002      	2.1830564      	2.2946136      	2.1519775      	2.052735       	2.1993456      	2.3627853      	2.237645       	2.2390676      	2.410347       	2.092038       	1.9521259      	2.1830986      	2.380837       	2.2749305      	2.4072917      	2.1964908      	2.3725715      	2.3455405      	2.376244       	2.3298826      	2.4948184      	2.16638        	2.1647797      	2.3404076      	2.0926878      	2.055409       	2.327322       	2.3911657      	2.034329       	2.377799       	2.4548643      	2.2433949      	2.4617872      	2.2431836      	2.0193958      	2.2077901      	2.205104       	2.198226       	2.1189847      	2.2924562      	2.332806       	2.3950636      	2.4049518      	2.2456417      	2.2977664      	2.1053858      	2.4205465      	2.2551823      	2.359869       	2.1521406      	2.2386475      	2.40343        	2.151786       	2.3326366      	2.6318128      	2.3271084      	2.3481903      	2.402679       	2.3489351      	2.279259       	1.8517854      	2.14962        	2.2000403      	2.2610717      	2.1098697      	2.6066585      	2.1644504      	2.494091       	2.238377       	2.554079       	2.263372       	2.3883235      	2.3536477      	2.8654609      	
2.2998497      	2.2005317      	2.277491       	2.4760268      	2.3208926      	1.9597819      	2.6017342      	2.469316       	2.4843826      	2.528962       	2.1752114      	2.302886       	2.413455       	2.1546292      	2.3385673      	2.121796       	2.37179        	2.0372999      	2.3241627      	2.3552148      	2.105414       	2.304644       	2.146252       	2.3556476      	2.194229       	2.7258828      	2.369204       	2.113883       	2.2236319      	2.287655       	2.279836       	2.2625606      	2.5790627      	2.3354034      	2.412561       	2.1758995      	2.4294405      	2.023818       	2.3507218      	2.4997954      	2.399653       	2.3660798      	2.063912       	1.8858323      	2.259454       	2.317559       	2.3108716      	2.2778363      	2.3039742      	2.2317054      	2.2512522      	2.3676345      	2.3257701      	2.3684268      	1.9758044      	2.2604907      	2.1837318      	2.2864118      	2.0882235      	2.7865896      	-2.5410876     	-2.5606384     	-2.5887823     	-2.1865723     	2.1229317      	2.2551234      	2.3504057      	2.2876787      	2.4020214      	2.361291       	-2.7811952     	-2.7264452     	-1.9168259     	-1.7513762     	2.174937       	2.1502736      	2.1942065      	2.3125918      	2.234267       	2.1507149      	2.0040035      	2.4221873      	2.4939103      	2.244923       	2.4216442      	2.142809       	2.2157817      	2.1486914      	2.5476675      	2.111921       	2.0940902      	1.9605956      	2.1969032      	2.4288757      	2.305903       	2.412551       	2.3521404      	2.3212597      	2.5347822      	-1.938504      	
2.5722344      	2.4648807      	2.162581       	2.3243856      	2.5615652      	2.8194814      	2.3018885      	2.1598027      	2.3819163      	2.078014       	1.9765494      	2.0008202      	2.409166       	2.0121293      	2.101389       	2.09649        	2.3529353      	2.2123396      	2.3202937      	2.3446426      	2.2717686      	2.7583728      	2.1610758      	2.2240937      	2.2282913      	2.4246066      	2.0881438      	2.488921       	2.2781982      	2.3297691      	2.3532314      	2.254128       	2.1185398      	2.3759856      	2.1538386      	2.5106056      	2.0139701      	2.5777023      	2.1606264      	2.0491352      	2.5147188      	2.4374094      	2.4810975      	2.4772391      	2.2626321      	2.1980252      	2.3702393      	2.4346678      	2.1475358      	2.3745701      	2.2497225      	2.341632       	2.2106595      	2.4452686      	2.1979258      	2.354959       	2.2720764      	2.995111       	-2.6737475     	-2.7733903     	-2.6834185     	-2.865908      	-3.0251324     	2.9720235      	-2.5717554     	-2.402505      	-2.261084      	-2.1398582     	-2.4609632     	-1.9315178     	-2.2468295     	3.088405       	-1.7339219     	-1.8723971     	-2.5251672     	-2.2847195     	-1.7856054     	2.7350903      	2.5434313      	2.3257651      	2.0580153      	2.0457084      	2.2674673      	2.077651       	2.0630054      	2.5145485      	2.0444849      	2.2179885      	2.3114805      	2.4589047      	2.3263645      	2.442279       	2.2325397      	2.3956785      	2.1977148      	2.0387468      	2.257485       	2.4299912      	2.4357488      	3.1318626      	
2.4599142      	2.1143107      	2.104865       	2.3245063      	2.559991       	2.501265       	2.5964663      	2.437474       	2.2965798      	2.5175247      	2.271922       	2.1462126      	2.265854       	2.2847824      	2.3569589      	2.5820448      	2.2228703      	2.193114       	2.3964152      	2.1241226      	2.1668756      	2.4352543      	2.4233763      	2.0249696      	2.2802734      	2.3473732      	2.4061012      	2.4355147      	2.497901       	2.25526        	2.2518907      	1.9816521      	2.209011       	2.325413       	2.4225428      	2.0565834      	2.2509878      	2.239555       	2.2703018      	2.386045       	2.29569        	2.4116855      	2.3731365      	2.3079946      	2.4552298      	2.0949903      	2.1807833      	2.1518025      	2.223944       	2.3559585      	2.0328434      	2.1087637      	2.0548403      	2.1462262      	-3.0211077     	-2.094757      	-2.262389      	-1.9836519     	-1.9875305     	-2.424036      	-2.6148558     	-2.897035      	-2.2523384     	-2.335333      	-2.5216806     	-2.4612684     	2.8050947      	2.6792328      	2.5610332      	2.3960795      	2.4801168      	2.118619       	2.459858       	2.5029368      	2.7555084      	2.3827446      	2.706753       	-2.1550076     	2.183791       	2.324307       	2.117351       	2.278884       	2.2591963      	2.1907403      	2.3092766      	2.1569493      	2.1174965      	2.2108088      	2.1039257      	2.227308       	2.286467       	2.4033113      	2.3209317      	2.412606       	2.4700916      	2.4041703      	2.3258         	2.2152932      	2.6607404      	2.3890567      	
2.1556182      	2.3927667      	2.1812174      	2.1225028      	2.4004967      	2.3139677      	2.5565586      	2.545498       	2.191203       	2.55549        	2.226188       	2.1056366      	2.2521408      	2.3642783      	2.367859       	2.3284917      	2.3816082      	2.29492        	2.4046054      	2.283366       	1.8910664      	2.1120358      	2.2742777      	2.1887043      	2.1838658      	2.0617537      	2.553843       	2.4235024      	2.1497464      	2.235166       	2.4675276      	2.509313       	2.5556593      	2.2946088      	2.0526695      	2.4467237      	1.8604224      	2.301956       	2.1662855      	2.332126       	2.4128911      	2.271307       	2.3309073      	2.210349       	2.2953095      	2.4694746      	2.4227476      	3.1381834      	-2.4674232     	-2.471677      	-2.2091389     	-2.4375165     	-2.1528678     	-2.2406182     	-2.2494197     	-2.2964208     	3.0221324      	-2.5019119     	-2.6929379     	2.5432637      	2.5407841      	2.380898       	2.2500405      	2.3378246      	2.2194018      	2.2694619      	2.2700605      	2.2397664      	2.1329184      	2.0256572      	2.2523441      	2.3407884      	1.9914644      	2.2485247      	2.3305137      	2.465282       	2.3892703      	2.4567657      	-2.6007051     	2.1667733      	2.5833857      	2.492803       	1.920003       	2.119151       	2.147491       	2.3857663      	2.1806626      	2.1625085      	2.0826209      	2.418542       	2.339747       	2.0772724      	2.3276024      	2.2570038      	2.022404       	2.316352       	2.3847032      	2.1309118      	2.1617727      	2.5429373      	
2.4461298      	2.263949       	2.1649325      	2.0860195      	2.4496956      	2.3955715      	2.3486984      	2.4929984      	2.3589697      	2.254356       	2.385751       	2.298936       	2.1777892      	2.2504709      	2.0463436      	2.2778635      	2.1381817      	2.2360892      	2.3464608      	2.2736154      	2.1679146      	2.291367       	2.406175       	2.256836       	2.3302445      	2.2868161      	2.17814        	2.3983047      	2.590048       	2.3208337      	2.4247143      	2.1350942      	2.3629045      	2.3250713      	2.3605826      	2.3034692      	2.208664       	2.2461896      	2.0296082      	2.5342216      	1.9083941      	2.1870754      	2.625874       	-1.9878311     	-2.2237587     	-2.366718      	-2.0752888     	-2.1776965     	-2.2485929     	-2.287114      	-2.266379      	2.782379       	2.4408755      	2.4591727      	2.286252       	2.438224       	2.2542596      	2.2184823      	2.1669111      	2.1527166      	2.3549452      	2.5874276      	2.2667825      	2.1784601      	2.1330643      	2.0375667      	2.1604586      	2.2119017      	2.278813       	2.079752       	2.0431166      	2.091544       	2.1258621      	2.364437       	2.4007444      	2.459263       	2.6354513      	2.622373       	2.7222414      	2.9184744      	2.3793645      	2.022665       	2.2886214      	2.2847354      	2.309388       	2.472373       	2.2400227      	2.2657435      	2.147507       	2.4599195      	2.1754436      	2.3030937      	2.3853555      	2.2714977      	2.4745271      	2.257922       	2.039537       	2.2952547      	2.1342916      	2.471648       	
2.4721427      	2.3593798      	2.351805       	2.27942        	2.1994433      	2.2761357      	2.5747173      	2.1206422      	2.4710436      	2.384463       	2.3003998      	2.1523156      	2.1469212      	2.4145913      	2.322315       	2.13           	2.3202722      	2.4773958      	2.2008722      	2.4185348      	2.413231       	2.2788746      	2.0495267      	2.406647       	2.1468863      	2.069543       	2.1804934      	2.417085       	2.252933       	2.3509846      	2.613888       	2.4073584      	2.3328683      	2.4745564      	2.254091       	1.946247       	2.501488       	2.3892188      	2.3094316      	2.244976       	2.501146       	-2.4953208     	-2.3339176     	-2.329827      	2.600762       	2.4213138      	1.809858       	2.5559618      	2.236811       	2.3611445      	2.4660802      	2.273763       	2.4105508      	2.2188563      	2.3605196      	2.1965451      	2.3233604      	2.2116642      	2.2654433      	2.175877       	2.3635726      	2.3944178      	2.393923       	2.4667332      	2.4762733      	2.133969       	2.0390697      	2.295152       	2.0358064      	2.0623016      	2.2334838      	2.3211532      	2.3866553      	2.0530815      	2.4339006      	2.1104822      	2.3399613      	2.4725347      	2.649288       	-2.2136745     	2.7812634      	2.135129       	2.4050572      	2.3814158      	2.4755754      	2.2781851      	2.5732474      	2.090613       	2.2291012      	2.0464425      	2.4172251      	2.055573       	1.9980707      	2.1327465      	2.0759034      	2.272822       	2.435484       	2.1492467      	2.3289704      	2.362718       	
2.6751525      	2.5190182      	2.2329109      	2.1003513      	2.240478       	2.353039       	2.383719       	2.4303663      	2.2844832      	2.39757        	2.2531521      	2.0489583      	2.174642       	2.1026418      	2.2009363      	2.2193615      	2.4170032      	1.9904277      	2.2328312      	2.21254        	2.6661432      	2.2587323      	2.401124       	2.1717203      	2.308333       	2.421568       	2.178597       	2.3335793      	2.420027       	2.1667895      	2.6884956      	2.4459035      	2.4490657      	2.1799383      	2.4705925      	2.1578674      	2.2269435      	2.4279306      	2.4802713      	2.9565663      	-2.8833973     	-2.8886597     	-2.2204447     	-2.2426121     	-1.9544348     	2.226502       	2.304509       	2.5507846      	2.1846733      	1.9162842      	2.233832       	1.9591578      	2.2102795      	2.348781       	2.5705535      	2.2144134      	2.3314257      	2.245062       	2.2069688      	2.2386742      	2.1089602      	2.3303123      	2.1173296      	2.1451576      	2.256034       	2.2039127      	2.324205       	2.1573267      	2.3177576      	2.0827227      	2.2895536      	2.2630904      	2.3211515      	2.0182219      	2.3266034      	2.139307       	1.9176579      	2.5320978      	2.5903587      	2.8765485      	-2.850243      	2.2425117      	2.3015912      	2.268126       	2.0964828      	2.2867236      	2.3850784      	1.8778447      	2.1458275      	2.3258092      	2.215782       	2.26658        	2.3351164      	2.2098737      	2.3128603      	2.2583532      	2.2121155      	2.0948963      	2.4474974      	2.1760728      	
2.2757573      	2.2372437      	2.3261385      	2.5322871      	2.406013       	2.3754761      	2.0574641      	2.1660032      	2.3320286      	2.227353       	2.3592446      	2.3317564      	2.2219496      	2.0144954      	2.252711       	2.8216405      	2.257816       	2.0917397      	2.3988378      	2.3449557      	2.335804       	2.3853621      	2.3474154      	2.2419121      	2.2683463      	2.290163       	2.260198       	2.2341137      	2.4004211      	2.3369014      	2.4356582      	2.471471       	2.284515       	2.1698813      	2.2828865      	2.4341266      	2.1056054      	2.214977       	-2.570768      	-2.4196808     	-3.038915      	2.4812024      	2.7396183      	-2.1261878     	-2.9186807     	2.7938635      	2.6600058      	2.7786329      	2.3072057      	2.140235       	2.353323       	2.168457       	2.2552454      	2.5302844      	2.1953483      	2.2384455      	2.106353       	2.262544       	2.4374151      	2.0939713      	2.2666993      	2.329805       	2.2038946      	2.3250668      	2.2347238      	2.0984855      	2.231393       	2.3023942      	2.0880637      	2.2939668      	2.4150033      	2.2569716      	2.1085062      	2.334938       	2.220228       	2.431752       	2.1102867      	2.5935059      	2.6202402      	2.7716613      	-3.05699       	-2.7694786     	1.9812564      	2.2287784      	2.363657       	2.2017744      	2.547369       	2.4000244      	2.2034347      	2.4665515      	2.2866688      	2.076007       	2.2365935      	2.4427361      	1.8582892      	2.2726157      	2.4205294      	2.321533       	2.247672       	2.1812696      	
2.4431345      	2.623828       	2.5779715      	2.2996523      	2.2960413      	2.2279863      	2.1962495      	2.4125378      	2.504576       	-2.9704902     	-2.0284235     	-2.1018853     	-2.2830896     	-1.7739984     	2.6817615      	2.242796       	2.4295073      	2.0803072      	2.176133       	2.2520902      	2.4169605      	2.1862118      	1.9933387      	2.463369       	2.3717508      	2.12077        	2.3937523      	2.1337476      	2.5702772      	2.326387       	2.6276639      	2.1917803      	1.9309629      	2.353889       	2.256793       	2.0388966      	2.6709092      	-1.5161707     	-2.114934      	-2.2033322     	2.1962128      	2.1593368      	2.4544897      	2.2781813      	2.0931344      	2.1869113      	2.501694       	2.787905       	3.0404499      	-2.9679213     	2.2269864      	2.4325898      	2.3352575      	2.2770052      	2.0881643      	2.6116767      	2.2540686      	2.6277907      	2.4669487      	2.30869        	2.1379402      	2.2249923      	2.1529796      	2.7518458      	2.2975         	2.0175085      	2.2375932      	2.1285849      	2.0751982      	2.031667       	2.2110028      	1.9887553      	2.1029205      	2.3604033      	2.4065404      	2.2814834      	2.2650087      	2.3876882      	2.5521975      	2.5290103      	2.9247656      	-2.8691792     	2.2772818      	2.2776833      	2.1190963      	2.1359878      	2.1471996      	2.510339       	2.588192       	2.3011904      	2.1628034      	2.1066556      	2.1005883      	2.3513906      	2.2893667      	2.2213767      	2.3524966      	2.3002858      	2.3755302      	2.0395546      	
-2.3882968     	-2.1506166     	-2.1403103     	-2.4743922     	-2.1772244     	-2.1309881     	-2.4845805     	-2.2033477     	-1.8192626     	-2.2128954     	-2.1583173     	-2.5295134     	-2.1113794     	-2.1826618     	-2.805095      	-3.01266       	-2.4562576     	-2.0007296     	2.2138638      	2.1290643      	2.133556       	2.0649478      	2.08666        	2.335923       	2.257491       	2.3822534      	2.3653293      	2.4071057      	2.0286362      	2.1049366      	2.3084         	2.08009        	2.3886902      	2.3680801      	2.3957858      	2.4240494      	2.3906877      	3.0635192      	3.0608459      	2.543511       	2.541161       	2.069583       	2.1959896      	2.3103619      	2.2496693      	2.3944206      	2.464445       	3.0035696      	2.5486028      	-3.0398688     	-3.0414517     	2.3916402      	2.3389463      	2.1879148      	2.2221706      	2.2671542      	2.0430946      	2.2943292      	2.3607087      	2.750388       	2.3470511      	2.4103506      	2.2605414      	2.1984758      	2.3085952      	2.1899877      	2.36399        	2.416014       	2.1458402      	2.2863653      	2.1168816      	2.1896513      	2.061364       	2.4069166      	2.4419608      	2.409687       	2.4527612      	2.4162068      	2.268276       	2.1234636      	2.5554872      	3.0513928      	2.3837278      	2.2337966      	2.4535751      	2.271371       	2.0537243      	2.1708028      	2.0962763      	2.2903907      	2.208976       	2.1550696      	2.3456953      	2.1305597      	2.3566387      	2.2592916      	2.374267       	2.2864559      	2.3420324      	2.2784026      	
-2.2214987     	-2.201592      	-2.4946256     	-2.5151436     	-2.4402096     	3.086888       	2.4586933      	2.2319262      	2.0687723      	2.0881412      	2.2910268      	2.1323428      	2.2582164      	2.1864133      	2.4125962      	2.620275       	2.7910886      	-2.4198308     	2.3718195      	2.3852775      	2.3208523      	2.2458758      	2.3856273      	2.3038015      	2.4100657      	2.1646552      	2.3321176      	2.2445745      	2.3911915      	2.1385527      	2.0880117      	2.2492864      	2.280531       	2.150994       	2.4207942      	2.7497983      	-1.5279653     	-2.4395852     	-2.946508      	2.8753707      	-1.9409037     	2.0605755      	2.0621881      	2.411723       	2.151443       	2.5791466      	2.3306897      	2.395383       	2.3811908      	3.0567563      	-2.903124      	2.273237       	2.130181       	2.2103782      	2.3047554      	2.3869927      	2.2948315      	2.1957197      	2.287105       	2.4779875      	2.2375262      	2.0330913      	2.5577195      	2.3231747      	2.4994802      	2.4357607      	2.0964322      	2.0976028      	2.3654618      	2.1520114      	2.3097103      	2.3024297      	2.3602283      	2.172075       	2.2672353      	2.5572119      	2.006011       	2.3172693      	2.1846755      	2.1886141      	2.5634322      	2.880041       	-2.8350837     	2.4369183      	2.138105       	2.1287272      	2.1722438      	2.2571805      	2.2646003      	2.4056385      	2.2529387      	2.20256        	2.295816       	2.4443898      	2.2987669      	2.278784       	2.3593938      	2.2467935      	2.3375168      	2.060402       	
2.331809       	1.9907135      	2.084137       	2.6627235      	2.5769422      	2.299027       	1.9454316      	2.4958076      	2.234698       	2.0660532      	2.3711863      	2.3603973      	2.2052615      	2.3813686      	2.2927365      	2.2978432      	2.466118       	2.8105578      	3.110797       	2.4230287      	2.4111         	2.2616882      	2.172637       	2.2119467      	2.4820404      	2.359931       	2.3307047      	2.015223       	2.2338872      	2.0771773      	2.4510176      	2.3149621      	2.3744519      	2.2803257      	2.2365336      	3.049319       	-1.4368402     	-1.7683878     	-2.0439954     	-2.1432583     	-2.1665215     	-2.6478267     	2.2034667      	2.3836317      	2.3915558      	2.4084442      	2.9559903      	2.697485       	2.72594        	3.1372023      	2.3615525      	2.1606078      	2.3410447      	2.386612       	2.3907719      	2.3359113      	2.4072645      	2.4125156      	2.2206643      	2.089417       	1.9573035      	2.2085636      	2.0166636      	2.2328424      	2.3015215      	2.309596       	2.0664468      	2.2819133      	2.3722477      	2.22684        	2.2634716      	2.3136418      	2.35959        	2.235574       	2.4598892      	1.9926116      	2.268379       	2.3705304      	2.258163       	2.446809       	2.2689638      	2.5911398      	-3.1075935     	2.9361017      	2.136912       	2.3505383      	2.0422833      	2.2821317      	2.434276       	2.2776985      	2.3126545      	2.1194055      	2.2801602      	2.4306805      	2.1890376      	2.1993334      	2.2382214      	2.2056758      	2.369625       	2.2492056      	
2.1339808      	1.9589275      	1.9277139      	2.0585804      	2.2211         	2.3144755      	2.313345       	2.5360467      	2.3223634      	2.0936265      	2.22996        	2.3125577      	1.9997934      	2.258878       	1.9572772      	2.3378253      	2.3826299      	2.3977861      	2.8092396      	-2.8359814     	2.1274369      	2.3050876      	2.1341739      	2.2343445      	2.246576       	2.102541       	2.299676       	2.1460564      	2.3784156      	2.2102082      	2.1407144      	2.3919024      	2.1741319      	2.3954327      	2.2441175      	2.2447612      	2.4289372      	-2.9421515     	-3.0281258     	2.485258       	2.7302542      	-2.276668      	2.797921       	2.8706694      	2.5997133      	-2.081965      	-2.7856445     	-2.0041635     	2.1983178      	2.2181053      	2.3174994      	2.2251058      	1.9544764      	2.3115346      	2.425891       	2.4492369      	2.3469143      	2.133307       	2.112371       	2.374878       	2.0295248      	2.3350425      	2.0831485      	2.2800343      	2.110262       	2.2721658      	2.5081034      	2.1205752      	2.422212       	2.282847       	2.1844068      	2.2546666      	2.3542938      	2.2148094      	2.421631       	2.2621942      	2.5039124      	2.539695       	2.1663518      	1.9414552      	2.4571512      	2.4611125      	2.370616       	-2.6532915     	2.5667582      	2.2436185      	2.2424178      	2.1529546      	2.1509578      	2.1976192      	2.3843608      	2.1915507      	2.2198577      	2.2401853      	2.4606156      	2.203058       	2.3472567      	2.2591815      	2.520396       	2.0365248      	
2.4310725      	2.5411372      	2.292999       	2.222817       	2.5618446      	2.2780328      	2.5449705      	2.2458029      	2.240044       	2.4030924      	2.1810145      	2.3388076      	2.2535863      	2.029718       	2.377042       	2.634109       	2.2720912      	2.6416516      	2.8663912      	-2.992551      	2.4285004      	2.2075691      	2.3541272      	2.2674263      	2.4815338      	2.2757752      	2.1831322      	2.3071985      	2.4076428      	2.3987808      	2.1923013      	2.29573        	2.0926762      	2.2801044      	2.083321       	2.3524601      	2.5368176      	1.8736194      	2.1349266      	2.392725       	2.3012154      	2.5201309      	-2.2639298     	-2.840738      	-2.7172453     	2.373355       	2.3944526      	2.5049083      	2.5558023      	2.1555285      	2.2473392      	2.1121387      	2.3989358      	2.4496427      	2.40661        	2.3730302      	2.385446       	2.2834013      	2.6907687      	2.3829393      	2.196198       	2.1605988      	2.3000636      	2.3997245      	2.3401918      	2.193282       	2.0182629      	2.4164162      	2.2593088      	2.3992403      	2.1691551      	2.3506658      	2.1397443      	2.5548959      	2.4436476      	2.527598       	2.2900777      	2.0717835      	2.4096048      	2.168632       	2.6156611      	2.1643128      	2.440177       	2.7956834      	-3.049598      	2.1210308      	2.3416364      	2.3022246      	2.3533392      	2.166468       	2.098415       	2.229302       	2.363623       	2.270705       	2.4561217      	2.2262588      	1.9732207      	2.4808657      	2.1839736      	2.0339684      	
2.4437263      	2.237631       	2.2918494      	2.243467       	2.270027       	2.1613424      	2.1471784      	2.6242414      	2.5722208      	2.1501884      	2.2714527      	2.4470968      	2.1924422      	2.3258276      	2.5971208      	2.1480718      	2.5379846      	2.422079       	2.4117322      	2.67871        	-1.563273      	2.1777425      	2.314461       	2.2363276      	2.399134       	2.3712854      	2.0603461      	2.1118016      	2.18209        	2.45126        	2.4161024      	2.3750234      	2.161467       	2.3682597      	2.1860943      	2.4195862      	2.5360234      	2.2413473      	2.391963       	2.2345083      	2.2753441      	2.3513181      	2.6969748      	-2.1935387     	-1.8947681     	2.51178        	2.0044322      	1.9898936      	2.2940264      	2.1096263      	1.9785272      	2.0508308      	2.156022       	2.1543236      	2.2915874      	2.4224224      	2.4075763      	2.272625       	2.3927696      	2.2335591      	2.3792443      	2.2203393      	2.5786552      	2.292176       	2.1173434      	2.2825947      	2.512832       	2.0427253      	2.2499988      	2.3777263      	2.7315383      	2.5041966      	1.9989113      	2.1095963      	2.2451775      	2.0851398      	2.0179749      	2.554964       	2.1040442      	2.21238        	2.29484        	2.418906       	2.453685       	2.6782005      	-2.4209797     	-3.133545      	2.1324532      	2.3266544      	2.2722337      	2.2202349      	2.2453258      	2.322359       	2.202519       	2.2299616      	2.099368       	2.2232823      	2.096109       	2.3172886      	2.1289887      	2.1948848      	
2.389554       	2.4644456      	2.117299       	2.363965       	2.324855       	2.3093224      	2.25179        	2.4176855      	2.2660956      	2.3731897      	2.1411765      	2.2463048      	2.8144372      	2.3469377      	2.2817824      	2.022572       	2.0976634      	2.295608       	2.5435798      	2.827364       	-3.0831933     	2.7654016      	2.091854       	2.260719       	2.4101224      	1.9190813      	2.3537169      	2.0532355      	2.0406246      	2.1686573      	2.2773972      	2.1424513      	2.1833851      	2.2651477      	2.2900825      	2.4187744      	2.4223204      	2.459658       	2.4271083      	1.9861294      	2.3833704      	2.3372626      	2.5970798      	2.877536       	-2.0233483     	-2.4806242     	2.2987893      	2.3521395      	2.286669       	2.5515928      	1.924846       	2.1130857      	2.605771       	2.3123116      	2.4300048      	2.0402293      	2.5262904      	2.499783       	2.3273554      	2.3166656      	2.3327851      	2.014278       	1.9575231      	2.19678        	2.420003       	2.180636       	2.466513       	2.4079623      	2.4773152      	2.4021199      	2.4088066      	2.4134674      	2.508512       	2.420289       	2.2657428      	2.1451373      	2.4651783      	2.49334        	2.457101       	2.3239064      	1.9264327      	2.3642898      	2.5251393      	2.602597       	2.9647005      	-2.2351725     	2.3258657      	2.1692104      	2.1223178      	2.0825396      	2.1000652      	2.1179163      	2.2856205      	2.0447497      	2.0181174      	2.2668204      	2.2639935      	2.5431833      	2.2334962      	2.3639302      	
2.5485082      	2.1575255      	2.2769446      	2.311199       	2.1620088      	2.2123415      	2.265843       	2.1130285      	2.271864       	2.0412865      	2.088225       	2.2870271      	2.2780075      	2.4047704      	2.2850528      	2.40717        	2.341161       	2.4882967      	2.510323       	2.2621076      	2.469279       	-2.221597      	2.1186023      	2.3272884      	2.7194886      	2.1245499      	2.3770287      	2.3124597      	2.1065817      	2.2410734      	2.3734405      	2.345778       	2.6164327      	2.2758274      	2.3331442      	2.3984165      	2.2038994      	2.271738       	2.1119046      	2.1440666      	2.249574       	2.0919166      	2.1636431      	2.1869812      	-3.1103358     	-1.8595229     	2.4106932      	2.2387075      	2.334199       	2.3511894      	2.1369257      	2.2902374      	2.2046783      	2.155041       	2.5202997      	2.1137462      	2.1047702      	2.1917682      	2.3956606      	2.4263487      	2.5561285      	2.8523676      	2.336444       	2.3264008      	2.128322       	2.2636702      	2.2729063      	2.1433628      	2.2114644      	2.2390833      	2.4926658      	2.7126238      	2.1161952      	2.2547257      	2.1489873      	2.4227133      	2.2493052      	2.4030955      	2.0893965      	2.600766       	2.232881       	2.1381798      	2.3596094      	2.2885323      	2.5199897      	-3.104537      	-2.8788874     	2.4210277      	2.42798        	2.7009864      	2.4357142      	2.2793036      	2.3318312      	2.2989702      	2.1442804      	2.3512127      	2.1976058      	2.2099037      	2.1229239      	1.9926149      	
