# www.neaspec.com
# Scan:	 	AFM
# Project:	 	20251007_PS
# Description:	 	
# Date:	 	10/07/2025 10:43:47
# Scanner Center Position (X, Y):	[µm]	49.99	50.01	 
# Rotation:	[°]	0	 	 
# Scan Area (X, Y, Z):	[µm]	5.000	5.000	0.000
# Pixel Area (X, Y, Z):	[px]	100	50	1
# Averaging:	 	1	 	 
# Integration time:	[ms]	5	 	 
# Laser Source:	 	4.5-15 µm nano-FTIR laser
# Detector:	 	R
# Target Wavelength:	[µm]	7.502	 	 
# Demodulation Mode:	 	Fourier
# Tip Frequency:	[Hz]	241,340.500	 	 
# Tip Amplitude:	[mV]	45.700	 	 
# Tapping Amplitude:	[nm]	79.665	 	 
# Modulation Frequency:	[Hz]	0.000	 	 
# Modulation Amplitude:	[mV]	0.000	 	 
# Modulation Offset:	[mV]	0.000	 	 
# Setpoint:	[%]	79.75	 	 
# Regulator (P, I, D):	 	4.206850	8.625812	1.000000
# Tip Potential:	[mV]	0.000	 	 
# M1A Scaling:	[nm/V]	0.426	 	 
# M1A Cantilever Factor:	 	1,000	 	 
# Q-Factor:	 	487.4	 	 
# Version:	 	2.1.11536.0
6.9731453E-07  	6.971914E-07   	6.9698E-07     	6.9676423E-07  	6.969186E-07   	6.973042E-07   	6.9743163E-07  	6.9740514E-07  	6.97632E-07    	6.977028E-07   	6.9763126E-07  	6.9771534E-07  	6.974223E-07   	6.9775757E-07  	6.9782084E-07  	6.976566E-07   	6.9771113E-07  	6.977835E-07   	6.9795163E-07  	6.9770965E-07  	6.9807146E-07  	6.9812603E-07  	6.9845635E-07  	6.987677E-07   	6.991421E-07   	6.9887597E-07  	6.9896214E-07  	6.988757E-07   	6.988148E-07   	6.9846755E-07  	6.9840837E-07  	6.980694E-07   	6.985006E-07   	6.9882464E-07  	6.985142E-07   	6.982044E-07   	6.981388E-07   	6.982213E-07   	6.9826336E-07  	6.9794777E-07  	6.979824E-07   	6.9806214E-07  	6.9795556E-07  	6.982242E-07   	6.985595E-07   	6.983362E-07   	6.9849864E-07  	6.9909845E-07  	6.99008E-07    	6.989303E-07   	6.986286E-07   	6.9836597E-07  	6.986499E-07   	6.98793E-07    	6.9876774E-07  	6.9828184E-07  	6.980251E-07   	6.9778054E-07  	6.97903E-07    	6.978678E-07   	6.980939E-07   	6.9795686E-07  	6.9797625E-07  	6.979436E-07   	6.978676E-07   	6.9841724E-07  	6.98712E-07    	6.981888E-07   	6.974646E-07   	6.9775643E-07  	6.975216E-07   	6.9759164E-07  	6.9746164E-07  	6.9747375E-07  	6.975947E-07   	6.977591E-07   	6.977052E-07   	6.975653E-07   	6.9744533E-07  	6.975843E-07   	6.975598E-07   	6.97529E-07    	6.9794504E-07  	6.9795544E-07  	6.9788524E-07  	6.9804486E-07  	6.987835E-07   	7.018387E-07   	7.0170154E-07  	7.023885E-07   	7.026633E-07   	7.0246807E-07  	7.0244243E-07  	7.0255913E-07  	7.035942E-07   	7.078359E-07   	7.116247E-07   	7.13404E-07    	7.1512216E-07  	7.157452E-07   	
6.985437E-07   	6.9838825E-07  	6.9823005E-07  	6.9815513E-07  	6.9822215E-07  	6.9838086E-07  	6.9843736E-07  	6.9853223E-07  	6.9870606E-07  	6.9885505E-07  	6.986331E-07   	6.9864643E-07  	6.989052E-07   	6.9904667E-07  	6.9925744E-07  	6.993326E-07   	6.9950164E-07  	6.991554E-07   	6.988825E-07   	6.989801E-07   	6.9889666E-07  	6.990989E-07   	6.995112E-07   	6.997025E-07   	6.999735E-07   	6.9979484E-07  	6.9945304E-07  	6.9961334E-07  	6.9968655E-07  	6.9943036E-07  	6.9960385E-07  	6.991091E-07   	6.989886E-07   	6.9883015E-07  	6.988733E-07   	6.990584E-07   	6.991776E-07   	6.994995E-07   	6.996318E-07   	6.991373E-07   	6.989732E-07   	6.989952E-07   	6.989161E-07   	6.9886534E-07  	6.98826E-07    	6.989825E-07   	6.988218E-07   	6.9951005E-07  	6.9957355E-07  	6.99476E-07    	6.9944645E-07  	6.994654E-07   	6.9952705E-07  	6.992939E-07   	6.9911243E-07  	6.985158E-07   	6.9824944E-07  	6.986664E-07   	6.9861983E-07  	6.98159E-07    	6.982222E-07   	6.98567E-07    	6.9839575E-07  	6.983413E-07   	6.984016E-07   	6.9808027E-07  	6.9818793E-07  	6.9824057E-07  	6.984275E-07   	6.9803025E-07  	6.9810744E-07  	6.9815115E-07  	6.9801035E-07  	6.9830816E-07  	6.9816235E-07  	6.983009E-07   	6.983455E-07   	6.98281E-07    	6.9832214E-07  	6.9829576E-07  	6.98143E-07    	6.9849204E-07  	6.985469E-07   	6.9871E-07     	6.9870174E-07  	6.989762E-07   	7.030595E-07   	7.0743175E-07  	7.080549E-07   	7.1109514E-07  	7.137108E-07   	7.158036E-07   	7.166485E-07   	7.1701817E-07  	7.1687055E-07  	7.170049E-07   	7.17124E-07    	7.17083E-07    	7.170372E-07   	7.171877E-07   	
6.9839706E-07  	6.9831145E-07  	6.982139E-07   	6.982783E-07   	6.985897E-07   	6.986281E-07   	6.9859084E-07  	6.985951E-07   	6.9872715E-07  	6.987196E-07   	6.9855537E-07  	6.9847295E-07  	6.985293E-07   	6.988481E-07   	6.988789E-07   	6.9880804E-07  	6.988293E-07   	6.987454E-07   	6.985159E-07   	6.9901074E-07  	6.98788E-07    	6.987191E-07   	6.9963886E-07  	6.9985595E-07  	6.998904E-07   	6.9964136E-07  	6.990746E-07   	6.9938346E-07  	6.9953967E-07  	6.991261E-07   	6.9966194E-07  	6.995804E-07   	6.997028E-07   	6.995128E-07   	6.991936E-07   	6.9927955E-07  	6.993719E-07   	6.994884E-07   	6.9934214E-07  	6.995383E-07   	6.988962E-07   	6.9886147E-07  	6.9903905E-07  	6.990154E-07   	6.9865524E-07  	6.990544E-07   	6.990966E-07   	6.9866064E-07  	6.9908504E-07  	6.994886E-07   	6.994942E-07   	6.994064E-07   	6.9952256E-07  	6.994381E-07   	6.994335E-07   	6.992732E-07   	6.986148E-07   	6.9848437E-07  	6.985602E-07   	6.9868764E-07  	6.9843713E-07  	6.98707E-07    	6.984097E-07   	6.9843094E-07  	6.988686E-07   	6.9862915E-07  	6.9855287E-07  	6.985958E-07   	6.9837955E-07  	6.9841076E-07  	6.9855935E-07  	6.9864745E-07  	6.987119E-07   	6.986614E-07   	6.986846E-07   	6.985387E-07   	6.987727E-07   	6.9862693E-07  	6.987049E-07   	6.987052E-07   	6.987186E-07   	6.985711E-07   	6.9878035E-07  	7.0050567E-07  	7.06121E-07    	7.1218767E-07  	7.1595764E-07  	7.176015E-07   	7.1764117E-07  	7.174032E-07   	7.175147E-07   	7.1736355E-07  	7.173905E-07   	7.1732603E-07  	7.172551E-07   	7.1718426E-07  	7.171893E-07   	7.172139E-07   	7.17183E-07    	7.1737657E-07  	
6.986863E-07   	6.9865234E-07  	6.983255E-07   	6.982624E-07   	6.9844833E-07  	6.9852086E-07  	6.985391E-07   	6.986585E-07   	6.987341E-07   	6.989738E-07   	6.987402E-07   	6.9879013E-07  	6.988357E-07   	6.987568E-07   	6.987469E-07   	6.990903E-07   	6.9907816E-07  	6.9880576E-07  	6.9877933E-07  	6.9893866E-07  	6.9913824E-07  	6.991058E-07   	6.9896385E-07  	6.9989693E-07  	7.0007434E-07  	6.9959407E-07  	6.993057E-07   	6.9912676E-07  	6.9932594E-07  	6.9904405E-07  	6.9951034E-07  	6.998863E-07   	6.999188E-07   	6.9990995E-07  	6.9991836E-07  	6.999891E-07   	6.998697E-07   	6.9982895E-07  	6.9973294E-07  	6.996293E-07   	6.9911584E-07  	6.987412E-07   	6.991275E-07   	6.9915933E-07  	6.993684E-07   	6.990629E-07   	6.987976E-07   	6.988068E-07   	6.990801E-07   	6.9945384E-07  	6.989636E-07   	6.989088E-07   	6.9911374E-07  	6.991184E-07   	6.9890336E-07  	6.9882407E-07  	6.9879553E-07  	6.989882E-07   	6.988954E-07   	6.98707E-07    	6.986541E-07   	6.987072E-07   	6.9852695E-07  	6.9868594E-07  	6.987578E-07   	6.987243E-07   	6.9878774E-07  	6.985991E-07   	6.986123E-07   	6.9879366E-07  	6.9893326E-07  	6.98891E-07    	6.991716E-07   	6.993448E-07   	6.991293E-07   	6.9891007E-07  	6.9920964E-07  	6.992665E-07   	6.993615E-07   	6.993011E-07   	6.9942183E-07  	6.9920725E-07  	6.992348E-07   	7.017867E-07   	7.077322E-07   	7.1192744E-07  	7.151776E-07   	7.1754397E-07  	7.1791897E-07  	7.1756074E-07  	7.1747036E-07  	7.175573E-07   	7.175067E-07   	7.172705E-07   	7.174119E-07   	7.172172E-07   	7.1726225E-07  	7.172286E-07   	7.1732967E-07  	7.1724617E-07  	
6.9885647E-07  	6.987884E-07   	6.9885647E-07  	6.9880525E-07  	6.986154E-07   	6.9887386E-07  	6.987486E-07   	6.987846E-07   	6.988751E-07   	6.986811E-07   	6.989145E-07   	6.989524E-07   	6.989888E-07   	6.990913E-07   	6.9906554E-07  	6.990781E-07   	6.991585E-07   	6.993844E-07   	6.991616E-07   	6.988649E-07   	6.99343E-07    	6.993488E-07   	6.992607E-07   	6.996454E-07   	7.000748E-07   	7.001479E-07   	6.9975835E-07  	6.9939813E-07  	6.9937266E-07  	6.994797E-07   	6.995537E-07   	6.9965074E-07  	6.996194E-07   	6.998362E-07   	6.9989903E-07  	7.002335E-07   	6.99972E-07    	6.9999265E-07  	7.0027403E-07  	6.995839E-07   	6.9913165E-07  	6.9935334E-07  	6.9926546E-07  	6.99337E-07    	6.994113E-07   	6.993197E-07   	6.990668E-07   	6.991597E-07   	6.989562E-07   	6.9913904E-07  	6.991814E-07   	6.9921305E-07  	6.9928507E-07  	6.9922197E-07  	6.9949544E-07  	6.997845E-07   	7.0021764E-07  	6.9676247E-07  	6.9801536E-07  	6.9849335E-07  	6.985846E-07   	6.9827433E-07  	6.9848545E-07  	6.985708E-07   	6.9864603E-07  	6.9855E-07     	6.9893656E-07  	6.991497E-07   	6.9930496E-07  	6.9950494E-07  	6.993649E-07   	6.993033E-07   	6.994099E-07   	6.9919895E-07  	6.9915126E-07  	6.990627E-07   	6.991459E-07   	6.993639E-07   	6.995163E-07   	6.992913E-07   	6.992295E-07   	6.9930735E-07  	6.99531E-07    	7.0392827E-07  	7.073677E-07   	7.095271E-07   	7.1251316E-07  	7.156764E-07   	7.173925E-07   	7.1726964E-07  	7.1731336E-07  	7.1750503E-07  	7.174114E-07   	7.173393E-07   	7.1734377E-07  	7.171708E-07   	7.1729806E-07  	7.172267E-07   	7.1710167E-07  	7.170929E-07   	
6.986609E-07   	6.985683E-07   	6.984992E-07   	6.984743E-07   	6.984267E-07   	6.9855537E-07  	6.9858635E-07  	6.9860266E-07  	6.989599E-07   	6.9887966E-07  	6.985921E-07   	6.988363E-07   	6.990419E-07   	6.9927216E-07  	6.993499E-07   	6.9922123E-07  	6.993019E-07   	6.994885E-07   	6.9948226E-07  	6.994504E-07   	6.991191E-07   	6.994783E-07   	6.9941035E-07  	6.996268E-07   	6.99896E-07    	7.00261E-07    	6.997608E-07   	6.994376E-07   	6.9908253E-07  	6.9920105E-07  	6.9933674E-07  	6.994275E-07   	6.995106E-07   	6.9951744E-07  	6.9936067E-07  	6.996373E-07   	6.9938886E-07  	6.991952E-07   	6.996159E-07   	6.991989E-07   	6.9934646E-07  	6.994251E-07   	6.9945236E-07  	6.9954797E-07  	6.992441E-07   	6.991989E-07   	6.9944196E-07  	6.995295E-07   	7.001808E-07   	7.0161065E-07  	7.023447E-07   	7.0381975E-07  	7.042754E-07   	7.0406816E-07  	7.039886E-07   	7.0398653E-07  	7.040218E-07   	7.0266515E-07  	7.040937E-07   	6.980817E-07   	6.975737E-07   	6.986273E-07   	6.987449E-07   	6.984762E-07   	6.9895947E-07  	6.9904263E-07  	6.991594E-07   	6.991219E-07   	6.9928757E-07  	6.992606E-07   	6.991862E-07   	6.9940927E-07  	6.993832E-07   	6.99544E-07    	6.996771E-07   	6.992871E-07   	6.9981166E-07  	6.9953006E-07  	6.993573E-07   	6.9952927E-07  	6.995761E-07   	6.9950346E-07  	6.9949533E-07  	7.015814E-07   	7.069906E-07   	7.0788985E-07  	7.111297E-07   	7.142358E-07   	7.1669984E-07  	7.17262E-07    	7.1737696E-07  	7.173513E-07   	7.175117E-07   	7.175385E-07   	7.174667E-07   	7.174619E-07   	7.172107E-07   	7.1744176E-07  	7.173428E-07   	7.1741295E-07  	
6.9893525E-07  	6.9880605E-07  	6.9879417E-07  	6.98803E-07    	6.986785E-07   	6.9889046E-07  	6.9900216E-07  	6.98969E-07    	6.9899255E-07  	6.988296E-07   	6.9906395E-07  	6.9919776E-07  	6.989588E-07   	6.995956E-07   	6.9957923E-07  	6.993459E-07   	6.9917974E-07  	6.9957326E-07  	6.9983236E-07  	6.995109E-07   	6.9937767E-07  	6.994853E-07   	6.9941774E-07  	6.995529E-07   	6.9951943E-07  	6.9987567E-07  	7.00004E-07    	6.9963227E-07  	6.9944355E-07  	6.993126E-07   	6.993047E-07   	6.995122E-07   	6.995637E-07   	6.9956775E-07  	6.9999464E-07  	6.9929393E-07  	6.99725E-07    	6.997464E-07   	6.9983224E-07  	6.9960964E-07  	6.994331E-07   	7.0015767E-07  	7.0100754E-07  	7.0247614E-07  	7.041807E-07   	7.045157E-07   	7.041523E-07   	7.041832E-07   	7.041022E-07   	7.044397E-07   	7.060015E-07   	7.1014927E-07  	7.1376076E-07  	7.159074E-07   	7.1733996E-07  	7.1791186E-07  	7.184511E-07   	7.181142E-07   	7.1651385E-07  	7.144084E-07   	7.0773706E-07  	6.9636235E-07  	6.974051E-07   	6.9802707E-07  	6.985179E-07   	6.9875426E-07  	6.987903E-07   	6.987941E-07   	6.990873E-07   	6.991863E-07   	6.9907674E-07  	6.9894435E-07  	6.990751E-07   	6.9922066E-07  	6.9944593E-07  	6.994726E-07   	6.9942723E-07  	6.9934043E-07  	6.9930184E-07  	6.996244E-07   	6.9963875E-07  	6.995348E-07   	6.998894E-07   	6.99883E-07    	7.040398E-07   	7.0748405E-07  	7.0997567E-07  	7.137737E-07   	7.167217E-07   	7.180874E-07   	7.176825E-07   	7.174355E-07   	7.179754E-07   	7.1758154E-07  	7.1741437E-07  	7.1756335E-07  	7.1751424E-07  	7.177032E-07   	7.175362E-07   	7.1766914E-07  	
6.989496E-07   	6.988759E-07   	6.98748E-07    	6.987094E-07   	6.9898266E-07  	6.992286E-07   	6.988145E-07   	6.98992E-07    	6.9914284E-07  	6.990505E-07   	6.991963E-07   	6.991405E-07   	6.9912704E-07  	6.993726E-07   	6.9933054E-07  	6.991704E-07   	6.99419E-07    	6.9977864E-07  	6.99666E-07    	6.9980285E-07  	6.995988E-07   	6.994057E-07   	6.9961135E-07  	6.996183E-07   	6.9964E-07     	6.999876E-07   	7.005705E-07   	7.006254E-07   	7.0030666E-07  	7.002601E-07   	7.001554E-07   	6.998976E-07   	6.9986856E-07  	7.002811E-07   	7.0085565E-07  	7.019652E-07   	7.0349057E-07  	7.045271E-07   	7.043882E-07   	7.043133E-07   	7.0427996E-07  	7.041519E-07   	7.044615E-07   	7.088822E-07   	7.128029E-07   	7.147998E-07   	7.1568087E-07  	7.168119E-07   	7.1790964E-07  	7.183574E-07   	7.1838997E-07  	7.183954E-07   	7.184037E-07   	7.18331E-07    	7.1818357E-07  	7.180099E-07   	7.1812275E-07  	7.1851366E-07  	7.175536E-07   	7.1577523E-07  	7.127112E-07   	7.073006E-07   	6.986418E-07   	6.965235E-07   	6.9767754E-07  	6.9786074E-07  	6.984224E-07   	6.9860073E-07  	6.9854025E-07  	6.9874164E-07  	6.987317E-07   	6.98909E-07    	6.99104E-07    	6.992194E-07   	6.988788E-07   	6.991845E-07   	6.9919423E-07  	6.99135E-07    	6.9955064E-07  	6.992441E-07   	6.992347E-07   	6.99225E-07    	6.990265E-07   	6.9908094E-07  	7.007834E-07   	7.0616295E-07  	7.083321E-07   	7.113983E-07   	7.143878E-07   	7.174561E-07   	7.180861E-07   	7.177157E-07   	7.175478E-07   	7.1755795E-07  	7.174853E-07   	7.1758785E-07  	7.1756745E-07  	7.1759945E-07  	7.175872E-07   	7.175262E-07   	
6.9868105E-07  	6.986415E-07   	6.984941E-07   	6.9858106E-07  	6.987381E-07   	6.9863E-07     	6.9855145E-07  	6.9880446E-07  	6.9872715E-07  	6.987377E-07   	6.9900756E-07  	6.9879417E-07  	6.992779E-07   	6.993268E-07   	6.9910055E-07  	6.9934475E-07  	6.99469E-07    	6.9959606E-07  	6.9931906E-07  	6.993579E-07   	6.993179E-07   	6.991938E-07   	6.994962E-07   	6.993437E-07   	6.9964767E-07  	6.9963914E-07  	7.000738E-07   	7.022106E-07   	7.035965E-07   	7.046031E-07   	7.0527017E-07  	7.0432276E-07  	7.0467655E-07  	7.0440205E-07  	7.042685E-07   	7.052258E-07   	7.100053E-07   	7.14041E-07    	7.157942E-07   	7.1601966E-07  	7.170963E-07   	7.1776543E-07  	7.1789896E-07  	7.1807744E-07  	7.181315E-07   	7.1859324E-07  	7.1841987E-07  	7.181579E-07   	7.181571E-07   	7.1797797E-07  	7.180074E-07   	7.180918E-07   	7.1796495E-07  	7.1793977E-07  	7.179346E-07   	7.183004E-07   	7.181928E-07   	7.177614E-07   	7.1807256E-07  	7.1656495E-07  	7.143617E-07   	7.1056365E-07  	7.040286E-07   	6.955662E-07   	6.969023E-07   	6.975916E-07   	6.9787285E-07  	6.980484E-07   	6.9844924E-07  	6.985602E-07   	6.9859766E-07  	6.9884675E-07  	6.988051E-07   	6.991077E-07   	6.990585E-07   	6.989586E-07   	6.991702E-07   	6.989692E-07   	6.989914E-07   	6.992787E-07   	6.990696E-07   	6.991797E-07   	6.9927717E-07  	6.9938795E-07  	7.000568E-07   	7.053403E-07   	7.075878E-07   	7.095855E-07   	7.129288E-07   	7.156658E-07   	7.174609E-07   	7.178693E-07   	7.1781244E-07  	7.175937E-07   	7.1781454E-07  	7.176881E-07   	7.1792954E-07  	7.177912E-07   	7.178782E-07   	7.176475E-07   	
6.991876E-07   	6.990683E-07   	6.990274E-07   	6.9889694E-07  	6.9896436E-07  	6.990222E-07   	6.991585E-07   	6.991557E-07   	6.991098E-07   	6.990983E-07   	6.991571E-07   	6.989771E-07   	6.991602E-07   	6.9904763E-07  	6.9961095E-07  	6.994562E-07   	6.994695E-07   	6.9946725E-07  	6.994757E-07   	6.9922805E-07  	6.9931656E-07  	6.992195E-07   	6.997244E-07   	6.997934E-07   	6.9965193E-07  	6.999456E-07   	7.000147E-07   	7.0404656E-07  	7.0856174E-07  	7.1130734E-07  	7.1377076E-07  	7.156932E-07   	7.176465E-07   	7.186129E-07   	7.1875496E-07  	7.184451E-07   	7.188211E-07   	7.1856715E-07  	7.184935E-07   	7.18417E-07    	7.182945E-07   	7.1845335E-07  	7.183471E-07   	7.182076E-07   	7.182281E-07   	7.1838656E-07  	7.1823604E-07  	7.1830226E-07  	7.1825775E-07  	7.179842E-07   	7.1790123E-07  	7.1809006E-07  	7.178822E-07   	7.178314E-07   	7.1801276E-07  	7.1782273E-07  	7.1793943E-07  	7.1813264E-07  	7.1800497E-07  	7.171386E-07   	7.1527035E-07  	7.12454E-07    	7.0782437E-07  	6.9942615E-07  	6.962913E-07   	6.9706215E-07  	6.9739394E-07  	6.9808374E-07  	6.983524E-07   	6.985831E-07   	6.985569E-07   	6.9856856E-07  	6.9903604E-07  	6.988789E-07   	6.988167E-07   	6.991983E-07   	6.991753E-07   	6.9925187E-07  	6.9918735E-07  	6.992401E-07   	6.9928535E-07  	6.9910726E-07  	6.994415E-07   	6.994968E-07   	6.99378E-07    	7.0101834E-07  	7.0705244E-07  	7.0786825E-07  	7.113885E-07   	7.1458726E-07  	7.1746416E-07  	7.1812207E-07  	7.181745E-07   	7.179739E-07   	7.1790623E-07  	7.180525E-07   	7.178361E-07   	7.179498E-07   	7.1785627E-07  	7.1771086E-07  	
6.9915797E-07  	6.99061E-07    	6.9897766E-07  	6.989225E-07   	6.990196E-07   	6.9912846E-07  	6.98841E-07    	6.9902774E-07  	6.989824E-07   	6.99097E-07    	6.9920293E-07  	6.9908026E-07  	6.993041E-07   	6.9944736E-07  	6.993821E-07   	6.999055E-07   	6.9982593E-07  	6.998006E-07   	7.0003654E-07  	7.0027596E-07  	7.003686E-07   	7.003597E-07   	7.004127E-07   	7.0110724E-07  	7.036286E-07   	7.115194E-07   	7.163782E-07   	7.1910284E-07  	7.193821E-07   	7.1872483E-07  	7.18803E-07    	7.188241E-07   	7.1859523E-07  	7.186771E-07   	7.1848973E-07  	7.182671E-07   	7.185576E-07   	7.182928E-07   	7.181625E-07   	7.189598E-07   	7.199487E-07   	7.202E-07      	7.193693E-07   	7.178782E-07   	7.152106E-07   	7.162268E-07   	7.179283E-07   	7.1792584E-07  	7.1795347E-07  	7.1810723E-07  	7.1807E-07     	7.1810666E-07  	7.1811576E-07  	7.1831107E-07  	7.184379E-07   	7.182513E-07   	7.1829834E-07  	7.1806494E-07  	7.182754E-07   	7.1830465E-07  	7.1673196E-07  	7.146846E-07   	7.1105177E-07  	7.038373E-07   	6.9581426E-07  	6.9687377E-07  	6.974638E-07   	6.980966E-07   	6.982377E-07   	6.982005E-07   	6.985836E-07   	6.985639E-07   	6.9868054E-07  	6.9889E-07     	6.9903336E-07  	6.9903734E-07  	6.98929E-07    	6.991379E-07   	6.992384E-07   	6.990485E-07   	6.9933674E-07  	6.99297E-07    	6.9931696E-07  	6.994948E-07   	6.995116E-07   	6.994164E-07   	7.036905E-07   	7.072946E-07   	7.09188E-07    	7.123615E-07   	7.151753E-07   	7.174388E-07   	7.179001E-07   	7.1774224E-07  	7.1802225E-07  	7.17827E-07    	7.178954E-07   	7.177941E-07   	7.177689E-07   	7.177329E-07   	
6.991694E-07   	6.991276E-07   	6.989994E-07   	6.987318E-07   	6.9885186E-07  	6.988731E-07   	6.990706E-07   	6.9925017E-07  	6.992268E-07   	6.994155E-07   	6.99597E-07    	6.995661E-07   	6.996325E-07   	6.9973476E-07  	6.9994655E-07  	7.0018444E-07  	7.000354E-07   	7.0014204E-07  	6.998524E-07   	6.9986197E-07  	7.000267E-07   	7.003268E-07   	7.001134E-07   	7.013507E-07   	7.0686576E-07  	7.112943E-07   	7.1450796E-07  	7.1757E-07     	7.188318E-07   	7.18586E-07    	7.18812E-07    	7.186738E-07   	7.185477E-07   	7.185016E-07   	7.187009E-07   	7.186479E-07   	7.184452E-07   	7.1853066E-07  	7.187429E-07   	7.185434E-07   	7.187579E-07   	7.1822586E-07  	7.171672E-07   	7.171035E-07   	7.1765146E-07  	7.1742204E-07  	7.1746774E-07  	7.176994E-07   	7.1799656E-07  	7.1789486E-07  	7.1715266E-07  	7.1764674E-07  	7.178693E-07   	7.176442E-07   	7.1766664E-07  	7.1740993E-07  	7.176036E-07   	7.179032E-07   	7.178702E-07   	7.1762304E-07  	7.17555E-07    	7.158148E-07   	7.139986E-07   	7.0975364E-07  	7.0138987E-07  	6.9648945E-07  	6.9763627E-07  	6.977418E-07   	6.979635E-07   	6.981955E-07   	6.987145E-07   	6.985937E-07   	6.987266E-07   	6.9917434E-07  	6.9921606E-07  	6.9957747E-07  	6.993523E-07   	6.991607E-07   	6.995106E-07   	6.9935373E-07  	6.993712E-07   	6.9928683E-07  	6.992878E-07   	6.990615E-07   	6.992297E-07   	6.994891E-07   	7.0098287E-07  	7.066962E-07   	7.070661E-07   	7.0932674E-07  	7.1259007E-07  	7.157922E-07   	7.173799E-07   	7.1778584E-07  	7.1748127E-07  	7.173314E-07   	7.179676E-07   	7.179607E-07   	7.176714E-07   	7.178294E-07   	
6.990974E-07   	6.990687E-07   	6.9911806E-07  	6.99189E-07    	6.9913176E-07  	6.990779E-07   	6.995363E-07   	6.9966114E-07  	6.998956E-07   	7.000871E-07   	7.0015074E-07  	7.0013823E-07  	7.0031143E-07  	7.000746E-07   	7.004283E-07   	7.004299E-07   	7.002185E-07   	6.9987857E-07  	7.0017455E-07  	7.003842E-07   	7.004655E-07   	7.0027954E-07  	7.0025925E-07  	7.022106E-07   	7.0807346E-07  	7.098072E-07   	7.1333807E-07  	7.171384E-07   	7.186378E-07   	7.1869334E-07  	7.1846995E-07  	7.1851605E-07  	7.1844624E-07  	7.185128E-07   	7.1859347E-07  	7.181857E-07   	7.1794676E-07  	7.1794574E-07  	7.184056E-07   	7.185251E-07   	7.187348E-07   	7.1815504E-07  	7.179644E-07   	7.186036E-07   	7.184685E-07   	7.1807244E-07  	7.1853367E-07  	7.1876406E-07  	7.1799457E-07  	7.169651E-07   	7.180133E-07   	7.1805886E-07  	7.182519E-07   	7.1784285E-07  	7.1759723E-07  	7.175693E-07   	7.176549E-07   	7.1769944E-07  	7.176561E-07   	7.1774383E-07  	7.179999E-07   	7.169027E-07   	7.149981E-07   	7.1172065E-07  	7.072546E-07   	6.9825745E-07  	6.9661223E-07  	6.976704E-07   	6.981775E-07   	6.982475E-07   	6.987128E-07   	6.987736E-07   	6.98931E-07    	6.9890365E-07  	6.991079E-07   	6.991347E-07   	6.993028E-07   	6.9956457E-07  	6.9929104E-07  	6.989839E-07   	6.991808E-07   	6.990662E-07   	6.990998E-07   	6.992413E-07   	6.992374E-07   	6.9926915E-07  	6.993204E-07   	7.02485E-07    	7.072488E-07   	7.081728E-07   	7.113683E-07   	7.1450984E-07  	7.173212E-07   	7.1821626E-07  	7.1818454E-07  	7.1825065E-07  	7.180529E-07   	7.178868E-07   	7.1822427E-07  	7.180995E-07   	
6.996768E-07   	6.9952654E-07  	6.9954893E-07  	6.9976153E-07  	6.9983423E-07  	6.99828E-07    	6.999893E-07   	6.997579E-07   	6.9948015E-07  	6.999925E-07   	7.000105E-07   	6.9975806E-07  	6.9979785E-07  	7.000478E-07   	7.0011026E-07  	7.0011566E-07  	7.002384E-07   	7.003347E-07   	7.002088E-07   	7.005472E-07   	7.004231E-07   	7.0049197E-07  	7.00535E-07    	7.012744E-07   	7.04933E-07    	7.085498E-07   	7.1158854E-07  	7.1439393E-07  	7.1714555E-07  	7.187318E-07   	7.188009E-07   	7.1871796E-07  	7.1869295E-07  	7.186867E-07   	7.1859535E-07  	7.1861837E-07  	7.184433E-07   	7.1820693E-07  	7.1845096E-07  	7.1821404E-07  	7.183125E-07   	7.183789E-07   	7.1806886E-07  	7.1825013E-07  	7.1833375E-07  	7.1838264E-07  	7.1835086E-07  	7.1796563E-07  	7.1804914E-07  	7.1798297E-07  	7.181703E-07   	7.1806625E-07  	7.1804317E-07  	7.1806437E-07  	7.1800486E-07  	7.1813304E-07  	7.180435E-07   	7.1785314E-07  	7.177896E-07   	7.1782625E-07  	7.17976E-07    	7.176401E-07   	7.1583736E-07  	7.133785E-07   	7.091818E-07   	7.039765E-07   	6.9551925E-07  	6.966872E-07   	6.9726303E-07  	6.979063E-07   	6.9849636E-07  	6.98593E-07    	6.986575E-07   	6.9881827E-07  	6.987976E-07   	6.990191E-07   	6.989377E-07   	6.991334E-07   	6.99197E-07    	6.9916933E-07  	6.992603E-07   	6.9930655E-07  	6.9905684E-07  	6.9921384E-07  	6.9938034E-07  	6.99202E-07    	6.994771E-07   	6.996526E-07   	7.033214E-07   	7.0747603E-07  	7.09128E-07    	7.1217653E-07  	7.1554285E-07  	7.174968E-07   	7.1805965E-07  	7.178742E-07   	7.178918E-07   	7.178486E-07   	7.179848E-07   	7.179896E-07   	
7.025989E-07   	7.009294E-07   	6.9861386E-07  	6.9851006E-07  	6.991219E-07   	6.9943115E-07  	6.9930365E-07  	6.994837E-07   	6.996866E-07   	6.9974936E-07  	6.9990324E-07  	6.997874E-07   	6.9996906E-07  	7.002086E-07   	7.002184E-07   	7.0008565E-07  	7.0011026E-07  	7.000343E-07   	6.9996617E-07  	7.000663E-07   	7.002056E-07   	7.001136E-07   	7.0016256E-07  	7.0042273E-07  	7.0398835E-07  	7.0809745E-07  	7.088245E-07   	7.1233336E-07  	7.15747E-07    	7.1793886E-07  	7.184026E-07   	7.1821563E-07  	7.183234E-07   	7.1838923E-07  	7.184419E-07   	7.181178E-07   	7.183878E-07   	7.1838224E-07  	7.1821927E-07  	7.181719E-07   	7.1826514E-07  	7.1840293E-07  	7.181687E-07   	7.179275E-07   	7.1832966E-07  	7.1775355E-07  	7.180747E-07   	7.178964E-07   	7.180205E-07   	7.178909E-07   	7.178739E-07   	7.1779385E-07  	7.1787116E-07  	7.1794324E-07  	7.1789583E-07  	7.1796694E-07  	7.1800764E-07  	7.179003E-07   	7.178347E-07   	7.1799485E-07  	7.18169E-07    	7.179753E-07   	7.172234E-07   	7.151006E-07   	7.1256306E-07  	7.0666493E-07  	6.967276E-07   	6.9672535E-07  	6.977811E-07   	6.9799773E-07  	6.984573E-07   	6.9899954E-07  	6.994176E-07   	6.995251E-07   	6.9921333E-07  	6.984661E-07   	6.99144E-07    	6.992543E-07   	6.992981E-07   	6.993382E-07   	6.996583E-07   	6.995348E-07   	6.994647E-07   	6.9976176E-07  	6.9951034E-07  	6.9963534E-07  	6.995505E-07   	6.995572E-07   	7.003882E-07   	7.0573554E-07  	7.0782505E-07  	7.1086305E-07  	7.1365525E-07  	7.171335E-07   	7.1807887E-07  	7.1821336E-07  	7.180237E-07   	7.18078E-07    	7.179166E-07   	7.1811235E-07  	
7.1117216E-07  	7.109371E-07   	7.0772484E-07  	6.989566E-07   	6.963411E-07   	6.976244E-07   	6.9810693E-07  	6.9836454E-07  	6.9895964E-07  	6.993958E-07   	6.991205E-07   	6.9916524E-07  	6.994355E-07   	6.99719E-07    	6.9948044E-07  	6.9971094E-07  	6.997761E-07   	7.000762E-07   	6.99984E-07    	6.9968837E-07  	6.999171E-07   	6.9980285E-07  	7.00269E-07    	7.0034E-07     	7.005577E-07   	7.049144E-07   	7.084805E-07   	7.1106194E-07  	7.1406794E-07  	7.171037E-07   	7.1833506E-07  	7.1842493E-07  	7.1823627E-07  	7.1845676E-07  	7.184284E-07   	7.184827E-07   	7.1846785E-07  	7.1831306E-07  	7.1841663E-07  	7.181176E-07   	7.1739674E-07  	7.179522E-07   	7.180694E-07   	7.180668E-07   	7.182327E-07   	7.182206E-07   	7.182109E-07   	7.180189E-07   	7.180341E-07   	7.1803197E-07  	7.179019E-07   	7.178832E-07   	7.178977E-07   	7.179625E-07   	7.18058E-07    	7.1831283E-07  	7.180408E-07   	7.179358E-07   	7.182035E-07   	7.1798615E-07  	7.1827105E-07  	7.179423E-07   	7.1786616E-07  	7.1633224E-07  	7.1459436E-07  	7.105604E-07   	7.039276E-07   	6.963213E-07   	6.969651E-07   	6.9763195E-07  	6.9820766E-07  	6.9825904E-07  	6.9863563E-07  	6.989604E-07   	6.989836E-07   	6.991196E-07   	6.9913625E-07  	6.9943707E-07  	6.9926523E-07  	6.9942314E-07  	6.9960964E-07  	6.994461E-07   	6.993665E-07   	6.994704E-07   	6.9945406E-07  	6.99579E-07    	6.995497E-07   	6.99592E-07    	6.9962795E-07  	7.016967E-07   	7.068023E-07   	7.0989563E-07  	7.1262525E-07  	7.1596054E-07  	7.179366E-07   	7.181763E-07   	7.1797075E-07  	7.1800946E-07  	7.1814696E-07  	7.1773866E-07  	
7.1199196E-07  	7.117828E-07   	7.0977393E-07  	7.0115675E-07  	6.956693E-07   	6.96942E-07    	6.97675E-07    	6.982993E-07   	6.986003E-07   	6.988313E-07   	6.989707E-07   	6.9905434E-07  	6.9914154E-07  	6.992749E-07   	6.9909925E-07  	6.9956843E-07  	6.997152E-07   	6.995893E-07   	6.997072E-07   	6.9983025E-07  	6.997346E-07   	6.999096E-07   	7.0004546E-07  	6.9986925E-07  	7.001626E-07   	7.0262536E-07  	7.081825E-07   	7.0943753E-07  	7.120255E-07   	7.153669E-07   	7.1790066E-07  	7.187365E-07   	7.186619E-07   	7.1876593E-07  	7.186752E-07   	7.184044E-07   	7.1844477E-07  	7.186253E-07   	7.185592E-07   	7.1817556E-07  	7.182598E-07   	7.1819164E-07  	7.182549E-07   	7.183945E-07   	7.184567E-07   	7.182415E-07   	7.181043E-07   	7.182184E-07   	7.181888E-07   	7.180964E-07   	7.182667E-07   	7.1809353E-07  	7.1809035E-07  	7.1799815E-07  	7.180946E-07   	7.184588E-07   	7.181468E-07   	7.183357E-07   	7.1820114E-07  	7.1808046E-07  	7.18117E-07    	7.1803544E-07  	7.1830993E-07  	7.175489E-07   	7.155327E-07   	7.130504E-07   	7.0833846E-07  	6.998827E-07   	6.961612E-07   	6.9768817E-07  	6.980182E-07   	6.986081E-07   	6.987056E-07   	6.990339E-07   	6.9894185E-07  	6.990462E-07   	6.990834E-07   	6.990552E-07   	6.9914694E-07  	6.9938795E-07  	6.9940126E-07  	6.9922083E-07  	6.9918735E-07  	6.9961595E-07  	6.992974E-07   	6.9941245E-07  	6.995009E-07   	6.994929E-07   	6.996401E-07   	7.0028204E-07  	7.0480934E-07  	7.082827E-07   	7.1085634E-07  	7.143136E-07   	7.172449E-07   	7.1822126E-07  	7.181228E-07   	7.181474E-07   	7.1807756E-07  	7.179715E-07   	
7.148608E-07   	7.145435E-07   	7.1211815E-07  	7.0462187E-07  	6.963969E-07   	6.9738235E-07  	6.979898E-07   	6.981024E-07   	6.9836256E-07  	6.987585E-07   	6.9889046E-07  	6.989771E-07   	6.9923414E-07  	6.992979E-07   	6.993911E-07   	6.9929683E-07  	6.996034E-07   	6.995958E-07   	6.9974794E-07  	6.997051E-07   	6.99714E-07    	6.997641E-07   	6.9992046E-07  	6.99978E-07    	7.000077E-07   	7.006234E-07   	7.053282E-07   	7.08261E-07    	7.09859E-07    	7.1280357E-07  	7.16105E-07    	7.1812394E-07  	7.183949E-07   	7.188495E-07   	7.185383E-07   	7.184819E-07   	7.186576E-07   	7.1863474E-07  	7.1842936E-07  	7.1840117E-07  	7.185006E-07   	7.1837263E-07  	7.184083E-07   	7.183416E-07   	7.1845227E-07  	7.182882E-07   	7.1828117E-07  	7.183113E-07   	7.1847495E-07  	7.1803424E-07  	7.180604E-07   	7.1805306E-07  	7.180322E-07   	7.182516E-07   	7.1824815E-07  	7.180126E-07   	7.180374E-07   	7.180275E-07   	7.179963E-07   	7.1826156E-07  	7.1820136E-07  	7.1787764E-07  	7.1821086E-07  	7.1805374E-07  	7.1723935E-07  	7.1566575E-07  	7.1251725E-07  	7.051644E-07   	6.962097E-07   	6.97034E-07    	6.98013E-07    	6.980922E-07   	6.9849824E-07  	6.9891814E-07  	6.9858436E-07  	6.9901915E-07  	6.991555E-07   	6.9890797E-07  	6.9898795E-07  	6.992527E-07   	6.992907E-07   	6.990845E-07   	6.995842E-07   	6.994765E-07   	6.994127E-07   	6.9980393E-07  	6.993952E-07   	6.994906E-07   	6.996915E-07   	6.9958486E-07  	7.02097E-07    	7.077402E-07   	7.0921357E-07  	7.117758E-07   	7.140307E-07   	7.161843E-07   	7.1723224E-07  	7.164516E-07   	7.156382E-07   	7.1560436E-07  	
7.1613965E-07  	7.158259E-07   	7.1459624E-07  	7.1041154E-07  	7.025683E-07   	6.960949E-07   	6.9766895E-07  	6.9839473E-07  	6.9870845E-07  	6.98782E-07    	6.991503E-07   	6.99352E-07    	6.9954183E-07  	6.9955695E-07  	6.9964085E-07  	6.9946935E-07  	6.998094E-07   	7.0006064E-07  	6.9960555E-07  	6.99749E-07    	7.000357E-07   	6.999275E-07   	7.000696E-07   	7.0013164E-07  	7.0048037E-07  	7.004603E-07   	7.013267E-07   	7.071119E-07   	7.083795E-07   	7.111711E-07   	7.14248E-07    	7.1734786E-07  	7.1837775E-07  	7.183125E-07   	7.188653E-07   	7.189123E-07   	7.188501E-07   	7.1871284E-07  	7.187936E-07   	7.1863695E-07  	7.185663E-07   	7.1863155E-07  	7.1861933E-07  	7.1842373E-07  	7.1836104E-07  	7.185447E-07   	7.186593E-07   	7.1854186E-07  	7.187315E-07   	7.185181E-07   	7.1772934E-07  	7.1816055E-07  	7.182161E-07   	7.18139E-07    	7.1788696E-07  	7.179168E-07   	7.182501E-07   	7.180216E-07   	7.181816E-07   	7.1809717E-07  	7.180453E-07   	7.180442E-07   	7.1789833E-07  	7.181844E-07   	7.1780096E-07  	7.159254E-07   	7.1349655E-07  	7.094954E-07   	7.0458077E-07  	6.9642533E-07  	6.9771943E-07  	6.9800365E-07  	6.981841E-07   	6.9878956E-07  	6.988908E-07   	6.991605E-07   	6.9922595E-07  	6.9940177E-07  	6.995102E-07   	6.99498E-07    	6.994089E-07   	6.992692E-07   	6.9950244E-07  	6.997592E-07   	6.996158E-07   	6.9956883E-07  	6.996433E-07   	6.9962965E-07  	6.995044E-07   	6.9955587E-07  	7.003301E-07   	7.062509E-07   	7.0761746E-07  	7.0747444E-07  	7.0776514E-07  	7.101868E-07   	7.1100663E-07  	7.101071E-07   	7.0973414E-07  	7.086932E-07   	
7.1713816E-07  	7.1681785E-07  	7.157003E-07   	7.122024E-07   	7.0388097E-07  	6.963271E-07   	6.9740764E-07  	6.9829065E-07  	6.9910055E-07  	6.9919565E-07  	6.993107E-07   	6.99557E-07    	6.9975533E-07  	6.996637E-07   	6.9961266E-07  	6.998069E-07   	6.9988204E-07  	6.998581E-07   	7.0014363E-07  	7.001856E-07   	6.99973E-07    	6.998881E-07   	6.9995247E-07  	7.0017825E-07  	7.0047713E-07  	7.0066875E-07  	7.0058087E-07  	7.032407E-07   	7.0818936E-07  	7.092298E-07   	7.1227436E-07  	7.1571117E-07  	7.180366E-07   	7.1864014E-07  	7.187226E-07   	7.1855294E-07  	7.1863053E-07  	7.186483E-07   	7.1850474E-07  	7.1863553E-07  	7.185294E-07   	7.1853145E-07  	7.1858346E-07  	7.185189E-07   	7.186911E-07   	7.184485E-07   	7.1834677E-07  	7.185132E-07   	7.1809814E-07  	7.181581E-07   	7.183193E-07   	7.181713E-07   	7.1832847E-07  	7.182234E-07   	7.179043E-07   	7.182301E-07   	7.1828947E-07  	7.1832955E-07  	7.1828146E-07  	7.182108E-07   	7.181533E-07   	7.180202E-07   	7.182315E-07   	7.1812065E-07  	7.181047E-07   	7.1731296E-07  	7.152611E-07   	7.1232654E-07  	7.0658933E-07  	6.9765287E-07  	6.962974E-07   	6.97793E-07    	6.980837E-07   	6.9805503E-07  	6.9842145E-07  	6.9882753E-07  	6.9872175E-07  	6.986711E-07   	6.990133E-07   	6.9885374E-07  	6.993542E-07   	6.993488E-07   	6.9933253E-07  	6.9939273E-07  	6.990254E-07   	6.989778E-07   	6.989239E-07   	6.9903103E-07  	6.9905735E-07  	6.990513E-07   	6.99166E-07    	6.9895304E-07  	6.990348E-07   	6.9968456E-07  	6.997728E-07   	7.011592E-07   	7.014615E-07   	7.0052494E-07  	6.992255E-07   	6.9898596E-07  	
7.1802333E-07  	7.1776196E-07  	7.168876E-07   	7.1427394E-07  	7.0967593E-07  	7.014226E-07   	6.969975E-07   	6.985443E-07   	6.989561E-07   	6.992103E-07   	6.997217E-07   	6.9974544E-07  	6.999727E-07   	7.0005746E-07  	7.002705E-07   	7.000341E-07   	7.000833E-07   	7.001279E-07   	7.0015983E-07  	7.0027994E-07  	7.000698E-07   	7.0006786E-07  	7.002865E-07   	7.0025055E-07  	7.0027653E-07  	7.005778E-07   	7.00659E-07    	7.010229E-07   	7.055097E-07   	7.084702E-07   	7.1134195E-07  	7.1501864E-07  	7.177262E-07   	7.18858E-07    	7.1888775E-07  	7.186047E-07   	7.188296E-07   	7.1880794E-07  	7.189571E-07   	7.187553E-07   	7.1865213E-07  	7.187977E-07   	7.185652E-07   	7.1851224E-07  	7.186596E-07   	7.186456E-07   	7.184908E-07   	7.1833887E-07  	7.18159E-07    	7.1842356E-07  	7.1828015E-07  	7.1824525E-07  	7.1831187E-07  	7.182441E-07   	7.182024E-07   	7.1839634E-07  	7.1805744E-07  	7.1831363E-07  	7.181622E-07   	7.182014E-07   	7.183217E-07   	7.1813326E-07  	7.1828015E-07  	7.1830186E-07  	7.180787E-07   	7.181299E-07   	7.165341E-07   	7.1426535E-07  	7.097022E-07   	7.037735E-07   	6.960446E-07   	6.9757914E-07  	6.9800046E-07  	6.984347E-07   	6.986963E-07   	6.982334E-07   	6.9844833E-07  	6.987524E-07   	6.986876E-07   	6.989458E-07   	6.98909E-07    	6.987598E-07   	6.988184E-07   	6.9884726E-07  	6.9906605E-07  	6.992369E-07   	6.990147E-07   	6.9894065E-07  	6.9916774E-07  	6.991055E-07   	6.99133E-07    	6.9912977E-07  	6.990994E-07   	6.9903706E-07  	6.992323E-07   	6.993949E-07   	6.9943405E-07  	6.9950414E-07  	6.99619E-07    	7.001707E-07   	
7.1840657E-07  	7.181939E-07   	7.1771944E-07  	7.1573663E-07  	7.121423E-07   	7.060952E-07   	6.9697916E-07  	6.981194E-07   	6.9848556E-07  	6.9875165E-07  	6.993427E-07   	6.9950346E-07  	6.9942706E-07  	6.99769E-07    	6.999178E-07   	6.9997833E-07  	6.999788E-07   	6.998977E-07   	7.001403E-07   	7.002914E-07   	6.9992484E-07  	7.000135E-07   	7.001924E-07   	7.004757E-07   	7.0043E-07     	7.003757E-07   	7.0026323E-07  	7.0033826E-07  	7.025323E-07   	7.07656E-07    	7.0966735E-07  	7.127906E-07   	7.159656E-07   	7.1838383E-07  	7.191318E-07   	7.191611E-07   	7.1908653E-07  	7.1888945E-07  	7.189764E-07   	7.1880845E-07  	7.186944E-07   	7.190708E-07   	7.189109E-07   	7.1883017E-07  	7.187501E-07   	7.1873103E-07  	7.1868254E-07  	7.18568E-07    	7.1851736E-07  	7.185913E-07   	7.184788E-07   	7.1849377E-07  	7.1837513E-07  	7.1838195E-07  	7.181982E-07   	7.1823814E-07  	7.1849377E-07  	7.184724E-07   	7.1802003E-07  	7.18157E-07    	7.184921E-07   	7.1816055E-07  	7.1831874E-07  	7.18378E-07    	7.184619E-07   	7.1807136E-07  	7.160749E-07   	7.11864E-07    	7.118118E-07   	7.098709E-07   	6.9948766E-07  	6.9556864E-07  	6.969527E-07   	6.976961E-07   	6.979428E-07   	6.981227E-07   	6.981095E-07   	6.982654E-07   	6.9851853E-07  	6.98687E-07    	6.98682E-07    	6.989269E-07   	6.986538E-07   	6.987578E-07   	6.987635E-07   	6.986383E-07   	6.9879553E-07  	6.986255E-07   	6.9885044E-07  	6.9907514E-07  	6.9887994E-07  	6.988981E-07   	6.992182E-07   	6.990382E-07   	6.9912807E-07  	6.988726E-07   	6.9925574E-07  	6.997485E-07   	6.9997435E-07  	6.9990364E-07  	
7.184711E-07   	7.184139E-07   	7.180724E-07   	7.165225E-07   	7.1347944E-07  	7.0915024E-07  	7.029289E-07   	6.9695335E-07  	6.982329E-07   	6.9874113E-07  	6.9898135E-07  	6.9921754E-07  	6.994468E-07   	6.997223E-07   	6.9982895E-07  	6.999583E-07   	6.999421E-07   	6.9995565E-07  	7.0023117E-07  	7.002642E-07   	7.002847E-07   	7.003633E-07   	7.0041193E-07  	7.0033997E-07  	7.005607E-07   	7.0048293E-07  	7.0065204E-07  	7.0088043E-07  	7.010931E-07   	7.058488E-07   	7.0887955E-07  	7.1098805E-07  	7.137576E-07   	7.171541E-07   	7.186748E-07   	7.188683E-07   	7.1897387E-07  	7.1882874E-07  	7.1872034E-07  	7.1907823E-07  	7.188342E-07   	7.187074E-07   	7.185316E-07   	7.1856056E-07  	7.1880385E-07  	7.187638E-07   	7.188228E-07   	7.186836E-07   	7.188422E-07   	7.1874763E-07  	7.185319E-07   	7.1872415E-07  	7.1875564E-07  	7.1853407E-07  	7.187941E-07   	7.1924956E-07  	7.1840014E-07  	7.176781E-07   	7.178865E-07   	7.1723906E-07  	7.172087E-07   	7.160833E-07   	7.1451933E-07  	7.146875E-07   	7.145526E-07   	7.137244E-07   	7.103939E-07   	7.086462E-07   	7.095056E-07   	7.076686E-07   	6.993034E-07   	6.962166E-07   	6.972153E-07   	6.977916E-07   	6.979137E-07   	6.980665E-07   	6.985184E-07   	6.985677E-07   	6.98533E-07    	6.989152E-07   	6.9893457E-07  	6.988934E-07   	6.989184E-07   	6.990584E-07   	6.9911994E-07  	6.98973E-07    	6.9904496E-07  	6.990337E-07   	6.988983E-07   	6.989326E-07   	6.991601E-07   	6.992617E-07   	6.991367E-07   	6.989021E-07   	6.991706E-07   	6.990923E-07   	6.993722E-07   	6.993251E-07   	6.9978137E-07  	7.0006007E-07  	
7.1828634E-07  	7.184796E-07   	7.1844454E-07  	7.1788827E-07  	7.156589E-07   	7.11497E-07    	7.049463E-07   	6.96881E-07    	6.977151E-07   	6.987907E-07   	6.988605E-07   	6.9908555E-07  	6.9979916E-07  	6.998516E-07   	6.9995883E-07  	7.0023157E-07  	7.001652E-07   	7.002943E-07   	7.0017745E-07  	7.0025186E-07  	7.0071246E-07  	7.0044126E-07  	7.0034673E-07  	7.0056484E-07  	7.002859E-07   	7.0053215E-07  	7.0071263E-07  	7.01123E-07    	7.008601E-07   	7.0207005E-07  	7.0771483E-07  	7.092741E-07   	7.121931E-07   	7.1535226E-07  	7.183007E-07   	7.1918976E-07  	7.1914445E-07  	7.1908505E-07  	7.189653E-07   	7.188219E-07   	7.188947E-07   	7.188188E-07   	7.1875206E-07  	7.187267E-07   	7.1866236E-07  	7.187612E-07   	7.186348E-07   	7.1873217E-07  	7.1828595E-07  	7.183956E-07   	7.181121E-07   	7.177543E-07   	7.175436E-07   	7.169688E-07   	7.1645894E-07  	7.163185E-07   	7.151168E-07   	7.1429486E-07  	7.138282E-07   	7.132527E-07   	7.1152544E-07  	7.097476E-07   	7.073927E-07   	7.0552704E-07  	7.051771E-07   	7.0400404E-07  	7.0172564E-07  	6.9992393E-07  	6.9928683E-07  	6.974104E-07   	6.9690265E-07  	6.9744374E-07  	6.9801837E-07  	6.979835E-07   	6.9828985E-07  	6.982686E-07   	6.9874034E-07  	6.9876626E-07  	6.990933E-07   	6.992101E-07   	6.991461E-07   	6.9876205E-07  	6.989078E-07   	6.990353E-07   	6.992221E-07   	6.989981E-07   	6.9912096E-07  	6.9903723E-07  	6.99242E-07    	6.9910834E-07  	6.991224E-07   	6.994756E-07   	6.994448E-07   	6.993058E-07   	6.994057E-07   	6.9936965E-07  	6.9964057E-07  	6.995453E-07   	7.0000686E-07  	7.004079E-07   	
7.186921E-07   	7.1858346E-07  	7.186291E-07   	7.1859733E-07  	7.172451E-07   	7.1434454E-07  	7.100217E-07   	7.0129977E-07  	6.9805645E-07  	6.991788E-07   	6.9953194E-07  	6.9942007E-07  	7.001939E-07   	7.000954E-07   	7.001734E-07   	7.0025106E-07  	7.004101E-07   	7.004542E-07   	7.006946E-07   	7.0098855E-07  	7.0102766E-07  	7.0126197E-07  	7.00748E-07    	6.989696E-07   	6.988834E-07   	7.006485E-07   	7.005379E-07   	7.0083803E-07  	7.0108473E-07  	7.0079597E-07  	7.034059E-07   	7.08884E-07    	7.1082553E-07  	7.1372466E-07  	7.1684E-07     	7.190688E-07   	7.193596E-07   	7.1933727E-07  	7.194968E-07   	7.1924836E-07  	7.1923125E-07  	7.18953E-07    	7.188086E-07   	7.190839E-07   	7.179367E-07   	7.1781807E-07  	7.168915E-07   	7.1553944E-07  	7.147349E-07   	7.148314E-07   	7.135381E-07   	7.129898E-07   	7.1215806E-07  	7.112882E-07   	7.104977E-07   	7.092954E-07   	7.0723956E-07  	7.0541796E-07  	7.0407555E-07  	7.0335375E-07  	7.0149036E-07  	7.00612E-07    	6.986653E-07   	6.971074E-07   	6.9779924E-07  	6.9873744E-07  	6.991496E-07   	6.9923686E-07  	6.989547E-07   	6.988544E-07   	6.991394E-07   	6.99173E-07    	6.993566E-07   	6.994768E-07   	6.9930303E-07  	6.9939324E-07  	6.993831E-07   	6.997819E-07   	6.994982E-07   	6.9959873E-07  	6.9959816E-07  	6.9954626E-07  	6.9961214E-07  	6.994903E-07   	6.997526E-07   	6.998087E-07   	6.996296E-07   	6.998155E-07   	6.996442E-07   	6.9943803E-07  	6.9977165E-07  	6.9955684E-07  	6.9961277E-07  	6.997422E-07   	6.9975783E-07  	6.997574E-07   	6.9973777E-07  	6.99806E-07    	6.999239E-07   	7.003661E-07   	
7.1892265E-07  	7.186978E-07   	7.1868266E-07  	7.187456E-07   	7.178298E-07   	7.154097E-07   	7.12222E-07    	7.0773706E-07  	6.9914466E-07  	6.9844157E-07  	6.9920475E-07  	6.993967E-07   	6.9992626E-07  	6.9998003E-07  	7.0006234E-07  	7.0031683E-07  	7.0055586E-07  	7.005312E-07   	7.010478E-07   	7.007946E-07   	7.007075E-07   	7.009157E-07   	7.009275E-07   	7.0102556E-07  	7.0104016E-07  	7.0113555E-07  	7.015408E-07   	7.0138736E-07  	7.014761E-07   	7.013306E-07   	7.0199627E-07  	7.0704465E-07  	7.094319E-07   	7.124604E-07   	7.145034E-07   	7.1693165E-07  	7.184853E-07   	7.187908E-07   	7.17385E-07    	7.1676476E-07  	7.1599993E-07  	7.151244E-07   	7.146857E-07   	7.14487E-07    	7.1306465E-07  	7.1278754E-07  	7.1087584E-07  	7.090604E-07   	7.0669296E-07  	7.054816E-07   	7.041182E-07   	7.0207335E-07  	7.0081336E-07  	7.00576E-07    	6.9931303E-07  	6.9885E-07     	6.9827365E-07  	6.9767526E-07  	6.986093E-07   	6.989825E-07   	6.9925096E-07  	6.9959617E-07  	6.9998794E-07  	6.999988E-07   	7.000513E-07   	7.0001596E-07  	7.0013056E-07  	7.003458E-07   	7.004795E-07   	6.999374E-07   	6.996864E-07   	7.001354E-07   	7.0025357E-07  	6.998955E-07   	6.9964767E-07  	6.9956934E-07  	6.997647E-07   	6.997925E-07   	6.998017E-07   	6.996453E-07   	7.0001323E-07  	6.9994854E-07  	6.999144E-07   	7.000326E-07   	7.0005666E-07  	7.000461E-07   	6.9983093E-07  	6.9986544E-07  	6.999914E-07   	7.0009753E-07  	7.0016785E-07  	7.003622E-07   	7.002281E-07   	6.9985316E-07  	7.001557E-07   	7.002033E-07   	7.0024237E-07  	7.0038186E-07  	7.004546E-07   	7.003759E-07   	
7.190479E-07   	7.188805E-07   	7.1888894E-07  	7.189849E-07   	7.1890105E-07  	7.1733604E-07  	7.152996E-07   	7.1078955E-07  	7.0272006E-07  	6.9751485E-07  	6.991213E-07   	6.995691E-07   	6.9983196E-07  	7.002699E-07   	7.0018467E-07  	7.0047867E-07  	7.0069603E-07  	7.007553E-07   	7.008716E-07   	7.009325E-07   	7.010207E-07   	7.009129E-07   	7.0068927E-07  	7.009769E-07   	7.013894E-07   	7.0112714E-07  	7.009919E-07   	7.008933E-07   	7.012728E-07   	7.009983E-07   	7.01125E-07    	7.042125E-07   	7.091437E-07   	7.089535E-07   	7.088872E-07   	7.1076033E-07  	7.1293744E-07  	7.128438E-07   	7.1103995E-07  	7.1038784E-07  	7.0881276E-07  	7.0687526E-07  	7.049886E-07   	7.044965E-07   	7.021997E-07   	7.0099264E-07  	7.003444E-07   	6.99313E-07    	6.9828184E-07  	6.980708E-07   	6.988167E-07   	6.989948E-07   	6.992349E-07   	7.002076E-07   	7.0010276E-07  	6.9969366E-07  	7.0007695E-07  	7.002521E-07   	6.999974E-07   	7.000334E-07   	7.002661E-07   	7.002649E-07   	7.001924E-07   	7.003178E-07   	7.0036606E-07  	7.0006047E-07  	7.0035054E-07  	7.0036236E-07  	7.004557E-07   	7.004385E-07   	7.001991E-07   	7.001952E-07   	7.002771E-07   	7.0017296E-07  	6.999499E-07   	6.99947E-07    	7.0021764E-07  	7.0007195E-07  	7.000649E-07   	7.0032405E-07  	7.004118E-07   	7.002781E-07   	7.000335E-07   	7.0002784E-07  	7.0009037E-07  	7.003581E-07   	7.0023157E-07  	7.003355E-07   	6.999241E-07   	7.0007553E-07  	7.001792E-07   	7.000876E-07   	7.0025555E-07  	7.0029375E-07  	7.001497E-07   	7.004342E-07   	7.0017836E-07  	7.002722E-07   	7.004682E-07   	7.0037737E-07  	
7.192584E-07   	7.1917555E-07  	7.19283E-07    	7.193849E-07   	7.192305E-07   	7.188647E-07   	7.168973E-07   	7.1422454E-07  	7.0874773E-07  	6.9869395E-07  	6.982349E-07   	6.990482E-07   	6.9952483E-07  	6.9985083E-07  	7.0010094E-07  	7.003873E-07   	7.004354E-07   	7.005987E-07   	7.0086327E-07  	7.006968E-07   	7.009475E-07   	7.010771E-07   	7.010521E-07   	7.010356E-07   	7.0074395E-07  	7.0085815E-07  	7.006448E-07   	7.008111E-07   	7.00734E-07    	7.0072167E-07  	7.007988E-07   	7.0099355E-07  	7.0100475E-07  	7.0155795E-07  	7.015318E-07   	7.032621E-07   	7.0375717E-07  	7.032804E-07   	7.01997E-07    	7.0041904E-07  	7.001004E-07   	6.9752093E-07  	6.985058E-07   	6.9980706E-07  	7.00054E-07    	7.004634E-07   	7.005345E-07   	7.0024737E-07  	7.0048355E-07  	7.0054193E-07  	7.0053886E-07  	7.0068273E-07  	7.00723E-07    	7.0057024E-07  	7.0048895E-07  	7.006079E-07   	7.005543E-07   	7.0043757E-07  	7.0084667E-07  	7.006435E-07   	7.0063714E-07  	7.0048776E-07  	7.0077334E-07  	7.007192E-07   	7.0077476E-07  	7.009217E-07   	7.0090084E-07  	7.008495E-07   	7.0117954E-07  	7.008996E-07   	7.007311E-07   	7.003995E-07   	7.004591E-07   	7.004485E-07   	7.003503E-07   	7.005235E-07   	7.0087856E-07  	7.00516E-07    	7.006455E-07   	7.00634E-07    	7.0042984E-07  	7.007152E-07   	7.005539E-07   	7.0074515E-07  	7.0050254E-07  	7.00496E-07    	7.00491E-07    	7.0067773E-07  	7.0062265E-07  	7.003979E-07   	7.0086173E-07  	7.006521E-07   	7.004835E-07   	7.007898E-07   	7.0097775E-07  	7.0084116E-07  	7.007331E-07   	7.0075475E-07  	7.006589E-07   	7.006177E-07   	
7.1934795E-07  	7.1933624E-07  	7.193085E-07   	7.1938086E-07  	7.1944794E-07  	7.19408E-07    	7.1767715E-07  	7.1567905E-07  	7.120245E-07   	7.071709E-07   	6.9760677E-07  	6.986784E-07   	6.9978285E-07  	6.9989903E-07  	7.001148E-07   	7.0039243E-07  	7.004151E-07   	7.0075964E-07  	7.00741E-07    	7.0065147E-07  	7.0070774E-07  	7.0073446E-07  	7.0074395E-07  	7.007479E-07   	7.0077914E-07  	7.006338E-07   	7.0078636E-07  	7.0078033E-07  	7.0079733E-07  	7.0090994E-07  	7.0103874E-07  	7.010393E-07   	7.0079176E-07  	7.010305E-07   	7.0106057E-07  	7.0127294E-07  	7.0143204E-07  	7.015992E-07   	7.014875E-07   	7.0163935E-07  	7.016195E-07   	7.016554E-07   	7.016953E-07   	7.0167897E-07  	7.0186167E-07  	7.0220193E-07  	7.021848E-07   	7.0203816E-07  	7.0171575E-07  	7.0124713E-07  	7.0112213E-07  	7.011043E-07   	7.0115084E-07  	7.0133365E-07  	7.013988E-07   	7.0138856E-07  	7.013364E-07   	7.0119734E-07  	7.0112156E-07  	7.012953E-07   	7.012494E-07   	7.011612E-07   	7.0128516E-07  	7.011913E-07   	7.0118784E-07  	7.013529E-07   	7.0132916E-07  	7.014149E-07   	7.011404E-07   	7.0128624E-07  	7.0134905E-07  	7.008122E-07   	7.009698E-07   	7.0094916E-07  	7.005329E-07   	7.008443E-07   	7.007907E-07   	7.008561E-07   	7.0079165E-07  	7.0045576E-07  	7.0072247E-07  	7.0090397E-07  	7.008353E-07   	7.00772E-07    	7.0078363E-07  	7.008673E-07   	7.0073753E-07  	7.005989E-07   	7.007284E-07   	7.005239E-07   	7.00614E-07    	7.0066744E-07  	7.004549E-07   	7.008343E-07   	7.006488E-07   	7.005256E-07   	7.0054705E-07  	7.0073486E-07  	7.007674E-07   	7.0088555E-07  	
7.1939786E-07  	7.1936273E-07  	7.1937114E-07  	7.192766E-07   	7.1890815E-07  	7.190892E-07   	7.177666E-07   	7.130965E-07   	7.1250025E-07  	7.105076E-07   	7.001392E-07   	6.970604E-07   	6.984518E-07   	6.9892775E-07  	6.993943E-07   	6.996509E-07   	7.001832E-07   	7.00118E-07    	7.00393E-07    	7.0020764E-07  	7.002622E-07   	7.004583E-07   	7.001598E-07   	7.002917E-07   	7.0047554E-07  	7.0018916E-07  	7.0059343E-07  	7.003895E-07   	7.003066E-07   	7.0046474E-07  	7.005058E-07   	7.003941E-07   	7.007468E-07   	7.007215E-07   	7.006719E-07   	7.0092244E-07  	7.007063E-07   	7.0105824E-07  	7.0132074E-07  	7.0107745E-07  	7.011455E-07   	7.009929E-07   	7.010608E-07   	7.0116175E-07  	7.0119825E-07  	7.013178E-07   	7.01878E-07    	7.0165265E-07  	7.017096E-07   	7.0141516E-07  	7.010979E-07   	7.013052E-07   	7.012636E-07   	7.015038E-07   	7.0139174E-07  	7.0132074E-07  	7.013725E-07   	7.0129556E-07  	7.011888E-07   	7.009792E-07   	7.0102016E-07  	7.0127464E-07  	7.0105324E-07  	7.0119705E-07  	7.0116886E-07  	7.0121285E-07  	7.0098497E-07  	7.014549E-07   	7.014059E-07   	7.0106483E-07  	7.0128834E-07  	7.010302E-07   	7.0079983E-07  	7.0091374E-07  	7.0067773E-07  	7.0089106E-07  	7.010457E-07   	7.0078863E-07  	7.0074896E-07  	7.008967E-07   	7.0046633E-07  	7.007597E-07   	7.009546E-07   	7.007014E-07   	7.0083865E-07  	7.006875E-07   	7.005688E-07   	7.006703E-07   	7.008802E-07   	7.006531E-07   	7.007267E-07   	7.007633E-07   	7.0066903E-07  	7.006309E-07   	7.007505E-07   	7.007233E-07   	7.007986E-07   	7.00642E-07    	7.0083274E-07  	7.010486E-07   	
7.1703636E-07  	7.165834E-07   	7.163974E-07   	7.1612146E-07  	7.151489E-07   	7.14659E-07    	7.1262366E-07  	7.0978393E-07  	7.0892867E-07  	7.0865286E-07  	7.041634E-07   	6.9734585E-07  	6.9829264E-07  	6.9871083E-07  	6.9913756E-07  	6.9938596E-07  	6.995305E-07   	7.000067E-07   	6.999494E-07   	7.000999E-07   	7.001037E-07   	7.0025027E-07  	7.00333E-07    	7.0012004E-07  	7.003269E-07   	7.004614E-07   	7.002533E-07   	7.004726E-07   	7.0046804E-07  	7.0033195E-07  	7.0061503E-07  	7.0054637E-07  	7.005579E-07   	7.007763E-07   	7.006104E-07   	7.011227E-07   	7.0091886E-07  	7.0094114E-07  	7.0105057E-07  	7.0123804E-07  	7.0123224E-07  	7.0118597E-07  	7.0159604E-07  	7.013308E-07   	7.0104386E-07  	7.0121104E-07  	7.010845E-07   	7.013023E-07   	7.0109286E-07  	7.009976E-07   	7.013156E-07   	7.01102E-07    	7.011029E-07   	7.014467E-07   	7.015661E-07   	7.014342E-07   	7.018441E-07   	7.016293E-07   	7.0105796E-07  	7.0095973E-07  	7.0095297E-07  	7.011149E-07   	7.008484E-07   	7.0099753E-07  	7.009271E-07   	7.0120274E-07  	7.010152E-07   	7.011349E-07   	7.0119154E-07  	7.009308E-07   	7.011578E-07   	7.0144785E-07  	7.0106114E-07  	7.0089163E-07  	7.0074583E-07  	7.0095655E-07  	7.0102186E-07  	7.0087003E-07  	7.00873E-07    	7.006387E-07   	7.007152E-07   	7.009425E-07   	7.0093165E-07  	7.006099E-07   	7.0053034E-07  	7.0090397E-07  	7.0042944E-07  	7.006917E-07   	7.0079994E-07  	7.007542E-07   	7.0089163E-07  	7.007869E-07   	7.008303E-07   	7.010607E-07   	7.011264E-07   	7.009598E-07   	7.010707E-07   	7.010291E-07   	7.008997E-07   	7.011581E-07   	
7.109414E-07   	7.102348E-07   	7.0921556E-07  	7.0745756E-07  	7.055561E-07   	7.038845E-07   	7.036575E-07   	7.022786E-07   	6.992932E-07   	6.984573E-07   	6.987862E-07   	6.9981314E-07  	7.001091E-07   	7.0050413E-07  	7.004499E-07   	7.0072764E-07  	7.0082723E-07  	7.00762E-07    	7.0104994E-07  	7.007553E-07   	7.0058536E-07  	7.008288E-07   	7.0084485E-07  	7.0072224E-07  	7.0082115E-07  	7.0092807E-07  	7.00738E-07    	7.00759E-07    	7.0083297E-07  	7.006824E-07   	7.010789E-07   	7.010002E-07   	7.0103255E-07  	7.014252E-07   	7.0137054E-07  	7.0136224E-07  	7.014157E-07   	7.0120046E-07  	7.0110923E-07  	7.0164333E-07  	7.0163145E-07  	7.0162804E-07  	7.013883E-07   	7.0160166E-07  	7.014961E-07   	7.014796E-07   	7.015242E-07   	7.0143363E-07  	7.014702E-07   	7.0153425E-07  	7.017506E-07   	7.0157864E-07  	7.013488E-07   	7.0156574E-07  	7.0226895E-07  	7.02553E-07    	7.024554E-07   	7.0195784E-07  	7.0148985E-07  	7.013662E-07   	7.015696E-07   	7.0146973E-07  	7.014066E-07   	7.0140084E-07  	7.0134644E-07  	7.0147036E-07  	7.0159683E-07  	7.021007E-07   	7.020846E-07   	7.0202E-07     	7.018793E-07   	7.017801E-07   	7.016867E-07   	7.0112117E-07  	7.0110826E-07  	7.0099844E-07  	7.009425E-07   	7.0096837E-07  	7.0096485E-07  	7.0098986E-07  	7.011148E-07   	7.0091744E-07  	7.0084985E-07  	7.010107E-07   	7.010378E-07   	7.0113725E-07  	7.005839E-07   	7.008337E-07   	7.010358E-07   	7.0104045E-07  	7.012626E-07   	7.010602E-07   	7.0119995E-07  	7.015273E-07   	7.0162776E-07  	7.015536E-07   	7.014783E-07   	7.01562E-07    	7.0153243E-07  	7.041779E-07   	
7.0104335E-07  	7.0021963E-07  	6.990486E-07   	6.9863785E-07  	6.993523E-07   	7.0011345E-07  	7.006308E-07   	7.008304E-07   	7.009254E-07   	7.005373E-07   	7.008902E-07   	7.009408E-07   	7.0104784E-07  	7.0110707E-07  	7.0099776E-07  	7.01079E-07    	7.008881E-07   	7.009932E-07   	7.010928E-07   	7.0103624E-07  	7.010268E-07   	7.0116204E-07  	7.0103397E-07  	7.011489E-07   	7.011667E-07   	7.013927E-07   	7.014278E-07   	7.01193E-07    	7.010909E-07   	7.012691E-07   	7.01348E-07    	7.0137355E-07  	7.014883E-07   	7.0128954E-07  	7.012159E-07   	7.014672E-07   	7.016747E-07   	7.0159297E-07  	7.0151555E-07  	7.015845E-07   	7.0230794E-07  	7.0228646E-07  	7.02249E-07    	7.021875E-07   	7.020245E-07   	7.016087E-07   	7.014568E-07   	7.013313E-07   	7.0141857E-07  	7.014288E-07   	7.014618E-07   	7.0152447E-07  	7.0141334E-07  	7.0137514E-07  	7.0147667E-07  	7.0153754E-07  	7.012752E-07   	7.0157085E-07  	7.011896E-07   	7.011158E-07   	7.01591E-07    	7.009957E-07   	7.0127976E-07  	7.0117846E-07  	7.011075E-07   	7.0103664E-07  	7.0132336E-07  	7.0148536E-07  	7.0192914E-07  	7.0191373E-07  	7.017174E-07   	7.0171023E-07  	7.0181994E-07  	7.013748E-07   	7.011054E-07   	7.0126146E-07  	7.0123815E-07  	7.0103135E-07  	7.0136826E-07  	7.0136855E-07  	7.0132046E-07  	7.0104613E-07  	7.01348E-07    	7.0134035E-07  	7.0125003E-07  	7.0152413E-07  	7.0130415E-07  	7.010979E-07   	7.016032E-07   	7.0182506E-07  	7.017355E-07   	7.017981E-07   	7.016964E-07   	7.01629E-07    	7.0163316E-07  	7.017191E-07   	7.018662E-07   	7.0190595E-07  	7.019254E-07   	7.032104E-07   	
7.0177543E-07  	7.0177754E-07  	7.015917E-07   	7.0142664E-07  	7.016255E-07   	7.018379E-07   	7.0204567E-07  	7.0180477E-07  	7.018731E-07   	7.017631E-07   	7.013567E-07   	7.015575E-07   	7.0176054E-07  	7.017168E-07   	7.0153794E-07  	7.013588E-07   	7.0156403E-07  	7.013441E-07   	7.0138884E-07  	7.017746E-07   	7.0150475E-07  	7.01528E-07    	7.0177816E-07  	7.0132387E-07  	7.0135695E-07  	7.0197154E-07  	7.015639E-07   	7.0160723E-07  	7.015487E-07   	7.0129414E-07  	7.0150503E-07  	7.01632E-07    	7.015307E-07   	7.0167283E-07  	7.0170057E-07  	7.0162326E-07  	7.016596E-07   	7.018837E-07   	7.0179345E-07  	7.017448E-07   	7.017323E-07   	7.0192726E-07  	7.0225434E-07  	7.02434E-07    	7.025063E-07   	7.02153E-07    	7.017578E-07   	7.01744E-07    	7.0181346E-07  	7.0164435E-07  	7.019229E-07   	7.016178E-07   	7.01571E-07    	7.016423E-07   	7.015738E-07   	7.019182E-07   	7.0176407E-07  	7.0143835E-07  	7.018337E-07   	7.02307E-07    	7.0500073E-07  	7.05099E-07    	7.041378E-07   	7.0102385E-07  	6.9836994E-07  	6.9944525E-07  	6.9974686E-07  	6.9984173E-07  	7.0054523E-07  	7.0085173E-07  	7.0227634E-07  	7.041558E-07   	7.065674E-07   	7.0475943E-07  	6.985002E-07   	6.995317E-07   	6.999274E-07   	7.000689E-07   	7.0027795E-07  	7.0057473E-07  	7.007227E-07   	7.0076595E-07  	7.010169E-07   	7.0112526E-07  	7.011908E-07   	7.0110696E-07  	7.010895E-07   	7.012008E-07   	7.012732E-07   	7.0134985E-07  	7.013133E-07   	7.0125935E-07  	7.012208E-07   	7.014136E-07   	7.014356E-07   	7.01588E-07    	7.015476E-07   	7.015394E-07   	7.018939E-07   	7.056002E-07   	
7.018834E-07   	7.0173695E-07  	7.0163554E-07  	7.017681E-07   	7.017677E-07   	7.018428E-07   	7.016337E-07   	7.017704E-07   	7.021037E-07   	7.021766E-07   	7.0180766E-07  	7.016768E-07   	7.021115E-07   	7.01857E-07    	7.017137E-07   	7.0171103E-07  	7.0168153E-07  	7.0157E-07     	7.016591E-07   	7.0164936E-07  	7.016797E-07   	7.01468E-07    	7.0155625E-07  	7.0163316E-07  	7.0160826E-07  	7.0170796E-07  	7.0153794E-07  	7.0174593E-07  	7.0146814E-07  	7.013511E-07   	7.015974E-07   	7.014191E-07   	7.0147263E-07  	7.0176696E-07  	7.016429E-07   	7.015098E-07   	7.013269E-07   	7.012334E-07   	7.015964E-07   	7.015612E-07   	7.01244E-07    	7.01532E-07    	7.020674E-07   	7.0239224E-07  	7.0219033E-07  	7.021696E-07   	7.020154E-07   	7.0164845E-07  	7.011761E-07   	7.0135013E-07  	7.014208E-07   	7.0145524E-07  	7.0154516E-07  	7.0151594E-07  	7.015646E-07   	7.013673E-07   	7.0147877E-07  	7.027044E-07   	7.0555467E-07  	7.076453E-07   	7.095289E-07   	7.098364E-07   	7.0766924E-07  	7.03233E-07    	7.037342E-07   	7.0587726E-07  	7.0646854E-07  	7.066152E-07   	7.0677174E-07  	7.0649037E-07  	7.0645626E-07  	7.077085E-07   	7.129824E-07   	7.1409477E-07  	7.126047E-07   	7.1133167E-07  	7.091161E-07   	6.9954825E-07  	6.996989E-07   	7.001563E-07   	7.0064686E-07  	7.0065863E-07  	7.007646E-07   	7.0092386E-07  	7.007961E-07   	7.0122104E-07  	7.010871E-07   	7.01205E-07    	7.0118784E-07  	7.0113776E-07  	7.0151964E-07  	7.0171245E-07  	7.0154346E-07  	7.0164265E-07  	7.0171905E-07  	7.013957E-07   	7.015954E-07   	7.0165214E-07  	7.017228E-07   	7.028641E-07   	
7.0237945E-07  	7.022176E-07   	7.020723E-07   	7.0184467E-07  	7.018516E-07   	7.017491E-07   	7.0172774E-07  	7.021222E-07   	7.020919E-07   	7.020749E-07   	7.019285E-07   	7.018964E-07   	7.0189856E-07  	7.020088E-07   	7.018292E-07   	7.0174605E-07  	7.016946E-07   	7.016983E-07   	7.0187673E-07  	7.0170915E-07  	7.015464E-07   	7.0162946E-07  	7.0162025E-07  	7.014982E-07   	7.015844E-07   	7.014185E-07   	7.018756E-07   	7.0169443E-07  	7.015035E-07   	7.017166E-07   	7.017119E-07   	7.0190373E-07  	7.016578E-07   	7.017063E-07   	7.0150594E-07  	7.015844E-07   	7.012935E-07   	7.01465E-07    	7.015128E-07   	7.017469E-07   	7.019167E-07   	7.022174E-07   	7.0239355E-07  	7.026237E-07   	7.0210064E-07  	7.02041E-07    	7.0232016E-07  	7.0213423E-07  	7.0204453E-07  	7.017672E-07   	7.0183484E-07  	7.0179885E-07  	7.0189105E-07  	7.025657E-07   	7.0278406E-07  	7.0380355E-07  	7.0487675E-07  	7.06463E-07    	7.0696973E-07  	7.0675696E-07  	7.068934E-07   	7.0676015E-07  	7.0664004E-07  	7.066422E-07   	7.0722893E-07  	7.111038E-07   	7.1432964E-07  	7.171633E-07   	7.180849E-07   	7.1864554E-07  	7.1919345E-07  	7.202419E-07   	7.201584E-07   	7.1999114E-07  	7.190064E-07   	7.1708274E-07  	7.14266E-07    	7.061256E-07   	6.985517E-07   	6.9977386E-07  	7.010931E-07   	7.009867E-07   	7.0112685E-07  	7.011933E-07   	7.0105705E-07  	7.0145643E-07  	7.0158774E-07  	7.0135724E-07  	7.0139185E-07  	7.014721E-07   	7.0140374E-07  	7.0153555E-07  	7.0149144E-07  	7.017876E-07   	7.0165896E-07  	7.014175E-07   	7.015147E-07   	7.0166436E-07  	7.019745E-07   	7.0224127E-07  	
7.0233716E-07  	7.020417E-07   	7.0187656E-07  	7.0182426E-07  	7.021104E-07   	7.0223626E-07  	7.019626E-07   	7.02115E-07    	7.027022E-07   	7.0281186E-07  	7.024637E-07   	7.0237377E-07  	7.0205397E-07  	7.0238485E-07  	7.022373E-07   	7.020774E-07   	7.020886E-07   	7.0247336E-07  	7.0216964E-07  	7.021872E-07   	7.022938E-07   	7.0225235E-07  	7.020196E-07   	7.021817E-07   	7.0207557E-07  	7.020186E-07   	7.0215276E-07  	7.0196523E-07  	7.0183324E-07  	7.0208154E-07  	7.0202015E-07  	7.0201315E-07  	7.0219846E-07  	7.018759E-07   	7.022407E-07   	7.01999E-07    	7.017558E-07   	7.0201986E-07  	7.021299E-07   	7.0195813E-07  	7.021562E-07   	7.0235876E-07  	7.027713E-07   	7.030304E-07   	7.0305487E-07  	7.0255214E-07  	7.0289E-07     	7.029889E-07   	7.029292E-07   	7.050339E-07   	7.0628244E-07  	7.068881E-07   	7.0705767E-07  	7.0701213E-07  	7.0698206E-07  	7.0691453E-07  	7.079077E-07   	7.121253E-07   	7.147239E-07   	7.164785E-07   	7.1822865E-07  	7.191184E-07   	7.197308E-07   	7.200862E-07   	7.2012307E-07  	7.2042434E-07  	7.203153E-07   	7.2043656E-07  	7.202021E-07   	7.2020714E-07  	7.203139E-07   	7.2042707E-07  	7.2054195E-07  	7.2033333E-07  	7.202795E-07   	7.1861473E-07  	7.1651374E-07  	7.129177E-07   	7.040741E-07   	6.981999E-07   	6.994278E-07   	6.9987436E-07  	7.004616E-07   	7.00599E-07    	7.0084866E-07  	7.01065E-07    	7.011682E-07   	7.012729E-07   	7.012686E-07   	7.013701E-07   	7.011999E-07   	7.0137116E-07  	7.0156733E-07  	7.0135184E-07  	7.0121024E-07  	7.015454E-07   	7.0151555E-07  	7.0151765E-07  	7.01845E-07    	7.018059E-07   	
7.02515E-07    	7.0243607E-07  	7.023778E-07   	7.022175E-07   	7.021999E-07   	7.0215026E-07  	7.022958E-07   	7.0281044E-07  	7.0288235E-07  	7.027014E-07   	7.0295414E-07  	7.0260586E-07  	7.0207574E-07  	7.02216E-07    	7.0207926E-07  	7.0188065E-07  	7.023376E-07   	7.024518E-07   	7.019227E-07   	7.022495E-07   	7.022175E-07   	7.020122E-07   	7.0200724E-07  	7.019633E-07   	7.0190936E-07  	7.020356E-07   	7.022718E-07   	7.023007E-07   	7.0187843E-07  	7.018679E-07   	7.020079E-07   	7.0211746E-07  	7.021133E-07   	7.019797E-07   	7.01775E-07    	7.019552E-07   	7.02076E-07    	7.020861E-07   	7.019681E-07   	7.021567E-07   	7.022904E-07   	7.020041E-07   	7.0223916E-07  	7.065882E-07   	7.07378E-07    	7.0687145E-07  	7.071099E-07   	7.072061E-07   	7.072504E-07   	7.085019E-07   	7.116975E-07   	7.1506776E-07  	7.178136E-07   	7.1909477E-07  	7.199755E-07   	7.201512E-07   	7.2003786E-07  	7.202389E-07   	7.203597E-07   	7.2043554E-07  	7.206507E-07   	7.203917E-07   	7.2022857E-07  	7.2053047E-07  	7.2019225E-07  	7.201497E-07   	7.2014035E-07  	7.2016275E-07  	7.2024534E-07  	7.2024665E-07  	7.2023727E-07  	7.201466E-07   	7.2023727E-07  	7.2025426E-07  	7.2038705E-07  	7.1960426E-07  	7.178937E-07   	7.1546475E-07  	7.105918E-07   	7.017626E-07   	6.987495E-07   	6.997191E-07   	7.004509E-07   	7.005672E-07   	7.0076715E-07  	7.01041E-07    	7.0105136E-07  	7.0141084E-07  	7.014934E-07   	7.0146075E-07  	7.015645E-07   	7.0147E-07     	7.015686E-07   	7.014521E-07   	7.01717E-07    	7.019461E-07   	7.0179715E-07  	7.018964E-07   	7.0195927E-07  	7.018606E-07   	
7.024667E-07   	7.023391E-07   	7.023349E-07   	7.0214435E-07  	7.0201077E-07  	7.0201935E-07  	7.024928E-07   	7.026511E-07   	7.027948E-07   	7.028411E-07   	7.0232437E-07  	7.0215435E-07  	7.0200525E-07  	7.020177E-07   	7.0238855E-07  	7.0245596E-07  	7.0165146E-07  	7.0205704E-07  	7.021508E-07   	7.0192084E-07  	7.0192124E-07  	7.0222995E-07  	7.019879E-07   	7.019592E-07   	7.0210444E-07  	7.020339E-07   	7.020196E-07   	7.024091E-07   	7.022898E-07   	7.021144E-07   	7.0221347E-07  	7.020197E-07   	7.019068E-07   	7.0191356E-07  	7.0191885E-07  	7.0182585E-07  	7.0210257E-07  	7.020045E-07   	7.019088E-07   	7.023622E-07   	7.02234E-07    	7.051372E-07   	7.1161503E-07  	7.157412E-07   	7.172895E-07   	7.185358E-07   	7.192599E-07   	7.200874E-07   	7.20333E-07    	7.204949E-07   	7.2033475E-07  	7.2026705E-07  	7.203309E-07   	7.204337E-07   	7.204779E-07   	7.204281E-07   	7.2033333E-07  	7.2028985E-07  	7.203347E-07   	7.202513E-07   	7.202312E-07   	7.2034294E-07  	7.2014205E-07  	7.2012034E-07  	7.200381E-07   	7.2002354E-07  	7.200693E-07   	7.2011954E-07  	7.199904E-07   	7.201605E-07   	7.2003934E-07  	7.200053E-07   	7.2011227E-07  	7.204056E-07   	7.2031236E-07  	7.2004156E-07  	7.190426E-07   	7.167803E-07   	7.13246E-07    	7.075508E-07   	6.982239E-07   	6.991679E-07   	6.9985583E-07  	7.004789E-07   	7.0053886E-07  	7.008452E-07   	7.012217E-07   	7.01434E-07    	7.0126305E-07  	7.008603E-07   	7.013811E-07   	7.0122417E-07  	7.01203E-07    	7.01126E-07    	7.014211E-07   	7.014923E-07   	7.015318E-07   	7.015061E-07   	7.013121E-07   	7.015934E-07   	
7.029771E-07   	7.030992E-07   	7.031205E-07   	7.028131E-07   	7.022699E-07   	7.024212E-07   	7.027426E-07   	7.025867E-07   	7.0283687E-07  	7.0298773E-07  	7.0275763E-07  	7.0216583E-07  	7.0210416E-07  	7.020262E-07   	7.0212576E-07  	7.0199263E-07  	7.018668E-07   	7.018923E-07   	7.0212326E-07  	7.0160723E-07  	7.018539E-07   	7.021186E-07   	7.0207517E-07  	7.021482E-07   	7.022766E-07   	7.017442E-07   	7.019877E-07   	7.0217544E-07  	7.021507E-07   	7.0201247E-07  	7.0200383E-07  	7.0200167E-07  	7.019676E-07   	7.02204E-07    	7.024301E-07   	7.0230897E-07  	7.025048E-07   	7.0265423E-07  	7.0236075E-07  	7.030434E-07   	7.099774E-07   	7.2489956E-07  	7.3690086E-07  	7.3670157E-07  	7.282326E-07   	7.1832386E-07  	7.18931E-07    	7.1947886E-07  	7.1979974E-07  	7.199555E-07   	7.2007555E-07  	7.2023676E-07  	7.2014035E-07  	7.2021305E-07  	7.2040933E-07  	7.20594E-07    	7.203438E-07   	7.2032316E-07  	7.204749E-07   	7.201534E-07   	7.2040706E-07  	7.206875E-07   	7.203143E-07   	7.204266E-07   	7.2036084E-07  	7.2019924E-07  	7.198767E-07   	7.201796E-07   	7.201529E-07   	7.200955E-07   	7.2024875E-07  	7.204377E-07   	7.2021413E-07  	7.205095E-07   	7.204683E-07   	7.2039285E-07  	7.2024403E-07  	7.1858E-07     	7.164448E-07   	7.126171E-07   	7.0358755E-07  	6.9783783E-07  	6.992364E-07   	6.99474E-07    	6.997708E-07   	7.0042853E-07  	7.0096183E-07  	7.0093915E-07  	7.0092716E-07  	7.0058184E-07  	7.0097065E-07  	7.0089516E-07  	7.011171E-07   	7.011981E-07   	7.013433E-07   	7.01383E-07    	7.011975E-07   	7.010896E-07   	7.0116073E-07  	7.013412E-07   	
7.0278514E-07  	7.0279816E-07  	7.027727E-07   	7.028632E-07   	7.0281624E-07  	7.024581E-07   	7.0209273E-07  	7.024174E-07   	7.0232994E-07  	7.021912E-07   	7.020359E-07   	7.022776E-07   	7.024134E-07   	7.0244823E-07  	7.022192E-07   	7.0230834E-07  	7.022435E-07   	7.0219664E-07  	7.0219426E-07  	7.0214605E-07  	7.022002E-07   	7.0221944E-07  	7.021653E-07   	7.021749E-07   	7.0212803E-07  	7.019378E-07   	7.021209E-07   	7.0215685E-07  	7.023377E-07   	7.0281135E-07  	7.0270755E-07  	7.0246153E-07  	7.026753E-07   	7.024316E-07   	7.024762E-07   	7.0249644E-07  	7.025428E-07   	7.0272233E-07  	7.082906E-07   	7.174002E-07   	7.2733104E-07  	7.3465014E-07  	7.4190723E-07  	7.4413356E-07  	7.413112E-07   	7.40112E-07    	7.3672294E-07  	7.295622E-07   	7.180469E-07   	7.1832767E-07  	7.1888275E-07  	7.1931055E-07  	7.1948375E-07  	7.197949E-07   	7.200368E-07   	7.200277E-07   	7.2004246E-07  	7.200335E-07   	7.198179E-07   	7.200215E-07   	7.20132E-07    	7.2007225E-07  	7.2015035E-07  	7.20143E-07    	7.201021E-07   	7.201389E-07   	7.200969E-07   	7.200242E-07   	7.20091E-07    	7.201496E-07   	7.201084E-07   	7.200748E-07   	7.203865E-07   	7.201953E-07   	7.202775E-07   	7.201936E-07   	7.201979E-07   	7.188884E-07   	7.168448E-07   	7.137871E-07   	7.099188E-07   	7.006941E-07   	6.9820817E-07  	6.994645E-07   	6.9970514E-07  	7.001153E-07   	7.004737E-07   	7.0058775E-07  	7.007328E-07   	7.0090056E-07  	7.010315E-07   	7.011264E-07   	7.0111963E-07  	7.008287E-07   	7.011616E-07   	7.0088157E-07  	7.006932E-07   	7.009977E-07   	7.0108E-07     	7.0109917E-07  	
7.027417E-07   	7.0263695E-07  	7.024131E-07   	7.021885E-07   	7.0173445E-07  	7.015337E-07   	7.0221034E-07  	7.026038E-07   	7.030411E-07   	7.031622E-07   	7.041654E-07   	7.0495577E-07  	7.06429E-07    	7.0718346E-07  	6.999193E-07   	7.0029836E-07  	7.0062197E-07  	7.007969E-07   	7.010735E-07   	7.0154556E-07  	7.0179465E-07  	7.0184626E-07  	7.0172365E-07  	7.021776E-07   	7.0213036E-07  	7.022587E-07   	7.021219E-07   	7.019692E-07   	7.0222114E-07  	7.022709E-07   	7.02257E-07    	7.021931E-07   	7.021753E-07   	7.0216817E-07  	7.0206596E-07  	7.023347E-07   	7.0262814E-07  	7.213341E-07   	7.3216034E-07  	7.3942863E-07  	7.4593356E-07  	7.5211693E-07  	7.552303E-07   	7.561494E-07   	7.5549985E-07  	7.5376454E-07  	7.515332E-07   	7.4776995E-07  	7.3869086E-07  	7.2022885E-07  	7.165445E-07   	7.1763134E-07  	7.1820665E-07  	7.1858034E-07  	7.186738E-07   	7.188378E-07   	7.189768E-07   	7.19095E-07    	7.191875E-07   	7.1925905E-07  	7.1936677E-07  	7.1934886E-07  	7.1947375E-07  	7.1965604E-07  	7.193319E-07   	7.196125E-07   	7.197065E-07   	7.1984863E-07  	7.194939E-07   	7.194386E-07   	7.195699E-07   	7.1952763E-07  	7.1959374E-07  	7.1956725E-07  	7.1972295E-07  	7.197591E-07   	7.19683E-07    	7.193453E-07   	7.177801E-07   	7.157135E-07   	7.109371E-07   	7.0189077E-07  	6.978014E-07   	6.987868E-07   	6.9919054E-07  	6.998028E-07   	6.999093E-07   	6.9990244E-07  	7.0015705E-07  	7.0025527E-07  	7.002981E-07   	7.004024E-07   	7.004373E-07   	7.006364E-07   	7.0061E-07     	7.0038124E-07  	7.004245E-07   	7.0039783E-07  	7.0052295E-07  	7.007882E-07   	
7.022832E-07   	7.0282687E-07  	7.03071E-07    	7.0387466E-07  	7.057395E-07   	7.066205E-07   	7.06352E-07    	7.0654033E-07  	7.0653607E-07  	7.0628823E-07  	7.06547E-07    	7.076816E-07   	7.1213884E-07  	7.13962E-07    	7.132569E-07   	7.120481E-07   	7.102772E-07   	7.034824E-07   	6.9871186E-07  	6.998879E-07   	7.003022E-07   	7.006174E-07   	7.013017E-07   	7.011186E-07   	7.0112003E-07  	7.011766E-07   	7.007288E-07   	7.011396E-07   	7.0136224E-07  	7.0130653E-07  	7.0127066E-07  	7.014276E-07   	7.0146046E-07  	7.013249E-07   	7.015171E-07   	7.0165373E-07  	7.0221375E-07  	7.1975506E-07  	7.3645657E-07  	7.4580504E-07  	7.5057704E-07  	7.5255866E-07  	7.543844E-07   	7.5591214E-07  	7.556155E-07   	7.5365256E-07  	7.4946576E-07  	7.48255E-07    	7.464187E-07   	7.3938685E-07  	7.241552E-07   	7.1580433E-07  	7.172572E-07   	7.176141E-07   	7.181979E-07   	7.184731E-07   	7.1853276E-07  	7.18748E-07    	7.18848E-07    	7.188094E-07   	7.186207E-07   	7.189408E-07   	7.189066E-07   	7.191578E-07   	7.192422E-07   	7.1902525E-07  	7.192211E-07   	7.191448E-07   	7.192244E-07   	7.1904867E-07  	7.1931856E-07  	7.1934124E-07  	7.1928486E-07  	7.1938393E-07  	7.1960517E-07  	7.1930765E-07  	7.19398E-07    	7.192789E-07   	7.1886205E-07  	7.1720785E-07  	7.1476455E-07  	7.094253E-07   	6.985506E-07   	6.980578E-07   	6.991659E-07   	6.990526E-07   	6.9947487E-07  	6.999247E-07   	7.0009156E-07  	6.9987874E-07  	7.0001005E-07  	7.00162E-07    	7.003337E-07   	7.0041654E-07  	7.0012186E-07  	7.0016773E-07  	7.005133E-07   	7.005092E-07   	7.004816E-07   	7.0036E-07     	
7.0574976E-07  	7.0567E-07     	7.058308E-07   	7.0828975E-07  	7.131903E-07   	7.154206E-07   	7.1670274E-07  	7.173457E-07   	7.1863946E-07  	7.193037E-07   	7.196593E-07   	7.196901E-07   	7.194784E-07   	7.195554E-07   	7.1917896E-07  	7.1732194E-07  	7.152615E-07   	7.094663E-07   	6.993506E-07   	6.987279E-07   	6.994361E-07   	6.9973174E-07  	7.0000146E-07  	7.004347E-07   	7.0047264E-07  	7.006105E-07   	7.006356E-07   	7.007253E-07   	7.0084076E-07  	7.007322E-07   	7.008936E-07   	7.0097724E-07  	7.009435E-07   	7.009093E-07   	7.010614E-07   	7.017166E-07   	7.173837E-07   	7.2573425E-07  	7.3673897E-07  	7.4254444E-07  	7.43346E-07    	7.432927E-07   	7.479267E-07   	7.506822E-07   	7.5046944E-07  	7.4706264E-07  	7.422834E-07   	7.4359554E-07  	7.450241E-07   	7.400374E-07   	7.242176E-07   	7.155027E-07   	7.1697605E-07  	7.176937E-07   	7.1815793E-07  	7.18462E-07    	7.184162E-07   	7.185338E-07   	7.1862553E-07  	7.1866015E-07  	7.187257E-07   	7.1901576E-07  	7.189087E-07   	7.189525E-07   	7.191648E-07   	7.1911313E-07  	7.1927116E-07  	7.192685E-07   	7.1923546E-07  	7.1934727E-07  	7.1906186E-07  	7.1910085E-07  	7.192061E-07   	7.1930566E-07  	7.189648E-07   	7.191003E-07   	7.191834E-07   	7.194185E-07   	7.1884926E-07  	7.171369E-07   	7.1494406E-07  	7.111008E-07   	7.0733216E-07  	6.976039E-07   	6.975591E-07   	6.987744E-07   	6.9900574E-07  	6.99377E-07    	6.9965876E-07  	6.995609E-07   	6.9942325E-07  	6.994651E-07   	7.00008E-07    	6.9969224E-07  	6.995604E-07   	7.001474E-07   	6.999048E-07   	7.0030177E-07  	7.0040164E-07  	7.00355E-07    	
7.1845466E-07  	7.187021E-07   	7.186836E-07   	7.188168E-07   	7.19042E-07    	7.191489E-07   	7.1894164E-07  	7.1934903E-07  	7.1925245E-07  	7.1902235E-07  	7.194942E-07   	7.1963564E-07  	7.194745E-07   	7.1949455E-07  	7.1945385E-07  	7.183475E-07   	7.165587E-07   	7.139634E-07   	7.091064E-07   	6.9894355E-07  	6.988876E-07   	6.997267E-07   	7.0008025E-07  	7.0016114E-07  	7.004437E-07   	7.0036947E-07  	7.0079784E-07  	7.0079E-07     	7.0075305E-07  	7.010965E-07   	7.0077937E-07  	7.010399E-07   	7.011782E-07   	7.0108445E-07  	7.0121627E-07  	7.025023E-07   	7.170813E-07   	7.2779505E-07  	7.308207E-07   	7.392604E-07   	7.4335514E-07  	7.404537E-07   	7.394715E-07   	7.416569E-07   	7.4110494E-07  	7.385587E-07   	7.351727E-07   	7.3340664E-07  	7.34101E-07    	7.283169E-07   	7.167981E-07   	7.1727123E-07  	7.1796035E-07  	7.1865736E-07  	7.1872773E-07  	7.187503E-07   	7.189902E-07   	7.1876275E-07  	7.189915E-07   	7.190953E-07   	7.1904833E-07  	7.192302E-07   	7.19297E-07    	7.192266E-07   	7.190622E-07   	7.1925615E-07  	7.193278E-07   	7.190107E-07   	7.191446E-07   	7.1926985E-07  	7.1909363E-07  	7.1943134E-07  	7.193358E-07   	7.1925524E-07  	7.1939405E-07  	7.1924995E-07  	7.193286E-07   	7.1952877E-07  	7.195077E-07   	7.185693E-07   	7.169142E-07   	7.1429776E-07  	7.082723E-07   	6.987869E-07   	6.9896464E-07  	6.9953427E-07  	6.9945054E-07  	6.99657E-07    	6.999293E-07   	7.000318E-07   	7.001906E-07   	7.001375E-07   	7.00251E-07    	7.004248E-07   	6.999582E-07   	7.0014016E-07  	7.001412E-07   	7.0015955E-07  	7.0028176E-07  	7.0026687E-07  	
7.1966264E-07  	7.195807E-07   	7.193924E-07   	7.19198E-07    	7.193865E-07   	7.1944226E-07  	7.195756E-07   	7.19523E-07    	7.196403E-07   	7.1950063E-07  	7.1948824E-07  	7.1976444E-07  	7.195324E-07   	7.1955265E-07  	7.1963734E-07  	7.194005E-07   	7.177302E-07   	7.154927E-07   	7.111824E-07   	7.0524885E-07  	6.976183E-07   	6.987776E-07   	6.993771E-07   	6.998108E-07   	7.0002665E-07  	7.003058E-07   	7.005449E-07   	7.006083E-07   	7.0074867E-07  	7.0073645E-07  	7.0082E-07     	7.00857E-07    	7.008897E-07   	7.0087106E-07  	7.0073094E-07  	7.010729E-07   	7.0107234E-07  	7.030713E-07   	7.090296E-07   	7.129214E-07   	7.1691187E-07  	7.243942E-07   	7.2584885E-07  	7.266656E-07   	7.267403E-07   	7.279187E-07   	7.242953E-07   	7.2101943E-07  	7.169767E-07   	7.180997E-07   	7.1860853E-07  	7.188039E-07   	7.1898626E-07  	7.191207E-07   	7.192716E-07   	7.1924336E-07  	7.1924586E-07  	7.191632E-07   	7.191565E-07   	7.1925217E-07  	7.1949586E-07  	7.192242E-07   	7.1918254E-07  	7.1926985E-07  	7.191917E-07   	7.1922676E-07  	7.1946624E-07  	7.1920493E-07  	7.19133E-07    	7.191984E-07   	7.192441E-07   	7.192076E-07   	7.192207E-07   	7.19375E-07    	7.192641E-07   	7.1905157E-07  	7.1921954E-07  	7.193151E-07   	7.1926485E-07  	7.1918925E-07  	7.179224E-07   	7.159932E-07   	7.1280243E-07  	7.056176E-07   	6.981173E-07   	6.9904394E-07  	6.996986E-07   	7.0014767E-07  	7.005126E-07   	7.006507E-07   	7.0028176E-07  	7.001794E-07   	7.0046565E-07  	7.0040693E-07  	7.003311E-07   	7.0023924E-07  	7.005788E-07   	7.005676E-07   	7.0032854E-07  	7.005993E-07   	
7.196981E-07   	7.196603E-07   	7.194433E-07   	7.1941366E-07  	7.194777E-07   	7.1944703E-07  	7.1958243E-07  	7.1956595E-07  	7.1961017E-07  	7.1961887E-07  	7.197617E-07   	7.197007E-07   	7.196692E-07   	7.1973506E-07  	7.1973164E-07  	7.1974466E-07  	7.184447E-07   	7.165346E-07   	7.1395726E-07  	7.0947414E-07  	7.0036975E-07  	6.987643E-07   	6.9957247E-07  	7.0021355E-07  	7.003229E-07   	7.005739E-07   	7.00691E-07    	7.008519E-07   	7.0086105E-07  	7.0103414E-07  	7.0104215E-07  	7.0118955E-07  	7.012795E-07   	7.0113174E-07  	7.0121706E-07  	7.011845E-07   	7.0127146E-07  	7.0134985E-07  	7.0137924E-07  	7.015039E-07   	7.015348E-07   	7.015772E-07   	7.061952E-07   	7.099391E-07   	7.0982225E-07  	7.1300826E-07  	7.1603E-07     	7.185523E-07   	7.1997584E-07  	7.200327E-07   	7.197565E-07   	7.196161E-07   	7.1978656E-07  	7.19437E-07    	7.196551E-07   	7.196901E-07   	7.1933783E-07  	7.195524E-07   	7.194731E-07   	7.192814E-07   	7.1946255E-07  	7.1949955E-07  	7.1923796E-07  	7.19261E-07    	7.193624E-07   	7.19414E-07    	7.193112E-07   	7.195332E-07   	7.1928343E-07  	7.196325E-07   	7.1961546E-07  	7.188405E-07   	7.1901087E-07  	7.191977E-07   	7.1927445E-07  	7.1919897E-07  	7.192401E-07   	7.1924654E-07  	7.193131E-07   	7.193066E-07   	7.190772E-07   	7.1738367E-07  	7.153715E-07   	7.1091966E-07  	7.02688E-07    	6.977837E-07   	6.993043E-07   	6.993912E-07   	6.9970895E-07  	7.001835E-07   	7.002137E-07   	7.000647E-07   	7.000716E-07   	7.000676E-07   	7.0056245E-07  	7.001838E-07   	7.004287E-07   	7.00658E-07    	7.0045786E-07  	7.004996E-07   	
7.1978525E-07  	7.196979E-07   	7.195691E-07   	7.195784E-07   	7.195735E-07   	7.194704E-07   	7.197382E-07   	7.1971147E-07  	7.1956504E-07  	7.1962177E-07  	7.19802E-07    	7.195932E-07   	7.198598E-07   	7.1994685E-07  	7.197803E-07   	7.199935E-07   	7.197518E-07   	7.1802975E-07  	7.160302E-07   	7.1219745E-07  	7.042161E-07   	6.979438E-07   	6.994444E-07   	6.999066E-07   	7.0017836E-07  	7.006075E-07   	7.006581E-07   	7.010462E-07   	7.0103454E-07  	7.008217E-07   	7.0093364E-07  	7.01272E-07    	7.013658E-07   	7.013115E-07   	7.0122803E-07  	7.0119154E-07  	7.0134695E-07  	7.0149633E-07  	7.014723E-07   	7.0135525E-07  	7.018911E-07   	7.018273E-07   	7.02145E-07    	7.065421E-07   	7.1008924E-07  	7.112515E-07   	7.141775E-07   	7.171975E-07   	7.192658E-07   	7.198273E-07   	7.1944254E-07  	7.2000313E-07  	7.19819E-07    	7.195981E-07   	7.1969134E-07  	7.1958505E-07  	7.198484E-07   	7.198575E-07   	7.198529E-07   	7.195926E-07   	7.193407E-07   	7.1961364E-07  	7.1947545E-07  	7.1954446E-07  	7.195044E-07   	7.1941867E-07  	7.1962404E-07  	7.193036E-07   	7.193661E-07   	7.1940195E-07  	7.193397E-07   	7.1929685E-07  	7.193603E-07   	7.194903E-07   	7.193836E-07   	7.1928963E-07  	7.192855E-07   	7.1944714E-07  	7.194339E-07   	7.19421E-07    	7.19163E-07    	7.1816385E-07  	7.161949E-07   	7.1291987E-07  	7.0914E-07     	7.006258E-07   	6.983336E-07   	6.993261E-07   	6.9967933E-07  	6.999467E-07   	7.001465E-07   	7.000985E-07   	7.0071167E-07  	7.008884E-07   	7.006549E-07   	7.0085673E-07  	7.0091545E-07  	7.0110445E-07  	7.009911E-07   	7.0093364E-07  	
7.197155E-07   	7.197118E-07   	7.1953457E-07  	7.195011E-07   	7.1961193E-07  	7.1964536E-07  	7.199419E-07   	7.196609E-07   	7.199934E-07   	7.2000296E-07  	7.1998204E-07  	7.2018867E-07  	7.1999074E-07  	7.198123E-07   	7.1998045E-07  	7.2059316E-07  	7.20499E-07    	7.194877E-07   	7.1767084E-07  	7.14807E-07    	7.0985516E-07  	7.003457E-07   	6.982929E-07   	6.9963545E-07  	7.003443E-07   	7.006174E-07   	7.011358E-07   	7.0119023E-07  	7.011132E-07   	7.01076E-07    	7.0143153E-07  	7.015234E-07   	7.01419E-07    	7.014858E-07   	7.0150844E-07  	7.016364E-07   	7.017232E-07   	7.015825E-07   	7.0178123E-07  	7.0181176E-07  	7.0186405E-07  	7.0196245E-07  	7.02023E-07    	7.024657E-07   	7.077513E-07   	7.10635E-07    	7.1333756E-07  	7.166096E-07   	7.1948125E-07  	7.2034004E-07  	7.2008476E-07  	7.2026836E-07  	7.201966E-07   	7.19964E-07    	7.200625E-07   	7.199339E-07   	7.2019753E-07  	7.198407E-07   	7.199314E-07   	7.198914E-07   	7.199879E-07   	7.2006657E-07  	7.199223E-07   	7.1986494E-07  	7.2000006E-07  	7.1971607E-07  	7.1978076E-07  	7.198576E-07   	7.197188E-07   	7.197361E-07   	7.195522E-07   	7.195576E-07   	7.1946664E-07  	7.195624E-07   	7.198681E-07   	7.1988154E-07  	7.1961034E-07  	7.1950956E-07  	7.1968583E-07  	7.1957953E-07  	7.1979764E-07  	7.193449E-07   	7.175392E-07   	7.1550113E-07  	7.116594E-07   	7.0453933E-07  	6.973861E-07   	6.99137E-07    	6.9973123E-07  	6.9983804E-07  	7.00045E-07    	7.002392E-07   	7.005601E-07   	7.0060395E-07  	7.0059906E-07  	7.005608E-07   	7.0070325E-07  	7.0058996E-07  	7.006215E-07   	7.005421E-07   	
7.20341E-07    	7.2028547E-07  	7.198824E-07   	7.1974625E-07  	7.199304E-07   	7.20048E-07    	7.202154E-07   	7.198393E-07   	7.202834E-07   	7.2010334E-07  	7.2028604E-07  	7.204561E-07   	7.2010425E-07  	7.20476E-07    	7.2024534E-07  	7.203899E-07   	7.2036534E-07  	7.202871E-07   	7.190477E-07   	7.1708206E-07  	7.1429804E-07  	7.0724485E-07  	6.988485E-07   	7.000579E-07   	7.008088E-07   	7.012151E-07   	7.012396E-07   	7.011535E-07   	7.0137037E-07  	7.0185297E-07  	7.0175884E-07  	7.015757E-07   	7.016214E-07   	7.0177873E-07  	7.018181E-07   	7.017744E-07   	7.022176E-07   	7.0177214E-07  	7.018603E-07   	7.0210876E-07  	7.021129E-07   	7.0205505E-07  	7.0164833E-07  	7.020807E-07   	7.036281E-07   	7.093498E-07   	7.117538E-07   	7.145455E-07   	7.175598E-07   	7.1992844E-07  	7.2056827E-07  	7.202666E-07   	7.204212E-07   	7.203433E-07   	7.2040365E-07  	7.203081E-07   	7.2002854E-07  	7.1986517E-07  	7.201138E-07   	7.202027E-07   	7.1993816E-07  	7.2012165E-07  	7.200292E-07   	7.1997584E-07  	7.1988507E-07  	7.200554E-07   	7.201023E-07   	7.197805E-07   	7.1989945E-07  	7.197757E-07   	7.1976086E-07  	7.197774E-07   	7.1993406E-07  	7.199446E-07   	7.197698E-07   	7.197325E-07   	7.1973756E-07  	7.196905E-07   	7.197597E-07   	7.19792E-07    	7.1968867E-07  	7.1989655E-07  	7.192196E-07   	7.171165E-07   	7.146908E-07   	7.091038E-07   	7.0042876E-07  	6.9826825E-07  	6.9900284E-07  	6.9938426E-07  	6.9978154E-07  	6.9965336E-07  	6.9979774E-07  	7.0032877E-07  	7.00265E-07    	7.0026135E-07  	7.0059986E-07  	7.004121E-07   	7.004569E-07   	7.0039704E-07  	
