# www.neaspec.com
# Scan:	 	AFM
# Project:	 	20251007_PS
# Description:	 	
# Date:	 	10/07/2025 10:43:47
# Scanner Center Position (X, Y):	[µm]	49.99	50.01	 
# Rotation:	[°]	0	 	 
# Scan Area (X, Y, Z):	[µm]	5.000	5.000	0.000
# Pixel Area (X, Y, Z):	[px]	100	50	1
# Averaging:	 	1	 	 
# Integration time:	[ms]	5	 	 
# Laser Source:	 	4.5-15 µm nano-FTIR laser
# Detector:	 	R
# Target Wavelength:	[µm]	7.502	 	 
# Demodulation Mode:	 	Fourier
# Tip Frequency:	[Hz]	241,340.500	 	 
# Tip Amplitude:	[mV]	45.700	 	 
# Tapping Amplitude:	[nm]	79.665	 	 
# Modulation Frequency:	[Hz]	0.000	 	 
# Modulation Amplitude:	[mV]	0.000	 	 
# Modulation Offset:	[mV]	0.000	 	 
# Setpoint:	[%]	79.75	 	 
# Regulator (P, I, D):	 	4.206850	8.625812	1.000000
# Tip Potential:	[mV]	0.000	 	 
# M1A Scaling:	[nm/V]	0.426	 	 
# M1A Cantilever Factor:	 	1,000	 	 
# Q-Factor:	 	487.4	 	 
# Version:	 	2.1.11536.0
667.68835      	667.69885      	667.69507      	667.72644      	667.73755      	667.7449       	667.7574       	667.73175      	667.76685      	667.74414      	667.73035      	667.7735       	667.75836      	667.7569       	667.72473      	667.7636       	667.7599       	667.75476      	667.7677       	667.7737       	667.7395       	667.7475       	667.7553       	667.76495      	667.72327      	667.7216       	667.74567      	667.73236      	667.67444      	667.74426      	667.73566      	667.7516       	667.73315      	667.70416      	667.7015       	667.7093       	667.7265       	667.74664      	667.7289       	667.7031       	667.7231       	667.72235      	667.7073       	667.7062       	667.7086       	667.67035      	667.6962       	667.6996       	667.71204      	667.6882       	667.71216      	667.6959       	667.731        	667.7372       	667.7129       	667.7028       	667.71234      	667.77106      	667.7571       	667.72876      	667.7197       	667.7257       	667.7384       	667.74664      	667.7539       	667.79175      	667.74835      	667.7389       	667.7589       	667.69666      	667.75085      	667.73425      	667.7338       	667.78015      	667.7497       	667.72546      	667.7486       	667.73175      	667.7352       	667.73175      	667.7266       	667.7526       	667.72614      	667.7324       	667.7594       	667.7351       	667.62683      	667.50385      	667.502        	667.5056       	667.4893       	667.47845      	667.47015      	667.47003      	667.70795      	667.69196      	667.69543      	667.75616      	667.75934      	667.74774      	
667.68384      	667.70123      	667.7028       	667.71967      	667.72504      	667.72614      	667.71216      	667.72974      	667.7065       	667.7139       	667.7268       	667.7187       	667.7247       	667.7233       	667.7181       	667.7276       	667.74054      	667.7613       	667.7539       	667.7223       	667.7514       	667.73004      	667.7503       	667.7358       	667.7455       	667.7266       	667.6902       	667.7343       	667.7219       	667.7493       	667.718        	667.69226      	667.7392       	667.68805      	667.71497      	667.7399       	667.74084      	667.7206       	667.74054      	667.70337      	667.7353       	667.73004      	667.71234      	667.7126       	667.75354      	667.74475      	667.77496      	667.7514       	667.73694      	667.7237       	667.73254      	667.74         	667.74176      	667.70953      	667.73755      	667.7066       	667.75964      	667.7489       	667.75354      	667.7548       	667.76044      	667.76135      	667.7396       	667.73706      	667.72894      	667.74054      	667.698        	667.7478       	667.69836      	667.7151       	667.7489       	667.75323      	667.7653       	667.7476       	667.7304       	667.75653      	667.74457      	667.7338       	667.699        	667.70703      	667.72363      	667.71875      	667.75854      	667.71716      	667.7558       	667.6938       	667.59766      	667.569        	667.70984      	667.7087       	667.797        	667.7927       	667.79004      	667.8048       	667.7722       	667.8233       	667.78235      	667.76294      	667.79504      	667.8011       	
667.75916      	667.74207      	667.77637      	667.7639       	667.74536      	667.7232       	667.7196       	667.737        	667.73334      	667.71497      	667.72687      	667.7455       	667.73157      	667.74084      	667.7562       	667.7175       	667.74445      	667.7346       	667.7734       	667.7761       	667.7976       	667.78094      	667.80066      	667.7548       	667.7865       	667.7934       	667.75854      	667.7569       	667.67413      	667.7487       	667.7514       	667.72327      	667.76105      	667.682        	667.7068       	667.7213       	667.69867      	667.6927       	667.75397      	667.6889       	667.70386      	667.71313      	667.74274      	667.70874      	667.7172       	667.76135      	667.71423      	667.74414      	667.75165      	667.7519       	667.74835      	667.73785      	667.7328       	667.7496       	667.7769       	667.7524       	667.7634       	667.75195      	667.7603       	667.7654       	667.78394      	667.78394      	667.7787       	667.80414      	667.7847       	667.786        	667.8065       	667.84644      	667.8378       	667.82574      	667.83136      	667.8376       	667.7832       	667.8689       	667.8315       	667.8273       	667.82855      	667.8445       	667.8276       	667.79596      	667.8176       	667.84753      	667.8481       	667.77673      	667.87885      	667.9681       	667.93365      	667.88715      	667.8686       	667.8735       	667.8241       	667.8702       	667.8965       	667.85535      	667.91675      	667.9258       	667.9219       	667.91406      	667.90015      	667.87964      	
667.81024      	667.7917       	667.766        	667.8216       	667.8098       	667.76086      	667.8327       	667.83105      	667.84015      	667.82385      	667.8642       	667.8245       	667.8569       	667.8445       	667.8193       	667.8189       	667.8708       	667.86365      	667.8287       	667.88086      	667.8688       	667.8555       	667.88416      	667.8633       	667.85         	667.8343       	667.8497       	667.8614       	667.83167      	667.8686       	667.86743      	667.8604       	667.86914      	667.8485       	667.8737       	667.85         	667.856        	667.88275      	667.8782       	667.8342       	667.8436       	667.87683      	667.8648       	667.88513      	667.8946       	667.8837       	667.86597      	667.8739       	667.90564      	667.85864      	667.8708       	667.87933      	667.9142       	667.9141       	667.89966      	667.92615      	667.886        	667.91113      	667.9339       	667.88385      	667.93427      	667.8593       	667.86255      	667.9137       	667.83496      	667.88324      	667.8985       	667.8972       	667.8903       	667.8936       	667.90466      	667.88245      	667.8725       	667.8683       	667.86206      	667.8844       	667.8902       	667.88763      	667.88715      	667.86566      	667.9196       	667.8864       	667.89984      	667.9146       	668.0052       	668.00464      	667.9887       	667.9568       	668.0014       	667.98035      	667.94574      	667.9683       	667.9346       	667.95447      	667.972        	667.99023      	667.9586       	667.9275       	667.96844      	667.9605       	
667.9222       	667.90405      	667.9059       	667.9029       	667.93445      	667.9555       	667.92474      	667.9398       	667.92786      	667.9486       	667.93933      	667.953        	667.928        	667.9524       	667.9605       	667.94763      	667.9472       	667.9394       	667.9593       	667.9913       	667.99457      	667.9835       	667.95996      	667.9683       	667.98694      	667.9397       	667.9561       	667.9796       	667.9986       	667.9928       	667.9512       	667.94116      	667.9768       	667.9363       	667.97644      	667.9384       	667.9428       	667.9592       	667.90765      	667.9277       	667.9516       	667.96216      	668.00366      	667.9915       	667.99664      	668.0004       	667.98706      	668.00867      	668.03845      	668.0323       	668.0155       	668.06647      	668.06805      	668.03503      	668.05676      	667.958        	667.7978       	668.09924      	668.0442       	668.02893      	668.0186       	668.0317       	668.0394       	668.02734      	668.08386      	668.0559       	668.0712       	668.0801       	668.0649       	668.02985      	668.0671       	668.04224      	668.028        	668.02234      	668.03644      	668.0609       	668.0257       	668.02405      	668.0272       	668.006        	668.0431       	668.0266       	667.94135      	667.9118       	667.98413      	668.15076      	668.17175      	668.168        	668.11285      	668.1129       	668.1266       	668.1363       	668.0987       	668.1093       	668.1402       	668.1149       	668.1197       	668.10474      	668.1246       	668.09015      	
668.04944      	668.0485       	668.0438       	668.0544       	668.0538       	668.08746      	668.05396      	668.1069       	668.0973       	668.08887      	668.0933       	668.106        	668.0725       	668.11206      	668.0999       	668.10754      	668.0854       	668.0956       	668.1353       	668.111        	668.11194      	668.1386       	668.08276      	668.14514      	668.1042       	668.0641       	668.095        	668.08466      	668.09406      	668.08014      	668.13934      	668.11194      	668.0823       	668.1292       	668.0984       	668.1062       	668.1124       	668.115        	668.1072       	668.10095      	668.11584      	668.1073       	668.0801       	668.1119       	668.10156      	668.10004      	668.13306      	668.13824      	668.05145      	667.91345      	667.9426       	667.91315      	667.86426      	667.8868       	667.89075      	667.87024      	667.8987       	667.7978       	667.8241       	667.9786       	668.1459       	668.1253       	668.1396       	668.12805      	668.1427       	668.1443       	668.1309       	668.14655      	668.1432       	668.1586       	668.11176      	668.169        	668.17993      	668.1569       	668.1257       	668.15814      	668.1531       	668.1269       	668.15326      	668.1761       	668.16113      	668.148        	668.2064       	668.0277       	667.9369       	668.17773      	668.236        	668.275        	668.23395      	668.19086      	668.23114      	668.2231       	668.2208       	668.19763      	668.1975       	668.19336      	668.20636      	668.19         	668.20123      	668.19086      	
668.1133       	668.11646      	668.1387       	668.112        	668.1254       	668.1368       	668.1537       	668.1464       	668.1542       	668.1435       	668.14746      	668.17346      	668.15247      	668.173        	668.1592       	668.1589       	668.22174      	668.2008       	668.2168       	668.1973       	668.18555      	668.221        	668.16284      	668.1631       	668.17786      	668.1432       	668.1698       	668.20636      	668.1982       	668.19653      	668.19714      	668.172        	668.1839       	668.22363      	668.2172       	668.2165       	668.1892       	668.2185       	668.1979       	668.21643      	668.2174       	668.13635      	668.0186       	668.0675       	668.03687      	667.97815      	668.0145       	667.9951       	668.0014       	668.0752       	668.2504       	668.24194      	668.35315      	668.36774      	668.3584       	668.349        	668.3358       	668.30896      	668.2899       	668.235        	667.77893      	668.22534      	668.2722       	668.2787       	668.3047       	668.3093       	668.28296      	668.30536      	668.2748       	668.2868       	668.2939       	668.28217      	668.2514       	668.298        	668.2771       	668.28864      	668.2822       	668.2998       	668.30286      	668.2937       	668.281        	668.3409       	668.2989       	668.1989       	668.1963       	668.2019       	668.44916      	668.43567      	668.3992       	668.39264      	668.3712       	668.404        	668.4151       	668.3718       	668.3637       	668.40295      	668.39124      	668.3835       	668.426        	668.42834      	
668.47076      	668.4601       	668.4903       	668.4808       	668.4686       	668.47         	668.4895       	668.4939       	668.5033       	668.4735       	668.50195      	668.50256      	668.4951       	668.5028       	668.52637      	668.5217       	668.5354       	668.50385      	668.518        	668.5497       	668.52216      	668.54016      	668.5383       	668.50305      	668.50555      	668.52435      	668.4986       	668.5123       	668.474        	668.48376      	668.5296       	668.49896      	668.4722       	668.29895      	668.2695       	668.30676      	668.3099       	668.28424      	668.28864      	668.26074      	668.305        	668.31305      	668.4694       	668.4148       	668.4962       	668.5678       	668.5966       	668.61304      	668.6068       	668.6534       	668.64154      	668.6158       	668.63727      	668.60803      	668.6137       	668.62476      	668.61273      	668.6413       	668.55804      	668.55444      	668.42487      	668.1943       	668.3333       	668.5879       	668.5857       	668.6148       	668.5677       	668.59796      	668.60583      	668.56726      	668.62476      	668.6335       	668.613        	668.614        	668.61304      	668.6159       	668.58655      	668.59753      	668.5886       	668.6028       	668.6309       	668.5777       	668.61163      	668.6458       	668.4351       	668.47266      	668.75586      	668.71063      	668.74615      	668.72107      	668.6812       	668.6719       	668.70416      	668.7217       	668.6825       	668.6944       	668.6373       	668.6894       	668.74133      	668.69684      	
668.82556      	668.83716      	668.87115      	668.91077      	668.8795       	668.83136      	668.84906      	668.86914      	668.794        	668.8103       	668.8433       	668.82336      	668.8021       	668.7857       	668.8058       	668.7988       	668.81244      	668.7974       	668.8399       	668.7651       	668.75726      	668.8103       	668.7894       	668.8213       	668.8104       	668.84143      	668.72534      	668.60864      	668.5696       	668.58276      	668.5602       	668.5689       	668.5573       	668.55597      	668.59186      	668.7445       	668.8239       	668.87396      	668.816        	668.84125      	668.8863       	668.8675       	668.8718       	668.906        	668.9023       	668.8808       	668.8877       	668.86816      	668.87         	668.8829       	668.8978       	668.8899       	668.87         	668.8831       	668.9223       	668.9003       	668.87067      	668.9099       	668.8951       	668.85315      	668.78345      	668.63367      	668.4228       	668.8424       	668.8538       	668.8535       	668.8497       	668.8427       	668.82996      	668.8292       	668.8507       	668.8477       	668.83923      	668.82526      	668.8095       	668.814        	668.801        	668.8161       	668.80756      	668.80444      	668.814        	668.79144      	668.795        	668.7823       	668.6887       	668.6495       	668.6162       	668.91174      	668.93176      	668.9078       	668.88257      	668.85254      	668.81647      	668.8535       	668.8636       	668.8398       	668.8731       	668.85754      	668.87134      	668.90173      	
668.69885      	668.6731       	668.6494       	668.6579       	668.6903       	668.6993       	668.68805      	668.64594      	668.681        	668.6696       	668.6658       	668.6649       	668.65875      	668.69604      	668.652        	668.6493       	668.65765      	668.6659       	668.65356      	668.67554      	668.6954       	668.6894       	668.7097       	668.6481       	668.69763      	668.66534      	668.6758       	668.547        	668.6013       	668.6049       	668.69006      	668.7103       	668.6778       	668.7001       	668.725        	668.6991       	668.71063      	668.69         	668.6776       	668.69196      	668.69763      	668.7083       	668.699        	668.69965      	668.7014       	668.7171       	668.73724      	668.71106      	668.7129       	668.7187       	668.699        	668.7317       	668.71576      	668.7285       	668.7018       	668.6935       	668.72565      	668.702        	668.69446      	668.6233       	668.58594      	668.5222       	668.3611       	668.33734      	668.6669       	668.6393       	668.6657       	668.6483       	668.6609       	668.6534       	668.6374       	668.6461       	668.6251       	668.64935      	668.6155       	668.6494       	668.6365       	668.6042       	668.64813      	668.59863      	668.6497       	668.626        	668.612        	668.64496      	668.61145      	668.38745      	668.4363       	668.6438       	668.7105       	668.7522       	668.6815       	668.66614      	668.6444       	668.6625       	668.66254      	668.68317      	668.6822       	668.68976      	668.68304      	668.6944       	
668.6072       	668.5982       	668.62604      	668.62396      	668.6431       	668.6393       	668.63727      	668.64874      	668.64136      	668.6648       	668.6761       	668.6752       	668.7056       	668.67773      	668.6815       	668.6956       	668.6729       	668.69586      	668.7097       	668.7094       	668.7449       	668.69586      	668.6712       	668.67346      	668.6589       	668.793        	668.827        	668.74896      	668.6894       	668.7283       	668.72974      	668.69824      	668.71515      	668.73004      	668.71155      	668.7135       	668.7321       	668.70593      	668.7569       	668.63446      	668.64984      	668.6814       	668.6715       	668.6229       	668.7112       	668.81445      	668.70795      	668.73395      	668.7642       	668.72205      	668.71906      	668.7377       	668.713        	668.71155      	668.70026      	668.7093       	668.7296       	668.7322       	668.73376      	668.6832       	668.6428       	668.6099       	668.45746      	668.18066      	668.64966      	668.70325      	668.705        	668.71246      	668.68066      	668.6995       	668.69666      	668.6645       	668.68884      	668.64984      	668.664        	668.6466       	668.6605       	668.66797      	668.68384      	668.6913       	668.6827       	668.68396      	668.69006      	668.6896       	668.69275      	668.55786      	668.53796      	668.5012       	668.80865      	668.7836       	668.7584       	668.7581       	668.7237       	668.7237       	668.7768       	668.702        	668.71967      	668.7262       	668.72565      	668.7281       	
668.6572       	668.6695       	668.6494       	668.6697       	668.67993      	668.6508       	668.6656       	668.6533       	668.68555      	668.71         	668.6989       	668.6703       	668.6786       	668.6758       	668.699        	668.7335       	668.7514       	668.77496      	668.76135      	668.7978       	668.76794      	668.7411       	668.72943      	668.7003       	668.76575      	668.82166      	668.8246       	668.8193       	668.75104      	668.7571       	668.73175      	668.74805      	668.7478       	668.72076      	668.73236      	668.7578       	668.7207       	668.7777       	668.72144      	668.7616       	668.68616      	668.6085       	668.7149       	668.83246      	668.7867       	668.79694      	668.8074       	668.8334       	668.8171       	668.7767       	668.83203      	668.83307      	668.80133      	668.805        	668.8141       	668.829        	668.8176       	668.8053       	668.8236       	668.75726      	668.7324       	668.67346      	668.6607       	668.4561       	668.31335      	668.77924      	668.76184      	668.71747      	668.7231       	668.68805      	668.69727      	668.68134      	668.69617      	668.709        	668.69666      	668.7471       	668.7174       	668.69696      	668.7211       	668.70374      	668.7141       	668.73114      	668.7213       	668.7235       	668.7438       	668.7128       	668.542        	668.5636       	668.6429       	668.8496       	668.859        	668.8319       	668.8521       	668.83466      	668.81647      	668.81976      	668.80756      	668.76276      	668.7384       	668.75586      	
668.81744      	668.84924      	668.8481       	668.85486      	668.848        	668.87885      	668.8599       	668.8177       	668.8599       	668.843        	668.8124       	668.8135       	668.8135       	668.8111       	668.7939       	668.80304      	668.80414      	668.79297      	668.7927       	668.79926      	668.7973       	668.80383      	668.8294       	668.6853       	668.6969       	668.9462       	668.90686      	668.92535      	668.84155      	668.8463       	668.877        	668.9144       	668.9028       	668.8851       	668.87085      	668.9076       	668.9562       	668.9385       	668.93744      	668.9541       	668.86096      	668.8881       	668.9212       	668.8944       	668.8597       	668.8974       	668.89         	668.90063      	668.8467       	668.9137       	668.8974       	668.9365       	668.9032       	668.9101       	668.9124       	668.9332       	668.9589       	668.93195      	668.91925      	668.9239       	668.8887       	668.8581       	668.7958       	668.68164      	668.5685       	668.59705      	668.8562       	668.80524      	668.8183       	668.8168       	668.84344      	668.8202       	668.8314       	668.8398       	668.8036       	668.8496       	668.8829       	668.84515      	668.8427       	668.8446       	668.85065      	668.8398       	668.8564       	668.8525       	668.9117       	668.9004       	668.779        	668.78723      	668.68164      	668.9522       	668.9329       	668.97723      	668.9281       	668.91833      	668.9164       	668.92346      	668.95013      	668.92505      	668.9387       	668.9332       	
668.94         	668.92834      	668.9512       	668.9698       	668.93805      	668.96545      	668.96906      	668.9632       	668.9898       	669.0007       	668.9534       	668.9776       	668.97723      	668.97455      	668.98895      	668.9694       	668.9496       	668.97906      	668.98114      	668.9644       	669.00055      	668.9873       	669.0173       	668.9553       	668.8729       	669.0014       	669.06824      	669.11127      	669.05347      	669.0359       	669.0481       	669.0206       	669.04016      	669.0424       	669.03735      	669.0169       	669.0472       	669.02203      	669.06256      	669.00476      	669.0182       	669.0218       	669.0468       	668.99866      	669.01215      	669.0522       	669.03217      	669.01215      	669.02924      	669.05865      	668.97974      	669.03424      	669.01697      	669.0382       	669.05695      	669.01086      	669.0557       	669.0466       	669.03424      	669.0455       	669.00977      	669.0398       	668.9923       	668.9039       	668.81067      	668.56506      	669.0308       	668.9999       	668.9479       	668.9492       	668.9706       	668.9267       	668.9542       	668.94543      	668.9602       	668.9808       	668.96515      	668.9509       	668.9587       	668.96136      	668.9689       	668.94305      	668.96356      	668.97424      	668.93646      	668.9817       	668.9996       	668.9147       	668.8705       	668.8326       	669.0851       	669.08356      	669.10474      	669.06146      	669.00287      	669.0247       	669.0263       	669.0668       	669.01605      	669.0195       	
668.8103       	668.87976      	669.07715      	669.1436       	669.1292       	669.11786      	669.08655      	669.1417       	669.1025       	669.11975      	669.0655       	669.08734      	669.12506      	669.07654      	669.02673      	669.0964       	669.04596      	669.06226      	669.05524      	669.0753       	669.0586       	669.04535      	669.07166      	669.00195      	668.977        	668.8648       	669.17224      	669.192        	669.1773       	669.1085       	669.1153       	669.1134       	669.14         	669.10846      	669.1246       	669.0731       	669.0367       	669.081        	669.0521       	669.0523       	669.0925       	669.05286      	669.0808       	669.0863       	669.088        	669.06964      	669.07104      	669.1279       	669.1302       	669.1187       	669.14075      	669.1399       	669.12805      	669.1129       	669.1188       	669.1054       	669.1318       	669.09436      	669.0996       	669.12177      	669.1225       	669.0879       	669.0631       	669.0519       	668.9402       	668.68005      	668.88446      	669.08594      	669.0885       	669.0927       	669.0599       	669.05774      	669.102        	669.0429       	669.00256      	669.0853       	669.0511       	669.0359       	669.0593       	669.04565      	669.0683       	669.0613       	669.0592       	669.08984      	669.05066      	669.05707      	669.05334      	669.07135      	668.90106      	668.9358       	669.048        	669.1679       	669.1892       	669.1886       	669.1247       	669.14514      	669.131        	669.07983      	669.11487      	669.1081       	
669.05133      	668.8701       	668.54095      	668.738        	669.0966       	669.0536       	669.0482       	669.071        	669.06683      	669.0384       	669.05457      	669.0472       	669.04175      	669.04236      	669.0515       	669.07294      	669.0689       	669.0681       	669.0548       	669.072        	669.0472       	669.0347       	669.0631       	669.0478       	668.94055      	668.9124       	669.01276      	669.1267       	669.1448       	669.10803      	669.05133      	669.0519       	669.026        	669.0296       	669.0691       	669.02747      	669.038        	669.01965      	669.0323       	669.01843      	669.0234       	669.0489       	669.0429       	669.0501       	669.0209       	669.05383      	669.0359       	669.0431       	669.0894       	669.0374       	669.04156      	669.0579       	669.01886      	669.04565      	669.0814       	669.046        	669.02795      	669.0624       	669.0436       	669.0596       	669.03723      	668.994        	669.01373      	668.9518       	668.88336      	668.77014      	668.5233       	668.98175      	668.94934      	668.97253      	668.9821       	668.96484      	669.02625      	668.9681       	668.99316      	668.9843       	668.931        	668.9773       	668.9644       	668.9781       	668.97815      	668.9619       	668.9853       	668.9638       	668.96844      	668.9752       	668.97925      	668.9772       	668.9722       	668.9447       	668.9215       	669.08655      	669.0892       	669.1327       	669.0781       	669.04913      	669.04565      	669.05035      	669.06384      	669.037        	
668.9435       	668.87415      	668.5743       	668.55524      	668.96844      	668.9983       	668.96985      	668.9613       	668.94855      	668.9486       	668.94696      	668.94635      	668.96344      	668.9436       	668.9222       	668.9971       	668.99097      	669.0025       	668.94055      	668.98413      	668.983        	668.968        	668.96204      	668.9928       	668.9884       	668.852        	668.7613       	669.0846       	669.0687       	669.03015      	669.1133       	669.0709       	669.0304       	669.0394       	669.0364       	669.055        	669.05524      	669.03         	669.0517       	669.01245      	669.0501       	669.029        	669.01654      	669.03644      	669.00525      	669.0009       	669.0245       	669.0326       	669.04614      	668.9974       	668.99866      	669.02484      	669.0269       	669.0191       	669.0255       	668.99243      	669.0099       	669.01465      	669.0279       	669.0315       	668.9867       	669.01666      	669.00745      	668.9381       	668.91705      	668.8167       	668.6777       	668.6324       	668.95776      	668.9475       	668.96356      	668.9317       	668.926        	668.9343       	668.9101       	668.89856      	668.914        	668.88416      	668.9138       	668.9014       	668.90247      	668.9386       	668.9229       	668.91626      	668.9093       	668.89484      	668.893        	668.8927       	668.90466      	668.8227       	668.7823       	668.9097       	668.9692       	669.04254      	669.0235       	668.9467       	668.9609       	668.92816      	668.93353      	668.9542       	
669.0398       	668.9978       	668.7106       	668.5293       	668.99744      	669.04407      	669.0533       	669.0292       	669.032        	669.04626      	669.0111       	669.04175      	669.0329       	669.0548       	669.0123       	669.01215      	669.03357      	669.00085      	669.016        	669.01733      	668.99347      	669.02875      	669.00354      	668.9999       	669.04456      	668.968        	668.92114      	668.88727      	669.1179       	669.12274      	669.1129       	669.0575       	669.0524       	669.05884      	669.05725      	669.04755      	669.038        	669.08685      	669.0469       	669.0664       	669.0515       	669.0426       	669.0781       	669.0499       	669.078        	669.0902       	669.00867      	669.0604       	669.0449       	669.02386      	669.11725      	669.07623      	669.098        	669.11         	669.10754      	669.0823       	669.0924       	669.11554      	669.0843       	669.08923      	669.1328       	669.1069       	669.11414      	669.0844       	669.0551       	669.05695      	668.888        	668.5232       	669.0776       	669.042        	669.0434       	669.05365      	669.07526      	669.0732       	669.04596      	669.0685       	669.05707      	669.0281       	669.0735       	669.0622       	669.0575       	669.0735       	669.07117      	669.0759       	669.1244       	669.1039       	669.0482       	669.0946       	669.03         	668.99457      	668.9732       	668.9551       	669.2192       	669.15326      	669.20416      	669.2172       	669.1175       	669.087        	669.15894      	669.1008       	
669.1558       	669.1064       	668.977        	668.738        	668.681        	669.1715       	669.1355       	669.126        	669.0982       	669.1429       	669.1332       	669.11707      	669.0892       	669.1205       	669.11597      	669.114        	669.08215      	669.09344      	669.12555      	669.1016       	669.0891       	669.1091       	669.0691       	669.1045       	669.11566      	669.0979       	668.99097      	668.9437       	669.0855       	669.21313      	669.22455      	669.18555      	669.17145      	669.16315      	669.14233      	669.1939       	669.1718       	669.1732       	669.17993      	669.14935      	669.148        	669.16693      	669.1896       	669.18555      	669.1591       	669.1705       	669.18176      	669.1423       	669.1452       	669.184        	669.1806       	669.19824      	669.1843       	669.202        	669.14886      	669.1677       	669.19556      	669.1791       	669.1314       	669.1491       	669.1627       	669.1398       	669.1835       	669.1519       	669.11096      	669.07166      	669.01184      	668.971        	668.7091       	669.0537       	669.0527       	669.0798       	669.1054       	669.0894       	669.10034      	669.0942       	669.09674      	669.1365       	669.12665      	669.07605      	669.13153      	669.1091       	669.0868       	669.08954      	669.1198       	669.0895       	669.08093      	669.1176       	669.109        	669.0713       	669.0043       	668.9704       	668.8347       	668.8418       	669.0429       	669.1433       	669.09155      	669.10144      	669.0971       	669.08655      	
669.1612       	669.1046       	669.01825      	668.8154       	668.66656      	669.1137       	669.1191       	669.119        	669.1313       	669.10504      	669.0906       	669.0908       	669.1204       	669.1034       	669.0863       	669.1283       	669.1331       	669.0939       	669.07324      	669.1282       	669.11884      	669.1044       	669.0846       	669.1068       	669.10944      	669.08716      	669.0121       	668.9972       	668.8529       	669.1949       	669.20667      	669.2143       	669.1902       	669.1504       	669.1768       	669.14087      	669.18256      	669.1383       	669.1615       	669.1723       	669.1693       	669.184        	669.2028       	669.23694      	669.2066       	669.1862       	669.1562       	669.15137      	669.19507      	669.14417      	669.1484       	669.12854      	669.1444       	669.10254      	669.13         	669.1557       	669.0839       	669.09863      	669.1433       	669.08844      	669.124        	669.1405       	669.11224      	669.1402       	669.1516       	669.0852       	669.0345       	668.9439       	668.7523       	668.85535      	669.0846       	669.07855      	669.0499       	669.0766       	669.05853      	669.06836      	669.05774      	669.005        	669.07587      	669.09375      	669.043        	669.04364      	669.0484       	669.0323       	669.0372       	669.097        	669.08246      	669.0562       	669.07526      	669.07416      	669.06726      	669.07825      	668.99963      	668.95374      	669.07227      	669.0501       	669.09656      	668.9874       	668.9138       	668.9066       	
669.2017       	669.1759       	669.13214      	669.032        	668.807        	668.8434       	669.21545      	669.18585      	669.17065      	669.1582       	669.1638       	669.1757       	669.12976      	669.0956       	669.1576       	669.1557       	669.1578       	669.1667       	669.1371       	669.1653       	669.18256      	669.15436      	669.1634       	669.14954      	669.181        	669.15875      	669.14453      	668.97375      	668.9985       	669.10895      	669.2731       	669.27795      	669.2616       	669.24426      	669.2037       	669.2419       	669.21674      	669.2334       	669.2008       	669.1816       	669.226        	669.1897       	669.1963       	669.21454      	669.1996       	669.1786       	669.19684      	669.1744       	669.1854       	669.1757       	669.15985      	669.1825       	669.1751       	669.19293      	669.2097       	669.1791       	669.18787      	669.23267      	669.24066      	669.21246      	669.2093       	669.18805      	669.1947       	669.2175       	669.19836      	669.1634       	669.1413       	669.0798       	668.91376      	668.68335      	669.1517       	669.15826      	669.11066      	669.1139       	669.12103      	669.1197       	669.1072       	669.1156       	669.12854      	669.1393       	669.1173       	669.1109       	669.1686       	669.11096      	669.0837       	669.1104       	669.08795      	669.14386      	669.1404       	669.1247       	669.1134       	669.131        	669.1243       	669.1237       	669.1427       	669.1374       	669.1442       	669.1355       	669.1531       	669.14386      	
669.2208       	669.23145      	669.169        	669.0488       	668.93756      	668.6271       	669.06714      	669.1428       	669.13745      	669.1387       	669.1103       	669.10614      	669.14777      	669.11304      	669.0901       	669.1436       	669.1296       	669.0974       	669.10254      	669.11273      	669.09674      	669.06146      	669.098        	669.07336      	669.1013       	669.0713       	669.0905       	669.1454       	668.97406      	668.95325      	669.18365      	669.18225      	669.2223       	669.2015       	669.1396       	669.154        	669.1301       	669.13715      	669.1565       	669.1251       	669.1501       	669.16046      	669.1222       	669.1067       	669.15125      	669.1351       	669.15845      	669.15466      	669.121        	669.1667       	669.15045      	669.14996      	669.1879       	669.13715      	669.1719       	669.181        	669.1848       	669.19135      	669.1848       	669.20056      	669.24286      	669.135        	669.1747       	669.1771       	669.13477      	669.1173       	668.9941       	669.0196       	669.0677       	668.8367       	668.7455       	669.0911       	669.1145       	669.0846       	669.0697       	669.07996      	669.0329       	669.07214      	669.05884      	669.0805       	669.065        	669.06323      	669.0813       	669.0205       	669.03         	669.0736       	669.0525       	669.0681       	669.0177       	669.06024      	669.0697       	669.04535      	669.0765       	669.07263      	669.0567       	669.0544       	669.0602       	669.10046      	669.06323      	669.0762       	
669.1059       	669.0921       	669.0455       	668.9616       	668.91394      	668.80493      	668.6767       	669.05676      	669.0847       	669.0472       	669.0895       	669.0855       	669.1295       	669.06445      	669.03375      	669.0601       	669.0805       	669.0143       	669.04694      	669.07623      	669.04517      	669.0297       	669.0378       	669.04004      	669.0325       	669.06836      	669.0919       	669.04065      	668.9592       	668.9378       	668.945        	669.16144      	669.16376      	669.13684      	669.1168       	669.089        	669.1073       	669.1056       	669.1078       	669.1032       	669.1022       	669.09753      	669.0999       	669.1409       	669.16925      	669.16235      	669.1566       	669.1117       	669.14734      	669.12994      	669.148        	669.18463      	669.13336      	669.1374       	669.15063      	669.08923      	669.07007      	669.0969       	669.0709       	669.0908       	669.0631       	669.05914      	669.098        	669.0944       	669.059        	669.01434      	669.0078       	669.0586       	669.0437       	668.78784      	668.72003      	669.03876      	669.0732       	669.0384       	669.0452       	669.0458       	669.02277      	669.0488       	669.0098       	668.98914      	669.04877      	669.0243       	669.0107       	669.03394      	669.0472       	669.0316       	669.01355      	669.0342       	669.0663       	669.08453      	669.0263       	669.03345      	669.0807       	669.05365      	669.0638       	669.06354      	669.0448       	669.06256      	669.0746       	669.0693       	
669.2138       	669.2038       	669.21716      	669.1497       	669.12115      	668.8985       	668.6713       	669.19476      	669.1679       	669.16565      	669.18463      	669.17773      	669.14465      	669.1943       	669.1448       	669.1615       	669.1476       	669.15405      	669.1521       	669.14496      	669.17084      	669.15204      	669.15924      	669.16797      	669.12177      	669.1471       	669.16016      	669.0866       	669.1204       	668.95795      	669.0267       	669.2309       	669.2305       	669.297        	669.2548       	669.23157      	669.25543      	669.27466      	669.26495      	669.264        	669.2735       	669.27356      	669.2568       	669.2291       	669.2581       	669.27734      	669.2624       	669.22455      	669.2306       	669.2599       	669.1933       	669.2067       	669.2398       	669.25256      	669.1943       	669.1669       	669.1952       	669.1855       	669.19196      	669.20325      	669.1843       	669.18036      	669.1559       	669.2047       	669.205        	669.1282       	669.07367      	669.0739       	668.9858       	669.026        	669.23175      	669.2237       	669.227        	669.2179       	669.21454      	669.2228       	669.21875      	669.21735      	669.1905       	669.1966       	669.20966      	669.2279       	669.223        	669.2591       	669.2343       	669.2214       	669.2353       	669.2648       	669.2638       	669.2669       	669.25574      	669.2858       	669.2821       	669.2198       	669.2357       	669.2581       	669.25287      	669.2513       	669.24927      	669.22925      	
669.45514      	669.4324       	669.45575      	669.3695       	669.32294      	669.3057       	669.09875      	669.1005       	669.45306      	669.39606      	669.4005       	669.4288       	669.44293      	669.4225       	669.41003      	669.4141       	669.41406      	669.41016      	669.4093       	669.38367      	669.42426      	669.3686       	669.3303       	669.32336      	669.4788       	669.3666       	669.3916       	669.39087      	669.3848       	669.40717      	669.29614      	669.3144       	669.5484       	669.53125      	669.52673      	669.5218       	669.4713       	669.5032       	669.4607       	669.48175      	669.4896       	669.4522       	669.4991       	669.46313      	669.461        	669.47845      	669.45386      	669.48315      	669.4174       	669.43335      	669.4397       	669.44116      	669.4385       	669.40826      	669.43646      	669.4247       	669.4132       	669.42944      	669.4511       	669.42426      	669.43225      	669.3473       	669.30786      	669.45435      	669.48376      	669.47034      	669.4783       	669.44214      	669.45416      	669.45715      	669.49115      	669.48413      	669.4366       	669.50433      	669.5134       	669.50385      	669.4616       	669.4474       	669.4976       	669.47656      	669.49664      	669.51636      	669.4693       	669.4913       	669.5039       	669.4996       	669.5361       	669.477        	669.5039       	669.5335       	669.5227       	669.49414      	669.5058       	669.518        	669.527        	669.52454      	669.5273       	669.5192       	669.5269       	669.54224      	
669.7806       	669.8126       	669.8183       	669.81476      	669.773        	669.7081       	669.61414      	669.38995      	669.6306       	669.7725       	669.7409       	669.7501       	669.7222       	669.7374       	669.7685       	669.7841       	669.7347       	669.7828       	669.77106      	669.80383      	669.7838       	669.7645       	669.81616      	669.7601       	669.8108       	669.8098       	669.8193       	669.79047      	669.7847       	669.8092       	669.68054      	669.651        	669.85754      	669.86755      	669.9137       	669.9153       	669.8688       	669.80035      	669.8214       	669.84546      	669.8187       	669.7983       	669.84265      	669.75854      	669.8214       	669.7937       	669.75006      	669.7743       	669.7672       	669.8207       	669.7819       	669.69037      	669.7841       	669.7978       	669.6426       	669.579        	669.7169       	669.8827       	669.871        	669.89777      	669.84436      	669.8474       	669.8277       	669.83344      	669.82587      	669.8212       	669.8136       	669.86755      	669.837        	669.8302       	669.83875      	669.83215      	669.8129       	669.8064       	669.8399       	669.84283      	669.8538       	669.85095      	669.86884      	669.9065       	669.8946       	669.8536       	669.8685       	669.878        	669.8461       	669.8419       	669.83984      	669.8822       	669.87964      	669.8482       	669.8375       	669.8705       	669.81335      	669.8243       	669.85114      	669.8424       	669.8662       	669.86066      	669.871        	669.869        	
670.1659       	670.1735       	670.1495       	670.1235       	670.0697       	670.0251       	669.9879       	669.7807       	669.6903       	670.1017       	670.0807       	670.065        	670.04407      	670.08215      	670.08167      	670.0931       	670.0829       	670.0903       	670.0574       	670.0616       	670.06995      	670.07117      	670.0775       	670.09937      	670.1316       	670.14606      	670.10046      	670.11255      	670.13605      	670.1126       	670.03735      	670.02405      	669.9236       	669.8323       	669.9711       	670.1438       	670.12915      	670.06213      	670.09204      	670.074        	670.0172       	670.0368       	670.08         	670.0817       	670.0472       	670.00867      	670.0035       	669.913        	669.95703      	670.1397       	670.11316      	670.13446      	670.14496      	670.1267       	670.131        	670.09436      	670.1085       	670.1358       	670.0858       	670.1173       	670.13275      	670.09375      	670.1578       	670.14996      	670.1341       	670.1409       	670.1199       	670.13635      	670.1597       	670.1139       	670.16595      	670.1731       	670.137        	670.1349       	670.1394       	670.17017      	670.1576       	670.163        	670.1901       	670.1664       	670.19574      	670.1899       	670.1822       	670.19055      	670.1914       	670.1902       	670.1969       	670.1722       	670.2083       	670.21454      	670.24567      	670.16956      	670.1689       	670.18756      	670.1628       	670.1459       	670.20044      	670.16833      	670.1823       	670.2397       	
670.3651       	670.34735      	670.3889       	670.3825       	670.37146      	670.3354       	670.32214      	670.23346      	669.96295      	670.1807       	670.3958       	670.38074      	670.3497       	670.36176      	670.40845      	670.32227      	670.3905       	670.3564       	670.36176      	670.36273      	670.3757       	670.39166      	670.3636       	670.3436       	670.3619       	670.37036      	670.3739       	670.35876      	670.3606       	670.3822       	670.352        	670.3718       	670.346        	670.221        	670.39496      	670.3685       	670.34985      	670.3249       	670.2548       	670.1647       	670.12463      	670.2975       	670.38226      	670.3895       	670.4208       	670.38666      	670.42096      	670.38873      	670.36005      	670.375        	670.38727      	670.37036      	670.37427      	670.3971       	670.37274      	670.40265      	670.4027       	670.3493       	670.4265       	670.4326       	670.36945      	670.3926       	670.3559       	670.3486       	670.3761       	670.3467       	670.3867       	670.3929       	670.3454       	670.36         	670.33105      	670.362        	670.3789       	670.364        	670.3868       	670.3557       	670.3598       	670.37317      	670.38086      	670.386        	670.3848       	670.38513      	670.3851       	670.3495       	670.3798       	670.3783       	670.36096      	670.3956       	670.3666       	670.39624      	670.42004      	670.39136      	670.4111       	670.4193       	670.37476      	670.3782       	670.3699       	670.4104       	670.4094       	670.3895       	
670.3458       	670.3236       	670.32196      	670.33093      	670.3163       	670.3001       	670.26355      	670.20355      	670.0426       	669.8266       	670.2493       	670.31085      	670.28186      	670.292        	670.2965       	670.2599       	670.25037      	670.27893      	670.2871       	670.2359       	670.3037       	670.28766      	670.279        	670.26886      	670.2694       	670.3152       	670.2563       	670.25165      	670.2862       	670.28613      	670.25336      	670.2716       	670.2815       	670.31177      	670.2838       	670.2445       	670.29877      	670.25586      	670.2659       	670.28894      	670.2475       	670.26196      	670.2766       	670.27026      	670.3323       	670.2992       	670.3355       	670.3017       	670.28455      	670.303        	670.2608       	670.26996      	670.27106      	670.30444      	670.3065       	670.30383      	670.2377       	670.2714       	670.2783       	670.25806      	670.2633       	670.2428       	670.25885      	670.24646      	670.2425       	670.23425      	670.2494       	670.2602       	670.25336      	670.24506      	670.2532       	670.29407      	670.238        	670.2722       	670.2958       	670.24994      	670.2765       	670.2601       	670.27875      	670.2745       	670.2549       	670.318        	670.2631       	670.26605      	670.27057      	670.2376       	670.27075      	670.28674      	670.2484       	670.29065      	670.2601       	670.282        	670.26         	670.276        	670.2392       	670.2001       	670.2524       	670.24176      	670.24115      	670.247        	
670.2182       	670.2246       	670.26044      	670.25934      	670.25256      	670.2418       	670.0624       	670.1413       	670.1762       	669.8578       	669.9313       	670.1977       	670.17444      	670.18365      	670.18134      	670.1848       	670.1847       	670.19635      	670.2031       	670.19763      	670.19403      	670.18854      	670.20514      	670.15436      	670.18665      	670.1797       	670.17535      	670.1736       	670.1654       	670.22595      	670.21716      	670.2487       	670.20544      	670.2292       	670.2341       	670.1959       	670.23315      	670.2519       	670.2416       	670.2061       	670.22943      	670.23694      	670.22296      	670.2295       	670.1975       	670.2984       	670.2823       	670.22095      	670.2477       	670.2219       	670.22455      	670.2561       	670.2345       	670.22235      	670.2527       	670.2366       	670.196        	670.1869       	670.2014       	670.20544      	670.21106      	670.212        	670.1992       	670.22656      	670.2171       	670.2207       	670.2689       	670.2132       	670.2249       	670.2626       	670.2327       	670.24506      	670.2814       	670.26715      	670.2895       	670.29504      	670.2943       	670.28253      	670.2847       	670.30457      	670.2948       	670.3151       	670.28375      	670.2825       	670.2738       	670.26263      	670.25183      	670.28766      	670.2473       	670.2444       	670.29755      	670.2457       	670.2732       	670.2846       	670.2848       	670.28253      	670.28705      	670.2696       	670.2648       	670.27747      	
670.4013       	670.3864       	670.3997       	670.4055       	670.39325      	670.3458       	670.3326       	670.2535       	670.34705      	670.26184      	669.9449       	670.3871       	670.38446      	670.3473       	670.3786       	670.40826      	670.39777      	670.37006      	670.3653       	670.40924      	670.3871       	670.3663       	670.3952       	670.43176      	670.40204      	670.3819       	670.3813       	670.3868       	670.3567       	670.38153      	670.4171       	670.35736      	670.3936       	670.4028       	670.39264      	670.38055      	670.3717       	670.3851       	670.43134      	670.3746       	670.3983       	670.40356      	670.3966       	670.4005       	670.373        	670.3827       	670.3799       	670.3339       	670.3854       	670.428        	670.4506       	670.4225       	670.4075       	670.518        	670.4928       	670.4851       	670.4804       	670.4194       	670.45795      	670.43695      	670.47955      	670.46295      	670.44965      	670.4759       	670.483        	670.46844      	670.4708       	670.4945       	670.4717       	670.49146      	670.5344       	670.5023       	670.472        	670.5159       	670.5104       	670.5198       	670.5308       	670.5281       	670.52924      	670.5329       	670.54877      	670.60803      	670.5794       	670.5891       	670.5811       	670.5961       	670.60645      	670.6149       	670.60315      	670.5886       	670.6019       	670.5977       	670.6109       	670.62695      	670.60474      	670.61194      	670.5791       	670.6155       	670.6497       	670.56354      	
670.8518       	670.84045      	670.7806       	670.7843       	670.77075      	670.81775      	670.7909       	670.75824      	670.7025       	670.8588       	670.89453      	670.88416      	670.8666       	670.87054      	670.8684       	670.88446      	670.93945      	670.859        	670.84875      	670.90717      	670.9245       	670.91656      	670.93665      	670.8949       	670.92017      	670.9127       	670.8959       	670.9265       	670.91675      	670.9027       	670.9015       	670.9551       	670.91595      	670.9218       	670.9016       	670.8952       	670.91956      	670.9163       	670.9376       	670.9262       	670.90784      	670.94196      	670.94086      	670.9194       	670.9237       	670.93976      	670.9655       	670.97064      	670.96136      	670.973        	671.014        	670.9758       	671.0042       	671.0173       	670.9937       	671.0166       	671.02124      	671.00714      	670.9964       	671.005        	671.00494      	671.0012       	671.00555      	670.99915      	670.985        	670.99164      	671.04614      	671.06195      	671.0191       	671.03284      	671.0194       	671.056        	671.0169       	671.02435      	671.0302       	671.04584      	671.0512       	671.0458       	671.08307      	671.04114      	671.08374      	671.03845      	671.0388       	671.0732       	671.0292       	671.09515      	671.0693       	671.053        	671.0728       	671.0842       	671.0944       	671.0938       	671.056        	671.088        	671.09485      	671.0966       	671.1033       	671.041        	671.0938       	670.9531       	
670.98596      	670.9329       	670.97235      	671.19244      	671.1822       	671.20026      	671.14465      	671.1598       	671.16284      	671.16986      	671.1621       	671.17645      	671.17004      	671.1872       	671.17004      	671.172        	671.2044       	671.16144      	671.12836      	671.1539       	671.16077      	671.144        	671.16724      	671.1557       	671.1679       	671.1657       	671.1761       	671.17883      	671.1523       	671.18713      	671.2164       	671.1924       	671.1991       	671.1694       	671.21326      	671.1803       	671.17065      	671.22723      	671.2141       	671.23627      	671.2579       	671.19714      	671.21545      	671.23676      	671.2359       	671.24146      	671.2626       	671.2432       	671.2581       	671.2662       	671.25195      	671.267        	671.24976      	671.24603      	671.23413      	671.25616      	671.25287      	671.21844      	671.2847       	671.2999       	671.23334      	671.2814       	671.24976      	671.2774       	671.2686       	671.2969       	671.2914       	671.27496      	671.29675      	671.2862       	671.2988       	671.2965       	671.27856      	671.3165       	671.2969       	671.28845      	671.2735       	671.3089       	671.26886      	671.2735       	671.34766      	671.3079       	671.32886      	671.327        	671.3354       	671.3457       	671.3474       	671.34564      	671.3666       	671.3262       	671.32947      	671.3204       	671.3115       	671.33496      	671.33746      	671.3457       	671.32526      	671.34375      	671.35754      	671.26434      	
671.51         	671.5214       	671.4874       	671.5026       	671.4584       	671.45374      	671.4584       	671.47266      	671.4731       	671.45874      	671.47266      	671.4939       	671.4933       	671.48706      	671.51294      	671.49774      	671.52277      	671.5392       	671.4827       	671.4996       	671.5088       	671.49835      	671.52673      	671.50305      	671.53424      	671.5319       	671.51575      	671.5242       	671.5355       	671.53217      	671.5469       	671.551        	671.53864      	671.5628       	671.5445       	671.523        	671.5663       	671.55237      	671.5111       	671.54614      	671.5328       	671.54675      	671.5712       	671.55286      	671.5414       	671.5282       	671.53357      	671.54974      	671.5647       	671.54987      	671.5304       	671.556        	671.5518       	671.54065      	671.5867       	671.5245       	671.5258       	671.5689       	671.5935       	671.4438       	671.37946      	671.3509       	671.31177      	671.24414      	671.62573      	671.5795       	671.60474      	671.5824       	671.6126       	671.6048       	671.3176       	671.3795       	671.42914      	671.1985       	671.6013       	671.6046       	671.607        	671.5497       	671.57196      	671.5759       	671.5769       	671.5903       	671.5746       	671.5606       	671.60126      	671.57043      	671.553        	671.6182       	671.56665      	671.5303       	671.5667       	671.5547       	671.57007      	671.5778       	671.5676       	671.5196       	671.5631       	671.5416       	671.4459       	671.4032       	
671.3985       	671.3828       	671.40234      	671.37823      	671.38055      	671.3584       	671.36707      	671.3901       	671.3793       	671.3623       	671.3643       	671.375        	671.3773       	671.39655      	671.3759       	671.3564       	671.3588       	671.36383      	671.38934      	671.3964       	671.3601       	671.34015      	671.3764       	671.37445      	671.36316      	671.373        	671.36395      	671.37213      	671.34607      	671.357        	671.34485      	671.3119       	671.33734      	671.3115       	671.2891       	671.2726       	671.282        	671.2679       	671.29425      	671.256        	671.29517      	671.3337       	671.2693       	671.2732       	671.3112       	671.2877       	671.2943       	671.27496      	671.309        	671.2825       	671.2985       	671.26794      	671.3023       	671.3141       	671.2594       	671.2916       	671.27856      	671.1317       	671.10156      	671.1407       	671.0996       	671.0938       	670.9933       	671.05865      	671.0984       	671.05164      	671.0558       	671.0374       	671.0394       	671.04565      	671.0524       	671.254        	671.072        	670.9599       	671.0027       	670.9701       	670.8152       	671.1173       	671.2601       	671.2009       	671.251        	671.19525      	671.197        	671.2093       	671.22437      	671.2025       	671.18787      	671.17847      	671.2146       	671.1796       	671.1978       	671.1503       	671.1894       	671.13074      	671.1878       	671.19965      	671.16174      	671.17773      	671.165        	670.9989       	
670.73157      	670.6863       	670.6973       	670.69946      	670.7019       	670.6673       	670.6853       	670.6722       	670.70276      	670.73004      	670.673        	670.68384      	670.69226      	670.6853       	670.71155      	670.7083       	670.6923       	670.72156      	670.695        	670.6868       	670.67566      	670.6992       	670.7115       	670.7003       	670.7346       	670.7226       	670.7125       	670.68176      	670.69183      	670.68854      	670.70416      	670.6826       	670.7055       	670.7077       	670.7002       	670.68524      	670.7084       	670.7083       	670.71027      	670.66345      	670.6589       	670.67926      	670.6604       	670.665        	670.6696       	670.6722       	670.682        	670.67773      	670.64056      	670.6485       	670.6312       	670.62946      	670.6309       	670.64685      	670.4181       	670.34753      	670.4188       	670.40875      	670.4174       	670.4095       	670.49817      	670.40955      	670.4173       	670.3935       	670.4782       	670.58075      	670.655        	670.68726      	670.7093       	670.6979       	670.7062       	670.7255       	670.7245       	670.72015      	670.62164      	670.64         	670.4298       	670.2077       	670.7028       	670.71875      	670.6927       	670.6677       	670.6223       	670.6767       	670.6392       	670.6229       	670.65204      	670.6143       	670.6236       	670.598        	670.6124       	670.61163      	670.6134       	670.64355      	670.65173      	670.63544      	670.6833       	670.6363       	670.6296       	670.6366       	
670.84607      	670.86383      	670.85767      	670.8204       	670.8341       	670.82654      	670.85583      	670.84216      	670.8502       	670.86255      	670.87506      	670.869        	670.8581       	670.8597       	670.81647      	670.8652       	670.9005       	670.8767       	670.8704       	670.862        	670.90686      	670.9171       	670.87885      	670.9209       	670.93176      	670.89966      	670.9054       	670.90326      	670.9121       	670.9153       	670.91223      	670.9042       	670.8923       	670.9145       	670.91046      	670.8866       	670.89417      	670.9278       	670.9157       	670.8948       	670.917        	670.94965      	670.92084      	670.9518       	670.9514       	670.9142       	671.01917      	670.68756      	670.7527       	670.7988       	670.6747       	670.7454       	670.7002       	670.681        	670.7228       	670.73145      	670.87823      	670.829        	670.90265      	671.0351       	670.9928       	671.01575      	671.07446      	671.0438       	671.0811       	671.0924       	671.0485       	671.05286      	671.0763       	671.0995       	671.06195      	671.0653       	671.1116       	671.06195      	671.04114      	671.01996      	670.94464      	670.8342       	670.6676       	671.083        	671.0839       	671.0869       	671.045        	671.07556      	671.0613       	671.05426      	671.03094      	671.08795      	671.0798       	671.0893       	671.10583      	671.1292       	671.1431       	671.102        	671.11755      	671.109        	671.07574      	671.1136       	671.097        	671.0917       	
671.3151       	671.29895      	671.3135       	671.3513       	671.33246      	671.34314      	671.3397       	671.3411       	671.3599       	671.3858       	671.35223      	671.26984      	671.31445      	671.3369       	671.334        	671.351        	671.3461       	671.3277       	671.3305       	671.3233       	671.36884      	671.376        	671.392        	671.36884      	671.3478       	671.3775       	671.3503       	671.35815      	671.3424       	671.3735       	671.40125      	671.4085       	671.3887       	671.3922       	671.3883       	671.39185      	671.38416      	671.4027       	671.3805       	671.42426      	671.39343      	671.40344      	671.32117      	671.1935       	671.11536      	671.1347       	671.11163      	671.0989       	671.09015      	671.179        	671.247        	671.4296       	671.42584      	671.45435      	671.4469       	671.4545       	671.4228       	671.4347       	671.4333       	671.43164      	671.448        	671.4209       	671.4397       	671.4093       	671.4203       	671.4531       	671.4269       	671.4076       	671.39734      	671.3897       	671.3515       	671.3936       	671.40045      	671.3681       	671.3636       	671.33167      	671.30786      	671.21844      	671.0497       	671.053        	671.3764       	671.296        	671.3273       	671.3363       	671.34955      	671.3057       	671.2897       	671.3695       	671.3801       	671.32855      	671.3408       	671.33295      	671.31836      	671.32434      	671.30396      	671.3048       	671.2836       	671.31775      	671.35974      	671.3428       	
671.18317      	671.19495      	671.18835      	671.1938       	671.2069       	671.2171       	671.23755      	671.19574      	671.2001       	671.1972       	671.18774      	671.16656      	671.203        	671.2439       	671.21606      	671.20215      	671.16394      	671.18884      	671.169        	671.15814      	671.1736       	671.1505       	671.138        	671.15533      	671.143        	671.15234      	671.1332       	671.17084      	671.1073       	671.17004      	671.141        	671.1195       	671.14105      	671.1194       	671.1026       	671.138        	671.0878       	671.1105       	671.12897      	671.09045      	671.05457      	670.999        	671.0308       	670.97906      	671.12177      	671.11584      	671.13275      	671.1298       	671.13464      	671.0985       	671.1322       	671.1467       	671.11926      	671.14777      	671.1183       	671.10846      	671.1693       	671.1186       	671.12366      	671.1319       	671.12476      	671.1009       	671.1352       	671.0924       	671.11926      	671.1331       	671.1134       	671.08594      	671.1093       	671.15137      	671.0999       	671.0781       	671.12555      	671.09467      	671.0999       	671.0858       	671.0443       	671.01996      	670.8684       	670.5883       	671.06586      	671.0431       	671.0436       	671.03094      	671.0452       	671.0318       	671.0491       	671.04596      	671.0576       	671.06635      	671.0654       	671.023        	671.0449       	671.03625      	671.03546      	671.0531       	671.0336       	671.004        	671.01184      	671.0153       	
670.81445      	670.80383      	670.8141       	670.8188       	670.8339       	670.8662       	670.8149       	670.8649       	670.8409       	670.83356      	670.84204      	670.81696      	670.8503       	670.9404       	670.85297      	670.8233       	670.85535      	670.8761       	670.8316       	670.8275       	670.9094       	670.8202       	670.8287       	670.8594       	670.8155       	670.8734       	670.8948       	670.8737       	670.894        	670.8808       	670.8969       	670.916        	670.8857       	670.89844      	670.90204      	670.9167       	670.8765       	670.8424       	670.8795       	670.7394       	670.97174      	671.09076      	670.78973      	670.5867       	670.44965      	670.9189       	670.92706      	670.9176       	670.93915      	670.92676      	670.9098       	670.9274       	670.927        	670.9269       	670.9405       	670.9125       	670.9512       	670.9366       	670.9141       	670.9704       	670.9615       	670.9459       	670.953        	670.9488       	670.9205       	670.9332       	670.9545       	670.9088       	670.9258       	670.9405       	670.9452       	670.9255       	670.9267       	670.939        	670.92444      	670.94037      	670.88055      	670.8633       	670.7904       	670.63837      	670.51074      	670.8961       	670.86523      	670.86304      	670.8778       	670.87366      	670.87415      	670.8478       	670.8101       	670.85406      	670.8378       	670.81         	670.83167      	670.8453       	670.8318       	670.8354       	670.83984      	670.82056      	670.79364      	670.8125       	
670.75836      	670.77466      	670.7818       	670.7681       	670.7588       	670.7393       	670.7494       	670.71576      	670.74084      	670.7472       	670.768        	670.7672       	670.7489       	670.76324      	670.76746      	670.7499       	670.7949       	670.8125       	670.82574      	670.7892       	670.81274      	670.79285      	670.8064       	670.8124       	670.8114       	670.8297       	670.7831       	670.7983       	670.8274       	670.8131       	670.8092       	670.7907       	670.83246      	670.8108       	670.8125       	670.8043       	670.80035      	670.7652       	670.7627       	670.7546       	670.9388       	670.95703      	670.83716      	670.5802       	670.74445      	670.74243      	670.689        	670.4397       	670.7763       	670.85547      	670.834        	670.8321       	670.8067       	670.8105       	670.8064       	670.79913      	670.79626      	670.77924      	670.817        	670.80597      	670.794        	670.8096       	670.82166      	670.8277       	670.80945      	670.80786      	670.82336      	670.8379       	670.8251       	670.8014       	670.7784       	670.82056      	670.78455      	670.80804      	670.81146      	670.8316       	670.7987       	670.7799       	670.7323       	670.6055       	670.46124      	670.54224      	670.7935       	670.76965      	670.761        	670.77563      	670.7318       	670.763        	670.7359       	670.7415       	670.7891       	670.7442       	670.7454       	670.71326      	670.7302       	670.69324      	670.73364      	670.7211       	670.7018       	670.69556      	
670.79224      	670.79926      	670.7789       	670.776        	670.78546      	670.7987       	670.82355      	670.8158       	670.7395       	670.56995      	670.53784      	670.5829       	670.63055      	670.4553       	670.74445      	670.84735      	670.87573      	670.8782       	670.8414       	670.8481       	670.8177       	670.80786      	670.85803      	670.8458       	670.87805      	670.889        	670.8682       	670.9108       	670.86743      	670.8762       	670.90375      	670.87085      	670.8743       	670.8466       	670.85394      	670.8437       	670.7748       	670.87396      	670.85504      	670.9351       	671.11847      	671.02454      	671.0273       	670.9707       	670.9137       	670.929        	670.8604       	670.7421       	670.48566      	670.5401       	670.97784      	670.95276      	670.96277      	670.9697       	670.94196      	670.9347       	670.9626       	670.9562       	670.95807      	670.9707       	670.93787      	670.9912       	670.9457       	670.94885      	670.9688       	670.9726       	670.99475      	670.97595      	670.97925      	671.0202       	670.9735       	670.9997       	671.0216       	670.99023      	671.02094      	670.99274      	671.0185       	670.9809       	670.93176      	670.8822       	670.67035      	670.6416       	670.99866      	670.98157      	670.99945      	671.00195      	670.98883      	670.98816      	671.0062       	670.9809       	671.0107       	670.9952       	671.0022       	671.027        	670.96606      	670.98535      	670.98596      	670.9931       	671.0022       	671.0048       	
671.0209       	671.0009       	671.02484      	671.0863       	671.0697       	671.04047      	671.0241       	671.0075       	671.03723      	671.0849       	671.0707       	671.1855       	671.16925      	671.1349       	671.14545      	671.16907      	671.0235       	671.00305      	671.4143       	671.37115      	671.38153      	671.3813       	671.3731       	671.3802       	671.3822       	671.4104       	671.4032       	671.4137       	671.43353      	671.4216       	671.401        	671.4064       	671.42163      	671.4547       	671.4083       	671.44403      	671.63385      	671.7181       	671.72424      	671.7041       	671.60614      	671.58813      	671.5872       	671.56683      	671.50793      	671.43207      	671.49286      	671.47723      	671.35425      	671.1558       	670.99866      	671.5907       	671.5527       	671.56177      	671.5385       	671.5297       	671.5394       	671.5522       	671.5392       	671.54065      	671.5605       	671.55554      	671.5499       	671.5729       	671.54645      	671.56683      	671.56683      	671.567        	671.60706      	671.57916      	671.6          	671.5561       	671.59076      	671.57446      	671.54535      	671.56683      	671.57007      	671.55493      	671.5121       	671.48004      	671.3942       	671.1471       	671.3457       	671.5317       	671.4821       	671.46674      	671.4763       	671.4596       	671.4858       	671.46094      	671.4973       	671.5003       	671.50824      	671.53094      	671.5364       	671.54596      	671.5556       	671.51636      	671.531        	671.50494      	
671.54395      	671.5282       	671.5646       	671.6858       	671.7274       	671.8239       	671.8616       	671.84467      	671.88904      	671.8453       	671.89215      	671.893        	671.90063      	671.8961       	671.84827      	671.8082       	671.7683       	671.39294      	671.6827       	671.8565       	671.8611       	671.91254      	671.86584      	671.85754      	671.86163      	671.83215      	671.84467      	671.8867       	671.8558       	671.87946      	671.8699       	671.9174       	671.87756      	671.8913       	671.90405      	671.79456      	671.83453      	671.91754      	672.0498       	671.9255       	671.7223       	672.1455       	672.09546      	672.0146       	671.9806       	671.86255      	671.9005       	672.12054      	671.86237      	671.6686       	671.4336       	671.9929       	672.00494      	671.95276      	671.9756       	671.98663      	671.9682       	671.983        	671.9681       	671.9895       	672.0087       	671.9912       	672.018        	672.00037      	672.00256      	672.00323      	671.9691       	671.9765       	671.9697       	671.9846       	671.97375      	671.9967       	672.0051       	671.96295      	671.9962       	671.9974       	671.9641       	671.9681       	671.92847      	671.86816      	671.8206       	671.74243      	671.49835      	671.86676      	671.94183      	671.9389       	671.9281       	671.934        	671.8982       	671.89185      	671.9007       	671.8925       	671.9262       	671.92017      	671.9278       	671.90826      	671.916        	671.9277       	671.8906       	671.89886      	
672.00885      	672.0032       	672.0193       	672.0193       	672.0325       	672.03784      	672.06775      	672.04266      	672.0653       	672.09735      	672.07025      	672.0429       	672.0557       	672.05035      	672.02057      	671.9949       	671.9718       	671.88055      	671.61743      	671.89526      	672.0087       	672.02405      	671.9893       	671.98004      	672.0374       	672.0287       	672.00684      	672.005        	672.0077       	672.00085      	672.0321       	672.00464      	671.97986      	672.0312       	672.0439       	671.9522       	672.0647       	671.88074      	671.96484      	672.00104      	671.85254      	671.89154      	672.20807      	672.1394       	672.06         	671.98016      	671.86914      	672.01215      	671.9774       	671.7515       	671.981        	672.1279       	672.1059       	672.0951       	672.0929       	672.13055      	672.1093       	672.0947       	672.0984       	672.11597      	672.1012       	672.13074      	672.094        	672.0934       	672.0812       	672.058        	672.0801       	672.0902       	672.096        	672.1054       	672.12524      	672.10803      	672.07623      	672.11536      	672.12103      	672.0953       	672.1221       	672.1218       	672.15076      	672.0702       	672.0586       	671.89246      	671.6416       	671.96686      	672.0596       	672.0343       	672.0469       	672.0582       	672.0538       	672.0742       	672.05804      	672.05304      	672.06256      	672.0592       	672.0408       	672.0308       	672.0755       	672.04913      	672.03094      	672.03406      	
672.2533       	672.2569       	672.25543      	672.27155      	672.298        	672.26276      	672.2345       	672.23175      	672.2757       	672.2991       	672.3151       	672.26556      	672.3104       	672.2839       	672.2521       	672.2112       	672.1804       	672.09045      	672.0102       	671.78375      	672.2063       	672.21124      	672.19617      	672.19336      	672.26404      	672.23663      	672.25354      	672.25446      	672.27136      	672.2542       	672.2352       	672.24457      	672.24915      	672.24445      	672.2285       	672.22644      	672.25836      	672.10425      	672.31256      	672.3368       	672.2742       	672.1444       	672.3239       	672.27386      	672.182        	672.0808       	672.0319       	671.94794      	672.316        	672.2976       	672.27563      	672.31946      	672.3126       	672.25684      	672.31274      	672.2903       	672.32196      	672.33594      	672.3304       	672.3253       	672.3408       	672.3385       	672.3265       	672.3227       	672.3406       	672.3155       	672.3556       	672.32513      	672.34247      	672.35754      	672.328        	672.3479       	672.34766      	672.327        	672.36194      	672.36206      	672.36536      	672.35645      	672.3666       	672.33704      	672.2733       	672.2659       	672.1749       	671.8588       	672.3097       	672.3436       	672.37573      	672.3478       	672.3249       	672.3093       	672.3252       	672.33624      	672.32996      	672.302        	672.33136      	672.3291       	672.32263      	672.365        	672.34576      	672.3824       	
672.7694       	672.7549       	672.7457       	672.7856       	672.7787       	672.7709       	672.7681       	672.8098       	672.7335       	672.7589       	672.80786      	672.8136       	672.80084      	672.81805      	672.82434      	672.8073       	672.7548       	672.69763      	672.6341       	672.4083       	672.5343       	672.8453       	672.7828       	672.7952       	672.76843      	672.78125      	672.81433      	672.79004      	672.8047       	672.8633       	672.852        	672.8548       	672.8439       	672.8103       	672.82184      	672.81793      	672.7835       	672.80133      	672.7794       	672.7881       	672.7853       	672.75323      	672.7016       	672.6344       	672.8194       	672.9526       	672.9776       	672.9586       	672.89966      	672.91003      	672.9177       	672.9154       	672.9021       	672.9371       	672.914        	672.89685      	672.9283       	672.8962       	672.90295      	672.9109       	672.9239       	672.9043       	672.91284      	672.9092       	672.9102       	672.9153       	672.8698       	672.8868       	672.91675      	672.9386       	672.90015      	672.94867      	672.97876      	672.9058       	672.9434       	672.93445      	672.94934      	672.9512       	672.9396       	672.9301       	672.8906       	672.8272       	672.8062       	672.6283       	672.54395      	672.9185       	672.86957      	672.90137      	672.9031       	672.8661       	672.8831       	672.8874       	672.85675      	672.8903       	672.8637       	672.87933      	672.8656       	672.8583       	672.88745      	672.9408       	
673.06683      	673.02924      	673.02936      	673.0153       	673.0261       	673.0349       	673.0362       	673.0296       	673.03375      	673.03125      	673.0077       	673.0544       	673.04126      	673.0245       	673.05566      	673.0528       	672.9912       	672.9711       	672.9173       	672.7208       	672.595        	673.041        	672.99164      	673.00183      	673.0079       	672.9689       	672.9912       	672.97955      	672.9532       	672.9997       	672.9833       	672.9762       	672.9938       	672.9846       	672.99634      	672.985        	672.9813       	672.9721       	672.9555       	672.9706       	672.9774       	672.959        	672.8056       	672.8113       	672.7421       	673.0603       	673.0544       	673.0735       	673.05084      	673.00183      	673.04285      	673.0318       	673.04974      	673.0475       	673.04333      	673.03937      	673.0569       	673.0469       	673.04663      	673.0514       	673.03766      	673.02515      	673.07513      	673.0619       	673.05334      	673.0837       	673.1013       	673.0992       	673.078        	673.08746      	673.0846       	673.1254       	673.0896       	673.11456      	673.0951       	673.07196      	673.08765      	673.1067       	673.13617      	673.0688       	673.086        	672.9867       	672.9895       	672.8747       	672.67676      	672.832        	673.0438       	673.03253      	673.01184      	672.9767       	673.01306      	673.0297       	673.02563      	673.0527       	673.024        	672.99835      	673.03503      	673.0377       	673.0685       	673.01984      	
672.8597       	672.8487       	672.8222       	672.84705      	672.8528       	672.8688       	672.87524      	672.833        	672.84973      	672.8412       	672.86273      	672.8464       	672.8439       	672.8536       	672.81616      	672.8193       	672.8389       	672.73254      	672.7167       	672.5995       	672.3992       	672.54877      	672.78876      	672.7815       	672.72296      	672.71686      	672.7346       	672.71814      	672.73157      	672.69476      	672.70734      	672.72437      	672.6736       	672.70825      	672.7053       	672.68445      	672.669        	672.6783       	672.6543       	672.6523       	672.6413       	672.64954      	672.6365       	672.5505       	672.52386      	672.5937       	672.79626      	672.7904       	672.7324       	672.7436       	672.7379       	672.7438       	672.74164      	672.75775      	672.7247       	672.7333       	672.7513       	672.74994      	672.7347       	672.7309       	672.71576      	672.7735       	672.7001       	672.6521       	672.7201       	672.69366      	672.7253       	672.7169       	672.6797       	672.6966       	672.6689       	672.67926      	672.6749       	672.70856      	672.6646       	672.6567       	672.6603       	672.67523      	672.66046      	672.7022       	672.6615       	672.5882       	672.57495      	672.55084      	672.3216       	672.2147       	672.64935      	672.56067      	672.5963       	672.5673       	672.54535      	672.55597      	672.55695      	672.5543       	672.5553       	672.5625       	672.6003       	672.574        	672.55304      	672.5445       	
672.4762       	672.3653       	672.3497       	672.41565      	672.4004       	672.4315       	672.3904       	672.4049       	672.43195      	672.4807       	672.48425      	672.46423      	672.4481       	672.476        	672.46484      	672.4784       	672.4128       	672.41364      	672.38586      	672.3304       	672.2829       	671.91675      	672.43195      	672.3938       	672.3942       	672.36316      	672.3376       	672.3287       	672.3608       	672.3594       	672.3353       	672.35156      	672.3411       	672.349        	672.329        	672.32184      	672.33923      	672.30945      	672.32104      	672.29645      	672.3147       	672.30786      	672.3235       	672.338        	672.1894       	672.20825      	672.42847      	672.454        	672.44403      	672.40466      	672.3646       	672.3898       	672.3904       	672.3792       	672.3627       	672.3757       	672.3687       	672.3769       	672.4055       	672.40686      	672.3906       	672.3616       	672.3829       	672.3626       	672.3517       	672.3503       	672.35394      	672.3499       	672.3479       	672.3611       	672.33984      	672.32806      	672.35876      	672.36         	672.34735      	672.3704       	672.33795      	672.3841       	672.3786       	672.40405      	672.38086      	672.34534      	672.2861       	672.23895      	672.15894      	671.9339       	672.05206      	672.3204       	672.28864      	672.2913       	672.31085      	672.2878       	672.29553      	672.3344       	672.29425      	672.28424      	672.287        	672.2738       	672.2932       	672.24414      	
