# www.neaspec.com
# Scan:	 	AFM
# Project:	 	20251007_PS
# Description:	 	
# Date:	 	10/07/2025 10:43:47
# Scanner Center Position (X, Y):	[µm]	49.99	50.01	 
# Rotation:	[°]	0	 	 
# Scan Area (X, Y, Z):	[µm]	5.000	5.000	0.000
# Pixel Area (X, Y, Z):	[px]	100	50	1
# Averaging:	 	1	 	 
# Integration time:	[ms]	5	 	 
# Laser Source:	 	4.5-15 µm nano-FTIR laser
# Detector:	 	R
# Target Wavelength:	[µm]	7.502	 	 
# Demodulation Mode:	 	Fourier
# Tip Frequency:	[Hz]	241,340.500	 	 
# Tip Amplitude:	[mV]	45.700	 	 
# Tapping Amplitude:	[nm]	79.665	 	 
# Modulation Frequency:	[Hz]	0.000	 	 
# Modulation Amplitude:	[mV]	0.000	 	 
# Modulation Offset:	[mV]	0.000	 	 
# Setpoint:	[%]	79.75	 	 
# Regulator (P, I, D):	 	4.206850	8.625812	1.000000
# Tip Potential:	[mV]	0.000	 	 
# M1A Scaling:	[nm/V]	0.426	 	 
# M1A Cantilever Factor:	 	1,000	 	 
# Q-Factor:	 	487.4	 	 
# Version:	 	2.1.11536.0
1.9692158      	1.9890357      	1.9771978      	1.9430636      	1.9384378      	1.9472286      	1.9467822      	1.933174       	1.9227871      	1.9632885      	1.9239818      	1.939725       	1.9631875      	1.9136333      	1.9481819      	1.9354722      	1.9433806      	1.9525551      	1.933909       	1.8939159      	1.9007257      	1.9538183      	1.9396516      	1.9613642      	1.943701       	1.9063942      	1.9647512      	1.9502978      	1.9319476      	1.9039872      	1.9720854      	1.940663       	1.9461751      	1.921832       	1.9445847      	1.9440247      	1.9335053      	1.953737       	1.9166907      	1.966121       	1.9331619      	1.9352398      	1.9086919      	1.8813825      	1.9209999      	1.9360098      	1.9337081      	1.9509425      	1.9808261      	1.964854       	1.9580871      	1.9276501      	1.9765571      	1.9442629      	1.9647093      	1.9342098      	2.0202208      	1.9209418      	1.9498082      	1.9533722      	1.9571085      	1.9447752      	1.9256961      	1.9556403      	1.9479569      	1.9401535      	1.9966757      	1.9430655      	1.9035602      	1.9613525      	1.9599653      	1.939927       	1.9299897      	1.9476011      	1.9670483      	1.9164072      	1.9755108      	1.9667541      	1.9184886      	1.9247822      	1.9136528      	1.9184115      	1.9139961      	1.9544247      	1.9466189      	1.9564061      	2.959596       	-2.5063958     	-2.6631293     	-2.4728804     	-2.4259765     	-2.5021653     	-2.4863734     	-2.541605      	3.0073059      	-3.127434      	2.8864598      	2.3725872      	2.0979328      	2.087099       	
1.9201373      	1.9486234      	1.9624654      	1.969571       	1.9833615      	1.9280303      	1.9490253      	1.9684583      	1.9389955      	1.9665556      	1.9975406      	1.9423078      	1.9453748      	1.9171985      	1.9369441      	1.9340478      	1.9162207      	2.002936       	1.9365845      	1.9319234      	1.9583592      	1.9390767      	1.9619383      	1.9125167      	1.9492234      	1.9771833      	1.9724745      	1.9485658      	1.9867207      	1.9292339      	1.9633812      	1.9431573      	1.9449588      	1.9347157      	1.9405075      	1.920224       	1.9085193      	1.9233186      	1.9746171      	1.9544469      	1.9136126      	1.9440976      	1.9596053      	1.934841       	1.9273595      	1.9249021      	1.9304636      	1.9634181      	1.9371774      	1.9218626      	1.9515145      	1.9511505      	1.9581982      	1.9733185      	1.976045       	1.9637884      	1.9466742      	1.9517782      	1.9184381      	1.9512672      	1.9120485      	1.9459612      	1.9557503      	1.8978696      	1.9689792      	1.9668238      	1.9180434      	1.9282516      	1.9677731      	1.9605371      	1.9467484      	1.9744997      	1.9159087      	1.9223698      	1.969176       	1.881225       	1.9802381      	1.9501636      	1.9245069      	1.9422973      	1.9283057      	1.9481978      	1.9619197      	1.9596106      	1.946413       	2.0999599      	-2.1373692     	-2.742528      	2.7233143      	3.089416       	2.45511        	2.0864654      	1.9973161      	1.9485031      	1.9685991      	1.9496752      	1.9544677      	1.9572684      	1.9438732      	1.9543793      	
1.9315587      	1.9787029      	1.9853582      	1.9266878      	1.9075857      	1.9798868      	1.9478847      	1.9108446      	1.9489859      	1.966312       	1.9290501      	1.9501395      	1.9119736      	1.9502733      	1.9811487      	1.9425963      	1.9533657      	1.980378       	1.9209347      	1.9238068      	1.9417665      	1.9234426      	1.9127568      	1.9417906      	1.9511217      	1.9573509      	1.9307665      	1.8980535      	1.9803177      	1.8892889      	1.9266983      	1.9087538      	1.9352967      	1.9732966      	1.9388136      	1.9531008      	1.9541324      	1.9437983      	1.924248       	1.9580363      	1.9454273      	1.9308803      	1.9399614      	1.9729011      	1.9467489      	1.925798       	1.9262525      	1.9015236      	1.8914949      	1.9400086      	1.966401       	1.9453651      	1.9261872      	1.964254       	1.9101549      	1.9875709      	1.936166       	1.9579377      	1.9489253      	1.9588642      	1.934913       	1.9328746      	1.9642696      	1.9135128      	1.9222163      	1.9586803      	1.9400479      	1.9359076      	1.9453993      	1.9422601      	1.9664791      	1.9376446      	1.9447991      	1.9451629      	1.9521369      	1.9563535      	1.9428703      	1.9442306      	1.9236519      	1.9247577      	1.9672121      	1.9307051      	1.91149        	2.6763248      	-3.1310623     	2.2784064      	1.9980053      	1.9329137      	1.943204       	1.9453624      	1.9475693      	1.9447656      	1.9496468      	1.9407455      	1.9586288      	1.95602        	1.9462059      	1.9803612      	1.9638137      	1.9412684      	
1.9499764      	1.9741011      	1.95536        	1.9187616      	1.926358       	1.964152       	1.9300735      	1.9752786      	1.9270076      	1.9491781      	1.9488496      	1.9192857      	1.9476796      	1.9563274      	1.9137906      	1.9467645      	1.9466993      	1.9539818      	1.9337742      	1.9361788      	1.9462         	1.9766455      	1.9017876      	1.9524146      	1.9931769      	1.9559853      	1.9141712      	1.9234492      	1.9358828      	1.8918725      	1.9244392      	1.9619662      	1.9436636      	1.9204366      	1.9524516      	1.9490879      	1.9201258      	1.9656065      	1.9289855      	1.9835335      	1.9485633      	1.9067756      	1.8996282      	1.925396       	1.9192148      	1.9338411      	1.972068       	1.9412891      	1.9316801      	1.9597052      	1.978136       	1.9493171      	1.9644483      	1.9233569      	1.9732958      	1.9688841      	1.9267393      	1.9355048      	1.9620979      	1.9648327      	1.9470581      	1.9519819      	1.9030248      	1.9252473      	1.9434305      	1.9791399      	1.9442083      	1.9431677      	1.9241577      	1.9078642      	1.954063       	1.9586182      	1.9326919      	1.936268       	1.9828721      	1.889534       	1.9625065      	1.9518354      	1.9212928      	1.9504766      	1.9722494      	1.9481407      	1.8946522      	2.61211        	2.3399973      	2.005541       	2.0305848      	2.0262806      	2.0126123      	1.9630619      	1.9531856      	1.9296749      	1.9556135      	1.934489       	1.957946       	1.9857259      	1.9512662      	1.91442        	1.972914       	1.9375719      	
1.926951       	1.9409039      	1.9384166      	1.9433976      	1.938469       	1.9452616      	1.988128       	1.9089297      	1.9403933      	1.9050874      	1.9223455      	1.9823593      	1.9174672      	1.986765       	1.9335395      	1.9414457      	1.9556168      	1.9483955      	1.9401037      	1.8925066      	1.9590205      	1.9265884      	1.9366559      	1.9536911      	1.958354       	1.9557812      	1.9653485      	1.9608047      	1.9293364      	1.9327253      	1.95649        	1.9110602      	1.9153651      	1.9552842      	1.9295466      	1.9756045      	1.9481053      	1.911143       	1.9801034      	1.9907247      	1.9229332      	1.9440509      	1.8972007      	1.9282496      	1.9371957      	1.9365343      	1.9662092      	1.9343005      	1.9091443      	1.9651196      	1.9128115      	1.9498309      	1.9917551      	1.9204148      	1.8787498      	2.6008136      	-2.7471488     	1.8451874      	1.9156228      	1.9289687      	1.9108019      	1.9233731      	1.8635774      	1.9495257      	1.9217484      	1.9008614      	1.9384044      	1.931653       	1.901163       	1.9550327      	1.9434766      	1.925536       	1.908783       	1.9391468      	1.9434582      	1.9053416      	1.9248898      	1.95156        	1.9641832      	1.9108216      	1.9374276      	1.9275218      	2.6200664      	-2.259471      	3.1099725      	1.9227663      	2.1094766      	2.0202098      	1.9614359      	1.963519       	1.9719516      	1.9991906      	1.9566829      	1.967848       	1.9948373      	1.9822755      	1.9353651      	1.9820826      	1.9689399      	1.9326802      	
1.9459499      	1.9374074      	1.9654797      	1.924489       	1.9372722      	1.9322155      	1.949429       	1.9150093      	1.9406997      	1.9344614      	1.9811679      	1.9469326      	1.9202713      	1.9677886      	2.006369       	1.9355965      	1.9252387      	1.9108595      	1.9259546      	1.9419492      	1.9299413      	1.8998084      	1.9454845      	1.9465832      	1.926745       	1.9602135      	1.9718164      	1.9024622      	1.9695578      	1.9309375      	1.9240724      	1.9412081      	1.9398159      	1.9447287      	1.9282771      	1.9508201      	1.9304013      	1.8872976      	1.9496014      	1.9206611      	1.9338405      	1.9276949      	1.9088775      	1.9338962      	1.9417633      	1.9480512      	1.9173661      	1.8921112      	2.157701       	-2.7541785     	-2.7854648     	-2.718732      	-2.606409      	-2.6376786     	-2.6412668     	-2.56624       	-2.675417      	-2.2889655     	-2.1015759     	2.4301016      	1.925733       	2.0480433      	1.969583       	1.9097995      	1.9084245      	1.9135706      	1.9158269      	1.9405597      	1.9235977      	1.9581854      	1.9169976      	1.9507904      	1.9533343      	1.8899096      	1.9308928      	1.9165269      	1.9820045      	1.9559909      	1.9162697      	1.9692582      	1.9469478      	1.9362887      	1.9255167      	-2.9079287     	-2.3754253     	2.6428125      	2.0182111      	2.0077345      	1.9739166      	1.9200999      	1.9329559      	1.9681187      	1.9182663      	1.9651324      	1.9889692      	1.9886199      	1.9423711      	1.9604452      	1.9670867      	1.9798862      	
1.9497509      	1.9675672      	1.9347637      	1.9505118      	1.9473946      	1.9352983      	1.9442523      	1.930684       	1.9486569      	1.9587952      	1.9532053      	1.9254029      	1.8982943      	1.9142956      	1.9721161      	1.9548697      	1.928611       	1.915039       	1.96383        	1.9176701      	1.9399241      	1.9296997      	1.9037777      	1.8850131      	1.9707292      	1.960633       	1.9821213      	1.9625612      	1.9281808      	1.9244436      	1.952665       	1.9046191      	1.9212395      	1.9021388      	1.947568       	1.9513757      	1.9385055      	1.9234451      	1.9413251      	1.901355       	2.284956       	2.402789       	-2.5704865     	-2.6842613     	-2.532557      	-2.5219011     	-2.490458      	-2.4858952     	-2.489342      	-2.5453815     	2.9084983      	3.0504         	2.3674474      	2.102673       	2.10206        	1.9947106      	1.9763898      	2.0035923      	2.0621057      	2.1946852      	2.9604235      	2.0481286      	1.9250268      	1.918788       	1.9412645      	1.9058535      	1.9357212      	1.9208382      	1.9398712      	1.9602784      	1.9474471      	1.9311376      	1.9365762      	1.9240354      	1.9144741      	1.9227648      	1.9557132      	1.9442664      	1.9280677      	1.9316236      	1.9358855      	1.9214599      	1.9177239      	2.4788427      	-2.29202       	-2.9015703     	1.941525       	2.053372       	2.037074       	2.0037656      	2.0128946      	1.955039       	1.9893159      	1.972537       	1.9129225      	1.9470675      	1.9232954      	1.962717       	1.9437673      	1.943734       	
1.9456719      	1.9322573      	1.9529057      	1.9312944      	1.9153872      	1.9634334      	1.9451275      	1.8990108      	1.9253644      	1.9971815      	1.9531084      	1.9540337      	1.9555384      	1.9586817      	1.9660348      	1.9702641      	1.924338       	1.9232439      	1.9425677      	1.9470798      	1.9788543      	1.9138243      	1.9477943      	1.9395581      	1.9376243      	1.9281133      	1.9740891      	1.9592193      	1.9220027      	1.9092379      	1.9556838      	1.9107689      	1.9660679      	-2.8318439     	-2.4308128     	-2.6540515     	-2.5938928     	-2.5885553     	-2.5691915     	-2.5076509     	-2.5137677     	-2.545809      	3.020784       	-2.3232899     	-2.8730628     	2.5212555      	2.30457        	2.1746418      	1.9933264      	1.9776993      	2.014203       	1.9576716      	1.9718622      	1.9288274      	1.9630506      	1.9319593      	1.9164126      	1.9601493      	2.0392618      	2.1135135      	2.4306517      	-2.921491      	2.7401123      	1.8583995      	1.9259529      	1.8903273      	1.8977784      	1.935653       	1.9110335      	1.9396926      	1.9399647      	1.90968        	1.9205295      	1.9271859      	1.8723607      	1.9439048      	1.8920941      	1.9147654      	1.9652926      	1.9129348      	1.912418       	1.938104       	1.9405938      	1.9459747      	-2.7426805     	-2.4215488     	2.0825672      	2.075509       	2.0418525      	1.938054       	1.9833548      	1.9588281      	1.9450116      	1.9213235      	1.911866       	1.9696702      	1.8999836      	1.9875542      	1.9414213      	1.9247035      	
1.9031397      	1.9171668      	1.9311087      	1.9390248      	1.9292064      	1.9207165      	1.965632       	1.9503385      	1.9197518      	1.8838065      	1.9589994      	1.9095565      	1.9413255      	1.9908303      	1.8903215      	1.9070358      	1.9361069      	1.9424646      	1.9453441      	1.9214711      	1.9597926      	1.9380518      	1.9319981      	1.970264       	1.9185783      	1.9419019      	2.196256       	-2.6281586     	-2.6466193     	-2.526516      	-2.5607514     	-2.5087667     	-2.4606495     	-2.48736       	-2.5494938     	2.9617832      	-3.0267184     	2.4640632      	2.4875054      	2.1803918      	2.0567245      	2.026978       	1.9724046      	1.930697       	1.9360029      	1.9367026      	1.9162308      	1.9460198      	1.945238       	1.9518279      	1.9694887      	1.9586402      	1.9514985      	1.9351327      	1.925539       	1.9488338      	1.9550653      	1.9249276      	1.9628499      	2.0579004      	2.167571       	2.4136596      	-2.9958894     	1.8411134      	1.9268948      	1.911578       	1.9206269      	1.907626       	1.9511628      	1.9365928      	1.9053258      	1.9425309      	1.8891678      	1.9375414      	1.9234275      	1.9251448      	1.9442431      	1.9266993      	1.9046526      	1.9664677      	1.9030893      	1.9404927      	1.9423355      	1.911603       	2.4919899      	-2.3848717     	-2.768905      	1.9461155      	2.0555792      	2.0082612      	1.9804527      	1.951147       	1.9620688      	1.9508694      	1.9524456      	1.9351206      	1.9633662      	1.9306949      	1.9739481      	1.9866959      	
1.9502964      	1.940565       	1.9141558      	1.9326469      	1.9708006      	1.9425914      	1.9157745      	1.9674523      	1.9214525      	1.897578       	1.935716       	1.9123335      	1.9516798      	1.9497056      	1.9293755      	1.9181617      	1.9337808      	1.9517661      	1.9702979      	1.9486098      	1.9516207      	1.903097       	1.9528928      	1.930711       	1.9336661      	1.94314        	1.9086522      	-2.5250473     	-3.0928738     	3.1166997      	2.6465156      	2.1535444      	2.043271       	2.0474038      	1.952413       	1.9339076      	1.9253894      	1.9547358      	1.9432038      	1.9134794      	1.9454206      	1.9729779      	1.9425731      	1.9505749      	1.9469709      	1.9764057      	1.9574962      	1.9020075      	1.9794377      	1.9730273      	1.9295002      	1.9549359      	1.9161406      	1.9624962      	1.948594       	1.9719955      	1.950186       	1.929602       	1.9633687      	2.0592809      	2.112037       	2.3865514      	3.1073263      	2.7681155      	1.869491       	1.9234587      	1.8941488      	1.9068336      	1.9401581      	1.9325379      	1.9149526      	1.9072484      	1.9330913      	1.9483196      	1.8872925      	1.9153053      	1.8986235      	1.920918       	1.9622927      	1.9395849      	1.9707268      	1.9146214      	1.8928275      	1.9887708      	1.9148028      	-2.4714277     	-2.3263056     	2.6448805      	1.9838874      	2.0087547      	1.9278728      	1.9833176      	1.9896542      	1.9465832      	1.9203349      	1.9600044      	1.9472672      	1.9897302      	1.9722571      	1.9336181      	
1.9653205      	1.9766942      	1.9474562      	1.9398081      	1.9371705      	1.9382722      	1.947937       	1.9405619      	1.9151994      	1.9253645      	1.9354223      	1.9237691      	1.945408       	1.9591205      	1.9098834      	1.9427112      	1.9400043      	1.9135606      	1.9174209      	1.941712       	1.9424487      	1.9575431      	1.9528633      	2.0426834      	2.9052851      	2.5128891      	2.0244224      	1.9642489      	1.9645996      	1.9605051      	1.953787       	1.9421294      	1.9225215      	1.9447991      	1.9490103      	1.9321954      	1.9861393      	1.9462154      	1.9481825      	2.507206       	2.9753325      	2.378456       	2.2571044      	2.3105075      	1.940384       	1.8354796      	1.9373702      	1.9513476      	1.9453934      	1.9787476      	1.9285136      	1.955985       	1.927971       	1.9228393      	1.9834775      	1.9752022      	1.9764793      	1.9494712      	1.9374112      	1.981153       	2.111533       	2.155551       	2.398807       	-2.8183835     	1.9396421      	1.904867       	1.9035178      	1.9480124      	1.9088986      	1.912103       	1.9472705      	1.9300752      	1.9274209      	1.9372514      	1.9334122      	1.9113464      	1.925824       	1.9035741      	1.9318118      	1.9274598      	1.9159938      	1.9172856      	1.9454762      	1.9357387      	1.9576219      	2.3539023      	-2.3274527     	-2.710855      	1.9336743      	2.0398955      	2.0381749      	2.0243964      	2.0231752      	1.9201406      	1.9769036      	1.9245046      	1.9419487      	2.0051131      	1.94736        	1.962341       	
1.9816141      	1.9593116      	1.9436033      	1.9168636      	1.9000484      	1.9014277      	1.899629       	1.9437362      	1.9466726      	1.9116637      	1.9718463      	1.9051275      	1.9281558      	1.9697295      	1.9411125      	1.9741518      	1.9283919      	1.9368573      	1.9246836      	1.9148909      	1.9041752      	1.9526075      	1.9628531      	2.543883       	2.792795       	2.1323767      	2.0040712      	2.000643       	1.9908338      	1.9244273      	1.9445484      	1.9266213      	1.9543039      	1.9182471      	1.997918       	1.9970363      	1.9537897      	1.9433911      	1.9482862      	1.9376196      	2.2381449      	3.0567417      	2.1207023      	1.9397509      	1.9118576      	1.9421917      	1.9315006      	1.9413635      	1.9800946      	1.9559938      	1.9320644      	1.9302471      	1.9650817      	1.9479876      	1.9718771      	1.974485       	1.9342717      	1.9544207      	2.0035844      	1.9685092      	2.0023236      	2.0654578      	2.1524744      	2.540094       	-3.0837994     	1.8933132      	1.9108459      	1.9832441      	1.9085504      	1.9096564      	1.9368055      	1.931478       	1.9591652      	1.9357287      	1.927524       	1.9968956      	1.9566826      	1.937765       	1.9297565      	1.9782947      	1.9260724      	1.9341487      	1.953863       	1.9527379      	1.929949       	1.9401681      	-2.6841674     	-2.4126618     	-2.9967928     	1.9158183      	2.0709624      	1.9722217      	1.9540851      	1.9858099      	1.9536568      	1.9185146      	1.959578       	1.9517132      	1.9186763      	1.9525694      	
1.9611105      	1.978634       	1.9384443      	1.927075       	1.9590135      	1.9581419      	1.9532818      	1.9357415      	1.9376594      	1.9360319      	1.957713       	1.9360366      	1.9404045      	1.9268053      	1.9599676      	1.91515        	1.9346622      	1.9604342      	1.9059451      	1.9408051      	1.9751977      	1.939816       	1.9015046      	-2.9530144     	-2.8222046     	2.006455       	1.9621421      	1.9835666      	1.9744041      	1.9667788      	1.9671443      	1.9562773      	1.986353       	1.9616135      	1.9624557      	1.9426364      	1.9828479      	1.9381906      	1.95779        	1.9467733      	1.987287       	2.0197744      	1.9492992      	1.9303558      	2.0191984      	1.9584211      	1.9302756      	2.0137057      	2.0223634      	1.9489696      	1.9838194      	1.96649        	1.9738097      	1.9930089      	1.9738029      	1.9772644      	1.9767883      	1.9523482      	1.9362606      	1.9276887      	1.9790087      	2.0840473      	2.1099296      	2.3093228      	3.0305598      	2.4462368      	1.8828068      	1.8929322      	1.9266948      	1.8984398      	1.9809903      	1.9046522      	1.9414705      	1.9067434      	1.9141492      	1.9498328      	1.925352       	1.9338588      	1.9076918      	1.9551839      	1.9432739      	1.9328609      	1.9193511      	1.9402158      	1.9604485      	1.9581838      	2.0103729      	-2.378992      	-2.4432967     	2.3561103      	2.0840693      	2.0089169      	1.9565314      	1.9444767      	1.9229574      	2.008695       	1.966276       	1.9332303      	1.9502436      	1.9932925      	
1.9803352      	1.9955835      	1.9675578      	1.947859       	1.9192578      	1.927428       	1.9191374      	1.933622       	1.9290051      	1.9610227      	1.894991       	1.9365748      	1.9158918      	1.9185061      	1.9509205      	1.9477147      	1.9293791      	1.9328816      	1.9150754      	1.9150194      	1.9179915      	1.9441317      	1.9541546      	2.1594296      	-2.6114292     	2.6846514      	1.9349171      	2.0360093      	1.971159       	1.9698652      	1.9881519      	1.9633586      	1.9250351      	1.9531598      	1.9538965      	1.99909        	1.9535589      	1.968178       	1.9820482      	1.9677801      	1.9632903      	1.9699655      	1.9428887      	1.9558041      	1.9732563      	1.9746767      	1.9706705      	1.9309049      	1.9592083      	1.9655933      	1.977224       	1.9502475      	1.9416972      	1.9920789      	1.9223064      	1.955128       	1.958641       	1.9307725      	1.9396628      	1.9343559      	1.9463738      	1.9884092      	2.1035185      	2.2154088      	2.5430808      	-2.8438606     	1.8095808      	1.8785809      	1.9033173      	1.8735129      	1.9454688      	1.9415473      	1.9098417      	1.9409226      	1.9460043      	1.8856395      	1.9353586      	1.9095962      	1.9613189      	1.937584       	1.9019928      	1.9907883      	1.9000623      	1.9374288      	1.9713327      	1.9222127      	1.9193417      	2.120925       	-2.4439287     	-2.8316123     	2.0096397      	2.0204213      	1.9812293      	1.9533285      	1.9679079      	1.9413639      	1.9716246      	1.9465455      	1.9448885      	1.8883848      	
-2.1354861     	3.1158319      	2.0663066      	1.9102141      	1.9465336      	1.9483763      	1.9022523      	1.9451278      	1.9237736      	1.9314166      	1.9526682      	1.913947       	1.9323837      	1.9016887      	1.9524577      	1.9696304      	1.9152015      	1.9142646      	1.9010888      	1.9480667      	1.969458       	1.9054724      	1.9217066      	2.0619411      	-2.320213      	-2.5327427     	2.1976864      	2.013556       	1.9949795      	1.9801313      	1.9593127      	1.9496541      	1.9367524      	1.9170923      	2.0041187      	1.9987727      	1.9499471      	1.9748373      	1.9311723      	1.9135989      	1.961637       	1.8917009      	1.9632963      	1.9637737      	1.9943951      	1.9795083      	1.9668437      	1.9669882      	1.9810468      	1.9380699      	1.8915788      	1.9826876      	1.9796         	1.9142094      	1.9253674      	1.9438304      	1.9726129      	1.9561077      	1.9712394      	1.9285214      	1.9848709      	1.9521617      	2.0392895      	2.1265981      	2.272868       	-2.940153      	2.199953       	1.8962016      	1.9723794      	1.9171721      	1.9189355      	1.8778737      	1.9180585      	1.9900128      	1.9831892      	1.9454831      	1.931173       	1.9240135      	1.9086409      	1.9137466      	1.9444329      	1.9508678      	1.9257916      	1.9845732      	1.9287523      	1.8946575      	1.9135104      	1.9396017      	-2.9676929     	-2.4193532     	3.0213766      	2.0301566      	1.982442       	1.9635028      	1.9477876      	1.9729993      	1.9423941      	1.9505943      	1.9680787      	1.9570594      	
2.426034       	2.5617795      	2.9353402      	2.520431       	1.8397914      	1.9298558      	1.9472553      	1.9216182      	1.9118752      	1.9729508      	1.9154673      	1.9156238      	1.8780018      	1.9311813      	1.9491756      	1.926799       	1.9252973      	1.9313259      	1.9454228      	1.912712       	1.9232743      	1.8978024      	1.9393603      	1.9003139      	2.5747714      	-2.358799      	3.011484       	1.984939       	1.9632465      	1.9623162      	1.9501097      	1.957626       	1.9316317      	1.9585912      	1.9576724      	1.9331334      	1.9585601      	1.9542003      	1.9683433      	1.9946803      	1.9997447      	1.9323742      	1.9743207      	1.9712254      	1.9122884      	1.9565778      	1.9829643      	1.9285097      	1.9478986      	1.9631197      	1.9733344      	1.9542387      	1.9546258      	1.9955896      	1.9824371      	1.9825033      	1.9403404      	1.9752492      	1.9607316      	1.9328071      	1.9733506      	1.9347532      	2.0096626      	2.0904493      	2.1936831      	2.5601883      	-2.8616664     	1.956749       	1.8728871      	1.9037069      	1.9521359      	1.9108073      	1.8920975      	1.8989847      	1.9395443      	1.9426955      	1.9044813      	1.9796153      	1.9324092      	1.8864869      	1.9447786      	1.923052       	1.9094814      	1.9692346      	1.9047273      	1.9184011      	1.9831836      	1.9154707      	1.9006597      	2.6684942      	-2.8238218     	1.988343       	2.0935202      	1.9730173      	1.9917578      	1.9563217      	1.9450642      	1.9780873      	1.9580296      	1.9535295      	
2.1566076      	2.2902222      	2.7626593      	2.569282       	1.775566       	1.8459185      	1.88353        	1.9106097      	1.8911755      	1.9455115      	1.9440099      	1.9365205      	1.9230644      	1.9246957      	1.9153401      	1.9405001      	1.9810277      	1.9165591      	1.9490715      	1.9499723      	1.885989       	1.9181689      	1.9473994      	1.9338233      	1.9577618      	-2.8868484     	-2.38501       	2.1698215      	2.0253596      	1.9813067      	2.0171847      	1.9692149      	1.9415369      	1.9793651      	1.9616419      	2.0007162      	1.9363452      	1.9711853      	1.9872321      	1.9718188      	1.9586279      	1.9429041      	1.9531065      	1.9750413      	1.9633533      	2.0153022      	1.9625871      	1.9494649      	1.9799699      	1.9571058      	1.981349       	1.9390994      	1.9656236      	1.9143994      	1.9585811      	1.9502944      	1.9440155      	1.9536841      	1.9279524      	1.9323046      	1.9446286      	1.913672       	1.9698988      	2.0541782      	2.1031232      	2.3231292      	2.902279       	2.9223745      	1.8314028      	1.8898004      	1.9350249      	1.892636       	1.8877369      	1.9116422      	1.9284971      	1.8858528      	1.9453961      	1.9031901      	1.9396192      	1.9187524      	1.9041836      	1.9365464      	1.8739076      	1.9273098      	1.9533864      	1.922972       	1.9139796      	1.9501182      	1.9414352      	2.473197       	-2.4800916     	2.9410686      	1.9806433      	1.9473182      	1.992149       	1.9798017      	1.9222163      	1.9466485      	1.9518687      	1.9368745      	
2.0878563      	2.1462758      	2.547595       	2.7319534      	1.912783       	1.9330877      	1.9369838      	1.9168562      	1.9189037      	1.8896774      	1.9038994      	1.9100492      	1.8877956      	1.9409567      	1.9345416      	1.8961322      	1.9681807      	1.8979222      	1.9282635      	1.9192117      	1.9111893      	1.9468324      	1.8711464      	1.9418601      	1.9429941      	2.2590604      	-2.5767393     	-2.9095383     	1.9427496      	2.0360553      	1.9586465      	1.9141788      	1.9308368      	1.9642621      	1.9495424      	1.9196985      	1.969599       	1.9588879      	1.9371287      	1.9405965      	1.9747828      	1.9646814      	1.924014       	1.9500431      	1.9570463      	1.9859191      	1.9374083      	1.9252523      	1.9322984      	1.9764935      	1.92844        	1.982832       	1.9359324      	1.9353211      	1.9457146      	1.9326961      	1.9600255      	1.9730681      	1.9803379      	1.9589142      	1.9059376      	1.9510422      	1.9565059      	1.9874783      	2.0054417      	2.0711827      	2.3296154      	-2.8977182     	2.0699325      	1.880698       	1.9067444      	1.9311312      	1.9067208      	1.9302789      	1.923789       	1.9145547      	1.9611312      	1.9170038      	1.928067       	1.9728171      	1.9056242      	1.8860093      	1.9456517      	1.9562458      	1.8873256      	1.8955446      	1.9099884      	1.942208       	1.9707552      	2.0031352      	-2.5100036     	-2.6550126     	2.0816646      	2.1157093      	2.0544453      	2.0688         	2.0752773      	2.1502078      	2.0877519      	2.0301         	
2.0081203      	2.09815        	2.3055313      	3.0329666      	-3.0518112     	1.8228904      	1.8520708      	1.91583        	1.9173526      	1.9217342      	1.8984642      	1.9124483      	1.9540341      	1.9358848      	1.906741       	1.9097524      	1.9253937      	1.970527       	1.902593       	1.9240708      	1.9443752      	1.9860591      	1.9281353      	1.9201528      	1.9567482      	1.8785211      	2.813084       	-2.3480697     	3.0605128      	1.982243       	1.9626606      	1.9686155      	2.0027378      	1.9489326      	1.9667126      	1.9729291      	1.9572326      	1.9293165      	1.9309766      	1.986895       	1.9521306      	1.9413334      	1.9682809      	1.9545505      	1.9445891      	1.9381801      	1.9472598      	1.9464161      	1.9763621      	2.032428       	1.940084       	1.9779267      	1.9983901      	1.9790318      	1.995414       	1.9295881      	2.0170162      	1.9778472      	1.9169167      	1.9737012      	1.9393268      	1.9833351      	1.9384155      	1.93387        	2.0199838      	2.0602522      	2.217433       	2.3755064      	3.0470505      	1.8501693      	1.8710717      	1.9336358      	1.8848188      	1.9220952      	1.8781506      	1.9292446      	1.9115647      	1.9603105      	1.9161694      	1.9551113      	1.9867567      	1.9444218      	1.9004225      	1.9945707      	1.9462696      	1.9289687      	1.9379412      	1.9632772      	1.960541       	1.940961       	2.469086       	-2.3564367     	-2.3983507     	-2.3893228     	3.1321082      	2.1428661      	2.188861       	2.0513968      	2.062642       	2.1697085      	
2.01828        	2.0786734      	2.1855054      	2.5739446      	3.0923927      	1.9251423      	1.9263688      	1.8895688      	1.9364885      	1.9184111      	1.9456178      	1.9247137      	1.962144       	1.9861063      	1.8911924      	1.9243081      	1.9559617      	1.910947       	1.9458226      	1.9418164      	1.961785       	1.9245014      	1.9216806      	1.9224213      	1.9234356      	1.8835181      	2.2696         	-2.2479365     	-2.3821523     	2.1771345      	2.0026166      	1.9268492      	1.9665774      	1.9748133      	1.9335107      	2.0044863      	1.921832       	1.9936512      	1.934939       	1.9416767      	1.9514129      	1.9326692      	1.9743236      	1.930215       	1.9312383      	1.979078       	1.9269173      	1.960648       	1.9840666      	1.9571353      	1.9941807      	1.925438       	1.9531759      	1.9781171      	1.950647       	1.9283929      	1.9501909      	1.9517475      	1.9639544      	1.9606386      	1.9416654      	1.9447047      	1.9588805      	1.9508669      	1.9699519      	2.0424004      	2.1151185      	2.3953815      	2.8988547      	2.4478996      	1.8369505      	1.9276323      	1.8947117      	1.926184       	1.8826298      	1.899906       	1.9528351      	1.9102597      	1.9786648      	1.9348298      	1.9143384      	1.9169772      	1.9507806      	1.9392579      	1.9141821      	1.9414905      	1.8959435      	1.9676851      	1.9282202      	1.922917       	1.9098632      	1.9063865      	2.023719       	2.8543663      	2.3550055      	2.1799722      	2.048099       	2.2597086      	3.0062027      	-2.7550588     	
1.9853648      	2.0105991      	2.1246579      	2.3356133      	-3.115036      	2.8448782      	1.8412138      	1.9097544      	1.9313356      	1.8972311      	1.9242687      	1.9468757      	1.8676828      	1.929288       	1.9460268      	1.9345092      	1.9258159      	1.8918797      	1.8946911      	1.9484067      	1.9238114      	1.8996395      	1.965994       	1.945891       	1.931694       	1.9329249      	1.9291667      	-3.0375447     	-2.320939      	3.059466       	2.0828671      	1.9977533      	2.008945       	1.9728761      	1.9755422      	1.9262165      	1.9369465      	1.9793597      	2.002287       	1.9621145      	1.9698675      	1.9517733      	1.952176       	1.9418964      	1.9688699      	1.9550792      	2.0005069      	1.9687282      	1.9531146      	1.9692458      	1.9657545      	1.9306871      	1.9664093      	1.9585382      	1.9619902      	1.9450663      	1.9431816      	1.959009       	1.9498332      	1.9135967      	1.9583652      	1.9421825      	1.946406       	1.9826292      	1.9345235      	2.0058758      	2.0469613      	2.2055953      	2.7997758      	-3.0652921     	1.8464761      	1.9501506      	1.935115       	1.918804       	2.0039518      	1.9283706      	1.8680077      	1.9276624      	1.948021       	1.908228       	1.9115683      	1.933165       	1.9438785      	1.895216       	1.9094816      	1.9525313      	2.021669       	1.8755187      	1.9369322      	1.9306365      	1.906676       	1.9443423      	1.929848       	1.9387499      	1.927014       	1.9207351      	1.9747032      	1.911876       	1.9053334      	1.9404575      	
1.9272047      	1.9668179      	2.0466104      	2.1633344      	2.3829308      	-2.9034743     	1.9501351      	1.9163525      	1.932921       	1.9163581      	1.9207901      	1.942706       	1.9059927      	1.917899       	1.9370967      	1.9023316      	1.9144329      	1.9479805      	1.8918389      	2.0098295      	1.9039627      	1.9209546      	1.9482716      	1.9161414      	1.9096534      	1.912515       	1.9210224      	1.8966643      	-2.9198701     	-2.4665675     	2.1305778      	2.0311801      	1.9740391      	1.953889       	1.9647795      	1.9357063      	1.9731959      	1.9345208      	1.9560462      	2.0145702      	1.9182615      	1.946555       	1.947036       	1.952444       	1.9859223      	1.9610642      	1.9850075      	1.9576261      	1.9559911      	1.9928468      	1.9645016      	1.9721609      	2.003872       	1.9493961      	1.9740446      	1.9720345      	1.9559989      	1.9748842      	1.9330956      	1.9368793      	2.0158281      	1.9613808      	1.9822716      	1.9662348      	1.9762905      	2.0731602      	2.2459586      	2.102459       	2.252976       	2.5773757      	2.4542727      	1.8542047      	1.873958       	1.9067441      	1.9156886      	1.9238664      	1.9262708      	1.9060628      	1.9227202      	1.9015144      	1.9007097      	1.9279548      	1.918202       	1.90727        	1.9211931      	1.876588       	1.9170599      	1.9139986      	1.8935949      	1.9913152      	1.9278344      	1.9056047      	1.962969       	1.9284192      	1.9203776      	1.9230154      	1.9086397      	1.9794769      	1.9401994      	1.9066409      	
1.9231049      	1.9260145      	2.0224028      	2.1723742      	2.316324       	2.9792244      	3.0689812      	1.8354768      	1.8708382      	1.9243573      	1.9069729      	1.9298534      	1.8896577      	1.9278294      	1.9430543      	1.9312829      	1.9456314      	1.9280429      	1.9568417      	1.9149503      	1.9135203      	1.8999215      	1.9277307      	1.8886062      	1.9396036      	1.9403378      	1.9174104      	1.9431212      	2.4041538      	-2.5622525     	-2.9356356     	1.9363081      	1.969124       	1.9912794      	2.0074492      	1.9400471      	1.926127       	1.9716903      	1.9239459      	1.9438926      	1.9657685      	1.9667596      	1.9466146      	2.0127249      	1.9489042      	1.919646       	2.0089025      	1.9612582      	1.9601754      	1.962765       	1.9646058      	1.977865       	1.9690316      	1.962467       	1.945893       	1.9976318      	2.020687       	1.9817705      	2.0853248      	2.1268258      	2.135798       	2.1198769      	2.0784461      	2.0195327      	2.0406456      	2.1267896      	2.15531        	2.0979218      	2.1745698      	2.8541505      	2.9461033      	1.8544179      	1.8936112      	1.921687       	1.9325106      	1.8929603      	1.9553441      	1.975304       	1.8639052      	1.9578713      	2.0188355      	1.9582127      	1.9577839      	1.9583868      	1.9603468      	1.9349588      	1.9678574      	1.9442943      	1.9294933      	1.9204689      	1.9370937      	1.9288639      	1.9773372      	1.8978931      	1.927169       	1.9370419      	1.9452591      	1.9215789      	1.9219459      	2.0016065      	
1.9049817      	1.9077288      	1.9353814      	2.064083       	2.1802971      	2.567213       	-2.8436093     	1.8988768      	1.8635108      	1.9212487      	1.9277127      	1.9238392      	1.9821638      	1.9280926      	1.9465827      	1.9333166      	1.8819822      	1.9645104      	1.9481403      	1.928688       	1.9634504      	1.9336244      	1.9543883      	1.9679888      	1.9021778      	1.9564781      	1.915136       	1.9359812      	1.9302179      	-2.7973878     	-2.4081626     	2.440905       	2.0020704      	1.9855522      	1.9710028      	1.9875377      	1.9363177      	1.9720317      	1.9567202      	1.9482144      	1.9838591      	1.9796038      	1.9347688      	1.9600387      	1.9757258      	1.9542155      	1.9918329      	1.9881519      	2.0213346      	2.0505252      	2.1284301      	2.1413279      	2.143993       	2.083685       	2.0400562      	2.1086342      	2.093092       	2.0912218      	2.0645962      	1.9859098      	2.1373138      	2.1175761      	2.013411       	1.9462998      	2.0385427      	2.0348315      	2.3838668      	2.7570517      	2.9681299      	-2.9691253     	1.895524       	1.9050554      	1.9403527      	1.9144388      	1.924657       	1.9143986      	1.9210333      	1.9345938      	1.9565185      	1.9153019      	2.033844       	1.9613615      	1.9517012      	1.9104329      	1.9540266      	1.9207102      	1.9595064      	1.9361004      	1.9275254      	1.9660864      	1.9317023      	1.9496295      	1.9872236      	1.9575098      	1.9485794      	1.9356375      	1.9682873      	1.9189545      	1.9288311      	1.9279927      	
1.9967524      	2.0431042      	1.999288       	2.0733066      	2.1589513      	2.2392826      	2.8565254      	2.768106       	1.9027818      	1.8614732      	1.9154103      	1.9087998      	1.9438142      	1.9185427      	1.9124149      	1.9600056      	1.9220568      	1.9579467      	1.9096528      	2.000594       	2.1591554      	2.084239       	1.9873894      	1.9332014      	1.8574692      	1.951367       	1.9087214      	1.9397274      	1.9619151      	1.9349506      	-2.8860555     	-2.772831      	1.9063622      	2.010426       	2.0019188      	2.0039804      	1.9474453      	1.9629029      	1.9510385      	1.9612195      	2.0125203      	2.0644329      	2.0364342      	2.1094627      	2.1286044      	2.1229835      	2.1740646      	2.0924306      	2.089501       	2.1167855      	2.1341038      	2.1001966      	2.1189165      	2.1255503      	2.0684748      	2.2162025      	2.2372327      	2.0757937      	2.095765       	1.8982267      	1.9899049      	2.2513857      	2.6593482      	2.4243271      	1.8648535      	1.9280976      	1.9049293      	1.9326395      	1.9395729      	1.899191       	1.9436541      	1.9337349      	1.8914868      	1.9498875      	1.9588629      	1.9154394      	1.8887104      	1.9659704      	1.9764572      	1.9300402      	1.9422175      	1.9223193      	1.9151075      	1.9462806      	1.9275168      	1.987618       	1.9169933      	1.9527018      	1.9590193      	1.9163585      	1.9367411      	1.9062713      	1.9179932      	1.9290502      	1.9220322      	1.9266777      	1.9225035      	1.9330708      	1.9101866      	1.9101592      	
1.9509257      	1.9506763      	1.9132571      	1.9757247      	2.0778217      	2.1389656      	2.378602       	-2.8067846     	2.3213875      	1.8966116      	1.9361553      	1.905188       	1.9284006      	1.9295005      	1.9341326      	1.8988216      	1.9312333      	1.9112501      	1.9397424      	1.9799169      	1.9195617      	1.9566119      	1.9707614      	1.9421328      	1.9116203      	1.9489979      	1.9715376      	1.8905019      	1.9172157      	1.9533919      	2.85982        	-2.4244726     	2.566278       	2.1394212      	2.1135726      	2.1158433      	2.037733       	2.1138306      	2.1074655      	2.0426817      	2.0237408      	2.0701306      	2.026074       	2.0942802      	2.0509973      	2.111556       	2.131886       	2.1235514      	2.092297       	1.9298999      	1.9770851      	2.449712       	2.101213       	2.2472758      	-3.0740921     	-2.7679892     	-3.026414      	1.8476638      	1.8915986      	1.9412339      	1.9555215      	1.9028846      	1.9551817      	1.9696908      	1.9436363      	1.9808795      	1.9377209      	1.9430867      	1.9257282      	1.9188162      	1.9089396      	1.9560314      	1.9274155      	1.9467174      	1.9422585      	1.9152653      	1.8997728      	1.9385862      	1.9270444      	1.9459776      	1.9365432      	1.9359137      	1.9474428      	1.9085811      	1.9441231      	1.9385531      	1.9331578      	1.9413884      	1.9431548      	1.9250513      	1.9200314      	1.9369439      	1.9526016      	1.8881571      	1.9066056      	1.9326965      	1.9442346      	1.909451       	1.9592644      	1.9001997      	
1.97696        	1.9609926      	1.9297507      	1.9198612      	1.9909232      	2.0926986      	2.2555413      	2.7645605      	-3.1215787     	1.8814213      	1.921677       	1.9528154      	1.9224402      	1.9534225      	1.9718106      	1.9298435      	1.9243531      	1.9206607      	1.8987426      	1.9275252      	1.9208483      	1.9620649      	1.9390936      	1.9356223      	1.9293288      	1.912349       	1.936226       	1.9297278      	1.9250156      	1.9287246      	2.1508892      	-2.4629962     	-2.5476196     	-2.4275625     	-2.9157863     	2.2696366      	2.1635358      	2.1292238      	2.0491621      	2.0695486      	2.0984693      	2.085629       	2.0710568      	1.9899476      	2.0983465      	2.1173623      	2.4752095      	2.9285083      	-2.9120796     	1.8309672      	1.8975459      	1.8976722      	1.9059488      	1.9443673      	1.9970249      	1.9406952      	1.9455097      	1.9892462      	1.9349258      	1.9272252      	1.9322602      	1.9472052      	1.938194       	1.9126054      	1.9477451      	1.9348692      	1.9448888      	1.9461877      	1.9476365      	1.9361395      	1.9442085      	1.8925818      	1.9710847      	1.9301695      	1.8861452      	1.9251871      	1.9404618      	1.8955029      	1.9238374      	1.9261206      	1.9751419      	1.950178       	1.9415563      	1.9765478      	1.9260076      	1.9304974      	1.9180504      	1.9223391      	1.9339612      	1.9000292      	1.9416863      	1.9347578      	1.9214038      	1.942032       	1.9304951      	1.9454552      	1.9277065      	1.9148797      	1.9471451      	1.8854975      	
2.0013204      	1.9696513      	1.9900181      	1.9638749      	1.9704212      	2.091249       	2.1575725      	2.34606        	-2.9971013     	2.232544       	1.922395       	1.885275       	1.8688743      	1.939088       	1.8909818      	1.9258984      	1.9246409      	1.9283286      	1.9213215      	1.8926494      	1.8796563      	1.9198042      	1.9114852      	1.9607127      	1.9086949      	1.94582        	1.9307382      	1.9171997      	1.9334369      	1.949988       	1.9311206      	1.9350764      	2.3468118      	2.5976858      	2.3482957      	2.0294852      	2.082286       	2.0269835      	2.3197677      	2.971814       	-2.859547      	2.5147808      	1.8575938      	1.9479588      	1.8826191      	1.88264        	1.926104       	1.8966755      	1.9239821      	1.9138428      	1.9432846      	1.9618452      	1.927611       	1.9532954      	1.9503357      	1.9594781      	1.9504192      	1.9279053      	1.9366392      	1.9357641      	1.9337915      	1.9155592      	1.9300125      	1.9244791      	1.9135556      	1.9057875      	1.9711728      	1.9431466      	1.9438858      	1.978637       	1.9630609      	1.9310954      	1.9386563      	1.9147967      	1.9319781      	1.9329265      	1.96548        	1.937827       	1.9323236      	1.9582026      	1.949643       	1.9363661      	1.9041039      	1.9815171      	1.9369779      	1.9329623      	1.9116806      	1.9511877      	1.9613833      	1.9374423      	1.9328418      	1.9623402      	1.8969358      	1.9218556      	1.9085636      	1.9742686      	1.9709889      	1.9452583      	1.9456817      	1.94557        	
1.9629998      	1.9716125      	1.9423643      	1.9246618      	1.9588493      	2.011602       	2.0572207      	2.2193394      	2.6763318      	-2.7672787     	1.8962342      	1.9114866      	1.9234542      	1.9212273      	1.9489676      	1.9666783      	1.9314644      	1.9258785      	1.9593823      	1.934835       	1.9231102      	1.9284238      	1.9680259      	1.9039272      	1.9989835      	1.953256       	1.9431521      	1.954923       	1.9456322      	1.918604       	1.9539617      	1.9760706      	1.925199       	1.9532827      	1.9405395      	1.932451       	1.9955229      	1.9527711      	1.9584098      	1.9227654      	1.927729       	1.9533088      	1.9338207      	1.9503767      	1.9565886      	1.9173182      	1.9086658      	1.9805241      	1.9579186      	1.9470732      	1.9363934      	1.9625828      	1.938285       	1.93195        	1.9820552      	1.9633162      	1.9682065      	1.9183803      	1.9668912      	1.9247193      	1.9577065      	1.9302468      	1.9769324      	1.943459       	1.9383184      	1.9645863      	1.9773918      	1.943442       	1.9798765      	1.9118319      	2.0132513      	1.9528677      	1.9482857      	1.9545052      	1.9215273      	1.9827181      	1.9468657      	1.9194304      	1.9653227      	1.9380437      	1.9186308      	1.9696938      	1.9244386      	1.8909558      	1.9291345      	1.9503814      	1.9546108      	1.9182776      	1.9052325      	1.928023       	1.9561013      	1.9563844      	1.9326346      	1.9518548      	1.9506462      	1.925123       	1.9572637      	1.9015285      	1.937842       	1.9377936      	
1.9599308      	1.9800377      	2.008497       	2.039558       	2.0403557      	2.0711002      	2.2830284      	2.1772866      	2.2697515      	2.857225       	2.2825406      	1.8252736      	1.9274138      	1.9088014      	1.9203922      	1.9261816      	1.920072       	1.9195905      	1.8984495      	1.9259192      	1.9166331      	1.9457732      	1.9334503      	1.8918476      	1.9385079      	1.9419258      	1.9631022      	1.9513527      	1.9231663      	1.924957       	1.9478761      	1.9190842      	1.9054226      	1.9230244      	1.9202569      	1.9622574      	1.9145328      	1.912212       	1.9657326      	1.9632064      	1.9230374      	1.936502       	1.9186085      	1.9369599      	1.9460721      	1.9136368      	1.9386734      	1.9188516      	1.9588155      	1.9829947      	1.9057664      	1.9079483      	1.9341403      	1.9155058      	1.9699628      	1.8988625      	1.9542745      	1.9429092      	1.9369313      	1.9487026      	1.8972803      	1.9675059      	1.9747009      	1.9476599      	1.9261142      	1.9760467      	1.9182816      	1.9156507      	1.9926131      	1.9347957      	1.9162018      	1.9342978      	1.9701556      	1.9505737      	1.946091       	1.9459859      	1.9824309      	1.9297571      	1.915821       	1.9564974      	1.9549093      	1.9271425      	1.9395009      	1.9741634      	1.950997       	1.9524083      	1.904833       	1.918542       	1.9388031      	1.9518728      	1.9212072      	1.9260483      	1.9685117      	1.9548918      	1.93362        	1.974708       	1.9700341      	1.9121509      	1.9410646      	1.9463158      	
2.0737653      	2.0604866      	2.0534277      	2.0750449      	2.053278       	2.1373267      	2.1547284      	2.4042253      	2.2887218      	2.5475752      	-2.7582848     	1.8453786      	1.9003037      	1.89794        	1.9329237      	1.8892676      	1.8980248      	1.9355495      	1.9176632      	1.92019        	1.9213419      	1.9303735      	1.9676613      	1.9178592      	1.9282581      	1.9384336      	1.8998687      	1.9304718      	1.958011       	1.9029617      	1.9626154      	1.9425728      	1.90454        	1.9302572      	1.9344733      	1.969062       	1.9398726      	1.9311675      	1.9401613      	1.955499       	1.9253242      	1.9062022      	1.8980716      	1.9881552      	1.9212723      	1.9760672      	1.9279062      	1.9775436      	1.9638451      	1.9399184      	1.9391786      	1.9578843      	1.9303987      	1.9525357      	1.9457574      	1.8882884      	1.9414349      	1.9427322      	1.9487399      	1.937739       	1.9325104      	1.9558731      	1.8951384      	1.9590899      	1.9461123      	1.9385742      	1.9140319      	1.9382125      	1.9755528      	1.9418101      	1.9118397      	1.9676422      	1.9436245      	1.9718794      	1.9498008      	1.9331769      	1.9682196      	1.9254678      	1.9853901      	1.9524392      	1.9174646      	1.9885516      	1.9568627      	1.9482096      	1.9065048      	1.9290345      	1.9203726      	1.947879       	1.9414867      	1.9396445      	1.9252868      	1.9376401      	1.8985795      	1.9748303      	1.9455504      	1.944293       	1.960702       	1.9517077      	1.9322535      	1.9237179      	
2.1660779      	2.177853       	2.2182093      	2.2426517      	2.2989988      	2.26888        	2.4814768      	2.4988494      	2.813475       	1.8788654      	1.8226165      	1.9237082      	1.904477       	1.8927022      	1.8933915      	1.9063513      	1.913525       	1.8926727      	1.9341608      	1.979721       	1.913915       	1.9266332      	1.9623711      	1.925648       	1.9231942      	1.9390603      	1.9277481      	1.9541724      	1.9336158      	1.9299892      	1.9359735      	1.9261831      	1.9345115      	1.9898283      	1.9455467      	2.0028903      	1.9498447      	1.933813       	1.9202176      	1.9368447      	1.948816       	1.93           	1.9517428      	1.955096       	1.9517028      	1.9300325      	1.9669468      	1.9485773      	1.915255       	1.8813668      	1.967213       	1.9424198      	1.9510413      	1.9157118      	1.933646       	1.9233953      	1.938755       	1.9278959      	1.9590447      	1.9105102      	1.9239613      	1.9826857      	1.9356023      	1.9756523      	1.9135436      	1.9004881      	1.9529154      	1.9274548      	1.9425511      	1.9646388      	1.9129988      	1.933021       	1.9445276      	1.9256678      	1.9451936      	1.9405141      	1.9041822      	1.9343078      	1.9294039      	1.9215364      	1.9842674      	1.9612         	1.9488741      	1.916947       	1.9303097      	1.9879954      	1.9473463      	1.9414508      	1.9695685      	1.8944907      	1.9390737      	1.9240276      	1.9141494      	1.9378599      	1.936632       	1.9511669      	1.948979       	1.9270087      	1.9224051      	-2.8419437     	
3.0987084      	-3.0878232     	3.1335204      	2.1466992      	1.9074494      	1.8935641      	1.938926       	1.8796942      	1.9342085      	1.898851       	1.9124252      	1.9625534      	1.9425138      	1.9296551      	1.9110178      	1.9813356      	1.9478757      	1.9428368      	1.9345963      	1.926881       	1.9285537      	1.8991576      	1.9496261      	1.975991       	1.9196092      	1.9049305      	1.9614033      	1.946257       	1.9118165      	1.9383616      	1.967196       	1.9408938      	1.9332505      	1.9281201      	1.9069973      	1.9062241      	1.9141291      	1.9588524      	1.9314445      	1.8949729      	1.9428471      	1.927698       	1.9259139      	1.9061774      	1.9445676      	1.9489068      	1.9497232      	1.9259084      	1.9185656      	1.9063102      	1.9216738      	1.9230418      	1.9078114      	1.9435459      	1.9600273      	1.9827971      	1.9006686      	1.9490762      	1.9901531      	1.8836617      	1.9107403      	1.9561903      	1.9362559      	1.8902668      	1.9168178      	1.9400901      	1.9474611      	1.8840808      	1.9156975      	1.9469585      	1.8894955      	1.9590468      	1.9703938      	1.9268588      	1.9169048      	1.9371539      	1.9260229      	1.921934       	1.9000763      	1.9596635      	1.9364747      	1.920137       	1.9468851      	1.951673       	1.9496362      	1.9351658      	1.9417766      	1.9122397      	1.9624614      	1.954219       	1.931417       	1.9257946      	1.947766       	1.9530898      	1.933556       	1.9274346      	1.9333104      	1.9256588      	1.9666907      	2.8132765      	
1.9761063      	1.995831       	1.9602183      	1.9318709      	1.9348264      	1.9137738      	1.947571       	1.9226471      	1.9391221      	1.9038779      	1.9396168      	1.94683        	1.9371437      	1.9186826      	1.9440371      	1.8949486      	1.9839054      	1.9173737      	1.9072473      	1.9448748      	1.9576601      	1.8996512      	1.934374       	1.9637816      	1.9091097      	1.9448016      	1.9386061      	1.9334472      	1.8994083      	1.9288784      	1.899595       	1.9688674      	1.9174985      	1.918987       	1.9419405      	1.920572       	1.9046795      	1.9627382      	1.900161       	1.9293932      	1.9622246      	1.917616       	1.9436378      	1.9383141      	1.9047984      	1.9496118      	1.913903       	1.9158884      	1.982517       	1.9104556      	1.9557158      	1.939081       	1.9072239      	1.9524494      	1.9176588      	1.9355744      	1.9552041      	1.9323266      	1.9389673      	2.6370223      	-2.6513717     	-2.820293      	-2.77984       	-2.7455082     	1.9194236      	1.9011705      	1.9441233      	1.9358997      	1.9345862      	1.9566098      	-2.3771389     	-2.608878      	-2.3309896     	-2.607044      	1.8548821      	1.9301351      	1.9340533      	1.8961117      	1.908286       	1.952514       	1.9149048      	1.9205842      	1.9509645      	1.9300447      	1.966624       	1.8929658      	1.9192024      	1.9523885      	1.8769964      	1.8758923      	1.9365112      	1.9122498      	1.900241       	1.9931431      	1.9109807      	1.9341689      	1.9715221      	1.9263736      	2.1957693      	-2.1371927     	
1.9777807      	1.9574323      	1.9183521      	1.9164358      	1.8782799      	1.9224085      	1.9368868      	1.9576569      	1.8991603      	1.9327701      	1.9413685      	1.9100213      	1.9728554      	1.9425175      	1.9251212      	1.9290297      	1.9183174      	1.8792251      	1.951696       	1.9411706      	1.93808        	1.9125713      	1.9429835      	1.8912512      	1.9146888      	1.8981749      	1.9066244      	1.9203135      	1.938812       	1.8971182      	1.9395825      	1.9326218      	1.9017043      	1.9325019      	1.9215162      	1.9240221      	1.9591775      	1.9041021      	1.9308836      	1.9262913      	1.9174978      	1.9043807      	1.9452001      	1.9117014      	1.9271116      	1.9537647      	1.9214903      	1.956417       	1.9215422      	1.9286088      	1.9119493      	1.9386395      	1.930848       	1.9611228      	1.9092742      	1.9237273      	1.9410577      	2.7630608      	-2.807637      	-2.9355962     	-3.0122943     	-2.967         	3.0438368      	2.81844        	-2.4940128     	-2.5097666     	-2.4427638     	-2.4402757     	-2.3726127     	-2.3518167     	-2.408425      	2.7668269      	-2.2519636     	-2.4737163     	-2.6683447     	-2.5541587     	-2.3478649     	2.198459       	1.9342334      	1.8780011      	1.9567062      	1.9004813      	1.9224497      	1.9354693      	1.9151071      	1.8821867      	1.9047984      	1.9038888      	1.9098326      	1.9446622      	1.9143745      	1.9508708      	1.911776       	1.9135875      	1.9459273      	1.9049307      	1.9162811      	1.9340185      	1.9284134      	-3.107749      	
1.9759474      	1.9706053      	1.9675525      	1.951765       	1.9449273      	1.9179257      	1.9017161      	1.9410979      	1.990206       	1.9382331      	1.9588196      	1.9282432      	1.9635183      	1.9025869      	1.9584752      	1.9458413      	1.9332157      	1.9187933      	1.9375414      	1.9115156      	1.9079225      	1.8949513      	1.9285097      	1.9165387      	1.906205       	1.898364       	1.959001       	1.9243547      	1.9191616      	1.9716291      	1.9129766      	1.9435431      	1.9419386      	1.9450802      	1.9063398      	1.9279011      	1.9194789      	1.9381763      	1.9299022      	1.9044921      	1.9055271      	1.9338108      	1.9155039      	1.9305475      	1.9528332      	1.9043797      	1.9127973      	1.9519359      	1.9519295      	1.91147        	1.914827       	1.9020942      	1.9332803      	1.9213403      	-3.012975      	-2.30836       	-2.457545      	-2.4050853     	-2.378211      	-2.531733      	-3.0523381     	-2.6797357     	-2.434257      	-2.4039497     	-2.5036478     	-2.7801437     	2.6348817      	2.537163       	2.2333395      	2.1030836      	1.9740516      	1.9930527      	1.9310356      	1.9734038      	2.0511625      	2.1657557      	2.762689       	-2.8448792     	1.8541056      	1.8615519      	2.0080142      	1.9481838      	1.9192623      	1.9972284      	1.9273182      	1.909111       	1.9245635      	1.9170252      	1.927085       	1.9117293      	1.9443551      	1.9447895      	1.885414       	1.9501289      	1.974712       	1.8900634      	1.8920987      	1.8965324      	1.9328676      	1.9695344      	
1.9755198      	1.9535195      	1.9293429      	1.942848       	1.8954527      	1.9324857      	1.94859        	1.9144455      	1.933111       	1.9557313      	1.9410176      	1.9483312      	1.9294971      	1.9471923      	1.9374478      	1.929391       	1.9390305      	1.9400207      	1.9305768      	1.8980175      	1.9180671      	1.9716226      	1.912762       	1.9367973      	1.9667175      	1.8890098      	1.9313046      	1.9518838      	1.8802944      	1.9416037      	1.944574       	1.9535348      	1.9601905      	1.8778052      	1.9515387      	1.9449278      	1.9207199      	1.9152539      	1.9243424      	1.9134321      	1.9491272      	1.9991544      	1.9463972      	1.9687731      	1.9618374      	1.9015092      	1.924669       	-2.9719992     	-2.651565      	-2.3543532     	-2.4713821     	-2.5063963     	-2.3979812     	-2.4020255     	-2.4136586     	-2.5274224     	-3.058476      	-2.551839      	-3.0640626     	2.3686652      	2.3697155      	2.110464       	2.026132       	1.9869831      	1.9361817      	1.9442599      	1.9378048      	1.9620689      	1.9766327      	1.9637574      	1.9473749      	1.9165357      	1.9776899      	1.953242       	1.9866494      	2.0618262      	2.1700206      	2.4096034      	2.9523625      	1.8172648      	1.9574981      	1.8913596      	1.9083749      	1.9173604      	1.8979414      	1.9198657      	1.9258051      	1.956747       	1.8949854      	1.9310378      	1.9143536      	1.93816        	1.9783975      	1.8963484      	1.9135653      	1.9400784      	1.9525623      	1.9154098      	1.9204286      	1.9544909      	
1.9826083      	1.926301       	1.9655008      	1.9697751      	1.9634696      	1.9728304      	1.9184275      	1.9270732      	1.9569184      	1.9300773      	1.94343        	1.9846152      	1.9311969      	1.9411781      	1.9473603      	1.9212763      	1.9435931      	1.9298983      	1.9299155      	1.9035308      	1.9731987      	1.974403       	1.9356995      	1.9456357      	1.9368895      	1.9163412      	1.9295183      	1.950566       	1.9195911      	1.9214607      	1.9658519      	1.9361342      	1.9583801      	1.9377033      	1.9449899      	1.9213601      	1.920362       	1.9390475      	1.906438       	1.9579979      	1.9636718      	1.9227064      	2.1548445      	-2.124769      	-2.329982      	-2.4006515     	-2.3394008     	-2.439463      	-2.4301426     	-2.2852347     	-2.8441856     	2.5219557      	2.3597481      	2.11228        	1.9866115      	1.9307003      	1.9597251      	1.9387845      	1.9406635      	1.9465469      	1.9652617      	1.9893543      	1.9390403      	1.9731631      	1.9274143      	1.9277152      	1.9388791      	1.9320081      	1.9542161      	1.9279518      	1.985671       	1.9422277      	1.9396528      	1.9151171      	1.9591578      	2.0285819      	2.0786743      	2.37734        	2.7583117      	2.4742358      	1.8880477      	1.8897638      	1.940557       	1.9474788      	1.9255601      	1.9002024      	1.9225711      	1.9381901      	1.953626       	1.9570187      	1.9405594      	1.9310658      	1.9235592      	1.9561708      	1.9462632      	1.9572971      	1.9606165      	1.9355828      	1.9515963      	1.9177016      	
1.9407643      	1.9155353      	1.9211842      	1.9305027      	1.9284055      	1.9271015      	1.9537437      	1.9204036      	1.9400502      	1.9521495      	1.97752        	1.9134055      	1.979581       	1.9448215      	1.9346223      	1.998723       	1.9355         	1.9382213      	1.9490224      	1.9261541      	1.9216303      	1.923574       	1.9200362      	1.9297557      	1.9172544      	1.9698677      	1.9002261      	1.9423972      	1.9500307      	1.9191724      	1.8932999      	1.9443594      	1.8875793      	1.8943963      	1.9454374      	1.9382308      	1.9479998      	1.9251275      	1.9362901      	1.9381114      	2.1843984      	-2.089959      	-2.530473      	-2.8518953     	2.5089579      	2.052487       	2.0832963      	2.008482       	2.020666       	2.0008864      	1.957703       	1.9313816      	1.9238378      	1.9588213      	1.9465302      	1.9199269      	1.9606584      	1.9094177      	1.9475327      	1.9420902      	1.9460789      	1.9564651      	1.9563488      	1.9364794      	2.0027876      	1.9488375      	1.9460949      	1.9607166      	1.9317085      	1.9482378      	1.9681411      	1.9589105      	1.9010547      	1.9415205      	1.8993492      	1.9610518      	2.024421       	2.165709       	2.4686103      	-2.7718074     	1.9306617      	1.8978542      	1.9092346      	1.9045076      	1.8862234      	1.8685188      	1.9187622      	1.978779       	1.9396951      	1.9007523      	1.9795899      	1.8776631      	1.8973786      	1.9333148      	1.9178957      	1.8813788      	1.9155918      	1.918932       	1.9186968      	1.9221331      	
1.9393994      	1.9525636      	1.9583411      	1.9672384      	1.9683058      	1.9724553      	1.9689554      	1.9170643      	1.9713168      	1.9307805      	1.9814068      	1.9314781      	1.9220934      	1.9268088      	1.9275548      	1.9681818      	1.9308892      	1.9034557      	1.9399716      	1.9620275      	1.9610364      	1.8866206      	1.903943       	1.9482651      	1.9530325      	1.8863566      	1.9206136      	1.9253713      	1.94336        	1.9437335      	1.921934       	1.9519302      	1.8924758      	1.9083899      	1.9702331      	1.9502625      	1.9130491      	1.9414679      	1.9061568      	2.9326189      	-2.9756227     	-2.6617095     	-2.5771644     	-2.7685819     	-2.9042175     	1.8278341      	1.9115819      	1.9081578      	1.9246017      	1.9282132      	1.948046       	1.9254297      	1.9214464      	1.9564865      	1.904564       	1.935771       	1.9618803      	1.9114444      	1.9419699      	1.9488572      	1.9194921      	1.9393307      	1.9318533      	1.9475863      	1.9128661      	1.9905393      	1.9470636      	1.9457974      	1.9700559      	1.9457122      	1.9123021      	1.9648592      	1.9268204      	1.9448962      	1.9328388      	1.9257283      	2.0028203      	2.0581303      	2.182944       	2.6000512      	3.1378748      	1.811898       	1.8688062      	1.8912603      	1.857741       	1.8441657      	1.8982475      	1.952278       	1.968494       	1.9021028      	1.904946       	1.9167591      	1.9285785      	1.9372083      	1.8977842      	1.9415839      	1.9090083      	1.8952676      	1.8996676      	1.9251134      	
1.9790797      	1.95592        	1.9350997      	1.9409981      	1.9577571      	1.9632386      	1.9150409      	1.9530896      	1.9224423      	1.9477116      	1.931938       	1.9114294      	1.8977872      	1.9616896      	1.9332722      	1.9576352      	1.969731       	1.9400314      	1.9339927      	1.9261541      	1.9362615      	1.9668889      	1.9180849      	1.9514469      	1.9276077      	1.952319       	1.8973264      	1.9381596      	1.916202       	1.9404287      	1.9288795      	1.9266192      	1.9696041      	1.9366882      	1.9552605      	1.9122415      	1.8932705      	2.0254955      	-2.0585651     	-2.5673685     	3.095678       	2.548997       	2.5993495      	-2.4847658     	2.8643603      	2.6215408      	2.3460798      	2.5701334      	2.0360894      	1.9736906      	1.937536       	1.9678413      	1.9174845      	1.9281536      	1.9669015      	1.931333       	1.9369923      	1.9727906      	1.9905015      	1.913132       	1.9269633      	1.9170023      	1.9534702      	1.9426111      	1.9386151      	1.9277881      	1.9390863      	1.9271173      	1.938811       	1.9133586      	1.9339525      	1.9246477      	1.938114       	1.9265748      	1.93385        	1.9274606      	1.9689679      	2.0383303      	2.1356983      	2.4383242      	-3.0055866     	2.5228047      	1.798677       	1.8897253      	1.8939377      	1.8966507      	1.9440895      	1.9461113      	1.9014786      	1.9209278      	1.8855022      	1.926536       	1.9287676      	1.8788878      	1.9549145      	1.9477761      	1.8974088      	1.9368979      	1.900048       	1.9432765      	
1.9216362      	1.9373333      	1.9306282      	2.0020008      	1.990476       	1.9233465      	1.9341666      	1.8954504      	2.0588732      	-2.5555494     	-2.192411      	-2.480104      	-2.5001383     	-2.3812275     	2.1483817      	1.9460331      	1.9533938      	1.8956476      	1.9163299      	1.9226344      	1.9389337      	1.935835       	1.9281945      	1.9702932      	1.939191       	1.9382734      	1.9285301      	1.8981358      	1.9349725      	1.9117249      	1.9304523      	1.9432977      	1.9080651      	1.9645427      	1.9190363      	1.9154323      	2.2294612      	-1.9873366     	-1.9629211     	-2.9138994     	2.0755954      	2.2105134      	2.138375       	2.1007268      	2.102511       	2.080305       	2.2014515      	2.532364       	2.838959       	2.6766667      	1.8678641      	1.8995153      	1.909636       	1.9201453      	1.9299804      	1.9382854      	1.9055065      	1.9175204      	1.9415438      	1.9299368      	1.9545327      	1.96319        	1.9376031      	1.9579998      	1.9477473      	1.9380618      	1.9385928      	1.9604951      	1.9349848      	1.9215125      	1.9102066      	1.9511498      	1.8929932      	1.9220428      	1.9424566      	1.9228748      	1.9406956      	2.0394325      	2.0898657      	2.2463012      	2.8216765      	2.8784099      	1.9021592      	1.9036754      	1.8628854      	1.9406586      	1.8842574      	1.8569622      	1.9228059      	1.9307364      	1.887259       	1.9108112      	1.9353591      	1.8688796      	1.910488       	1.9455477      	1.9019035      	1.8942367      	1.8941225      	1.9488436      	
-2.379056      	-2.146752      	-2.2643738     	-2.3887942     	-2.4058573     	-2.4112754     	-2.4603257     	-2.4157033     	-2.4651022     	-2.4588766     	-2.4808335     	-2.5925374     	-2.2167835     	-2.6449497     	-2.909281      	-3.1213102     	-2.4024243     	2.9384248      	1.8816211      	1.9013884      	1.8957576      	1.8804759      	1.9522555      	1.9521432      	1.9240593      	1.9314964      	1.9396287      	1.8829085      	1.9016038      	1.9162642      	1.9169371      	1.9130119      	1.9100726      	1.9472185      	1.9226075      	1.9349115      	1.9291053      	-2.9140651     	2.8673432      	2.2111304      	2.1290383      	2.0349326      	1.9684962      	2.0211377      	2.1295924      	2.1540725      	2.045547       	2.5274973      	2.4674501      	2.764193       	2.8385458      	1.9154136      	1.9424016      	1.9235401      	1.925912       	1.9392344      	1.9212254      	1.9704553      	1.9185306      	1.9216369      	1.9389555      	1.9600236      	1.9539059      	1.9429687      	1.9479774      	1.9796327      	1.9450492      	1.9523486      	1.974062       	1.9331604      	1.9500576      	1.9494153      	1.9409808      	1.9083053      	1.9295126      	1.9486729      	1.9389969      	1.9707259      	2.029224       	2.0820014      	2.3516455      	3.001631       	2.2371836      	1.9059386      	1.9115031      	1.940807       	1.9019074      	1.9401807      	1.9816527      	1.904352       	1.9030199      	1.9073027      	1.9379102      	1.9049879      	1.9143018      	1.9056615      	1.9231898      	1.919242       	1.8733329      	1.9451493      	
-2.5120356     	-2.447259      	-2.4797196     	-2.395137      	-2.6628687     	2.703323       	2.2900662      	2.1099098      	1.9949043      	1.9729507      	1.9576411      	1.9593836      	1.9150878      	1.9833245      	2.020703       	2.1231613      	2.3892798      	-2.66116       	2.4234433      	1.9393507      	1.8875864      	1.9396782      	1.9088398      	1.9540514      	1.8980176      	1.8790897      	1.9132427      	1.929397       	1.9207298      	1.9175023      	1.938084       	1.9491596      	1.9439164      	1.9381614      	1.9447864      	2.5493274      	-2.028307      	-2.2360535     	-3.097819      	2.849841       	-2.579255      	1.8796531      	1.9245712      	2.0394855      	2.0726075      	2.1395402      	2.0227933      	1.9327495      	2.1767673      	2.5072365      	2.6921036      	1.8925626      	1.9088247      	1.9186984      	1.925115       	1.9559048      	1.9352282      	1.9292107      	1.9266         	1.939655       	1.9404587      	1.911142       	1.950784       	1.9359291      	1.9488311      	1.9170777      	1.9490088      	1.9856699      	1.8842301      	1.9630818      	1.943807       	1.9190707      	1.8866646      	1.9076214      	1.9543446      	1.9156777      	1.9439034      	1.9715503      	2.0298247      	2.0678954      	2.2466302      	2.7495036      	-2.8909616     	2.0543633      	1.8639454      	1.8675689      	1.9168717      	1.8940352      	1.8825791      	1.9056691      	1.9077178      	1.8909388      	1.9766201      	1.9039047      	1.9163042      	1.9442548      	1.8862044      	1.8861512      	1.8874196      	1.9026269      	
2.0731432      	2.0204663      	1.9465663      	1.933537       	1.9116368      	1.9344567      	1.9701426      	1.9383168      	1.9217187      	1.9348348      	1.9114652      	1.9505295      	1.8977298      	1.9492954      	1.9293066      	2.046259       	2.1406536      	2.3051257      	-3.0957513     	2.1610162      	1.8729597      	1.9512004      	1.9251084      	1.949036       	1.9266393      	1.9043951      	1.920219       	1.9337677      	1.9087017      	1.9089423      	1.9290423      	1.9426484      	1.8966519      	1.9303247      	1.9443247      	2.517038       	-1.744954      	-2.153368      	-2.1336672     	-2.4968216     	-2.4474337     	-3.0215294     	2.002706       	2.0451512      	2.1144269      	2.1129384      	3.1387782      	2.5975933      	2.6106148      	2.658435       	2.0689583      	1.9286016      	1.941763       	1.9689721      	1.9480666      	1.9637426      	1.9758606      	1.9662935      	1.9645864      	1.9984493      	1.9549985      	1.9019667      	1.9547676      	1.9502976      	1.9636186      	1.9643061      	1.9828109      	1.9734282      	1.9289784      	1.9908712      	1.9455284      	1.936372       	1.9227765      	1.9558798      	1.9713485      	1.9203273      	1.9552592      	1.9335285      	1.9644572      	2.0518398      	2.1101966      	2.4470181      	-2.9916873     	2.1710932      	1.9223391      	1.9033762      	1.8543743      	1.8870633      	1.9455452      	1.8718588      	1.8726417      	1.9440813      	1.9179223      	1.9182823      	1.9788061      	1.969037       	1.89271        	1.9038329      	1.8978626      	1.8999249      	
1.962246       	2.0021138      	2.0088077      	1.9619509      	1.9677851      	1.969167       	1.9429606      	1.9621019      	1.9709176      	1.942071       	1.928914       	1.9437103      	1.9766781      	1.9159486      	1.9163865      	2.0070567      	2.0784416      	2.2448344      	2.7074454      	3.12486        	1.8742086      	1.9326972      	1.9433061      	1.9546348      	1.9168481      	1.9212554      	1.927167       	1.8714188      	1.900778       	1.9162565      	1.9192747      	1.9036236      	1.8787588      	1.9163284      	1.9175388      	1.936379       	1.9179146      	-2.6900287     	2.8100815      	2.1640477      	2.7505465      	-2.611622      	2.3310723      	2.1162598      	2.8721159      	-2.8744054     	3.0785847      	-2.666828      	1.9692439      	1.9201846      	1.9399797      	1.9325353      	1.9277155      	1.9168767      	1.9279501      	1.9422408      	1.944763       	1.9397217      	1.9437572      	1.9310524      	1.9661046      	1.9517533      	1.9354844      	1.9531181      	1.9316893      	1.9313548      	1.9750394      	1.9452872      	1.9327298      	1.953508       	1.9691195      	1.9443909      	1.9703935      	1.9393091      	1.992297       	1.922451       	1.9696238      	1.9044322      	1.9317461      	1.9674572      	2.046791       	2.1701713      	2.3370528      	-3.0310004     	1.8380706      	1.8489184      	1.9080063      	1.8855566      	1.9064096      	1.9814405      	1.9628173      	1.9637522      	1.9317957      	1.9549294      	1.9189028      	1.9150754      	1.9154332      	1.9519489      	1.8768954      	1.9109944      	
1.9713703      	1.9843545      	1.9587075      	1.9674586      	1.9199537      	1.89742        	1.9195558      	1.9359137      	1.9765737      	1.9686718      	1.9182891      	1.9427882      	1.9503051      	1.9773333      	1.9655962      	2.0012245      	2.1175404      	2.2041345      	2.4557993      	-2.9119844     	2.4505184      	1.8630809      	1.8978624      	1.9171923      	1.8981352      	1.911168       	1.908728       	1.9272257      	1.9049088      	1.875135       	1.9101114      	1.9320027      	1.978814       	1.9007664      	1.9416939      	1.9281647      	1.90406        	1.9366136      	1.8977679      	1.968807       	1.9694769      	1.994942       	-2.4486566     	-2.7555242     	3.0358753      	1.9769441      	2.0273323      	2.0075006      	1.9653226      	1.9867327      	1.9436363      	1.9213053      	1.9451863      	1.9925623      	1.9585571      	1.9339422      	1.9726437      	1.9524021      	1.9380969      	1.9674169      	1.9619747      	1.9697766      	1.9594834      	1.96387        	1.9424455      	1.934635       	1.9541157      	2.0079825      	1.9357864      	1.9471968      	1.9533671      	1.958775       	1.9713441      	1.94863        	2.0037222      	1.9484566      	1.9564332      	1.9657699      	1.9707038      	1.9844328      	2.013986       	2.0651765      	2.2327926      	2.610602       	3.0595977      	1.8759211      	1.9593316      	1.8695362      	1.9395971      	1.9448577      	1.9197303      	1.9220009      	1.9052138      	1.8808447      	1.9237646      	1.9187163      	1.9303931      	1.9603051      	1.9144188      	1.880079       	
1.9832221      	1.9893396      	1.9343985      	1.9249519      	1.9603231      	1.9547617      	1.969209       	1.9444664      	1.9687916      	1.936031       	1.9344798      	1.9385587      	1.9638753      	1.9459325      	1.8989744      	1.9396678      	1.9949151      	2.0453851      	2.3032525      	2.7414474      	3.1403012      	1.8581332      	1.912655       	1.8946065      	1.9205282      	1.9162734      	1.9069153      	1.9396058      	1.9158202      	1.9041463      	1.9099703      	1.922155       	1.9432434      	1.9377054      	1.9410654      	1.9185774      	1.9442565      	1.944501       	1.9109346      	1.9235457      	1.9437114      	1.9254678      	2.9539225      	-2.151215      	-2.4258804     	2.2513075      	2.0102067      	1.9802792      	2.0177655      	1.9474194      	1.9387287      	1.9422449      	1.9591825      	2.0001478      	1.9659731      	1.9321605      	1.946262       	1.9657584      	1.9866005      	1.9628599      	1.9153003      	1.9533286      	1.9441125      	1.9690796      	1.9636068      	1.944082       	1.9930313      	1.9595094      	1.9160463      	1.9565624      	1.972261       	1.9311275      	1.9631106      	1.9387726      	1.959718       	1.9445637      	1.9463391      	1.987857       	1.9560629      	1.9457871      	1.9997874      	2.0702357      	2.1126137      	2.4653387      	-2.6942303     	2.4349144      	1.8569696      	1.9007239      	1.8932465      	1.8777027      	1.9084179      	1.9173102      	1.9196529      	1.9505106      	1.9284248      	1.928637       	1.9463599      	1.9384692      	1.9123341      	1.9540994      	
1.9947544      	1.990052       	1.9593002      	1.9480389      	1.9526244      	1.9576936      	1.9284841      	1.9404621      	1.9482962      	1.9349833      	1.948594       	1.9232051      	1.9908514      	1.9551584      	1.90251        	1.9436828      	1.9753023      	2.0668087      	2.1062856      	2.362999       	-2.8962915     	2.4362898      	1.8054599      	1.917308       	1.9701282      	1.9178666      	1.9499797      	1.9668866      	1.927833       	1.8999518      	1.9108211      	1.9299254      	1.9666798      	1.9672656      	1.9457821      	1.8934652      	1.9236335      	1.9138192      	1.9906521      	1.9051863      	1.9031376      	1.91412        	1.9679669      	2.8602123      	-2.2316957     	3.1261194      	2.0482502      	2.003972       	2.0031047      	2.0247748      	2.0063443      	1.9838256      	1.9462103      	1.9946561      	1.978872       	1.976736       	2.023624       	1.9750521      	1.9507707      	1.9516107      	2.007776       	1.9781983      	1.9225773      	2.010759       	2.0313048      	1.9620796      	1.9694386      	1.9460062      	1.9528612      	1.9234136      	1.9193982      	1.9810518      	1.9811012      	1.9661838      	1.9834759      	1.970643       	1.9738139      	1.9559098      	1.9668813      	1.9534858      	1.9405593      	2.0364084      	2.0971627      	2.24923        	2.792663       	-3.006589      	1.8212621      	1.8895725      	1.9033918      	1.9205917      	1.9053268      	1.893807       	1.9442672      	1.8915977      	1.8817543      	1.8749315      	1.9283117      	1.958041       	1.9092907      	1.965346       	
1.9224559      	1.9693387      	2.000968       	2.0093913      	1.9784974      	1.9841145      	1.9888891      	1.9745259      	2.0015953      	1.9595023      	1.9204441      	1.932613       	1.9755803      	1.9590797      	1.942042       	1.9158592      	1.957987       	1.9740993      	2.0374043      	2.1445637      	2.250854       	-2.8928359     	1.938386       	1.8924769      	1.9290538      	1.9102057      	1.8999907      	1.9039098      	1.924838       	1.9335164      	1.9158092      	1.9359678      	1.9292663      	1.9413124      	1.9396307      	1.9032639      	1.9774252      	1.9357128      	1.9263777      	1.9521779      	1.9369205      	1.9610605      	1.9121833      	1.9308859      	-2.7835197     	-2.4523973     	2.0957742      	1.9901205      	2.0970087      	1.9517653      	1.9648095      	1.9857872      	1.9340973      	1.9373567      	1.9725777      	1.9433024      	1.9144299      	1.9341142      	1.9804842      	2.0380445      	1.9434303      	1.9482827      	1.9724005      	1.993592       	1.9616882      	1.9337182      	1.9735814      	1.9352931      	1.9495221      	1.9703631      	1.9484489      	1.9239551      	1.9472232      	1.9332149      	1.9539952      	1.947864       	1.9787288      	1.9488455      	1.9170598      	1.9342803      	1.9146174      	1.9303197      	2.0154724      	2.0670767      	2.3221486      	3.092983       	2.6479893      	1.9155726      	1.9429439      	1.9072891      	1.9720396      	1.9092029      	1.8976988      	1.9577359      	1.9493897      	1.8636582      	1.9374341      	1.9224012      	1.918651       	1.9362235      	
