# www.neaspec.com
# Scan:	 	AFM
# Project:	 	20251007_PS
# Description:	 	
# Date:	 	10/07/2025 10:43:47
# Scanner Center Position (X, Y):	[µm]	49.99	50.01	 
# Rotation:	[°]	0	 	 
# Scan Area (X, Y, Z):	[µm]	5.000	5.000	0.000
# Pixel Area (X, Y, Z):	[px]	100	50	1
# Averaging:	 	1	 	 
# Integration time:	[ms]	5	 	 
# Laser Source:	 	4.5-15 µm nano-FTIR laser
# Detector:	 	R
# Target Wavelength:	[µm]	7.502	 	 
# Demodulation Mode:	 	Fourier
# Tip Frequency:	[Hz]	241,340.500	 	 
# Tip Amplitude:	[mV]	45.700	 	 
# Tapping Amplitude:	[nm]	79.665	 	 
# Modulation Frequency:	[Hz]	0.000	 	 
# Modulation Amplitude:	[mV]	0.000	 	 
# Modulation Offset:	[mV]	0.000	 	 
# Setpoint:	[%]	79.75	 	 
# Regulator (P, I, D):	 	4.206850	8.625812	1.000000
# Tip Potential:	[mV]	0.000	 	 
# M1A Scaling:	[nm/V]	0.426	 	 
# M1A Cantilever Factor:	 	1,000	 	 
# Q-Factor:	 	487.4	 	 
# Version:	 	2.1.11536.0
-2.8151577     	-3.0921347     	-0.6880319     	-0.07854007    	0.41286647     	-2.432201      	1.5319875      	-1.3124428     	1.5158168      	2.9047892      	2.5303428      	1.5035789      	-2.833414      	1.0578442      	2.5270586      	-3.059176      	2.8569808      	0.49678394     	-2.8662245     	-1.9687916     	-2.9334464     	-2.7425447     	1.5167928      	1.0561702      	2.9460912      	3.0583272      	0.3879491      	-2.2744093     	-2.5960371     	2.4981394      	0.7408395      	-0.1961734     	0.14166279     	-3.0718741     	-2.1991897     	0.25998676     	0.39164877     	0.13376448     	-2.5894623     	1.3206842      	-2.543405      	3.0128562      	-3.0422685     	1.0461597      	2.6488686      	1.0660764      	3.0783103      	1.2025391      	0.1314712      	2.4728906      	-1.3177938     	1.7480298      	0.7856945      	2.1745083      	2.1528397      	0.13946621     	1.0106803      	-3.0278175     	0.6453782      	1.2152157      	-2.6922812     	0.111749046    	0.73975646     	-2.6192443     	-2.2771974     	0.6947144      	-3.1043425     	0.7355034      	0.6030513      	-2.82895       	-2.6082783     	0.5927781      	2.5064192      	2.671944       	0.76102716     	0.29468212     	-2.7479265     	-0.26252165    	3.0809894      	1.4930865      	0.5299899      	3.0704432      	0.5530334      	0.39617652     	1.5969572      	-3.0591903     	-2.7038002     	-2.123324      	0.687218       	-2.802815      	0.4560149      	-2.66529       	0.5050419      	1.9530121      	-1.9331502     	1.5499668      	-1.2913678     	-3.0137033     	-2.7893696     	0.23794189     	
-1.4237541     	2.7326589      	1.8140295      	0.4620299      	-1.3789644     	-2.7227697     	1.19346        	2.3368025      	0.8955777      	-2.982013      	0.17001158     	1.6187826      	1.4997473      	-0.86696213    	0.54834056     	3.1243997      	1.7602283      	0.57570577     	2.7010477      	-2.0372624     	0.9153678      	-2.9150293     	-3.1345403     	0.3101398      	-2.892074      	0.96640724     	-2.2894754     	-0.67321056    	0.0074405065   	-2.799082      	0.452513       	3.1156952      	0.6278487      	0.7141621      	-2.8222482     	0.5589836      	0.5943551      	-1.0716447     	0.8908446      	-2.2206814     	-2.498684      	2.6151717      	0.24927643     	1.3405967      	1.1297873      	-1.123002      	0.4689172      	-2.4539301     	0.91639775     	-1.1776036     	-2.1942275     	2.8215168      	-1.7915928     	-3.115999      	0.12382553     	0.424142       	-3.1279888     	2.5694556      	-0.05874053    	3.0936353      	-2.263536      	0.7420934      	-0.35706398    	1.7224977      	0.9617182      	2.8337653      	2.4333768      	-0.31507215    	0.5471029      	2.2115726      	0.392465       	1.3765525      	-2.9099627     	3.1267128      	0.71698517     	1.0185362      	0.26722696     	1.8769437      	0.4303289      	-3.045118      	0.43284488     	-1.7298648     	-2.5871158     	0.92106414     	2.3137565      	1.4789349      	-3.044558      	-2.9202695     	0.9364594      	1.8324188      	1.1860864      	3.069833       	1.2738094      	-2.2364764     	2.9320889      	0.30267486     	0.20149063     	-2.4478908     	0.6482771      	0.29511666     	
0.6164541      	0.025755573    	-2.215187      	0.47854802     	0.36254668     	0.08208891     	-1.7747643     	0.96722        	0.93472254     	1.9151584      	-2.6118443     	0.5602177      	-2.722534      	0.38920107     	0.86449724     	2.0106456      	0.2187957      	0.19770865     	-2.229529      	-2.122464      	0.46653178     	-2.9509904     	-2.1962595     	0.16699412     	-0.00647591    	2.71835        	0.43834984     	1.6279709      	-2.8372068     	2.012705       	-2.7168996     	1.595822       	-0.09514558    	1.0323205      	-3.0145519     	-0.019791223   	1.1980002      	2.9558702      	0.6843871      	0.5618603      	-2.9185796     	-1.910097      	0.3655131      	2.0098877      	-2.7598474     	0.63679373     	3.0800526      	-3.1352277     	0.04865346     	-2.535976      	0.5542641      	-2.981853      	0.23575683     	-3.0719204     	0.43464288     	0.0131000085   	2.6628213      	1.0714859      	-2.8352091     	-2.9337797     	1.4684969      	-2.7314792     	3.124248       	-0.45918736    	1.6443957      	-0.15858781    	0.7656007      	-2.6945105     	2.8263924      	2.2137952      	-1.7772489     	0.99383235     	2.5796902      	1.0448375      	1.19726        	-2.7410078     	0.16685455     	-0.28224766    	-1.8324214     	3.1083765      	3.1240923      	1.0364645      	3.0554283      	1.8118397      	-2.3827996     	-0.90097654    	-2.1373425     	-3.0963302     	1.8095258      	-2.603241      	0.6487702      	-2.2486682     	-2.499987      	-0.9216528     	2.8015792      	-1.8234017     	3.1260133      	-1.9269253     	2.1870968      	2.5298314      	
-0.8599048     	-2.2834165     	-2.3048568     	-1.5377303     	0.5131296      	2.411168       	0.2703572      	0.42609465     	-0.013843445   	0.35408208     	0.33569536     	-0.04117259    	-1.8522347     	1.8796179      	-2.5849245     	0.19244312     	-2.8787742     	0.6599157      	-2.9515438     	-2.0689824     	1.5316963      	-2.2553005     	2.8756125      	2.4095712      	-0.005218042   	-0.48932713    	-1.6020843     	-2.7303739     	-2.9148629     	0.038079776    	0.7283152      	-2.4621017     	0.69133765     	0.6750666      	-2.5910625     	2.449607       	-2.1935189     	-2.7032688     	0.71453947     	0.6529546      	-0.47912085    	3.0057845      	0.40480438     	-1.8831214     	-2.8251414     	0.51158863     	2.8203084      	-2.3455937     	0.78976125     	1.4458542      	-1.8994462     	0.61590374     	-2.9730792     	3.0551517      	0.6349327      	0.30191195     	-2.959644      	2.2467422      	1.0412549      	-2.666909      	1.0832293      	1.0212412      	-3.0630233     	3.0540972      	-2.644692      	2.3226988      	3.1051993      	-0.38236743    	-0.92754304    	-2.9987338     	0.2770231      	-2.068167      	2.3416808      	1.0772258      	2.8524885      	0.8642249      	-0.34938955    	1.6285002      	2.2361238      	2.6209166      	3.0521963      	-2.2955654     	0.99257636     	0.66250795     	0.7326979      	0.8583698      	0.24422121     	-2.5868084     	1.5045332      	0.6067728      	1.7423334      	0.97852176     	0.3702274      	-2.2013419     	1.10873        	0.13074125     	-2.7359457     	0.7795411      	0.5408647      	-2.759581      	
-2.269009      	0.24317464     	-0.13416491    	-2.4405224     	-2.0873418     	2.9665358      	-0.68125606    	0.17282552     	3.0458076      	0.39931515     	-3.060063      	2.6787772      	0.31030932     	-3.0878808     	-2.502584      	0.32672083     	-0.24334773    	-2.662706      	0.74554706     	2.0347764      	-2.345776      	1.37112        	0.89153904     	-2.6341324     	1.0893012      	1.3428625      	-2.9368317     	0.7468134      	-0.62867165    	2.6889663      	-2.0376406     	3.075656       	-0.10854718    	2.4127307      	1.5475125      	3.0840638      	0.5585319      	1.0324051      	-2.4197555     	2.685625       	0.046349328    	0.6912647      	-2.6623583     	0.7802788      	1.2421272      	-1.9717118     	0.4219631      	2.8246357      	2.690791       	0.75774676     	-1.4778829     	-3.0525131     	-0.45139313    	0.7781948      	-2.6251252     	2.1538749      	-3.0015907     	-2.6397796     	0.69815093     	2.604895       	-2.4836624     	0.40738735     	0.4664366      	-2.9202485     	0.59028924     	0.9301913      	-2.898433      	2.2331917      	1.3006397      	-2.708503      	-2.3252058     	0.5199932      	-2.7361128     	3.046588       	0.5589409      	-3.0578632     	-2.4427998     	0.49162024     	1.8770181      	-2.7364707     	0.20377629     	-2.6735106     	2.130797       	-2.8988094     	1.8909112      	-2.3735704     	-0.10417982    	0.5335846      	-2.674859      	0.59350765     	2.6443431      	3.0815895      	0.35253513     	1.2269299      	-2.6992278     	-1.6731106     	0.4843716      	-2.5258803     	-0.63202506    	0.6976646      	
-2.461629      	-2.1829503     	-2.7819726     	-1.1167622     	-2.9487233     	0.32173967     	0.37540042     	-2.9898584     	0.58987236     	-0.25160104    	0.41448325     	-2.8083234     	0.9434311      	-2.8998227     	-2.9309623     	0.77384174     	-2.9873753     	0.90223604     	0.6404433      	-2.7143786     	-2.632603      	2.7945518      	-1.0206023     	2.9037347      	0.8505405      	-2.5884383     	0.49828905     	-0.20977612    	2.9161897      	-2.7660687     	1.1369392      	0.36740056     	2.405312       	-0.8262216     	-2.4496782     	2.9814076      	1.9021909      	-2.8200216     	0.44218296     	1.0696387      	-3.1357868     	0.3025157      	2.1453779      	-2.155005      	0.5528529      	-2.8983848     	-2.6029687     	0.43074942     	1.6980058      	1.3755621      	3.0927737      	-2.321419      	1.6344289      	-2.711431      	-2.1365435     	2.153305       	-1.8830509     	0.7187915      	0.85412043     	-1.798545      	0.71943164     	-2.8494303     	2.6183267      	-2.8940482     	2.735457       	2.9889631      	1.148039       	-0.55646825    	0.8705692      	0.51117784     	0.23380084     	-2.7533932     	0.535628       	-2.5762815     	-2.506128      	1.0618346      	0.39792094     	-2.2213888     	1.3510685      	1.0410905      	-2.937997      	-2.944312      	1.0170176      	1.3936579      	-0.08699975    	-2.1325533     	0.50513995     	-2.2759707     	-2.935617      	-2.536612      	1.2154047      	0.60869956     	1.1146457      	0.9494084      	1.0491078      	-1.5453076     	-2.6263342     	-2.8151367     	1.0675341      	-3.1327155     	
0.5519433      	-0.35323548    	0.44034892     	0.23219241     	-0.30308503    	-0.7076325     	0.14086314     	0.20645115     	-3.118754      	-2.4126654     	-0.9541498     	2.876918       	-2.4419708     	-0.4026991     	-3.0074003     	-2.7220883     	0.93995506     	3.1351469      	-1.1010932     	0.3188346      	1.8345668      	2.7846916      	0.9474282      	0.33736807     	-3.0547907     	1.171956       	1.0840406      	-3.0644877     	0.78784066     	1.5211889      	-2.5883474     	-3.0036438     	0.62923074     	2.8276443      	0.8650057      	1.2204866      	-2.682733      	-2.161272      	0.5659944      	-2.7208009     	-0.33072194    	0.35902262     	2.4878683      	0.8786301      	-2.4979331     	-0.6291952     	-1.1915493     	1.1323513      	-0.19625098    	0.901272       	-1.0494927     	1.989879       	-2.7050934     	0.7931013      	0.4174041      	-3.0339866     	0.49864542     	1.9266677      	-3.0094647     	-0.56338584    	2.6448333      	-2.494241      	-0.25395742    	0.40415058     	-2.1337233     	2.87434        	0.62829244     	2.3007655      	-2.7344823     	0.4990638      	-3.0921571     	-1.3960571     	0.19471307     	3.0400376      	-2.953002      	-0.94907445    	-0.0051803235  	-2.6493404     	1.093489       	0.81398636     	-2.8379784     	0.27490023     	0.2778061      	1.6905228      	-3.0238795     	-2.6512005     	-0.19827993    	0.078540966    	-2.8091571     	1.5256412      	2.1136956      	1.1090562      	-0.6671564     	-2.671214      	0.86297315     	-1.9164261     	-2.4389176     	-1.8400638     	0.21137835     	-2.722631      	
3.02651        	0.74134636     	2.115428       	0.76343644     	-1.8145177     	2.7830014      	0.48745328     	1.6090568      	1.5448409      	-3.002352      	0.75100124     	-2.7766        	-2.8876283     	0.83995384     	-2.8750157     	0.460185       	-2.571105      	1.564857       	0.714884       	-2.9503765     	-2.5040457     	-2.2216988     	0.59955305     	-2.763557      	-2.1606894     	1.0118         	2.5204306      	-2.93596       	2.384963       	2.0610194      	-0.68908656    	0.92034316     	1.7568282      	0.93755716     	-3.0506392     	1.2455486      	1.3226429      	-1.1099741     	2.9975474      	0.33691695     	2.3846211      	-2.4366646     	-2.036118      	-2.2770948     	-2.2375998     	1.5862006      	3.009094       	0.04438968     	-2.728874      	-2.186585      	0.7903623      	-2.5082653     	-1.9360938     	1.2446045      	0.4925136      	0.6875163      	0.25292298     	-3.1276846     	0.9431735      	-2.2847962     	1.8432363      	2.3210554      	-2.0617294     	-2.5487187     	-0.28045484    	-0.9860213     	-2.6134908     	0.7714393      	0.5375676      	3.0211957      	2.7556388      	1.8147954      	2.0036356      	0.019455487    	0.1390934      	-2.3130193     	0.18614988     	0.27804548     	-3.0245647     	-1.0267818     	1.0245993      	1.1547598      	-2.7688081     	-2.4875376     	1.7410662      	-2.104876      	-0.79323137    	0.2380632      	-2.7950022     	-1.7266802     	-0.30270925    	2.2187877      	1.6561213      	-3.0023906     	0.019880679    	-1.047917      	1.2123907      	-2.7354515     	0.6561674      	-2.0000007     	
1.1862271      	0.30825105     	-1.8921944     	-1.3442123     	-1.5723803     	-0.5152461     	1.048589       	-2.0555794     	1.5393469      	2.8252463      	-2.9926221     	-1.615522      	1.5300395      	-2.5612435     	1.7180291      	0.9301746      	2.5781         	-2.740037      	0.9206259      	-0.49516553    	-2.9063797     	2.4534857      	-1.1795918     	-2.6004047     	0.47238266     	-2.5279746     	1.5559962      	2.5233533      	0.5241355      	-1.4364432     	-0.1909785     	-2.7532153     	-0.6691723     	0.767525       	-2.8047242     	2.313798       	-1.7107118     	-0.54540616    	-0.36338052    	-1.5287243     	0.45561963     	-3.014321      	-2.1849966     	0.44463167     	-2.0177681     	-2.8186388     	0.687443       	3.1365528      	-2.8285675     	1.3025264      	2.8698695      	-2.8958998     	0.88238466     	0.3929386      	-2.7918656     	-0.58160365    	0.55741733     	-2.5878992     	-2.0330622     	2.3309357      	-0.47376683    	1.7364529      	2.2922828      	1.4924521      	-1.9056941     	0.7389493      	0.7638145      	-3.1279144     	-1.5321949     	3.0663261      	-2.7160366     	0.75186294     	2.143076       	-1.4018078     	0.5555752      	-2.809561      	2.0840087      	1.612352       	1.0458907      	2.8631988      	2.7867906      	0.43532234     	-2.7751153     	-2.977487      	1.7006441      	2.8911562      	-0.13834941    	0.61986697     	-2.5395284     	2.9661803      	0.5487809      	-0.2644866     	0.22199863     	-2.90428       	0.66920483     	-2.8167264     	1.0146832      	0.6927841      	0.5140029      	1.075378       	
2.9890308      	1.6963832      	2.2710748      	0.7700546      	-1.1845884     	-2.3832214     	0.92338663     	-2.656111      	-2.8881807     	0.53878236     	0.27858058     	-2.1360269     	1.0875657      	-0.0022825294  	-3.12542       	1.8677799      	0.68408537     	-2.2562625     	0.87203413     	0.36751342     	-2.6721406     	0.8126165      	0.52303404     	-0.9914155     	1.6580788      	0.62561476     	2.9103615      	1.0080335      	-1.8475224     	-2.001647      	-0.44838378    	2.7525003      	1.7104391      	2.8829858      	0.56398606     	-1.1796817     	1.0606228      	0.4447467      	-1.9116164     	-2.5306046     	0.0748563      	-2.9863148     	-3.0684032     	-1.2627652     	-0.19630411    	3.0812843      	3.1047466      	1.0942297      	-2.4634902     	0.40123808     	-0.030920664   	-2.5413194     	0.87866825     	0.59778756     	-2.7557063     	0.49675465     	0.49039915     	-2.7669535     	2.7132607      	2.2405286      	0.945594       	1.1932106      	2.6551042      	-1.9393467     	0.16877212     	-2.2451968     	0.61539686     	-2.6130507     	-2.0234866     	0.4199076      	-1.7624396     	1.8314254      	0.5998718      	0.76729405     	-2.0127618     	0.4400155      	-1.9563667     	-0.391212      	1.3303598      	0.33679867     	2.9206204      	1.5925916      	0.61068356     	-2.5312073     	-2.9186718     	2.2668278      	-0.20678186    	-2.1864035     	0.55121267     	-2.8656435     	3.0504384      	0.87292874     	-2.7267954     	-2.6884418     	-3.0791514     	2.7941973      	-2.59067       	1.0569358      	2.3235383      	0.48417464     	
0.43283597     	0.5864386      	0.44849423     	-0.23946331    	-2.1783228     	-3.0618267     	2.2615817      	3.0143676      	0.82567513     	0.76258695     	-2.6789625     	-2.198628      	0.6834137      	-3.049875      	2.5692704      	0.102946386    	-2.4930415     	2.715657       	0.44588873     	0.52221966     	0.1110529      	1.1082855      	-2.5360184     	1.0300889      	2.5905426      	0.7349329      	-0.09478446    	-3.0285003     	-0.8710658     	-3.0767305     	-0.8658339     	-1.9462893     	-1.114437      	0.35383412     	2.6318393      	3.0296288      	0.7623817      	0.95478326     	-2.6169775     	1.0951707      	2.8341877      	2.8977025      	-0.10221851    	2.9083345      	-1.785035      	0.3725849      	0.28963327     	-2.286716      	0.39532173     	-1.0341005     	-2.2979026     	0.112674765    	-2.8314252     	0.07901092     	1.3962774      	0.47778192     	-1.6774173     	0.64879286     	-1.4262161     	-2.5097032     	1.0088956      	0.29816625     	2.648829       	-2.2159777     	0.7734047      	-3.0457883     	0.68185824     	-0.19346297    	3.0937357      	0.6581732      	1.8319973      	-2.371195      	-2.487672      	0.26406598     	2.9862623      	-2.1245384     	0.3741653      	-1.7187907     	0.8634345      	1.9508048      	2.770307       	0.3961518      	0.14960186     	-2.2200344     	-2.786368      	0.4589368      	-2.6473725     	-0.27036175    	1.2961661      	2.4029677      	3.0087242      	-3.1141715     	-2.5932815     	-2.0360117     	0.5630877      	-2.9365802     	2.5719936      	0.70100176     	0.15605055     	-2.7362754     	
1.3798406      	0.7054874      	-2.7897701     	0.6264752      	2.9571226      	0.12145219     	0.61230516     	-3.1015198     	0.855773       	0.43305847     	2.443793       	3.096564       	1.309905       	-2.6069932     	-2.3798501     	2.9567623      	-1.551345      	2.2753491      	2.5283632      	1.1938688      	0.53360426     	-2.5495362     	1.2705966      	0.6156235      	-1.4155797     	-0.6506207     	0.32367697     	-2.5013995     	0.8457366      	0.4391991      	-2.645273      	-2.5826263     	0.60296977     	-2.110498      	2.378449       	0.42265484     	-2.4453268     	3.0861535      	0.71115965     	-2.3422756     	1.9828602      	-1.5788192     	2.8927252      	0.7183992      	-0.4219779     	-3.0593374     	2.3894634      	1.5763861      	-1.6980356     	-0.4979619     	-2.9495122     	-0.18267936    	-0.5279881     	-2.8857465     	0.7823628      	2.1071503      	-3.0761044     	0.07012366     	-1.3983393     	-0.82354045    	-0.1478495     	2.5559566      	0.53486687     	0.6494194      	-2.5187695     	0.7549996      	0.3750574      	3.0178254      	1.3068104      	-2.5425866     	-2.312689      	1.4632211      	-3.1244495     	1.245844       	2.9371448      	3.0850303      	2.8897057      	2.7968411      	1.3580949      	-2.137713      	0.070995614    	0.5771035      	2.99625        	0.108738415    	2.2523534      	-2.3841085     	2.422728       	0.12768157     	-0.41224757    	2.198556       	-0.85299015    	-0.047902897   	1.742544       	-3.024188      	-0.29564825    	-1.1091901     	-1.6414292     	-2.7424965     	1.5134269      	-1.444123      	
0.626074       	2.1508372      	2.1236186      	1.9351076      	1.0748674      	0.6252264      	1.0728219      	2.876546       	0.6441127      	-2.8274379     	-1.8334433     	-3.0946329     	2.4664032      	0.50266737     	2.2735264      	0.68382996     	-2.6223953     	1.6257902      	1.5331695      	1.5769815      	2.4633658      	-1.703033      	0.18860684     	2.55606        	-1.8610162     	2.1528864      	0.030929547    	-1.6343534     	-2.9396367     	0.880694       	-0.32128856    	-1.3910803     	2.427223       	0.8678933      	-1.8657757     	2.4466014      	2.8961804      	0.66207135     	-1.8176789     	-1.0733076     	1.9859741      	-2.562284      	0.8707298      	-1.8278588     	2.952392       	0.7935266      	-1.8517622     	2.9982612      	0.15515779     	-2.5664015     	-2.124266      	-0.07322469    	2.7690992      	-2.8317015     	0.079064675    	0.32214248     	2.7759805      	2.6533816      	0.66942775     	1.019275       	-1.9442494     	0.5744806      	-2.8251774     	0.89848804     	2.6293485      	2.185529       	-2.9533963     	0.35275933     	-1.7831187     	-0.44148743    	0.880568       	1.8675023      	-2.7833095     	0.6154189      	2.9878478      	2.1233764      	0.5715942      	2.8614516      	1.3987546      	0.7301652      	3.0950885      	-0.17446755    	0.72492284     	-2.7108772     	-2.5237994     	0.5098046      	1.6859012      	0.8536156      	-2.3256068     	-1.5036128     	-0.9116914     	-0.061574962   	0.5081056      	1.9805466      	0.879999       	2.93717        	-2.4466014     	0.47771943     	-0.35204503    	-2.8823302     	
1.5697026      	0.52366585     	0.7435038      	-3.053407      	-2.8547432     	0.07879856     	0.76254123     	0.6457462      	-2.839867      	0.28706342     	-2.7939522     	2.859122       	0.6139825      	-0.49640006    	2.9281416      	0.5981631      	1.7926948      	0.031047385    	-1.0238646     	0.951685       	-2.7305217     	0.6193303      	2.065014       	-3.099646      	3.0048037      	-1.089432      	-2.1588614     	-0.80373645    	-0.5834834     	-2.4286401     	-1.753407      	0.42811784     	-2.4060707     	-0.29077825    	0.55918145     	-2.343145      	0.40795386     	0.32114118     	-3.1095295     	-2.2743864     	0.48045415     	-2.7242067     	-0.24845636    	0.8355304      	1.1950834      	-2.7529178     	-0.037742298   	-2.801811      	2.0172677      	0.11999737     	-2.0812593     	2.0213947      	0.14593299     	3.0824265      	-0.5139425     	0.49463367     	-2.0283124     	-2.407727      	0.18556087     	-2.0319989     	-2.6296253     	1.243377       	2.857258       	-2.82487       	-1.0170331     	-1.8360578     	-2.9942646     	1.2298443      	-2.2423823     	-2.7359622     	0.40258896     	-2.7199044     	1.1005692      	0.0626628      	0.20807639     	-2.2016582     	0.7674076      	2.5138016      	2.364222       	1.8606459      	1.9041842      	-2.2130616     	0.45733267     	-2.6643076     	0.46201205     	2.0142012      	3.0250535      	0.6386076      	-0.5456918     	-2.0665698     	2.3916733      	0.24376759     	-2.797992      	-2.445007      	1.1130092      	-2.823532      	-1.123694      	0.8865143      	-2.9334307     	0.49925628     	
-0.07134387    	-2.8593378     	0.1714277      	0.6182962      	1.452717       	-3.0500736     	1.5197029      	-0.33035475    	-3.053439      	0.71430844     	0.14301279     	-2.4564152     	0.5315277      	1.7246062      	-2.6576126     	0.679157       	-0.56914103    	3.1321201      	2.2848563      	-2.2775106     	0.021530865    	-2.6497197     	0.021707322    	1.9163653      	-2.7660298     	-2.7866123     	-1.1653309     	0.28621125     	2.9336677      	0.0456105      	0.42648157     	-2.5171103     	-0.2450363     	2.3679073      	-2.4806747     	0.5428393      	-2.300983      	-2.890977      	0.7228701      	-0.57196075    	-2.7797148     	0.46132898     	-2.5855742     	-2.4760857     	0.168204       	0.2739374      	-2.4921362     	0.4895279      	-0.6190494     	-2.5835748     	1.1453644      	2.224972       	2.9113576      	0.8495442      	-1.3087173     	0.1942206      	-0.26928666    	-1.9464775     	0.6005887      	1.2565013      	1.9922233      	0.6973864      	3.098867       	0.04663388     	-2.8173301     	-2.9422653     	1.1568246      	1.600907       	0.24337824     	-1.2687087     	0.6869513      	-0.09020526    	-2.5606306     	2.0197868      	0.53115547     	2.1481214      	2.7721467      	-2.8340247     	-0.03589245    	2.3513503      	0.63415253     	-2.2941468     	3.1100607      	-0.014787324   	-2.5977106     	2.4677558      	2.6225104      	1.4929651      	0.45000336     	-2.5047526     	0.37092045     	0.24460505     	-2.4391937     	2.9628859      	0.46341887     	-2.4815636     	-0.06199297    	0.09067809     	2.9236398      	1.1208565      	
0.344213       	0.80450624     	1.9461337      	-1.5365871     	-1.6357259     	0.2877568      	-2.6989412     	-2.396279      	0.6677066      	-0.36833557    	-2.9528751     	2.795052       	1.2704705      	-2.2711947     	2.0552654      	0.31064618     	-2.5399091     	-0.13517143    	1.0565366      	2.8442092      	0.7020216      	1.3542482      	-2.9124398     	2.5715218      	0.3831081      	0.3467696      	-1.3274562     	1.8324438      	3.1216755      	0.62380415     	2.0430422      	0.8656635      	0.5782868      	-3.0967827     	-2.4683232     	1.0478642      	-2.6133928     	0.34573272     	-2.6746168     	0.5328854      	2.969856       	-2.7302608     	0.46429265     	-3.0846424     	-2.5416045     	0.096836574    	-2.7822266     	2.6872966      	1.0791796      	-2.6694627     	-2.6793697     	0.2006555      	-0.061622713   	2.7942011      	0.6853735      	-2.2678769     	-0.0063604387  	-0.64493966    	2.9360807      	2.6061645      	0.031685423    	-2.3595753     	0.33456385     	0.07659842     	-2.9413457     	2.2717328      	-1.2840638     	-2.7332022     	1.0856369      	0.4332713      	0.4839303      	3.1081135      	0.5438168      	1.6468233      	-2.6167645     	0.6370624      	-2.5718126     	-1.366244      	0.55281174     	-2.647494      	-2.754956      	0.6362961      	3.086948       	-2.8074713     	1.3263115      	-2.6774316     	2.0637417      	1.4151311      	0.9440482      	2.1205034      	-1.7000629     	-0.28012192    	1.3570564      	1.4838675      	-2.8081596     	-2.7604742     	1.1328876      	-0.24072506    	-2.0780234     	-2.8901021     	
-0.60749334    	-2.6474416     	0.5563401      	0.96021587     	-2.0812745     	-2.408661      	1.5858898      	0.5662741      	-2.9726627     	1.478151       	-2.4072044     	-0.11392418    	0.34491783     	3.0663824      	-2.610499      	0.66577774     	3.063922       	-2.8112051     	1.5783777      	0.9274488      	2.8149762      	1.1812512      	-2.617825      	2.0754976      	2.9627092      	1.6982929      	2.5700486      	0.026042182    	1.5797275      	2.904567       	0.26777437     	-2.7519848     	-1.3992591     	0.7063224      	-3.0990615     	-0.8688305     	-0.003484711   	2.602024       	-2.5410671     	2.2740293      	1.1825029      	-2.9760792     	0.30326036     	-2.433129      	0.27100742     	-0.35155126    	-2.0021453     	-1.0108644     	1.1443352      	0.37338832     	2.2214675      	-2.8233347     	0.122166686    	-0.50075936    	-2.7887826     	-0.16854921    	-2.791344      	-1.9388927     	0.7900119      	-1.1149893     	-0.7498259     	2.5960362      	0.1819686      	-2.975821      	0.42513776     	2.7514048      	2.3418102      	0.059952382    	0.9199632      	2.8878055      	2.5709116      	-2.8886914     	-1.3231975     	0.07685417     	-2.6806662     	-1.4784842     	0.5926803      	-2.4327044     	-2.8604827     	1.4941545      	0.6666479      	-2.5900834     	-0.5084984     	0.2500905      	0.35564345     	-2.4226174     	3.0410306      	3.130237       	1.0739875      	1.2793492      	-1.937761      	-0.007538132   	-1.3780833     	-1.0403888     	0.8639835      	-0.4379991     	-2.455089      	0.4484912      	0.55079955     	2.762455       	
-1.2805238     	-3.0047157     	2.610005       	2.1907         	-0.28959757    	0.35910878     	-2.5139732     	0.30629915     	-2.533973      	2.6987371      	0.6473252      	-2.9960172     	-2.4468176     	0.7080667      	1.4682009      	2.2815614      	0.20894872     	-1.7092965     	0.55965734     	2.1518774      	-2.6172192     	-1.6613442     	0.72599715     	0.59450835     	0.029319562    	1.6172476      	-2.3815222     	-0.9537773     	-2.8018608     	0.24057291     	-2.1674516     	-2.5601351     	0.108843155    	0.41870898     	-2.5843031     	1.388343       	-1.7478282     	3.1383169      	0.6468678      	-2.1985905     	-2.590415      	-0.40210694    	1.1133199      	-2.0340366     	0.024638385    	1.9816549      	-2.6587627     	0.0465599      	1.525244       	-2.5932972     	-1.2376536     	0.3453886      	-2.1259184     	0.4312088      	0.39865702     	-2.4493663     	0.5036116      	-0.09855015    	-2.69695       	0.19638054     	1.1426661      	-2.3499117     	0.12113524     	0.9248427      	-2.1738124     	0.41014516     	-0.25514954    	-3.048312      	-2.9194975     	0.24509566     	-2.529249      	-2.3159359     	0.31085888     	-1.9922016     	-2.522216      	0.8352535      	-2.6477218     	1.1507735      	0.4548325      	2.5687778      	2.9230037      	0.20777053     	-2.8966687     	-0.77903324    	1.3367138      	-0.5242849     	2.8021984      	0.3237621      	-3.0892637     	-3.0257154     	-1.1689082     	-2.5235887     	1.6590037      	-0.11602734    	-2.6670997     	-0.1477722     	-0.0047258036  	-2.924504      	-0.6462104     	-2.2993054     	
-2.7955978     	-0.048223197   	1.4162155      	2.5516634      	0.933779       	-2.6984482     	2.7850916      	0.48351216     	3.1268275      	-0.36802387    	0.20539546     	-1.6240022     	0.5356426      	2.4807105      	-2.2008984     	-3.027943      	3.078051       	0.7588484      	-1.8708966     	1.6340269      	2.3800466      	1.5572007      	0.1179294      	-2.7277205     	0.661438       	-1.1510406     	0.97423303     	-3.0926807     	-0.544838      	-2.8001518     	0.37005112     	-2.896132      	0.56997275     	-0.33245322    	-2.4330225     	0.6228381      	-2.202825      	1.131452       	-2.6878028     	1.8623079      	0.31072304     	-2.527075      	1.1414206      	0.396631       	1.670112       	0.7143238      	0.087377205    	-2.3758192     	0.61401695     	-2.564773      	-2.794238      	0.4828399      	2.7614803      	2.4725142      	-2.9808104     	0.57910943     	-2.6860576     	0.38391182     	-2.5043278     	-2.4274035     	-0.33796856    	-0.23469305    	0.5179182      	2.8034625      	3.00754        	-2.6294847     	2.872226       	-2.9837234     	-2.145209      	-1.7804505     	2.7446163      	0.92875135     	-3.1372154     	0.6066418      	-2.542718      	-0.20370044    	-0.6815734     	-1.7014089     	-1.9307438     	-0.24291617    	-2.6473224     	-1.5436538     	1.1413383      	-0.12546791    	-2.9057558     	0.45904392     	-3.0877585     	-0.008674911   	-2.4290402     	-2.8418562     	2.5477884      	1.2972621      	0.20014074     	-2.5077229     	-0.9620863     	-2.9991412     	0.0788937      	0.3370148      	-2.6655269     	-2.7416036     	
1.850325       	0.7951424      	-3.0714934     	2.5516324      	1.1695161      	0.6108402      	1.1019479      	-2.3782935     	0.4693647      	-0.08486732    	-1.0090779     	0.6455744      	0.85996044     	3.0603042      	0.5894949      	0.64674956     	2.8533692      	-1.294549      	0.26470205     	-2.818262      	2.775768       	0.25029838     	-0.17933388    	2.501527       	1.2790425      	2.9413795      	2.0277224      	-1.8817402     	3.0891256      	0.30648583     	0.30257887     	-2.866691      	-2.3402352     	0.7925614      	-0.08670943    	-2.6288433     	0.11214242     	0.55183566     	-2.5859911     	0.48256576     	1.7517889      	1.2920923      	3.1160913      	0.9104672      	-2.6078126     	0.28118166     	0.19014789     	-2.8034685     	-1.6526568     	2.3344965      	-0.18246534    	-3.073653      	1.6308835      	-2.0870032     	-2.0548081     	0.8572336      	-2.9869857     	-2.6840193     	0.82925206     	-2.5696838     	1.9524896      	0.2800762      	0.052398875    	-1.7262087     	0.43308038     	0.7928089      	0.76930237     	-2.6476002     	2.3819306      	1.2340337      	0.38988006     	-3.0159283     	-1.8990122     	0.2895389      	-3.0337198     	-1.5808663     	-2.6631603     	0.9458703      	-2.9261436     	0.779989       	2.4570308      	1.8330581      	-2.7952569     	-2.9751563     	1.7961886      	1.0984728      	-1.3031617     	-2.948449      	0.8713735      	-2.9138708     	1.7740027      	0.64971745     	2.4522738      	2.1610007      	-0.39187783    	1.6182575      	-2.7459908     	1.70776        	1.4005786      	-1.2858043     	
-2.1914582     	0.14372227     	1.3391169      	2.7820628      	0.65865827     	-2.687646      	0.64844716     	-2.9372258     	-2.0753756     	0.78673905     	0.3797728      	-2.0569081     	0.14428444     	-3.067948      	-0.69862235    	0.9272064      	-2.0466852     	-3.1389487     	0.07415104     	-3.0294986     	-2.2225218     	0.81025076     	2.8359733      	2.2545576      	0.9450419      	-3.0254638     	-2.5246031     	0.9644921      	0.70493746     	-2.568819      	0.40793583     	-2.8611946     	2.6674714      	0.69328296     	-2.2139144     	0.5083813      	3.0602336      	2.3218455      	-1.3506491     	0.082968004    	2.3894138      	3.0679753      	2.1504257      	-2.0581224     	2.339937       	-0.56786764    	-3.0274553     	-2.9230263     	-2.27678       	2.2713485      	2.9412935      	-1.5882996     	2.7142034      	1.925333       	0.06100468     	-3.1366854     	0.23313186     	1.9246035      	-2.5055017     	0.49241263     	0.35548213     	-1.8860667     	1.9251052      	2.8256989      	1.054394       	0.12472913     	-0.03718472    	2.7854853      	3.0125697      	-1.4055645     	-2.6617002     	0.8049775      	1.7277334      	3.088038       	2.5825484      	0.37059355     	1.1596829      	-2.7399979     	0.4239219      	-3.00075       	0.17879666     	0.93240273     	-2.9345133     	-2.3840427     	0.58623093     	-2.1198192     	3.0972772      	0.74710596     	1.3846127      	-2.4235492     	-2.5242386     	0.27278835     	0.62137604     	-2.5048563     	-2.4009504     	-2.650875      	0.24284516     	-2.835232      	0.84122074     	0.4256537      	
2.097924       	0.5374084      	1.8449928      	-2.918163      	1.463321       	1.6331861      	-1.3521018     	2.763166       	0.56289023     	1.3699832      	2.0013647      	2.9267607      	0.42939934     	2.6510563      	-2.3919222     	0.6241375      	-1.1543674     	3.1342964      	0.80175817     	-3.012239      	-0.94606495    	0.4520134      	-2.9948907     	-2.610496      	0.51075315     	0.19280945     	-2.6455307     	1.0585963      	1.40715        	0.71141505     	0.3036806      	2.4710603      	-2.6256618     	0.9372964      	-2.755322      	0.2918929      	-2.9543834     	2.44425        	1.9617072      	1.3306026      	0.018049708    	-2.9151127     	-3.044566      	-2.49038       	0.57362777     	-1.0118395     	1.5102452      	0.13062632     	-2.7725427     	0.4898601      	0.8863401      	-2.1461387     	0.37297776     	-3.1087198     	-2.3443058     	0.7884805      	-2.5115628     	2.7026706      	-0.2392793     	0.47471943     	-2.7665534     	0.5213578      	2.3116124      	0.6133369      	0.44218913     	1.2553378      	-0.43703958    	1.1317549      	2.872053       	-1.3761798     	0.107386366    	-2.6170769     	0.59083813     	1.9201568      	0.47985172     	3.0521271      	0.42551756     	-2.17121       	2.115583       	2.3992343      	-2.5342646     	-2.3024538     	0.7278231      	-2.7788174     	0.61386955     	1.1431518      	2.9466956      	0.5348334      	1.2145197      	0.624575       	-2.1587906     	2.950077       	-2.367479      	-2.7745867     	0.36191866     	-2.936857      	0.015727429    	0.8274169      	0.7462935      	0.4653139      	
-2.3472624     	1.9157122      	0.19235767     	0.32905218     	-2.6599674     	1.9671053      	-0.46821424    	-2.9632678     	-1.7746305     	-0.8826058     	-2.9519753     	0.53942543     	0.8202884      	-2.359478      	0.636705       	-2.080546      	-0.055592734   	2.895093       	0.9221757      	0.18619768     	0.039459724    	-2.2820878     	0.6343304      	2.620747       	3.0528228      	3.042562       	0.49460164     	-2.8044844     	-2.3167603     	-2.9049058     	-2.1457417     	0.63852173     	0.71835136     	-2.9104714     	-2.0244114     	1.0033668      	-0.29450053    	-2.7591558     	0.6881293      	-2.783851      	2.441029       	-3.130127      	-2.7903292     	-0.05972278    	0.04751151     	1.4468724      	-2.228241      	-2.170689      	-2.6592085     	1.1429555      	-1.6539544     	0.43556684     	-1.6825624     	-1.8268784     	-2.9130101     	2.466141       	0.571297       	2.403479       	-0.43115598    	1.688327       	2.916117       	0.08906633     	0.17342502     	0.845497       	2.08434        	0.37905902     	0.22359866     	1.3957155      	-1.0829251     	0.8963171      	-1.1150899     	0.6196471      	-0.027539454   	-2.7790356     	0.81393474     	-3.0787232     	0.22120869     	0.6868627      	2.962088       	1.1403234      	1.2931292      	0.90565443     	1.276685       	0.61972797     	-2.94441       	-2.8759704     	-2.1371295     	-0.2324533     	-2.4194548     	-1.1395315     	0.06775505     	0.67610514     	1.092307       	0.7109553      	2.9189684      	2.953008       	-2.5928102     	0.39810792     	0.23436075     	-1.112893      	
1.1579732      	-3.0283546     	-3.0840206     	2.3238578      	0.20581257     	0.9664682      	0.5697384      	0.5561256      	1.6547658      	-3.119065      	-0.033373278   	-2.6291056     	-2.9704998     	-0.07851931    	-1.9665232     	-1.0987806     	2.5327427      	1.9293834      	-0.11560556    	-3.1070218     	0.8134022      	-3.0141435     	2.8858218      	-2.9758933     	2.4704666      	2.6177268      	0.9672452      	-2.4082925     	0.3146285      	2.9720564      	0.9061017      	-1.00995       	0.8588389      	-0.51184607    	-2.8661556     	0.28890052     	-2.9391642     	0.8065351      	-0.25033626    	-2.7284932     	1.3857923      	-0.8963338     	-0.24565849    	2.2499843      	-0.31942326    	-2.8599324     	0.9318734      	2.6277828      	0.7623381      	-0.33411396    	3.1267722      	-0.1575566     	0.88644487     	-3.1381207     	2.9276266      	1.118167       	-0.863813      	0.7180097      	-2.7405555     	1.7089832      	1.0146993      	-0.533456      	-1.628646      	0.72863907     	0.5231745      	-0.25399494    	1.0876217      	1.2826796      	0.013641551    	-2.7880628     	-2.4504337     	0.42946774     	2.249252       	1.5731949      	-1.1840746     	2.4577568      	0.69982725     	1.8291306      	0.89651394     	-1.8365074     	2.0154438      	1.5489283      	0.48965004     	-0.5197908     	0.7653087      	-2.169651      	0.54317254     	0.96889985     	-2.283846      	0.31579658     	0.11448871     	-2.85254       	2.0785484      	2.0964894      	-2.0699415     	-2.6907842     	2.3456144      	-2.3983746     	0.64045274     	0.020087974    	
-2.2112982     	-0.001940368   	0.7705548      	0.42217827     	1.0810754      	2.9182775      	1.6546198      	-2.2281115     	1.3906904      	0.9443217      	-2.920487      	-0.9457391     	0.18566966     	1.14053        	2.2714128      	0.7752476      	2.711738       	-2.0633783     	0.6189911      	3.061949       	0.07922809     	0.36734796     	0.83582264     	1.919928       	-2.3569047     	-2.7610404     	0.070517406    	-1.1663673     	-2.8948407     	0.8193725      	2.7584734      	-3.0300682     	0.6096071      	2.5722241      	0.41977564     	-1.7360067     	0.7006425      	2.911428       	0.3286647      	-0.81985784    	-2.7808871     	-2.2787623     	0.3533988      	1.5515306      	2.8041902      	2.9627383      	2.5523288      	-2.1090405     	0.50115424     	-2.365054      	2.677974       	-0.14220801    	-0.039885346   	-2.6432114     	2.1292515      	2.3703682      	2.6282518      	0.356302       	1.5036762      	-1.8680924     	3.1281166      	2.3741646      	0.29266        	-0.47307017    	1.4475973      	0.8466865      	-1.9277507     	1.1949023      	0.83040005     	-2.6357617     	0.8116895      	-2.5781188     	-1.6380916     	0.7689652      	-3.0043921     	0.7223984      	-2.8116262     	0.8157908      	2.5325375      	1.4929849      	0.4723958      	2.1021345      	1.5215467      	2.831034       	-0.1374752     	0.033159047    	1.9414002      	0.41559523     	-2.5615044     	-0.65191144    	0.83695424     	-2.9064395     	1.1234688      	0.8015276      	2.4436336      	1.9319783      	0.119007       	-2.616992      	2.713473       	0.9990362      	
0.79756236     	2.1829083      	-2.9163399     	1.8377233      	-0.009372897   	2.7488966      	-3.0864909     	-1.1952654     	-1.2290382     	-2.7949705     	-0.6268087     	0.120336525    	1.3337979      	-3.1215734     	0.23958273     	1.2537367      	-2.9085863     	-0.22297062    	-1.6120057     	0.332046       	1.8089405      	2.303166       	0.34356803     	2.6084814      	-2.7526488     	0.4223156      	-2.3595557     	2.4040608      	1.3298798      	-2.3105066     	2.8856182      	0.68132144     	-1.4591608     	2.7153332      	0.5283956      	1.7842706      	-2.103118      	-0.18320705    	-3.0366402     	0.3392194      	3.0909243      	-2.5707097     	1.945005       	0.90159655     	-3.0750246     	1.8648753      	-1.8798212     	1.2186934      	2.2239082      	-2.0626395     	-2.703695      	0.31070822     	0.49365214     	2.4544456      	1.7422711      	1.6861575      	0.62798774     	1.3270463      	2.8659296      	0.65188086     	0.22429773     	-2.4340816     	0.106313914    	2.7047982      	-2.984749      	1.3482537      	2.4797351      	1.3727992      	0.3741527      	1.5496329      	-2.7744508     	-0.44563842    	0.9889567      	-2.5426226     	0.0029191172   	0.8272061      	-2.2349627     	0.7666592      	-2.7624094     	1.8744348      	0.6521723      	3.0647311      	1.0587119      	1.0926194      	1.3566909      	0.04023645     	-2.5677953     	0.047322743    	0.40321222     	0.48131064     	2.5853367      	3.091584       	-1.9094837     	2.2387848      	0.5766083      	-2.6832335     	0.35258755     	0.42792612     	3.0946288      	-2.47821       	
2.2434893      	-1.0998824     	-0.61452067    	-0.70808125    	-2.6693287     	0.33817056     	3.008552       	0.7139204      	-1.6222757     	0.7340205      	2.7554188      	0.81428695     	1.8049653      	3.1033895      	0.63744867     	-2.626327      	0.67688483     	-2.817448      	0.49210343     	-2.6328416     	0.75313157     	3.1393654      	-0.20519808    	-2.566093      	0.8177025      	-2.0289905     	-0.44232237    	1.0205256      	-2.758732      	0.6024914      	0.96526814     	2.8731966      	-2.6643298     	-3.0071113     	-0.9074548     	-0.34354874    	1.5545888      	-0.6861888     	-0.019777128   	-2.9458556     	-3.0920267     	3.006543       	-1.1378703     	-0.1550947     	-0.5294957     	1.9422438      	0.8812469      	-2.5118203     	-2.3806705     	0.31969362     	0.82658565     	-2.275303      	1.5117762      	-2.7321022     	-0.30677557    	-2.2465968     	0.69812363     	2.4476888      	-2.8215048     	0.9050181      	-0.77336764    	-2.3961148     	2.1263375      	0.9426743      	-2.6959689     	0.19295941     	0.3287565      	-2.8628812     	0.5835414      	1.5187312      	-3.114626      	3.1296015      	0.10922136     	-3.0370066     	1.014353       	2.208703       	-2.0940776     	-2.4494772     	0.79945326     	-2.4599502     	1.0099059      	2.9545789      	1.7780837      	1.8480358      	-2.4903042     	-2.355854      	1.0004625      	-2.1010444     	1.0200113      	-0.7060486     	2.3918624      	0.38773975     	-2.4806619     	0.48641387     	1.7695462      	1.7352484      	0.63647896     	-2.0681725     	0.30624783     	0.95180684     	
1.9296733      	0.53599316     	-0.25218788    	-0.5976067     	3.1085799      	0.30081937     	2.9827461      	3.0998712      	-2.4114845     	-1.5518872     	-3.078602      	0.66363144     	2.6944559      	2.344656       	0.9831973      	2.561087       	1.1518118      	-1.0200157     	-1.8696271     	-2.930324      	0.54470223     	2.9724226      	0.20584011     	0.5473228      	-3.1192918     	0.84014416     	2.590936       	-1.7303021     	2.8543315      	0.3704686      	0.370137       	-1.9725281     	0.32614106     	2.322321       	1.5050756      	-0.002728772   	-0.21729727    	2.7703826      	-0.4910082     	0.7530017      	-0.50259125    	0.2651719      	-2.2456849     	-2.648933      	0.7686881      	-2.6424706     	0.8194248      	0.9783364      	-1.6926924     	-2.9347124     	0.6944295      	-2.7068558     	2.9197574      	0.6995457      	3.0000181      	1.9484948      	-0.035560127   	2.9314415      	-1.9700185     	0.41903362     	-2.3781435     	-1.8385332     	0.83610207     	-2.5792515     	-2.9982169     	3.027845       	0.621578       	-1.9704018     	0.3356168      	-3.102507      	0.69658905     	-2.6863022     	1.8191793      	1.2108544      	0.14377168     	-1.5522351     	0.7018781      	0.13176906     	-0.5260791     	1.9711982      	-2.5197692     	-3.028922      	0.23252466     	0.8841363      	2.4261417      	0.4345358      	0.12192215     	1.9856714      	1.9014941      	-1.6886837     	3.1040056      	-0.10861135    	-2.8283095     	-2.7854373     	0.6337998      	2.0363345      	-2.5587738     	0.84534127     	-2.9503732     	-1.9551424     	
2.887019       	-2.3803008     	-1.9576045     	-2.2268844     	0.3278998      	3.032303       	-0.7947919     	-0.28459996    	1.0774435      	-2.0608869     	0.1183896      	-2.4604092     	0.9698831      	0.77128065     	3.0840096      	-0.018326277   	-2.8636763     	1.1698457      	-0.08780209    	0.47797114     	0.22012505     	-2.9567504     	0.47903886     	-1.6356708     	-2.6470723     	-0.023139842   	1.4946764      	-1.6090024     	0.8267994      	0.34352678     	-2.676545      	1.8227512      	1.113976       	-2.9751697     	-1.9844714     	0.732365       	2.377869       	3.0658164      	0.6462557      	-2.4900026     	0.7786133      	2.6762395      	-1.7969388     	-2.5622177     	0.8885968      	1.4018905      	-2.2013795     	1.6989586      	2.4540334      	-2.0929356     	0.82404107     	1.3902476      	-2.739371      	1.1141007      	-2.8062901     	1.3504825      	-2.2269685     	2.222197       	1.6199304      	1.2641366      	-2.3768225     	-0.105101466   	-2.8491316     	1.987422       	-1.2100816     	2.6519542      	-2.4374824     	0.23596834     	2.6857665      	0.98574084     	1.1003755      	0.9313942      	-2.3773599     	-0.0049236384  	-3.1249292     	0.8186012      	3.0814204      	-3.067448      	0.7365725      	-1.625221      	2.6476402      	-2.1503432     	-2.2713966     	1.0949476      	0.1308406      	0.65366614     	3.1107175      	1.9094669      	1.6516422      	-0.08519036    	0.40062478     	0.42781478     	-1.3548353     	0.8006165      	0.48037708     	-3.024197      	0.7251969      	2.8125818      	-2.8584712     	0.6401508      	
1.7635934      	2.9988606      	1.1268191      	0.46300915     	0.24005508     	-2.9775486     	-0.8555347     	0.30504996     	0.1587231      	2.4782436      	-1.1670821     	-1.8491317     	1.9986695      	0.7726689      	0.45344296     	-2.5059423     	0.49347633     	2.605666       	-1.4797655     	0.6057482      	0.8182809      	-3.056572      	0.1153915      	2.528502       	1.805765       	2.9918694      	1.0855379      	-2.7648146     	1.5370294      	-0.018331617   	-2.411297      	1.6771017      	1.3662589      	2.9860368      	1.2697296      	-1.4853922     	-2.6112444     	0.14989132     	-0.18682702    	-2.7142155     	0.45591617     	-2.2341678     	-2.8652139     	0.6752231      	-3.010842      	-2.6403646     	0.6219641      	-2.4899817     	-2.9227238     	0.6970184      	-2.864644      	3.0707455      	0.87283623     	0.8122387      	-2.362353      	0.5897413      	3.013177       	-2.70976       	0.38197866     	-2.8814054     	0.6396795      	-1.3532578     	-2.290801      	0.42227054     	-2.3245053     	-2.9668345     	0.60600543     	-2.3966444     	0.90965724     	3.0204709      	-1.1646897     	1.1190425      	1.6711361      	0.5247288      	0.8586526      	1.1874744      	-2.4769614     	-2.2729154     	1.2527115      	0.74529845     	-1.6955526     	1.6877205      	-1.6911243     	-2.8398612     	-0.2632253     	1.9575504      	0.24611515     	2.8541145      	-2.5998495     	-2.4171433     	0.97546995     	1.3679677      	2.9913468      	2.700801       	1.245964       	0.305085       	0.51126266     	-2.7323332     	0.57522297     	-1.2104716     	
0.089401074    	3.101575       	-2.8654785     	0.18085538     	1.7516454      	-2.9177637     	2.7805052      	1.1350385      	-1.2177001     	2.4387662      	-2.6537704     	-1.7436917     	2.0560865      	3.0185425      	-1.1997087     	0.8307997      	-2.7512186     	-3.054277      	0.7261872      	1.9236469      	-2.4577906     	0.04058579     	1.2504805      	-3.0194628     	0.6031109      	0.062079094    	-2.0993667     	0.551137       	2.9378629      	1.3349088      	-1.2613999     	-2.3800018     	0.7256481      	-0.5579733     	1.1810508      	-2.889917      	3.0072887      	-2.325541      	2.1166139      	0.073710844    	-2.5435128     	-1.6993408     	-0.4484409     	2.7829971      	2.7023249      	0.36090752     	2.6270885      	0.06339445     	-2.7964394     	-2.6974916     	0.65819865     	-1.990934      	-0.61481035    	1.5136992      	-3.0447915     	0.8910614      	-0.61785895    	0.43891808     	2.0759196      	0.18777351     	0.55708027     	2.2325633      	2.8613617      	-0.304316      	0.45694843     	-1.8136075     	0.6855663      	-2.5773587     	1.1085715      	2.8947713      	-2.5967796     	-2.6822677     	2.6668358      	2.6975892      	1.5557166      	3.0248914      	-3.1139202     	1.5025351      	2.2890093      	-0.90065414    	0.6042198      	0.55284137     	-2.6687381     	0.8210313      	-0.17388903    	1.6448627      	0.4066912      	2.9111886      	2.8190048      	-2.0399685     	0.30954385     	-3.0631602     	1.3634896      	0.13108729     	0.88064563     	0.95518446     	2.2609293      	2.2625246      	2.2638068      	-2.9986012     	
0.12598294     	-2.6423912     	3.0862787      	0.06314111     	2.8846855      	2.8171103      	-0.4692889     	2.9920094      	-0.31882828    	0.23267327     	2.7650852      	0.30881393     	0.18345724     	-2.384221      	1.1061054      	1.510683       	-2.8002014     	0.43557605     	1.7912464      	-0.94305       	0.2758245      	1.0993788      	-2.6232681     	1.0065043      	-2.8024025     	0.35516512     	3.0948772      	2.1635177      	1.2685543      	1.908182       	-0.15475081    	-0.3563514     	0.24357843     	-0.18049617    	3.0535195      	1.3254248      	-2.8172798     	2.524694       	0.18061204     	0.7946986      	0.5516915      	3.08998        	1.9266297      	2.9371202      	-2.5175667     	-1.9833179     	0.83258516     	1.2619053      	0.077239916    	1.5617673      	0.5549351      	1.8669217      	3.1032374      	1.4845425      	-0.095800035   	-2.1203895     	-2.2296562     	2.8584664      	-2.9159021     	2.2687383      	1.533103       	-2.957901      	0.8564487      	-1.6893384     	2.7210062      	2.0365608      	0.7631303      	-1.518475      	0.69316983     	-2.6441176     	0.41245532     	-1.3173553     	-2.801353      	0.12345853     	-2.4488168     	-2.643241      	-0.70566994    	0.2816403      	1.069206       	3.0745728      	-0.65129113    	1.6639727      	0.29151708     	-2.4354765     	0.4914038      	2.1849706      	2.6567914      	-2.8622751     	0.058849946    	-2.0565085     	0.87637734     	1.2483699      	1.6664821      	1.3664724      	-2.8383772     	0.17296843     	-2.990632      	2.8750384      	-2.152747      	1.3774508      	
2.1030328      	-1.0198116     	-0.51967585    	-0.4687983     	-2.3201823     	0.06630964     	0.9049528      	0.77067816     	-1.807925      	0.33302814     	-2.5959346     	0.42852956     	0.59666204     	-2.6241443     	3.118005       	1.6513369      	-2.450934      	-2.4846864     	0.74303514     	2.7747889      	2.1216033      	-1.9900392     	0.8403004      	-2.9523919     	3.0911608      	0.98755026     	-2.7117586     	2.6838865      	-2.6015208     	2.619544       	0.38892585     	2.0618153      	-3.064187      	-1.4981163     	0.26219982     	1.5193112      	2.481759       	1.330352       	-2.0138366     	-2.299291      	0.6618244      	-2.6205683     	1.1671079      	-2.3552551     	-0.91854       	-3.0836492     	-2.0420303     	0.12517415     	1.1017858      	2.3813934      	1.2042323      	2.762808       	0.6118708      	0.9437945      	-3.037492      	-1.2233106     	0.62082136     	-0.25218457    	-2.826511      	0.28965425     	2.027092       	-2.3721602     	0.98119897     	-0.7065408     	3.0543113      	0.7569331      	-2.6930346     	-2.8674436     	0.14073966     	-3.077043      	-2.5290732     	0.55738664     	-0.9737256     	-3.1408024     	0.9516967      	-1.6809834     	0.80090284     	0.091982566    	-2.4723027     	-0.3877322     	1.5375166      	3.0855923      	1.2510117      	0.39244002     	-2.719959      	0.56412923     	0.53206176     	-2.8668108     	2.9916496      	1.2125046      	-2.7330165     	-0.04621179    	0.88349074     	1.4456483      	0.042787112    	0.6075108      	-2.927163      	0.51100606     	1.484989       	2.0240793      	
0.239563       	0.037978668    	-1.0670847     	-2.5149078     	2.1582675      	0.6365796      	0.8295455      	-1.7458228     	0.5688722      	-1.8852445     	-2.179092      	0.65705895     	0.53864455     	-2.9762046     	0.8303153      	1.3275251      	-2.917809      	0.9913478      	-0.89912003    	-2.4707012     	1.0824279      	0.7475699      	-0.029954074   	-0.3488412     	0.39462423     	-1.9266263     	-2.647193      	0.8658202      	-2.7267582     	2.5182145      	0.49755242     	0.30085856     	1.7892581      	0.4333063      	2.9413188      	-2.9912062     	1.3794838      	-0.7434524     	2.072825       	0.6176938      	0.17006028     	-2.438272      	-0.19811997    	1.0747209      	2.90173        	1.388839       	1.4486523      	-1.2210283     	2.3518338      	0.52341765     	-2.7886295     	0.44030336     	-1.3626839     	-2.641961      	-2.3440802     	0.7376245      	2.745654       	-2.8320706     	0.5563748      	2.7553716      	0.051536195    	-2.1695242     	1.062887       	-1.6059918     	-0.3768117     	-2.6953633     	0.60204583     	0.89824945     	0.034711197    	-2.8353786     	-3.078064      	1.1667804      	-2.6452057     	-3.0148485     	-2.627105      	-0.42229676    	0.9508379      	-2.4260473     	2.2092888      	0.38897502     	-2.5717862     	-2.7843504     	0.5653041      	-2.480745      	2.9894934      	0.8294425      	1.2080225      	-0.6143125     	1.2384849      	-2.8103642     	-2.434638      	0.91407573     	-1.2643857     	-1.5731981     	0.07636748     	-2.7169523     	-2.7667172     	0.37356618     	-3.0970325     	-2.0836778     	
1.236668       	0.5252934      	-1.3019016     	-2.7621264     	-2.9356472     	0.03822358     	0.6048326      	3.1375253      	1.4104425      	1.424035       	-2.7286837     	0.9279958      	1.6518213      	2.1079383      	1.8636178      	2.4967828      	-2.9597874     	0.7477718      	2.0090127      	2.9044542      	-2.6517053     	-1.0592468     	2.1200564      	3.0242052      	0.9953585      	-2.9058292     	2.08365        	0.551038       	-2.5395808     	1.5143007      	-0.56914145    	2.2582362      	0.9569659      	2.1809552      	-1.9345077     	0.533137       	-2.7698443     	-2.7371445     	0.6039843      	0.45011503     	-2.6762533     	1.9673029      	-0.8338281     	-1.0853894     	0.70082337     	-2.8337166     	-0.11924882    	0.9522043      	0.26108494     	-2.526656      	-2.8147438     	2.7287915      	2.7791553      	0.68874925     	-2.6795943     	0.34002107     	2.582065       	2.3377662      	-2.9344563     	-0.9837955     	1.330844       	0.9378884      	-3.0414202     	1.6607367      	0.72238296     	-2.9248185     	-2.6168835     	-0.74730533    	-0.7458543     	-2.7804887     	-1.6019021     	0.18034774     	2.988744       	-3.0597937     	-1.5383968     	-0.8608904     	-2.161506      	0.82981193     	1.7253962      	0.8513047      	2.331331       	1.840629       	-2.5542855     	0.38647598     	2.4958515      	1.2072457      	2.302546       	0.33537814     	-2.6505527     	0.96051127     	0.54113305     	-2.889007      	1.6956818      	0.6040468      	-2.695042      	-2.2202885     	-0.056633923   	2.686901       	1.6237606      	2.704764       	
0.517589       	-3.0607018     	-3.0401566     	2.5439196      	0.8211682      	-2.8364446     	3.0674114      	0.19658104     	1.2036643      	-2.2687612     	1.8651282      	-2.4189904     	0.8052308      	1.854964       	0.68123746     	2.3523023      	-2.5963323     	1.311929       	3.0934098      	0.1952013      	2.908979       	-2.7100434     	2.0124526      	1.1456432      	-2.6497903     	-3.0730112     	1.3731809      	-1.8633765     	-3.1011093     	2.0766897      	0.5566124      	2.932844       	0.5504353      	3.0477061      	-2.8121731     	0.45437264     	-2.8797264     	0.10458953     	1.6268532      	-2.8182724     	-0.9396967     	-0.38103178    	2.8041098      	-0.6017358     	0.7638382      	1.3129971      	-2.5072424     	0.9206777      	-3.0577662     	0.18046235     	-2.5934923     	1.7173198      	-3.0023785     	1.5070119      	1.8006029      	-1.122959      	-2.7570353     	0.6262087      	2.9131262      	2.3313737      	3.109603       	-2.4883614     	-1.9911577     	-2.5216177     	0.04261534     	-1.4023077     	-2.5158303     	-0.21242675    	2.5819435      	-2.5889547     	2.0747995      	-2.768815      	2.4551501      	-0.46843788    	2.7179594      	0.14573698     	0.71031404     	0.571442       	0.6191517      	2.8866894      	-2.8880243     	-0.0920142     	0.73256534     	-2.816415      	0.27853346     	0.472463       	-2.0258126     	0.69271994     	2.1835878      	-2.1279407     	1.1644499      	0.5148984      	-2.5707834     	1.3467941      	0.13268763     	-2.7424867     	0.0649255      	1.0508549      	-2.092151      	0.7114127      	
-0.14412232    	1.6478283      	1.2920351      	0.8053054      	1.3003329      	2.3792827      	1.758797       	-3.088991      	1.3277187      	2.7778046      	2.5985239      	0.72402805     	-2.1659148     	-1.0436717     	0.4478678      	0.7910524      	0.83610713     	-2.5804741     	-2.4768574     	0.6968759      	-2.8759747     	2.212694       	-0.9401102     	-0.22469969    	0.19927554     	0.6510822      	1.6218637      	0.7136515      	0.95698005     	-2.5858579     	-1.2815912     	1.2735634      	-3.1130292     	0.9325083      	-0.5918176     	-2.5827436     	0.6543677      	3.0879042      	-3.06635       	0.77651805     	-3.1023011     	-2.8095627     	0.026775453    	-0.39714256    	0.6769856      	-2.8527        	-0.12566663    	0.39145365     	-1.489586      	2.2772288      	-0.20443188    	-0.24303304    	-1.6871843     	-1.0322365     	3.0244832      	-0.9929814     	1.8251998      	-2.993383      	-1.3650687     	-0.5908495     	-0.76327586    	1.0584273      	-1.6422141     	-0.15561819    	-2.3708851     	-2.5516825     	0.48319173     	0.70486623     	-3.1272674     	2.6491401      	1.5902313      	-2.4766104     	-1.1034843     	0.9456918      	2.3917077      	-0.7988993     	3.0994601      	3.129525       	-2.4713328     	2.8665268      	2.794638       	0.8325771      	-2.6595607     	2.400726       	0.621063       	-2.5688024     	-1.4450402     	-1.459075      	-1.8947567     	-2.6015453     	1.1900291      	-0.89231324    	-0.9829548     	0.71787465     	2.7529294      	-2.7748914     	0.32032397     	0.631392       	2.3711948      	0.27379945     	
-2.8714056     	1.7239236      	1.3171744      	1.2924666      	-2.9589498     	0.95472234     	0.75769264     	-1.5924306     	1.6212069      	0.87066084     	-2.6887953     	-2.1204598     	0.5885474      	-1.5212309     	0.95756394     	2.6215553      	-2.4809694     	2.1381125      	0.45645657     	2.6934822      	3.0579357      	-0.3247208     	-3.1152725     	-2.5982714     	-3.1146495     	0.020455725    	-2.3056006     	0.4703671      	1.4714106      	-2.2508156     	0.52263635     	-1.1281542     	-3.0469432     	0.24518159     	2.3727412      	-2.6518807     	-0.277228      	1.1898932      	2.346119       	2.938658       	-2.716193      	-2.994101      	-0.92088765    	3.0337493      	3.0505774      	0.18266414     	0.89538467     	0.46304882     	1.2253467      	0.5077109      	-1.2709928     	-0.66539496    	2.684928       	-0.47552016    	1.0573952      	-2.5289927     	-2.9974918     	0.70811105     	-1.9746593     	-2.7302468     	-2.7255762     	-0.5020968     	-0.35557297    	1.5376146      	-2.1245959     	2.9578722      	-2.6677532     	-0.22061843    	-2.14499       	-3.0948207     	-2.3138826     	-2.4348679     	-0.72338027    	2.077764       	-2.6596994     	0.105415225    	1.0287786      	0.89074147     	2.9141614      	2.6736162      	1.0277189      	0.8598056      	2.923647       	0.36240155     	0.8147244      	0.93144286     	-2.474989      	2.9872823      	-2.674506      	2.2138617      	0.87323624     	2.5116713      	3.0171666      	0.68789303     	1.5217373      	2.7541294      	-2.876831      	0.42836684     	-2.2181115     	-0.46859124    	
0.6836172      	-0.96468735    	-1.4221258     	-2.6950972     	0.29029185     	0.4990428      	-2.9651418     	2.0223267      	0.73965853     	-2.7142458     	0.46069095     	0.3331085      	-2.600304      	-2.327474      	-0.30594933    	-2.0097418     	1.9953457      	-0.95414275    	1.8854729      	2.2867446      	0.6431039      	3.076673       	-2.454667      	0.42294934     	2.0151644      	-1.8156694     	-0.10959026    	3.1043017      	3.1282601      	1.5376084      	-0.0028713334  	-2.4574013     	0.8163057      	0.58139056     	-3.0490112     	0.6758257      	-2.5797262     	-2.574409      	0.67852634     	2.0551496      	1.9606421      	-2.4567206     	2.6086683      	1.3499451      	-1.0370723     	-0.11025617    	2.992879       	-2.3763359     	0.21125679     	-2.5166905     	0.2456084      	0.6193834      	-1.5878432     	-2.6095352     	0.5778339      	-1.3332331     	-2.6136484     	0.7402675      	-3.0220153     	-0.10081619    	1.8528209      	1.8102196      	-1.9427983     	1.5929155      	-2.7211015     	2.916236       	0.69704163     	-2.7510684     	-2.4254568     	0.49483478     	-2.7476878     	3.0416224      	0.6070757      	-2.8736658     	-2.6425285     	0.11228371     	1.0261214      	-3.0206676     	1.6410733      	-0.6208914     	-2.8627505     	1.373237       	0.48630175     	-2.8103933     	0.27232453     	1.0886452      	-1.7258054     	0.3159312      	0.5092073      	-2.987278      	0.12668708     	0.40798026     	-2.6310658     	0.47856566     	-0.1299233     	2.6487293      	-2.1348119     	1.2981806      	2.875088       	0.5516665      	
0.05650738     	-2.556217      	2.2419908      	-2.7350578     	3.1315818      	3.0668538      	-3.0532694     	0.5899104      	-2.9627326     	2.1671555      	-0.12149889    	-2.4986126     	-2.8987205     	1.109019       	1.2596252      	-2.8835456     	1.1160151      	0.98736644     	-2.71326       	0.70421326     	-1.8732377     	-2.5328689     	0.7419028      	0.2761004      	-2.7596867     	0.36435997     	-2.7639277     	-0.20603193    	-2.8539257     	0.5136766      	2.8976743      	-2.8892083     	0.14228895     	2.0756183      	3.0149825      	0.28968662     	2.3268478      	2.653834       	2.6757758      	0.51023763     	-1.8276602     	-2.5861855     	-2.8522775     	-2.7498596     	-2.2450893     	2.0656013      	-2.6957366     	-1.3034071     	1.058737       	-2.5645995     	-0.27860132    	0.5673625      	-2.173926      	2.6305294      	-0.6448817     	-2.1336234     	1.9520922      	0.40520588     	1.0935233      	-3.0958848     	0.79257727     	-0.87250054    	2.1716022      	0.55390936     	-2.733014      	2.4498925      	2.490476       	2.4962661      	0.24694955     	0.4935836      	-2.5552888     	0.46790677     	0.16547693     	-2.7435389     	0.928318       	0.41526094     	3.046607       	-2.1544497     	1.8174589      	1.5493522      	-1.654091      	0.5794463      	-2.2025034     	1.3878394      	3.059533       	-0.31288025    	2.4360888      	0.36203557     	-2.7399917     	-2.5408921     	1.130186       	1.1563501      	0.24056388     	-2.8290994     	1.4298742      	-3.029001      	-2.8192537     	-2.1988833     	-1.3784211     	0.71618205     	
-2.7075891     	-2.1662748     	-1.9000317     	1.364716       	0.8674471      	-2.7896273     	2.6553063      	0.800514       	1.7050513      	2.3086524      	-3.0182593     	1.3187007      	3.0363474      	0.40158015     	-2.6974795     	2.5872984      	0.60416615     	2.6142085      	-2.8786228     	0.5521702      	1.356703       	-2.33048       	2.120064       	1.0732707      	1.8267652      	0.30630317     	-1.753698      	-0.32271686    	1.0515461      	0.7939335      	2.7312946      	0.7637557      	-2.4664104     	0.35556737     	1.9573686      	0.9329609      	1.4278618      	2.6479661      	1.613127       	-2.9250884     	-1.4280978     	-3.076931      	-2.5793157     	1.075235       	-1.6878128     	2.3604133      	-1.1779058     	1.6684116      	1.1280575      	-1.3546996     	-0.006984473   	2.101781       	2.5656037      	-1.8666862     	1.4506843      	-3.0259562     	0.074676566    	-2.573946      	-0.20573637    	2.9334784      	-1.2623318     	2.9196928      	0.68080014     	-0.73972666    	-0.10140444    	0.6490353      	-1.3093679     	-2.3265758     	1.7171172      	-2.72813       	3.1376207      	-3.0733368     	0.55312544     	-2.6672401     	2.9511125      	0.135478       	-0.6899018     	1.3911692      	1.864519       	1.1768597      	2.5352175      	-0.5205053     	-2.6337762     	0.82026464     	0.70099205     	-2.3557289     	-2.919624      	2.6897008      	-2.3436685     	0.49740243     	-2.6649117     	1.0665869      	-2.313663      	-1.9727552     	-0.5969889     	2.8077302      	0.45311666     	0.48446655     	2.422126       	-3.023138      	
-0.49047458    	-0.51492274    	-2.093536      	0.31717616     	0.3683842      	-2.4441555     	-0.78449035    	2.471045       	0.75900507     	-0.5218341     	2.5588331      	-2.0563245     	3.126912       	-2.2607956     	0.16412598     	-2.429332      	1.9324412      	0.26744822     	-2.3704615     	-0.07985388    	-3.1247056     	-1.5344017     	-2.7333298     	0.16432844     	-2.473072      	-0.19128604    	0.8094692      	-2.3644335     	-0.12286896    	1.618148       	-2.3575203     	1.0269045      	-2.9865875     	2.681641       	1.1604819      	1.0064033      	0.7866861      	2.6603892      	2.782025       	-0.06836527    	2.3665276      	-0.38649938    	3.042469       	-2.8578722     	-2.6642354     	-2.380714      	2.4086645      	-0.9447311     	1.8195689      	2.7590554      	1.1390647      	1.5493139      	2.954504       	-1.8941785     	0.32373843     	-1.0237669     	-2.3121536     	-2.5911639     	0.6457638      	2.7920554      	-2.9974415     	-1.2793124     	0.15447229     	-1.4419284     	1.1921294      	2.7075176      	-1.0147424     	-2.629114      	0.6516328      	2.3703554      	-1.3182971     	2.9999173      	0.45385614     	1.992579       	0.9784076      	-2.2892334     	2.1426525      	0.7121903      	-0.004097461   	2.9280787      	-0.8954552     	-2.124576      	0.029558366    	2.0337155      	0.7464638      	-1.0479175     	-2.4733763     	0.6078348      	1.5299989      	-2.9198081     	-2.8023891     	-0.14949518    	2.3399115      	2.87227        	1.1119117      	-2.1556463     	0.80004513     	0.35560668     	-0.9306371     	-2.520756      	
0.46948165     	3.0399094      	-3.0857012     	2.8918467      	2.2691188      	-1.4287081     	-2.8581142     	0.17014326     	-0.9751365     	-1.6472524     	0.25689        	-1.5787027     	2.3553069      	3.0979671      	0.96285        	-1.459643      	0.6980131      	-2.6655073     	0.4243245      	1.3974769      	-2.6608887     	0.86984026     	3.1228673      	2.9095166      	0.7822527      	-2.8872352     	2.604078       	0.56012213     	0.6617516      	-1.4600189     	-0.26982135    	1.8511387      	0.8663983      	-0.3135657     	0.9661812      	-1.2699255     	-2.46736       	-2.432701      	-0.6412653     	-0.047888473   	-2.4099126     	-2.0322976     	1.7915856      	1.3899124      	2.858348       	-0.29964203    	2.4216583      	-2.3823316     	-1.1237739     	2.3322284      	2.0912561      	0.32763028     	-2.7405565     	0.20609598     	0.27422398     	-2.2088082     	0.5560425      	-2.3200889     	0.63110787     	3.1047232      	2.2524495      	-2.849776      	-3.1326187     	0.5138247      	3.0092597      	0.85053736     	0.7009234      	-3.0985482     	0.193713       	-0.70418245    	-2.4721546     	1.7756506      	-0.33973384    	1.1774104      	-2.827564      	0.40301082     	0.51890427     	-3.0297325     	0.4046212      	2.0875545      	3.0570633      	1.901688       	-1.7204752     	2.3139198      	-1.8979732     	0.44977355     	-2.5474384     	1.8717213      	0.33411634     	2.9830484      	-2.7758603     	1.2306184      	2.5879335      	-2.3026323     	0.60530066     	1.2405248      	-2.6244278     	0.66267186     	2.793802       	-2.6341312     	
-1.2000929     	-2.6482751     	-2.937631      	1.1199279      	1.0456139      	-2.3214788     	-0.14843762    	0.94910395     	2.1447887      	0.92366946     	2.8429859      	-1.9447185     	0.37456983     	-2.6855218     	-2.4355974     	0.45561978     	2.437039       	1.1069669      	2.0271733      	2.1991072      	1.158266       	-2.6940143     	1.2422838      	-2.7371838     	1.8714429      	1.8148489      	2.348727       	-2.4109588     	1.0740783      	0.6927827      	-2.95485       	1.8740165      	0.12941214     	-2.9884284     	0.72238714     	-0.5277038     	2.34966        	0.9625369      	-1.9659392     	1.4822727      	-2.0968456     	2.7571611      	3.116379       	-2.7473173     	-1.78142       	-3.038634      	-3.1126807     	1.2414069      	0.015698098    	2.7686172      	-1.1490915     	-1.4876207     	2.027627       	0.7200471      	-2.8684053     	-2.6255405     	0.8237862      	0.6059827      	-2.8783193     	-1.1886299     	1.4843147      	-2.8838847     	-2.793077      	0.9709792      	-3.0072544     	0.6866423      	1.4016745      	-1.7094212     	0.36325163     	-2.531915      	-2.4948268     	0.25033605     	0.7569192      	-2.767478      	-2.7220817     	1.2226118      	-3.0413585     	2.7715197      	-0.17373058    	0.38171563     	2.95953        	-1.5226488     	1.3887516      	-1.983775      	1.0306005      	1.8978692      	-2.9052496     	-2.2255368     	2.2356818      	-1.971711      	1.9779879      	1.3251374      	2.9757116      	1.0900766      	0.68882054     	-2.7755208     	0.467303       	-0.29100868    	-2.3751142     	0.7607005      	
-2.9301224     	-0.06772357    	0.14300752     	1.650112       	-1.908534      	-2.8040273     	0.612299       	0.6803738      	-2.5627427     	3.0671268      	0.37960494     	-2.9160247     	0.7217611      	-2.9149253     	1.5396076      	1.9974257      	-0.012805646   	-3.0275693     	0.17079057     	-1.1655912     	-2.6065667     	-0.7452761     	0.54450595     	-2.881966      	-2.6679382     	0.45832875     	3.0812082      	-3.0793488     	0.8210227      	2.4401174      	2.4948301      	0.38798964     	0.10009452     	-1.5916408     	0.84832895     	1.8372533      	2.2071497      	-3.1168532     	0.06975831     	1.6806961      	-2.0954683     	-1.2626203     	-2.406652      	0.64367056     	1.5185279      	2.996334       	1.06347        	-1.4734161     	2.411824       	0.46091792     	1.7909865      	-0.7193593     	-2.4239528     	-0.26199982    	-0.6358642     	1.9553708      	-0.068422385   	-2.5960195     	0.85384756     	2.3616645      	-2.0261583     	0.68714637     	2.1403348      	-2.867639      	0.46550778     	1.754663       	2.803304       	0.12935328     	1.4744365      	-2.6368346     	2.96775        	-3.089384      	-2.3967447     	0.14320089     	-3.103721      	-2.7908013     	-0.28984252    	-0.07151806    	-2.3514242     	0.23713939     	-2.4259117     	2.9152849      	-1.2885976     	-0.014357065   	-2.9258382     	-2.6933792     	-2.8530493     	1.420032       	0.809666       	-0.45507792    	2.7298772      	0.3674037      	-2.9947793     	3.0197732      	1.6794622      	1.7495064      	-0.82390153    	0.9733877      	-1.7922363     	-2.9887562     	
3.0850985      	-2.5042598     	-2.1822839     	1.3380903      	2.677051       	-2.2875853     	0.41383344     	0.11041597     	-2.5151033     	-2.148422      	0.8308703      	-2.7051911     	-2.8002257     	0.7195827      	2.7199934      	-2.8925517     	-1.5837345     	1.9438219      	-1.8749101     	-0.5457486     	-2.9561539     	-1.8904061     	-2.296106      	0.3936673      	3.1086066      	0.5870442      	2.715882       	0.58454585     	2.0903559      	0.8260864      	-2.5660682     	0.5912559      	1.2812842      	1.1290104      	-0.6317668     	-3.1135557     	-3.0196683     	1.3370712      	-1.8056927     	2.0274756      	2.2188375      	-1.4826391     	-2.606091      	0.90536267     	2.6032405      	1.2187078      	-1.7379766     	-1.0963125     	-2.7868242     	0.89977133     	-0.023030225   	-2.5913196     	0.84285456     	0.48250863     	-2.6284688     	0.5687362      	0.8728467      	-2.990144      	0.49223405     	1.6671736      	-2.6518674     	0.27108154     	2.903851       	-2.9262013     	0.5310034      	-2.7846608     	-3.0842757     	0.85912704     	1.4963739      	-2.8854856     	0.4837664      	1.0211679      	-2.0957255     	0.24222594     	2.398098       	0.9543119      	-0.205915      	-0.12193733    	-2.8403516     	-2.2128353     	-0.04730602    	-3.0792396     	-2.5676847     	2.445724       	2.6238313      	-2.5831804     	2.851453       	0.70182157     	0.44394282     	1.1085464      	-3.024796      	1.097073       	-3.1203668     	-2.424639      	0.7082062      	0.81071585     	-2.7968373     	0.346449       	1.1536651      	-3.0082824     	
-0.4766133     	2.9033618      	-3.0883296     	0.99864435     	0.910108       	-1.8771873     	0.8106006      	-1.385242      	-2.7852461     	-1.8886751     	2.2571259      	-0.05213802    	-3.0491967     	1.0332538      	0.3344544      	-2.8619626     	0.9765069      	0.39544502     	2.685909       	2.0534763      	0.60735667     	-2.5637043     	-2.4807687     	0.8345355      	-1.0631964     	0.22868861     	0.5387219      	0.25089872     	-2.4707808     	0.36705467     	0.05304383     	-3.0774024     	-1.8291376     	2.5578449      	-2.8168824     	-1.2065498     	3.1121087      	-2.8991134     	0.19218574     	-2.9170985     	-2.627317      	1.903095       	-2.1062036     	1.1728598      	-0.55084395    	0.28834197     	-2.8878837     	0.25572798     	0.33185804     	-2.6325438     	0.35079366     	1.0985351      	-2.7975562     	0.666283       	-3.1031604     	2.6296391      	0.3668938      	-2.8337412     	0.07541936     	0.74368435     	1.0511312      	-2.3834348     	0.7753757      	3.0667653      	-2.6750631     	-1.8230792     	0.63672465     	-1.6602471     	-2.9356952     	0.97809553     	-2.9467113     	-2.6588578     	-2.0868855     	0.93139213     	-2.8661547     	0.5405796      	-2.2358758     	-2.8324072     	0.5778756      	0.09579092     	-2.7673192     	0.1870246      	1.6677501      	2.525132       	-0.45231453    	-0.7265626     	-2.0848665     	1.5649532      	2.1900403      	-3.046679      	0.33116522     	1.9133804      	-2.634494      	0.8140658      	1.1109908      	-3.1062255     	0.57521254     	0.84497833     	-2.4677868     	0.51777333     	
-2.741013      	2.4799836      	0.56744885     	1.0732112      	-1.4702181     	0.7367666      	1.1281624      	-2.5671618     	0.37097445     	-1.1430337     	0.5610451      	2.1897838      	-1.5064445     	2.9830785      	0.10325842     	2.8873174      	0.86144286     	-2.684983      	1.7439674      	1.7360005      	-3.1006129     	-0.31420037    	2.8524003      	-3.1350737     	2.8862746      	-2.742816      	1.4304414      	0.35226202     	-3.097434      	-0.29523304    	1.6274507      	-2.3593297     	-0.1497439     	0.27179366     	-2.7524948     	-0.15727502    	-1.7802303     	-2.9273977     	-2.0131307     	0.52694196     	2.3510566      	0.51965296     	2.132782       	0.5870337      	-2.4590676     	-0.2682562     	-2.294169      	0.51989853     	-2.4628313     	2.978406       	0.3699317      	0.38412663     	-2.7952554     	0.753427       	1.4880335      	-2.9939668     	-1.623992      	-0.104364164   	-3.0178766     	2.1674116      	2.7485886      	-3.0702498     	0.33014572     	-2.6811073     	-1.5551234     	1.6202962      	-2.6563263     	-3.0809972     	1.8041112      	-0.03293572    	-2.5807626     	1.1223922      	-1.0057762     	-0.73145616    	2.3693347      	-0.6797947     	-1.1815283     	0.7224693      	0.5786187      	-0.79482853    	0.1288811      	-2.5145743     	2.6329594      	-0.10054667    	0.7977763      	-0.24221444    	0.57666814     	3.0318875      	-2.1216636     	0.24953565     	-1.2909862     	-2.2155523     	2.9622633      	0.29603612     	0.20639926     	0.74602616     	3.1406655      	0.31958613     	-2.4277804     	1.0377599      	
-0.05070579    	0.76400363     	0.7872252      	-2.7560391     	-0.2248805     	-2.2318928     	-2.715518      	1.1189156      	0.30306453     	-2.4439874     	1.4438993      	0.8684594      	2.9122906      	0.36446938     	1.9178139      	2.8508897      	-2.974061      	0.42876908     	2.8340094      	-0.9194739     	2.452176       	-1.9122802     	2.223423       	0.6620139      	-2.913967      	2.9770124      	0.23640858     	-2.7209072     	3.0191066      	0.74854785     	-2.1644402     	3.1388521      	-0.6671341     	-0.6730547     	0.5620939      	3.14117        	-2.177877      	-1.9386909     	1.1134301      	-2.6805506     	1.6555444      	2.1438627      	-1.7242802     	1.132839       	3.0860927      	-0.26615798    	3.0223646      	-0.29316983    	-2.7859013     	0.4297841      	-1.088607      	0.77573085     	-2.465579      	0.2423393      	-1.1672809     	-2.3261983     	0.48071912     	-2.8082974     	0.6915923      	0.13462363     	-2.5401015     	0.41393706     	1.2186427      	-2.9443643     	-0.23498584    	-2.5730424     	-2.7221255     	-2.0299256     	-0.069383346   	-3.0291572     	-0.8670196     	0.4652605      	-1.5758568     	-2.788301      	0.41074592     	3.0254512      	2.9703345      	2.504564       	-2.2569332     	0.7840677      	-2.6609542     	2.7683597      	0.35029092     	0.32727218     	0.94204974     	0.0193064      	-2.1248941     	1.8320894      	2.6651251      	0.5333009      	-2.4905205     	0.2501741      	0.45901564     	-3.1276243     	0.3334067      	0.59812915     	-2.7170272     	-1.8937396     	3.0366154      	-1.6146702     	
-0.19385481    	0.7025516      	0.67477894     	-2.7419834     	0.638701       	0.9303962      	-2.734737      	3.1020875      	0.056906827    	2.9560854      	-0.013410857   	-0.87999105    	1.0372267      	1.8265413      	-2.4511037     	1.0551182      	-2.6678565     	0.70116806     	2.601173       	3.107405       	0.19555576     	3.1239002      	2.8253868      	2.2293456      	-2.818995      	2.6689198      	2.3169327      	-3.0262294     	0.5716499      	1.2499564      	0.5105057      	-2.5728464     	0.5307756      	2.0543408      	-2.6305833     	-2.424008      	-0.44729722    	3.107072       	0.8270924      	1.1959532      	-2.6953247     	2.5820553      	0.5401571      	0.6933443      	0.73946995     	-2.5705323     	-0.4748097     	-2.599197      	-0.014479284   	-2.9248192     	0.07088744     	0.022619097    	-2.4122975     	-2.7759478     	1.3901408      	0.3686067      	-2.3406353     	-2.5082998     	-2.5098479     	-1.9249341     	0.52715015     	0.53371006     	2.6860304      	-1.2605793     	0.7131024      	-2.4486394     	0.8819864      	1.2111571      	3.0353463      	1.6839603      	0.6896799      	-2.5899417     	0.55555904     	2.1144257      	-2.9275076     	-3.0582862     	0.6250318      	-2.6425931     	-1.4100426     	0.41412142     	-2.2868252     	2.3646526      	0.38587296     	3.0539372      	-0.13706246    	-0.7345934     	-0.24658202    	-1.7719094     	1.1347406      	1.9454097      	-2.4004815     	0.302991       	-1.6206778     	-2.915545      	-0.2730895     	0.21430698     	-2.9155695     	1.1088979      	1.7628285      	1.0144359      	
