# www.neaspec.com
# Scan:	 	AFM
# Project:	 	20251007_PS
# Description:	 	
# Date:	 	10/07/2025 10:43:47
# Scanner Center Position (X, Y):	[µm]	49.99	50.01	 
# Rotation:	[°]	0	 	 
# Scan Area (X, Y, Z):	[µm]	5.000	5.000	0.000
# Pixel Area (X, Y, Z):	[px]	100	50	1
# Averaging:	 	1	 	 
# Integration time:	[ms]	5	 	 
# Laser Source:	 	4.5-15 µm nano-FTIR laser
# Detector:	 	R
# Target Wavelength:	[µm]	7.502	 	 
# Demodulation Mode:	 	Fourier
# Tip Frequency:	[Hz]	241,340.500	 	 
# Tip Amplitude:	[mV]	45.700	 	 
# Tapping Amplitude:	[nm]	79.665	 	 
# Modulation Frequency:	[Hz]	0.000	 	 
# Modulation Amplitude:	[mV]	0.000	 	 
# Modulation Offset:	[mV]	0.000	 	 
# Setpoint:	[%]	79.75	 	 
# Regulator (P, I, D):	 	4.206850	8.625812	1.000000
# Tip Potential:	[mV]	0.000	 	 
# M1A Scaling:	[nm/V]	0.426	 	 
# M1A Cantilever Factor:	 	1,000	 	 
# Q-Factor:	 	487.4	 	 
# Version:	 	2.1.11536.0
0.016930372    	0.020546123    	0.01290854     	0.01914405     	0.009394537    	0.015314285    	0.017932853    	0.014320404    	0.01397066     	0.019044101    	0.018319864    	0.015418549    	0.018026602    	0.018819513    	0.02032573     	0.017952118    	0.019034352    	0.022378184    	0.018914318    	0.014435511    	0.015911981    	0.015382595    	0.015372022    	0.020036405    	0.017238457    	0.01810493     	0.014954248    	0.015998552    	0.01757456     	0.012357622    	0.021905059    	0.013313166    	0.015712786    	0.016256634    	0.014849902    	0.014424683    	0.01182329     	0.018610474    	0.015033793    	0.019395022    	0.016591063    	0.016082792    	0.017522369    	0.01936448     	0.0150603345   	0.015859012    	0.017077701    	0.015746513    	0.013091489    	0.017356498    	0.016246887    	0.016613843    	0.018266233    	0.018437134    	0.017684996    	0.014085629    	0.01954813     	0.016285673    	0.016561892    	0.017748961    	0.01681965     	0.017899368    	0.017170455    	0.01991928     	0.01361933     	0.017198497    	0.020093359    	0.014582289    	0.019561091    	0.021427412    	0.01743897     	0.015372902    	0.01840117     	0.016498016    	0.015084308    	0.016496785    	0.015750252    	0.015362374    	0.018297723    	0.020504035    	0.012954472    	0.015837034    	0.015916385    	0.014465592    	0.024467107    	0.012692817    	0.013851528    	0.0136160515   	0.011855238    	0.014301799    	0.01460717     	0.016401656    	0.01405541     	0.018738497    	0.015563788    	0.022692086    	0.017868932    	0.019326344    	0.018715303    	0.019140622    	
0.021246744    	0.019102018    	0.01388343     	0.017820872    	0.019127555    	0.013940293    	0.017771197    	0.01857491     	0.017899144    	0.015087891    	0.018733121    	0.012599011    	0.0074153105   	0.01793633     	0.017710265    	0.01356733     	0.011949445    	0.016778195    	0.019926066    	0.0121070845   	0.01808339     	0.020812027    	0.017179823    	0.01808384     	0.014951651    	0.021949623    	0.013291161    	0.020132707    	0.018747754    	0.015573544    	0.023446776    	0.01786953     	0.017048288    	0.01612144     	0.01706112     	0.016622813    	0.021653851    	0.01847695     	0.02008719     	0.01642975     	0.015284099    	0.018774152    	0.017837709    	0.018519146    	0.01877528     	0.017413119    	0.021834165    	0.01498225     	0.016658505    	0.015990704    	0.01945488     	0.02117438     	0.023253055    	0.01966225     	0.015114716    	0.01683675     	0.017036306    	0.015690798    	0.01736607     	0.015474799    	0.017242331    	0.01987626     	0.017343521    	0.01642424     	0.010734283    	0.017276304    	0.0153839495   	0.01851793     	0.020679895    	0.0197244      	0.015893938    	0.0177043      	0.015299576    	0.018676408    	0.019432982    	0.0207551      	0.01789082     	0.014936601    	0.022013467    	0.015073344    	0.0176065      	0.01882149     	0.018371543    	0.015794441    	0.019229451    	0.015329922    	0.020335183    	0.013730786    	0.014269709    	0.020567384    	0.017015772    	0.017371727    	0.01964127     	0.0141667845   	0.024305744    	0.017161427    	0.014704919    	0.015370306    	0.019433055    	0.01807875     	
0.013096237    	0.013465387    	0.017688453    	0.021173405    	0.020593831    	0.016632961    	0.017348146    	0.015681943    	0.017672295    	0.017852841    	0.019311452    	0.015773617    	0.018631192    	0.017617118    	0.016316384    	0.017641094    	0.016787909    	0.017661098    	0.019127542    	0.019310372    	0.018050876    	0.017188659    	0.01834404     	0.019985877    	0.01641746     	0.016921448    	0.015828183    	0.018498417    	0.015496551    	0.013559947    	0.018052867    	0.017357001    	0.016298775    	0.019270178    	0.017882062    	0.02164157     	0.017392552    	0.018011952    	0.016469149    	0.013590048    	0.015991505    	0.015979739    	0.015272006    	0.01671362     	0.018164294    	0.017195642    	0.014421938    	0.019890614    	0.015594832    	0.017533276    	0.018196112    	0.018282777    	0.01771803     	0.017957302    	0.016469946    	0.013524212    	0.017063746    	0.014574151    	0.017150886    	0.016613118    	0.017479917    	0.01654442     	0.010881698    	0.014334663    	0.015511672    	0.01813231     	0.018320616    	0.014487926    	0.018515911    	0.018275341    	0.018267887    	0.018032417    	0.019480053    	0.016235087    	0.015241221    	0.018201627    	0.020073561    	0.013443764    	0.017925937    	0.01695481     	0.015603262    	0.01775428     	0.014832094    	0.019107606    	0.016914329    	0.019885924    	0.01541588     	0.019787202    	0.0161801      	0.016719846    	0.022297971    	0.021159004    	0.013619856    	0.017033512    	0.013898717    	0.01587593     	0.014992732    	0.014718017    	0.013852618    	0.012851514    	
0.014268583    	0.019199405    	0.017536558    	0.017586228    	0.02269853     	0.018475212    	0.017195841    	0.021129342    	0.019903187    	0.013706102    	0.014422384    	0.013241391    	0.0236093      	0.02007707     	0.017107977    	0.017044753    	0.025483077    	0.014281794    	0.01741571     	0.015086712    	0.013267113    	0.01690018     	0.0145130735   	0.0110089015   	0.020225527    	0.015920755    	0.018115021    	0.016864033    	0.016712025    	0.017881766    	0.016401593    	0.0127728805   	0.011789648    	0.01754813     	0.018675921    	0.018997343    	0.015250196    	0.016856914    	0.016343063    	0.012337385    	0.017114943    	0.016702669    	0.013998769    	0.014763       	0.021334328    	0.014326697    	0.01717621     	0.016632099    	0.019484723    	0.015456627    	0.017463421    	0.0211496      	0.017789586    	0.016830232    	0.015291998    	0.018386494    	0.018032286    	0.013852088    	0.02010845     	0.014069639    	0.01672804     	0.016863719    	0.017482452    	0.016844094    	0.015513759    	0.016123693    	0.017281653    	0.019816328    	0.018972665    	0.01567372     	0.014366252    	0.009039112    	0.013061943    	0.019822298    	0.014451065    	0.01867824     	0.017466068    	0.02091253     	0.02171621     	0.014498246    	0.019225286    	0.014660435    	0.0189998      	0.018789245    	0.018167265    	0.01872554     	0.022882279    	0.02231566     	0.015467271    	0.01703729     	0.018352909    	0.014407936    	0.01942636     	0.016088268    	0.014592991    	0.015130149    	0.0137151005   	0.017655496    	0.021929173    	0.024268188    	
0.014996438    	0.01130535     	0.01896514     	0.016775047    	0.012057741    	0.01644166     	0.02058742     	0.023291396    	0.01632209     	0.015065302    	0.016228072    	0.014535806    	0.016243763    	0.014628919    	0.014928235    	0.016834777    	0.018261023    	0.013815278    	0.022300057    	0.013582359    	0.019245753    	0.016554952    	0.018144645    	0.021367032    	0.020862857    	0.014533619    	0.023542985    	0.018689098    	0.018320875    	0.020544235    	0.017142635    	0.01891152     	0.020008832    	0.017012065    	0.019089874    	0.018053357    	0.013945402    	0.020481803    	0.011981351    	0.021917624    	0.02322935     	0.016636731    	0.018094096    	0.019109486    	0.017032227    	0.014196918    	0.017361542    	0.020744437    	0.01969253     	0.013841559    	0.013137613    	0.016984656    	0.015758434    	0.017624227    	0.015502904    	0.029361663    	0.017478129    	0.016279275    	0.016376965    	0.024124712    	0.019896878    	0.014327107    	0.0178685      	0.015958076    	0.01672824     	0.015603396    	0.019337067    	0.016095525    	0.017973192    	0.018224925    	0.018183611    	0.011952803    	0.019788114    	0.023754684    	0.015894009    	0.02221441     	0.018622069    	0.020245917    	0.017688401    	0.01662659     	0.017122542    	0.008813724    	0.018469326    	0.021226872    	0.017990215    	0.017342618    	0.018538821    	0.0190685      	0.017292926    	0.014694044    	0.021374675    	0.015701113    	0.020358264    	0.015835784    	0.01913966     	0.017503459    	0.016365224    	0.015801247    	0.016325423    	0.017004639    	
0.022157392    	0.01850663     	0.0138121275   	0.019728748    	0.015023899    	0.018330336    	0.015182711    	0.020254778    	0.015585192    	0.018300246    	0.018460723    	0.018497543    	0.017913269    	0.019624967    	0.01687175     	0.018211992    	0.01626683     	0.021385066    	0.01627916     	0.016015554    	0.018132128    	0.018007604    	0.021418463    	0.017503781    	0.016223855    	0.0153570175   	0.019612586    	0.017485958    	0.014552798    	0.017219665    	0.01500763     	0.017536053    	0.0200127      	0.02060975     	0.020392336    	0.018766088    	0.018984767    	0.019654937    	0.011284211    	0.013585831    	0.019448027    	0.017116807    	0.018456537    	0.016362239    	0.013932519    	0.010591561    	0.014120078    	0.01751489     	0.016325077    	0.01601164     	0.019887228    	0.018268608    	0.017426377    	0.01567278     	0.015905062    	0.011645147    	0.0151534155   	0.018837087    	0.022381065    	0.016391363    	0.014012306    	0.014985728    	0.016198665    	0.01717726     	0.017421514    	0.016748885    	0.017241614    	0.018503632    	0.01883771     	0.015676916    	0.015597837    	0.01396312     	0.018761544    	0.016412327    	0.019764207    	0.013535284    	0.01736459     	0.022784606    	0.017284451    	0.023095889    	0.015734768    	0.0128453225   	0.012490391    	0.020225577    	0.019196516    	0.022911964    	0.016200542    	0.015354832    	0.016812747    	0.015840767    	0.017463574    	0.016457481    	0.015273463    	0.014186147    	0.021443836    	0.01994238     	0.015400482    	0.01529553     	0.016076263    	0.01596089     	
0.01605686     	0.015041025    	0.01929426     	0.01652998     	0.017184809    	0.016326044    	0.019636724    	0.020632535    	0.022270456    	0.015224409    	0.016342063    	0.014077744    	0.018373089    	0.017496537    	0.021153811    	0.015431439    	0.018430151    	0.017672911    	0.017122027    	0.014431183    	0.02215712     	0.017715959    	0.017119119    	0.018042559    	0.01975411     	0.018514525    	0.0137026245   	0.014164937    	0.017266385    	0.013970277    	0.015391689    	0.014531633    	0.016698876    	0.017548112    	0.024293996    	0.016499722    	0.015482536    	0.015614634    	0.01762836     	0.015299627    	0.02124024     	0.017000996    	0.014417685    	0.01687133     	0.018049957    	0.01675804     	0.013439168    	0.018255185    	0.016361658    	0.022316696    	0.014979262    	0.014660588    	0.01840152     	0.017165782    	0.01964154     	0.015362888    	0.017989429    	0.018604243    	0.009582957    	0.02570867     	0.0168264      	0.01378795     	0.013930795    	0.017487727    	0.017512813    	0.015018183    	0.020469831    	0.019442186    	0.01996983     	0.020632522    	0.015198423    	0.019840375    	0.017823964    	0.014041957    	0.019733917    	0.017723523    	0.020242106    	0.01755082     	0.018457305    	0.015004554    	0.01598809     	0.01739136     	0.011396282    	0.014962645    	0.024402596    	0.01566425     	0.021990396    	0.014836081    	0.017769974    	0.016694576    	0.0148998145   	0.01891955     	0.017565457    	0.012082581    	0.017468201    	0.014971397    	0.018114792    	0.021115588    	0.01990912     	0.019308995    	
0.020700624    	0.021267846    	0.01647274     	0.019177988    	0.013914152    	0.019244375    	0.014389362    	0.018845877    	0.01655641     	0.016367055    	0.016708754    	0.021702152    	0.013948004    	0.015890189    	0.020817116    	0.018157475    	0.021010546    	0.017422788    	0.016550165    	0.019212762    	0.016857656    	0.020446766    	0.017371055    	0.01544837     	0.019114649    	0.014144183    	0.020719144    	0.015868839    	0.015591483    	0.0154186      	0.008031746    	0.010017177    	0.01914423     	0.01864827     	0.015915016    	0.019909576    	0.014974841    	0.018376099    	0.015553633    	0.018827513    	0.021869034    	0.012893466    	0.021598246    	0.020560972    	0.016765233    	0.013629367    	0.019128984    	0.015939362    	0.017365953    	0.020361187    	0.012755388    	0.017203046    	0.018331325    	0.016298935    	0.02036175     	0.014472471    	0.010986191    	0.022990713    	0.018163424    	0.005684048    	0.011736165    	0.018772615    	0.020038266    	0.018851237    	0.020060362    	0.015481656    	0.017569458    	0.0144058755   	0.014694928    	0.015043744    	0.021846704    	0.017834712    	0.014456306    	0.018387536    	0.020907814    	0.014319623    	0.019723548    	0.012644206    	0.017572057    	0.01940691     	0.017027045    	0.0133933015   	0.0066518867   	0.01955427     	0.020151008    	0.018802468    	0.020038104    	0.021456528    	0.01798876     	0.017421545    	0.018131139    	0.0234696      	0.02025749     	0.016418504    	0.020011125    	0.016949564    	0.016652321    	0.014806289    	0.011183883    	0.015807813    	
0.014690621    	0.012703081    	0.02096339     	0.023645032    	0.019915743    	0.015339145    	0.015672851    	0.014526086    	0.018001173    	0.019926455    	0.01865037     	0.02362263     	0.019920168    	0.015746513    	0.0181695      	0.014291204    	0.018489476    	0.0152764805   	0.017220167    	0.019408097    	0.013439683    	0.015930073    	0.017440213    	0.01908873     	0.017899152    	0.013182451    	0.013464439    	0.018790962    	0.012088635    	0.014122943    	0.016193092    	0.012225037    	0.017709391    	0.0204147      	0.013199075    	0.019882508    	0.017952064    	0.01913426     	0.022180835    	0.016244872    	0.016576646    	0.014985132    	0.01565804     	0.014584987    	0.021088859    	0.0201775      	0.021609804    	0.019321214    	0.015283921    	0.021373328    	0.018369108    	0.018206177    	0.015132988    	0.019437743    	0.014053802    	0.018920844    	0.016893892    	0.017032683    	0.019434124    	0.016252676    	0.014196546    	0.021128993    	0.022044508    	0.015028293    	0.017188836    	0.016280117    	0.0121598905   	0.021885606    	0.019247396    	0.018244544    	0.023256559    	0.016512655    	0.016695712    	0.0153202675   	0.018818455    	0.017891433    	0.015293775    	0.013198626    	0.01843893     	0.017798103    	0.015649332    	0.01257138     	0.019693391    	0.0086741205   	0.011077006    	0.023669053    	0.015768016    	0.016020466    	0.021644598    	0.018687319    	0.016660143    	0.015626762    	0.015684195    	0.020124651    	0.019367853    	0.01488409     	0.013115184    	0.015384609    	0.019913964    	0.020138998    	
0.016022556    	0.014170975    	0.018386286    	0.015055228    	0.019650562    	0.021296436    	0.012938635    	0.017592613    	0.017501237    	0.014519625    	0.01686404     	0.018895335    	0.011166972    	0.01853413     	0.01559146     	0.017893609    	0.011317724    	0.012731934    	0.00983171     	0.019688757    	0.017179253    	0.016478155    	0.016077247    	0.016726429    	0.013525798    	0.019091016    	0.019874008    	0.010744397    	0.01613006     	0.017030483    	0.016037293    	0.021863751    	0.017310731    	0.013048551    	0.014241443    	0.018451689    	0.01580136     	0.015621644    	0.025092984    	0.01938758     	0.016799698    	0.01776857     	0.018714074    	0.015217838    	0.018071815    	0.018808212    	0.01615818     	0.014720855    	0.015828988    	0.01661159     	0.020788033    	0.016048582    	0.012839251    	0.012920583    	0.019754993    	0.021329839    	0.017781261    	0.017869627    	0.016479565    	0.017320327    	0.014549451    	0.0151705155   	0.017727287    	0.015344152    	0.019693462    	0.015452482    	0.014877479    	0.014544639    	0.018277984    	0.0133849215   	0.017534569    	0.01570557     	0.012897985    	0.015932228    	0.019030755    	0.012402476    	0.01905676     	0.015941765    	0.01609898     	0.017741852    	0.015378012    	0.016408468    	0.014742911    	0.007462254    	0.017928982    	0.013864564    	0.008451273    	0.01626073     	0.014936925    	0.018784402    	0.015176626    	0.020747572    	0.017814113    	0.015280502    	0.0141804265   	0.015653856    	0.016496668    	0.01817135     	0.020001227    	0.018933782    	
0.015725255    	0.012686653    	0.01596881     	0.014895745    	0.017151717    	0.017513104    	0.018763354    	0.017746061    	0.01896229     	0.016475383    	0.020507488    	0.018590653    	0.016259938    	0.019232856    	0.020472627    	0.017882599    	0.017678976    	0.01312909     	0.016738927    	0.021036156    	0.018383382    	0.010890785    	0.020366851    	0.020004367    	0.018333841    	0.0144190965   	0.023266066    	0.014764437    	0.016247513    	0.015595812    	0.015391758    	0.014961777    	0.017011153    	0.016446983    	0.021326538    	0.020354897    	0.020515649    	0.017105723    	0.019706871    	0.023371812    	0.017172275    	0.022024736    	0.02056126     	0.021171922    	0.020839358    	0.013741357    	0.018533425    	0.015142254    	0.01799383     	0.0146790445   	0.018153433    	0.013588927    	0.01746055     	0.017559316    	0.011769375    	0.021461735    	0.022479206    	0.017166724    	0.017887512    	0.0154267205   	0.016428236    	0.006223087    	0.018199688    	0.01761745     	0.0142081315   	0.016836468    	0.016495245    	0.017826024    	0.018323427    	0.019093404    	0.019301107    	0.01433133     	0.013606206    	0.020708976    	0.014693185    	0.019094883    	0.019895136    	0.017374279    	0.0230046      	0.0139053855   	0.017157912    	0.015811922    	0.018214459    	0.020521281    	0.009502137    	0.014945695    	0.021997107    	0.021543588    	0.01566952     	0.015625192    	0.013322676    	0.01230675     	0.016579736    	0.015363725    	0.013808543    	0.017592005    	0.01570736     	0.01127696     	0.011816246    	0.0130829895   	
0.018754693    	0.0206128      	0.02032692     	0.016095346    	0.01696106     	0.01794672     	0.01863593     	0.01601536     	0.018087251    	0.019959878    	0.0133488085   	0.0149048      	0.021775331    	0.018157722    	0.019972267    	0.019079342    	0.02119441     	0.017381245    	0.0155546      	0.017244788    	0.021746589    	0.018225858    	0.023033725    	0.021968024    	0.019229712    	0.016283114    	0.021115702    	0.022459336    	0.016426418    	0.014072798    	0.016966356    	0.020576185    	0.018959554    	0.022036405    	0.013658082    	0.016367275    	0.02086227     	0.020261707    	0.015722865    	0.025153559    	0.02048832     	0.016254436    	0.014849091    	0.020282455    	0.016342934    	0.014884682    	0.016041622    	0.015242109    	0.020059379    	0.010661225    	0.019273518    	0.016548567    	0.017070917    	0.021319967    	0.018485878    	0.022790141    	0.02593567     	0.013271334    	0.017900648    	0.016605845    	0.018417532    	0.016217213    	0.0148948785   	0.024767384    	0.022407813    	0.016196176    	0.0121964635   	0.015546653    	0.014479548    	0.0140972845   	0.019344907    	0.015498745    	0.016793462    	0.0137784695   	0.01864526     	0.01732692     	0.017177766    	0.019673519    	0.018593064    	0.014311031    	0.021831866    	0.0147986505   	0.015570764    	0.017716195    	0.006272977    	0.011669074    	0.016122673    	0.020702627    	0.011249355    	0.016195342    	0.020151157    	0.016234018    	0.016173106    	0.01746496     	0.01520109     	0.017317746    	0.014725165    	0.015519514    	0.020372428    	0.02039919     	
0.01608597     	0.018319957    	0.01872948     	0.019547582    	0.020115042    	0.016487846    	0.013539722    	0.01218296     	0.017764658    	0.023568902    	0.018238721    	0.012736792    	0.023125282    	0.0206763      	0.017374178    	0.015987327    	0.015423479    	0.019933775    	0.017645314    	0.016796323    	0.016801558    	0.010664032    	0.015209752    	0.027622772    	0.016035942    	0.018550228    	0.019515524    	0.016653568    	0.013085069    	0.015735162    	0.017413309    	0.017603636    	0.017723508    	0.015070224    	0.018551212    	0.015832158    	0.020101966    	0.01789175     	0.022914598    	0.019664567    	0.014963622    	0.017613329    	0.016932096    	0.021851536    	0.019365074    	0.014056057    	0.019241778    	0.015021996    	0.018014817    	0.01913481     	0.016101047    	0.015377093    	0.01949093     	0.016664146    	0.016239127    	0.0137175815   	0.016676908    	0.014548208    	0.020208722    	0.015177749    	0.021401173    	0.018673308    	0.015016013    	0.018479083    	0.019584725    	0.019183045    	0.013181211    	0.0135898655   	0.016638702    	0.016343629    	0.017882677    	0.017447742    	0.019366218    	0.017025879    	0.019596191    	0.01594271     	0.015327827    	0.020844886    	0.018813316    	0.01643017     	0.018757386    	0.018918611    	0.019356279    	0.015675182    	0.016705884    	0.003342056    	0.010483485    	0.023095695    	0.021026121    	0.01646406     	0.015397424    	0.020035705    	0.018647544    	0.019009797    	0.012458956    	0.016804399    	0.01996999     	0.012437339    	0.012448916    	0.015176707    	
0.01855767     	0.021654509    	0.02230569     	0.020440863    	0.017368002    	0.012811295    	0.015241942    	0.021979867    	0.019839523    	0.019745184    	0.017133012    	0.017157529    	0.025191754    	0.021444807    	0.017932756    	0.020369092    	0.019003753    	0.017618248    	0.014090793    	0.016667882    	0.020291505    	0.016441008    	0.019485049    	0.016856035    	0.018889872    	0.01688842     	0.016368598    	0.01891641     	0.018734127    	0.014423018    	0.015230247    	0.020013722    	0.017756606    	0.012995469    	0.019115193    	0.016456239    	0.018130675    	0.01887908     	0.0137411095   	0.014757752    	0.014867139    	0.021384291    	0.018814439    	0.01696132     	0.013146704    	0.017313939    	0.012536214    	0.018065285    	0.019267835    	0.0155135095   	0.021228729    	0.016598845    	0.019360965    	0.018844418    	0.01703121     	0.019553741    	0.019290617    	0.019231047    	0.018121619    	0.021717556    	0.018120108    	0.0195151      	0.013823016    	0.013578775    	0.022567023    	0.01905559     	0.017547477    	0.01590048     	0.018019525    	0.019020759    	0.023167178    	0.01761005     	0.02096721     	0.021271069    	0.016739283    	0.019487029    	0.014485675    	0.017924625    	0.022081697    	0.019332847    	0.016850937    	0.019899104    	0.022683794    	0.015099001    	0.01657432     	0.022793137    	0.01888138     	0.012745122    	0.02821444     	0.0153934965   	0.018077184    	0.019740116    	0.016551547    	0.014944195    	0.017843833    	0.010533336    	0.014900703    	0.015633456    	0.014702182    	0.015793577    	
0.0151505675   	0.01569784     	0.020723974    	0.014077414    	0.018348895    	0.015784668    	0.018271282    	0.017454406    	0.015054484    	0.016790995    	0.021285007    	0.016482672    	0.017110534    	0.019271517    	0.017062152    	0.015264074    	0.017786479    	0.0138316285   	0.018646346    	0.016672187    	0.016266027    	0.013197329    	0.01292058     	0.013767419    	0.020130979    	0.019607976    	0.015113751    	0.020356791    	0.016724437    	0.013344318    	0.019530024    	0.014609358    	0.017075527    	0.022954201    	0.01798041     	0.018870672    	0.019041138    	0.014146907    	0.012861281    	0.020322725    	0.020186393    	0.013001188    	0.019130943    	0.0128693      	0.017265016    	0.019784436    	0.021635173    	0.015010992    	0.01670853     	0.016936447    	0.019833973    	0.01736259     	0.01804955     	0.01600404     	0.017458914    	0.015164165    	0.017464843    	0.01659164     	0.015172915    	0.014698539    	0.022398824    	0.01866508     	0.018121717    	0.0065455087   	0.013339455    	0.01690786     	0.01857379     	0.018298356    	0.017647922    	0.015167462    	0.0147611955   	0.01568613     	0.0144328475   	0.015809376    	0.014382144    	0.019992253    	0.017575314    	0.01910312     	0.01669986     	0.01951505     	0.01759478     	0.021750165    	0.015936587    	0.017641077    	0.01406914     	0.017342478    	0.010025853    	0.014291899    	0.014963009    	0.018225199    	0.020318069    	0.010774723    	0.019124074    	0.020091025    	0.021213705    	0.014764852    	0.014737133    	0.018628618    	0.020628124    	0.017746288    	
0.018431704    	0.024456196    	0.014287162    	0.022562666    	0.013908644    	0.018970894    	0.018115371    	0.014506541    	0.02062987     	0.015157372    	0.020084564    	0.015132934    	0.01599899     	0.017560787    	0.01721867     	0.021164598    	0.018327877    	0.020694243    	0.018600253    	0.013708545    	0.016160395    	0.023016138    	0.018347055    	0.01137079     	0.017067393    	0.020547237    	0.013060521    	0.017049119    	0.017764593    	0.017120201    	0.015417195    	0.018239658    	0.021671895    	0.01578678     	0.020484403    	0.017652284    	0.012972004    	0.017414734    	0.016314344    	0.014287294    	0.014946957    	0.013580728    	0.020920468    	0.013423137    	0.017279563    	0.020101551    	0.01641185     	0.016706541    	0.015014207    	0.020549128    	0.023858847    	0.015837232    	0.014817343    	0.016231878    	0.016701806    	0.013473998    	0.018602176    	0.018488249    	0.01812972     	0.017376997    	0.01338198     	0.013400496    	0.01758332     	0.017840737    	0.007693011    	0.017304527    	0.019714488    	0.018883226    	0.020889694    	0.018801294    	0.013540675    	0.023197945    	0.015876537    	0.017255658    	0.017767819    	0.016668899    	0.015811373    	0.017667618    	0.01943882     	0.019504393    	0.019676672    	0.017039604    	0.02022309     	0.01718819     	0.015272422    	0.020578388    	0.01800176     	0.011695028    	0.021008674    	0.020939972    	0.014491294    	0.018678222    	0.014436651    	0.016145468    	0.016235517    	0.01854363     	0.016994037    	0.015946236    	0.017891541    	0.01767831     	
0.020226024    	0.020686327    	0.018502485    	0.018730702    	0.017343571    	0.017093174    	0.018247757    	0.018100219    	0.016177567    	0.017662268    	0.018653596    	0.019809067    	0.018976362    	0.020675387    	0.015382609    	0.010296436    	0.015990935    	0.015441102    	0.016843203    	0.01999948     	0.016136346    	0.020179821    	0.022280645    	0.019209921    	0.013046397    	0.019814963    	0.01696464     	0.016268235    	0.019163148    	0.013936534    	0.016526114    	0.018218476    	0.015102496    	0.0196968      	0.015258184    	0.01438834     	0.017585892    	0.019387325    	0.022227414    	0.014123957    	0.017980548    	0.015961649    	0.012515216    	0.017499253    	0.018719753    	0.017394371    	0.016222974    	0.016546939    	0.018343093    	0.021330066    	0.014617637    	0.016407795    	0.015569224    	0.019691953    	0.019664265    	0.016708124    	0.01895633     	0.0136466045   	0.014463534    	0.020492772    	0.014072733    	0.020046907    	0.01761555     	0.018688213    	0.014863376    	0.015488652    	0.030729512    	0.016376661    	0.018996287    	0.014777013    	0.018272178    	0.015075763    	0.014535382    	0.019260313    	0.016628763    	0.018912062    	0.020865394    	0.017318279    	0.01757004     	0.013983741    	0.021562701    	0.013834076    	0.014498824    	0.015656436    	0.023013022    	0.013217136    	0.015341524    	0.008450693    	0.017434122    	0.01743232     	0.022390725    	0.02001665     	0.017396089    	0.017156787    	0.015616107    	0.01868831     	0.018318688    	0.017437864    	0.01783755     	0.014895172    	
0.01775255     	0.01407665     	0.026354743    	0.013982495    	0.016668031    	0.014535147    	0.017137224    	0.016960273    	0.019099694    	0.02267654     	0.02089882     	0.018911779    	0.015908739    	0.018967459    	0.020857355    	0.015096191    	0.020371038    	0.019286603    	0.013011747    	0.017761199    	0.021931801    	0.015314593    	0.013098837    	0.021210922    	0.015297414    	0.017844742    	0.018962651    	0.02083474     	0.01521458     	0.020390635    	0.016807068    	0.017565548    	0.020063227    	0.020684157    	0.017317688    	0.02405865     	0.015167457    	0.016773993    	0.015782598    	0.018663205    	0.019279713    	0.019061934    	0.020123081    	0.012723454    	0.016019126    	0.016490877    	0.0157474      	0.016467474    	0.01950912     	0.019193808    	0.010726235    	0.012061948    	0.014111236    	0.019705188    	0.0150316125   	0.014177783    	0.01883915     	0.020948872    	0.015220811    	0.016647372    	0.018813893    	0.01856913     	0.020836258    	0.018922027    	0.018449264    	0.0071948287   	0.017878773    	0.017034326    	0.017742489    	0.01724298     	0.01403588     	0.017703295    	0.016367624    	0.018522337    	0.018914124    	0.020297954    	0.016582739    	0.01900429     	0.017164916    	0.018023275    	0.0149496505   	0.014914975    	0.017961841    	0.018448148    	0.016870806    	0.01615236     	0.022067016    	0.016358038    	0.007176806    	0.019904556    	0.018464908    	0.0115874745   	0.012269352    	0.016744427    	0.018612728    	0.017379448    	0.020849872    	0.023314616    	0.019898374    	0.018928496    	
0.01683471     	0.0063086785   	0.017528346    	0.02480455     	0.023040408    	0.012822313    	0.017134184    	0.020893585    	0.01656549     	0.019554142    	0.018217735    	0.018269353    	0.01701738     	0.014351641    	0.017304638    	0.014711751    	0.018895552    	0.021103913    	0.022212312    	0.02061624     	0.01651111     	0.01489883     	0.01289507     	0.017692398    	0.009613171    	0.01514209     	0.018769626    	0.020460898    	0.014376957    	0.015150517    	0.01551223     	0.01904955     	0.013428795    	0.019468436    	0.017674536    	0.022569813    	0.017655078    	0.016031783    	0.017744584    	0.020721737    	0.0142147895   	0.018771017    	0.01539718     	0.01947181     	0.016381627    	0.0139005855   	0.01694814     	0.015306368    	0.01573092     	0.020140303    	0.017893557    	0.017170284    	0.01768489     	0.015157208    	0.018816315    	0.018325316    	0.014588076    	0.022561312    	0.015541869    	0.018407263    	0.020794477    	0.019275138    	0.017542092    	0.022184772    	0.011382192    	0.018589966    	0.014284933    	0.014489929    	0.017817874    	0.020768436    	0.018389499    	0.014854771    	0.025240272    	0.017547049    	0.019358197    	0.01375243     	0.019863727    	0.019220503    	0.01900888     	0.01996145     	0.014329183    	0.019253515    	0.012659183    	0.014535209    	0.015970368    	0.017062292    	0.018178957    	0.014795052    	0.01662739     	0.013038052    	0.015278299    	0.017540524    	0.022609757    	0.015221981    	0.019575756    	0.019123208    	0.020716064    	0.01736083     	0.01828355     	0.020377126    	
0.020679906    	0.0203968      	0.008065634    	0.012003814    	0.016605284    	0.018125417    	0.022311462    	0.01912879     	0.01568001     	0.019049792    	0.016124172    	0.021600872    	0.01871759     	0.015214769    	0.016503084    	0.013785234    	0.017099714    	0.016920924    	0.02000326     	0.015825288    	0.023271453    	0.01485385     	0.02157016     	0.017366398    	0.01222079     	0.009453786    	0.0134272445   	0.023509875    	0.019346826    	0.016245298    	0.015716339    	0.01910786     	0.020653972    	0.01710153     	0.019277306    	0.01567913     	0.018200196    	0.018731201    	0.019664152    	0.020072607    	0.0161155      	0.02061878     	0.015715005    	0.018737027    	0.02001363     	0.019138625    	0.018838651    	0.017534142    	0.015489176    	0.0185074      	0.019039525    	0.016538277    	0.013572492    	0.013231675    	0.016247498    	0.016233832    	0.014385783    	0.017407652    	0.016059153    	0.015194475    	0.01564264     	0.018207088    	0.014672079    	0.013109209    	0.011182974    	0.014747432    	0.013149814    	0.018885387    	0.01827774     	0.019255683    	0.017179279    	0.014918065    	0.013925553    	0.01711712     	0.016969977    	0.01383035     	0.015604255    	0.01929615     	0.009352993    	0.021887122    	0.021333784    	0.01493613     	0.016718576    	0.017650215    	0.016898144    	0.021699445    	0.01627166     	0.018792126    	0.018429661    	0.017034044    	0.019878268    	0.008622647    	0.021558411    	0.019648964    	0.016195893    	0.017941322    	0.016388714    	0.022200104    	0.021199292    	0.019833611    	
0.0124102095   	0.019123228    	0.014554739    	0.014364262    	0.021688566    	0.018447397    	0.020115135    	0.012763005    	0.017606173    	0.015572584    	0.020180473    	0.014519674    	0.020103408    	0.02103335     	0.014340971    	0.013797152    	0.019411827    	0.020103574    	0.017581478    	0.016256332    	0.017463343    	0.020729398    	0.019780917    	0.017860334    	0.01341937     	0.010466546    	0.017406773    	0.021425646    	0.013470877    	0.016785769    	0.018325875    	0.015866103    	0.020872936    	0.011965898    	0.0148734385   	0.014571356    	0.01221098     	0.017232552    	0.017572653    	0.01834343     	0.01866226     	0.021372074    	0.020569537    	0.016504442    	0.02335347     	0.01881929     	0.011509158    	0.022105802    	0.022810321    	0.015688807    	0.019963574    	0.022285452    	0.017656809    	0.016185854    	0.019601295    	0.021025265    	0.021812124    	0.016413083    	0.018999394    	0.020883674    	0.018297069    	0.020525495    	0.010184635    	0.020111015    	0.013294386    	0.019553712    	0.015970364    	0.011852964    	0.018340137    	0.016089244    	0.023942836    	0.01903544     	0.0141498875   	0.016371327    	0.023029746    	0.020858057    	0.01711695     	0.021093542    	0.013693356    	0.01706884     	0.020715576    	0.018796705    	0.018096933    	0.015347003    	0.01945129     	0.01982122     	0.020367691    	0.019239305    	0.014993456    	0.012385233    	0.019625956    	0.0175307      	0.014963803    	0.018936796    	0.0198866      	0.014439402    	0.017149452    	0.019479875    	0.018818628    	0.019012315    	
0.016527671    	0.020262692    	0.02043963     	0.0061806324   	0.015218082    	0.014634898    	0.015991323    	0.013463664    	0.019988524    	0.018825859    	0.017654274    	0.01743766     	0.016940238    	0.02098329     	0.018252494    	0.014973167    	0.019602824    	0.023700317    	0.011227786    	0.015006982    	0.015591331    	0.019692933    	0.019944947    	0.017884443    	0.017374573    	0.018647835    	0.01430402     	0.010823463    	0.016276348    	0.020543527    	0.01702327     	0.016513044    	0.022503497    	0.016480148    	0.015759608    	0.01594655     	0.017978685    	0.017270993    	0.015087309    	0.019738771    	0.0147981895   	0.018322842    	0.015911294    	0.015185329    	0.01487597     	0.01891603     	0.016583977    	0.019244615    	0.015946476    	0.016464846    	0.015434479    	0.021453736    	0.020317229    	0.019280449    	0.017769717    	0.012847741    	0.017991912    	0.013932362    	0.013639189    	0.017602965    	0.018391902    	0.019584369    	0.019335888    	0.017631106    	0.022433389    	0.021883812    	0.016238634    	0.011485279    	0.016706692    	0.015597791    	0.017148184    	0.01357524     	0.015376591    	0.01481212     	0.018879656    	0.017490314    	0.01762874     	0.023005743    	0.020264434    	0.023434298    	0.018520895    	0.01783003     	0.017044812    	0.017382208    	0.015628915    	0.01993637     	0.013683409    	0.015561049    	0.019643622    	0.016561111    	0.01770742     	0.0206065      	0.016774502    	0.01521658     	0.014103315    	0.014133484    	0.011489016    	0.013128327    	0.013497557    	0.013839343    	
0.017733676    	0.019016495    	0.01991479     	0.01357026     	0.017752988    	0.018402072    	0.01579356     	0.01710975     	0.018008437    	0.013436176    	0.015877739    	0.020978833    	0.019055827    	0.015636656    	0.017817918    	0.018091952    	0.015722765    	0.020602893    	0.017011477    	0.019005772    	0.014896397    	0.018245444    	0.014129421    	0.019911245    	0.017508522    	0.01485769     	0.020073863    	0.017649101    	0.016633123    	0.01718109     	0.017010935    	0.021294434    	0.018211396    	0.018559644    	0.016977593    	0.022779424    	0.0137109365   	0.016305834    	0.01668027     	0.014790162    	0.016039813    	0.017664384    	0.02085411     	0.015129561    	0.018690689    	0.02311791     	0.016571868    	0.016329838    	0.015532786    	0.014650244    	0.015587615    	0.012646448    	0.01640291     	0.020086009    	0.018344473    	0.015635815    	0.014517298    	0.020171499    	0.020274768    	0.015679989    	0.018345471    	0.02200597     	0.019865643    	0.023662442    	0.016318174    	0.016102297    	0.018575314    	0.013961087    	0.013947234    	0.017194683    	0.020619892    	0.02254757     	0.016665272    	0.019280994    	0.01859955     	0.020210572    	0.0147246495   	0.015025314    	0.016768273    	0.018275546    	0.017506028    	0.015770493    	0.019317802    	0.011851135    	0.018073061    	0.017952142    	0.017242862    	0.020969706    	0.02059364     	0.0133697605   	0.0193716      	0.015114322    	0.016996853    	0.015705597    	0.015488683    	0.012873654    	0.014117504    	0.020947862    	0.02014245     	0.01833111     	
0.02097164     	0.014326723    	0.016295897    	0.01890963     	0.008600073    	0.015973082    	0.018489212    	0.015008107    	0.016530296    	0.015452293    	0.01608074     	0.02225408     	0.015313302    	0.019168269    	0.014704163    	0.015117215    	0.01915245     	0.018808654    	0.021299174    	0.018847227    	0.01832111     	0.016902568    	0.019857801    	0.020144604    	0.015372693    	0.016910207    	0.01954865     	0.00562434     	0.015375105    	0.019154415    	0.01755492     	0.0162559      	0.01950491     	0.01450209     	0.016014138    	0.016344221    	0.019407595    	0.020150905    	0.010715984    	0.01954736     	0.015242229    	0.018072203    	0.017701302    	0.017688086    	0.020159036    	0.019443283    	0.019827431    	0.01571601     	0.017217154    	0.019663993    	0.016226834    	0.02044178     	0.023215694    	0.0147767095   	0.015353965    	0.015649166    	0.019500325    	0.020005386    	0.018129205    	0.015761139    	0.015667703    	0.017252026    	0.012835646    	0.01141256     	0.016993962    	0.017352968    	0.020734994    	0.023844441    	0.013566989    	0.015171386    	0.016796995    	0.015911369    	0.019660756    	0.014732797    	0.016349915    	0.015948495    	0.02135071     	0.016250925    	0.011563833    	0.017747387    	0.012795304    	0.019655325    	0.0142343035   	0.015372754    	0.015535953    	0.013964032    	0.01673289     	0.01832462     	0.015800562    	0.014630742    	0.015558188    	0.01580694     	0.018512512    	0.014456378    	0.017735496    	0.018111717    	0.01980152     	0.017803606    	0.015724238    	0.0122622      	
0.016919       	0.021260463    	0.019605266    	0.018088972    	0.017355334    	0.012137594    	0.02584199     	0.016093235    	0.021467103    	0.02206399     	0.019554934    	0.017687472    	0.020870574    	0.017606635    	0.022398576    	0.017080795    	0.021822307    	0.016034558    	0.023519294    	0.016742077    	0.020320429    	0.021092128    	0.01955954     	0.016893806    	0.018444957    	0.017277747    	0.019268401    	0.015461756    	0.009882972    	0.020105889    	0.012728393    	0.017971877    	0.014246044    	0.01671238     	0.016363874    	0.019784288    	0.018365407    	0.018531257    	0.012805131    	0.01568527     	0.017001288    	0.015994294    	0.020558018    	0.012320127    	0.013982704    	0.01673079     	0.017164003    	0.01821223     	0.017163487    	0.017658962    	0.01844205     	0.019897807    	0.022738459    	0.02030816     	0.01649729     	0.019997744    	0.017456597    	0.014343193    	0.019463863    	0.01581017     	0.017945195    	0.017755298    	0.01659445     	0.01653069     	0.011536361    	0.012484104    	0.013914227    	0.014184265    	0.018076561    	0.018292552    	0.015799908    	0.013358547    	0.014308743    	0.01608868     	0.019675594    	0.013796907    	0.012288656    	0.017208504    	0.01766747     	0.019063223    	0.01620073     	0.018945936    	0.013788173    	0.019854262    	0.015336871    	0.015223123    	0.020989258    	0.01828157     	0.019831061    	0.015298375    	0.01788018     	0.020681977    	0.017285688    	0.019645792    	0.016027452    	0.015026254    	0.016724048    	0.019687653    	0.024153441    	0.022364676    	
0.01766206     	0.019744182    	0.019493826    	0.016666833    	0.014537227    	0.0058515137   	0.010349119    	0.014697392    	0.01759657     	0.013918503    	0.019030835    	0.013084953    	0.01688286     	0.01943649     	0.014365812    	0.015932217    	0.015554342    	0.014042082    	0.016774109    	0.015969098    	0.015729137    	0.015401438    	0.01791258     	0.016691286    	0.016947884    	0.018293478    	0.021649914    	0.021178382    	0.015928239    	0.017631024    	0.017230492    	0.021791058    	0.021793105    	0.01693831     	0.021707175    	0.01667635     	0.022195369    	0.02180521     	0.017151298    	0.013811101    	0.022020763    	0.02142402     	0.020182237    	0.018949548    	0.01141219     	0.021705987    	0.019070605    	0.015688712    	0.019817354    	0.017498551    	0.017505795    	0.014475578    	0.020588532    	0.0147511065   	0.022952052    	0.01455626     	0.016812839    	0.017201021    	0.018349085    	0.011630348    	0.015122979    	0.018454447    	0.017008306    	0.014815009    	0.019650599    	0.023017712    	0.016092304    	0.019170335    	0.016631253    	0.0142054      	0.018383412    	0.013564481    	0.013534647    	0.020132698    	0.017940266    	0.0157498      	0.022117328    	0.018530339    	0.017286697    	0.016290246    	0.017934557    	0.019770076    	0.015068536    	0.018701326    	0.019510088    	0.015484237    	0.014253835    	0.018084701    	0.009453219    	0.016005572    	0.020178352    	0.018112589    	0.015898334    	0.017646797    	0.019908352    	0.018577898    	0.013562863    	0.014074132    	0.01658496     	0.018221827    	
0.017190456    	0.018831458    	0.015491109    	0.016500339    	0.018841214    	0.016410466    	0.011366247    	0.024116712    	0.015587681    	0.015915977    	0.022419684    	0.018257646    	0.015662754    	0.016948786    	0.019656325    	0.022152312    	0.017443348    	0.016318453    	0.020179162    	0.014306625    	0.019741643    	0.017009895    	0.017672084    	0.017422741    	0.02197605     	0.014869354    	0.019192636    	0.015351652    	0.019560676    	0.012656828    	0.018061057    	0.013790352    	0.021316368    	0.017363483    	0.015779011    	0.0120668085   	0.01425512     	0.019853232    	0.013045651    	0.017578408    	0.023062337    	0.018326115    	0.012001317    	0.021849068    	0.015251893    	0.017435027    	0.022614371    	0.016878527    	0.014658475    	0.017446041    	0.022259258    	0.01835612     	0.01686818     	0.017409677    	0.009461558    	0.01768875     	0.015405799    	0.01571299     	0.015708972    	0.019533155    	0.017729286    	0.019271452    	0.017278774    	0.01604692     	0.012946377    	0.018968211    	0.017579243    	0.015093697    	0.01964342     	0.013951239    	0.016573554    	0.019759117    	0.022104831    	0.020670986    	0.016599132    	0.016655304    	0.015824499    	0.015129175    	0.020534493    	0.014462443    	0.021538606    	0.015130527    	0.013690474    	0.017921804    	0.0182024      	0.015097436    	0.01878575     	0.015821144    	0.019642167    	0.020575862    	0.021730717    	0.016435575    	0.014900791    	0.019271292    	0.011966479    	0.020506306    	0.020868491    	0.016506553    	0.016693655    	0.019069292    	
0.016787643    	0.014550922    	0.017290402    	0.010879277    	0.013221773    	0.015330992    	0.006724073    	0.010063881    	0.016908959    	0.013855165    	0.014720353    	0.021450495    	0.016324759    	0.019081777    	0.018142715    	0.018090779    	0.019097071    	0.019745843    	0.021338113    	0.017750248    	0.011848615    	0.0154763535   	0.018918667    	0.021243095    	0.019658092    	0.017852334    	0.015060838    	0.01210599     	0.015249834    	0.017195337    	0.01607476     	0.019910365    	0.021374917    	0.015150608    	0.019660762    	0.01652433     	0.019106517    	0.01488132     	0.018549964    	0.015775664    	0.014587308    	0.018844614    	0.01638973     	0.014261072    	0.021418707    	0.016278831    	0.018229323    	0.014826014    	0.014045575    	0.01800464     	0.016979335    	0.014701101    	0.014505437    	0.019521078    	0.016340947    	0.018419925    	0.017834838    	0.019115418    	0.015629092    	0.020407904    	0.018288463    	0.017677246    	0.017002473    	0.016341617    	0.014866391    	0.015815908    	0.021992886    	0.012205937    	0.015291878    	0.01889392     	0.016327681    	0.018391002    	0.014314292    	0.018146746    	0.01649032     	0.01372645     	0.017553313    	0.014718602    	0.012316578    	0.015856758    	0.018771736    	0.019092241    	0.019460997    	0.017727152    	0.021412935    	0.015596823    	0.018175062    	0.021578176    	0.018718047    	0.017077526    	0.01636297     	0.015335383    	0.019791648    	0.021905022    	0.016395811    	0.015744988    	0.017026318    	0.025860563    	0.02722245     	0.025200803    	
0.016402276    	0.013721137    	0.020637356    	0.015394956    	0.016650487    	0.01857021     	0.018916246    	0.006467626    	0.013628145    	0.010700515    	0.015787655    	0.018312553    	0.017020179    	0.019586198    	0.01754164     	0.017371291    	0.021851258    	0.014609533    	0.015678322    	0.018167263    	0.0153859      	0.017398156    	0.017714538    	0.015533336    	0.015622106    	0.015397245    	0.018749231    	0.017453255    	0.014521208    	0.0154632265   	0.012822677    	0.013042358    	0.0186614      	0.016429063    	0.018266499    	0.013530815    	0.019513575    	0.02233434     	0.017190525    	0.015292421    	0.012577657    	0.012334918    	0.018906727    	0.019158235    	0.014191657    	0.015487054    	0.020555561    	0.014385878    	0.01572548     	0.0148389265   	0.013158261    	0.020287935    	0.015427209    	0.01572191     	0.019662263    	0.016783165    	0.0206823      	0.014415638    	0.014905944    	0.01505231     	0.018191215    	0.011706309    	0.013764879    	0.01377134     	0.018126627    	0.016964866    	0.015011708    	0.014452599    	0.016331783    	0.017527334    	0.016750269    	0.025480898    	0.015489714    	0.015660796    	0.020610388    	0.018218381    	0.015806228    	0.020139119    	0.016067157    	0.015427988    	0.015381552    	0.015693577    	0.01764083     	0.02184512     	0.014072583    	0.016006485    	0.019148208    	0.015378604    	0.016009448    	0.01755847     	0.016932331    	0.015928416    	0.014440064    	0.015472695    	0.012981817    	0.021330353    	0.020470217    	0.021896048    	0.02247659     	0.019335527    	
0.013615398    	0.018478036    	0.015260376    	0.016132131    	0.011457698    	0.017977335    	0.01741832     	0.013875087    	0.019245131    	0.017976498    	0.017905062    	0.014951643    	0.019253079    	0.019467987    	0.015329641    	0.022914452    	0.011762776    	0.01825913     	0.018485336    	0.018889338    	0.021113718    	0.015170374    	0.017973531    	0.017696513    	0.017378714    	0.014134067    	0.020402951    	0.016724337    	0.018728588    	0.0155470325   	0.01788948     	0.020052047    	0.020890882    	0.016989859    	0.017739277    	0.018650442    	0.016231239    	0.017367408    	0.016824398    	0.014353228    	0.013923519    	0.01906895     	0.013981768    	0.0077548563   	0.01644908     	0.0148192905   	0.017092617    	0.01744697     	0.01751242     	0.01673537     	0.016749958    	0.017588736    	0.014592304    	0.017572636    	0.020366149    	0.022776758    	0.018078417    	0.019645713    	0.018348793    	0.012558396    	0.01663619     	0.021956753    	0.016803736    	0.018192185    	0.014698277    	0.018688718    	0.01289813     	0.016466778    	0.017368352    	0.020078307    	0.018366626    	0.016416052    	0.0139530115   	0.017539628    	0.012126067    	0.016691422    	0.016979385    	0.013735285    	0.018554816    	0.01777712     	0.018356077    	0.01376311     	0.0155936405   	0.013189559    	0.0152527755   	0.020043798    	0.013005094    	0.01648567     	0.01094314     	0.019365467    	0.015304001    	0.01502369     	0.016022747    	0.016748354    	0.016819337    	0.013587957    	0.0152287455   	0.021768743    	0.013111118    	0.0052920342   	
0.019996291    	0.016772036    	0.017947603    	0.019675368    	0.017077316    	0.018424649    	0.013731818    	0.024420807    	0.0101355      	0.02343792     	0.013516054    	0.014927914    	0.015940027    	0.01649061     	0.017482685    	0.016355395    	0.018269693    	0.013858704    	0.015424583    	0.020388246    	0.02164418     	0.016662138    	0.021112006    	0.016259592    	0.021641342    	0.020337783    	0.01407828     	0.022383286    	0.021143213    	0.019347472    	0.013977189    	0.017174305    	0.01975112     	0.017562203    	0.017713172    	0.018628389    	0.018626891    	0.016941197    	0.017244013    	0.020086143    	0.01583439     	0.015721187    	0.011562066    	0.019274691    	0.02144186     	0.02212041     	0.02101393     	0.016014714    	0.016379178    	0.021207506    	0.014273546    	0.01880387     	0.017220499    	0.014820194    	0.018800443    	0.017704774    	0.019584568    	0.016794918    	0.018952237    	0.019630656    	0.01402516     	0.017542588    	0.020563366    	0.014444275    	0.019508446    	0.019691678    	0.017961135    	0.018611316    	0.016729783    	0.01709455     	0.020896243    	0.012366244    	0.017319001    	0.01781095     	0.014454225    	0.019949386    	0.020055821    	0.017536093    	0.014062096    	0.023299498    	0.018743014    	0.01564642     	0.017047485    	0.017504081    	0.019676743    	0.016765866    	0.017117789    	0.015571801    	0.014467404    	0.013996538    	0.019145451    	0.015381282    	0.019463886    	0.016528172    	0.0188596      	0.015459248    	0.016446212    	0.014225777    	0.014200319    	0.015734559    	
0.023739703    	0.0165292      	0.014109438    	0.019719852    	0.015168564    	0.0216548      	0.016705606    	0.015258275    	0.014758973    	0.016320365    	0.015465601    	0.01768475     	0.018062266    	0.018142473    	0.01775405     	0.013951639    	0.02166623     	0.021194698    	0.017360752    	0.016980536    	0.01579323     	0.013278809    	0.018045926    	0.015540099    	0.020453162    	0.011404468    	0.021199984    	0.01647077     	0.015190313    	0.018792326    	0.020739622    	0.016228393    	0.01993543     	0.019013837    	0.015663669    	0.01564316     	0.017695755    	0.018027693    	0.017205557    	0.012896135    	0.019192867    	0.013153822    	0.015999481    	0.0141005805   	0.018533614    	0.015120981    	0.019504244    	0.017843654    	0.012351957    	0.017653067    	0.01243619     	0.013524267    	0.01821976     	0.017284095    	0.015078871    	0.015990188    	0.019525943    	0.017849417    	0.01711694     	0.020940682    	0.01835089     	0.015608342    	0.017620685    	0.016373117    	0.014422882    	0.017548602    	0.018684885    	0.014908214    	0.01579083     	0.0131491665   	0.019457858    	0.014453789    	0.01408765     	0.01490661     	0.020702792    	0.017140573    	0.016277233    	0.017164355    	0.019462284    	0.020517347    	0.01829024     	0.019893488    	0.018761706    	0.016873093    	0.019287854    	0.016373036    	0.021274492    	0.01775595     	0.018855186    	0.014566218    	0.012136029    	0.018150646    	0.014414649    	0.01500788     	0.015370706    	0.017083827    	0.016715003    	0.018317983    	0.016223479    	0.017295761    	
0.015514956    	0.020215258    	0.01998137     	0.012567253    	0.02026923     	0.016312592    	0.019891525    	0.015106117    	0.021218227    	0.014250949    	0.020373842    	0.014650213    	0.018919338    	0.014628063    	0.014961533    	0.014193439    	0.017723989    	0.01820463     	0.012964497    	0.016199443    	0.018911954    	0.015077342    	0.019518396    	0.019222774    	0.012131516    	0.014411904    	0.018248638    	0.017071646    	0.017677698    	0.014770416    	0.015666746    	0.016461479    	0.017642932    	0.023184268    	0.0146102365   	0.016813722    	0.013602555    	0.017676797    	0.010785896    	0.017707456    	0.022401208    	0.01633701     	0.015096987    	0.019993063    	0.017414957    	0.021052806    	0.020959502    	0.013986185    	0.020061828    	0.014858405    	0.016795611    	0.01892043     	0.01651703     	0.016643094    	0.02042679     	0.012780508    	0.017242149    	0.014801575    	0.022834603    	0.0207268      	0.020319019    	0.02262174     	0.017005283    	0.014200251    	0.014754384    	0.023544936    	0.01927072     	0.016922759    	0.017477065    	0.013288674    	0.019657768    	0.013778433    	0.01775202     	0.018757224    	0.015047835    	0.02116091     	0.019891564    	0.014487651    	0.018256227    	0.015623211    	0.016015112    	0.01536372     	0.01271065     	0.017716484    	0.018930435    	0.022814332    	0.025299577    	0.019170104    	0.015115742    	0.017446699    	0.021357622    	0.017406322    	0.017202165    	0.013912629    	0.017692022    	0.020391246    	0.014580636    	0.020290354    	0.024769371    	0.022477746    	
0.02059852     	0.015049287    	0.017616574    	0.021435969    	0.016867016    	0.01520264     	0.015543692    	0.016554141    	0.017234398    	0.017915031    	0.0203938      	0.018380739    	0.021035893    	0.023291504    	0.020602392    	0.018518653    	0.01469976     	0.01970996     	0.017859366    	0.017963875    	0.012230246    	0.01582719     	0.019780574    	0.016893158    	0.019356584    	0.02201716     	0.017350417    	0.021473782    	0.020012293    	0.01444703     	0.014876122    	0.017515732    	0.020879837    	0.018752685    	0.016918473    	0.019205494    	0.018438434    	0.02001503     	0.019782417    	0.013277816    	0.021954408    	0.017355414    	0.01933273     	0.016770974    	0.016146291    	0.017935516    	0.016721291    	0.016568061    	0.021944256    	0.020277703    	0.015872546    	0.019491952    	0.016891643    	0.022103442    	0.019024244    	0.019646497    	0.020157145    	0.008265671    	0.016421156    	0.015267758    	0.016944064    	0.017178655    	0.01954892     	0.016457675    	0.016084518    	0.016285064    	0.022192318    	0.018472368    	0.014370064    	0.01447674     	0.017825581    	0.015529665    	0.024406902    	0.021147668    	0.016712133    	0.014782817    	0.01601447     	0.019063376    	0.014960448    	0.014045272    	0.018496035    	0.016059253    	0.013699828    	0.01891953     	0.01491826     	0.024297012    	0.017322965    	0.018035963    	0.013918971    	0.013888578    	0.012162954    	0.014577005    	0.020716464    	0.01855561     	0.02067018     	0.020349845    	0.009559851    	0.0088954875   	0.017270628    	0.024285378    	
0.01691939     	0.015318498    	0.01805749     	0.017216174    	0.014144524    	0.018716237    	0.0154492045   	0.016191844    	0.0187812      	0.018930426    	0.019216876    	0.019429838    	0.017214494    	0.0179422      	0.01314238     	0.015819175    	0.018827673    	0.018785384    	0.01714868     	0.016425695    	0.01935711     	0.013875808    	0.014538092    	0.020748515    	0.017654292    	0.015337815    	0.017612573    	0.019424906    	0.0155249825   	0.021268154    	0.013750069    	0.01573074     	0.014057319    	0.01770628     	0.017507521    	0.01682359     	0.017338684    	0.016892487    	0.017805677    	0.018159892    	0.02346566     	0.020635955    	0.014446371    	0.013768071    	0.015987398    	0.017571416    	0.020310659    	0.021825798    	0.020318344    	0.019885631    	0.019626498    	0.015953848    	0.018066768    	0.019610351    	0.017585654    	0.013252707    	0.017399712    	0.016159618    	0.02070013     	0.016547909    	0.015153086    	0.02158002     	0.016072523    	0.016533855    	0.014598371    	0.018038526    	0.017665435    	0.01380812     	0.015932605    	0.01932197     	0.010308566    	0.015232317    	0.013707238    	0.015505121    	0.016574806    	0.013671537    	0.021031573    	0.016792797    	0.018837534    	0.016249025    	0.0171402      	0.019386249    	0.013415846    	0.014890137    	0.016626727    	0.014027454    	0.017062953    	0.016364405    	0.01917415     	0.018338524    	0.019583479    	0.01630979     	0.011983275    	0.017865775    	0.013042383    	0.016626975    	0.019409979    	0.009216848    	0.012630398    	0.011873715    	
0.018355759    	0.015981592    	0.021867372    	0.016202822    	0.021125827    	0.015021051    	0.01736719     	0.01582912     	0.018099593    	0.013577159    	0.017944206    	0.018155614    	0.017912047    	0.017644413    	0.018892473    	0.019126676    	0.014434994    	0.014548782    	0.016754938    	0.016621767    	0.016282031    	0.012717943    	0.019629354    	0.020376934    	0.016208943    	0.017148534    	0.013876538    	0.017132128    	0.019250484    	0.015314249    	0.018852772    	0.01808369     	0.017065397    	0.012932594    	0.017911805    	0.015547073    	0.019187367    	0.02355108     	0.01422445     	0.018373288    	0.012975553    	0.017737413    	0.015220838    	0.01711799     	0.018919513    	0.020352433    	0.016258325    	0.020633545    	0.02073147     	0.02188803     	0.01756277     	0.01154997     	0.013641628    	0.017516386    	0.01698602     	0.016501125    	0.018648924    	0.014000682    	0.017308287    	0.017899217    	0.01624183     	0.013358419    	0.017038474    	0.012830774    	0.016791204    	0.018471314    	0.014370549    	0.016929455    	0.020752992    	0.017148083    	0.018287195    	0.015683226    	0.018894793    	0.019991819    	0.016348071    	0.012683854    	0.021413228    	0.018719386    	0.017717686    	0.01946015     	0.01649484     	0.019149953    	0.01504194     	0.016448166    	0.013670162    	0.016302643    	0.017554296    	0.016363213    	0.017196339    	0.016695904    	0.012135653    	0.020410925    	0.018141998    	0.020632485    	0.015699381    	0.015261266    	0.0145703815   	0.009548857    	0.016788293    	0.020036003    	
0.013081211    	0.014696869    	0.01596653     	0.015054072    	0.01640501     	0.02257398     	0.020115286    	0.017987208    	0.016353972    	0.014546026    	0.017073326    	0.019164465    	0.017392414    	0.017203147    	0.017191475    	0.013760407    	0.012148765    	0.015516317    	0.01816548     	0.018525705    	0.016054498    	0.016862463    	0.012244449    	0.019874329    	0.020658568    	0.015666695    	0.017143061    	0.0149533395   	0.020286355    	0.01659578     	0.0113180755   	0.020091947    	0.020688668    	0.018075524    	0.017158741    	0.01910985     	0.013709278    	0.009709089    	0.010583046    	0.017738411    	0.015469314    	0.01856374     	0.017689921    	0.008248334    	0.011933428    	0.012213338    	0.016963461    	0.02001229     	0.011035336    	0.015687041    	0.017331641    	0.014649456    	0.013356693    	0.017508907    	0.017933644    	0.011829047    	0.019772636    	0.01679341     	0.015085917    	0.018540781    	0.021745443    	0.0171188      	0.019906461    	0.015862979    	0.0179958      	0.020653347    	0.01333385     	0.020073107    	0.018439356    	0.021372868    	0.018978173    	0.0132918265   	0.021819156    	0.0135696      	0.019206665    	0.015842482    	0.009960317    	0.019647762    	0.023114607    	0.013682926    	0.011261265    	0.018082073    	0.018519884    	0.015915148    	0.021355662    	0.021191152    	0.019081803    	0.017053813    	0.018483132    	0.017446956    	0.015078004    	0.015163643    	0.021058       	0.018627709    	0.018870724    	0.013206841    	0.020753486    	0.0111304745   	0.009957516    	0.012670457    	
0.013327069    	0.018340608    	0.012222235    	0.015176216    	0.022570614    	0.0138436565   	0.017797165    	0.013255181    	0.020410476    	0.017422419    	0.024492672    	0.01794759     	0.020917945    	0.019813986    	0.017112715    	0.014673141    	0.014839946    	0.01720527     	0.01754653     	0.020060211    	0.016723901    	0.012849245    	0.014537732    	0.017535307    	0.016108518    	0.018563617    	0.018829267    	0.017778808    	0.01867056     	0.018653156    	0.016600305    	0.021687537    	0.02489343     	0.018887345    	0.013346703    	0.022511952    	0.013126285    	0.015702235    	0.02137206     	0.017390132    	0.022674099    	0.008851989    	0.012843666    	0.014385933    	0.011410316    	0.013591097    	0.014168668    	0.018953372    	0.016403433    	0.0224205      	0.0126211075   	0.02305414     	0.012631269    	0.02155568     	0.01924831     	0.017229863    	0.018402556    	0.019969951    	0.019029729    	0.01852081     	0.01813494     	0.017866706    	0.018320974    	0.020080963    	0.016983708    	0.018767457    	0.015774332    	0.016064912    	0.017614132    	0.016121712    	0.012771526    	0.018869584    	0.011943709    	0.018713076    	0.01762594     	0.01652512     	0.011626546    	0.011922219    	0.02634059     	0.017092668    	0.019635616    	0.017438184    	0.017156038    	0.017162025    	0.017790211    	0.017185263    	0.01713278     	0.018455649    	0.017455233    	0.018722728    	0.017620277    	0.015545775    	0.014542947    	0.013547472    	0.018813048    	0.017924197    	0.022924444    	0.023106512    	0.01671878     	0.014523633    	
0.018306047    	0.021722164    	0.021349315    	0.018271297    	0.014795535    	0.018931087    	0.018545378    	0.017572489    	0.011979234    	0.015435062    	0.01825127     	0.011057542    	0.014445628    	0.020649247    	0.018284667    	0.01571976     	0.017025145    	0.017408319    	0.016969401    	0.017412474    	0.01767051     	0.015944775    	0.02165907     	0.015153642    	0.017134305    	0.0133334575   	0.020149257    	0.015652124    	0.01704593     	0.010163081    	0.016163884    	0.014992541    	0.018202988    	0.015014097    	0.018637698    	0.02370977     	0.015198889    	0.012082511    	0.021375047    	0.015820613    	0.021274637    	0.016418327    	0.015791189    	0.018108325    	0.01970162     	0.020322278    	0.022200884    	0.018417034    	0.019840997    	0.015491159    	0.015221417    	0.013639042    	0.01965115     	0.015639234    	0.01387569     	0.017659929    	0.01668378     	0.017071553    	0.02131326     	0.020677194    	0.02260426     	0.016407324    	0.014687101    	0.020219253    	0.018878525    	0.014343632    	0.014898788    	0.017759755    	0.021264356    	0.019498372    	0.014221671    	0.0162706      	0.017211435    	0.019221637    	0.016289221    	0.018331463    	0.017185682    	0.0052238363   	0.016878705    	0.015517135    	0.016044665    	0.015812438    	0.015264742    	0.019422691    	0.01502281     	0.01089363     	0.021216623    	0.016524412    	0.014798693    	0.018057773    	0.017076418    	0.013419099    	0.0139233      	0.01544918     	0.015486117    	0.023353595    	0.02143881     	0.018519338    	0.016849957    	0.012503143    	
0.019187778    	0.01483756     	0.017584214    	0.01778368     	0.018986087    	0.018573007    	0.019152677    	0.0155566195   	0.017135248    	0.017623225    	0.020988837    	0.01671875     	0.019503817    	0.014866868    	0.008060381    	0.01841418     	0.01673291     	0.021364126    	0.019525016    	0.013547126    	0.02193851     	0.018773967    	0.018168543    	0.019946808    	0.013743331    	0.017110484    	0.01900647     	0.01570144     	0.017089594    	0.020251466    	0.016312653    	0.0147215      	0.016127244    	0.01613905     	0.015030945    	0.016986499    	0.016928256    	0.0045678956   	0.016395863    	0.02498938     	0.019059485    	0.01763106     	0.0168695      	0.023711855    	0.022533981    	0.01956852     	0.019818027    	0.019622948    	0.014712636    	0.017756442    	0.02134124     	0.015676573    	0.017851299    	0.015622561    	0.02259342     	0.014059346    	0.018943597    	0.02330532     	0.018454188    	0.01725693     	0.014384226    	0.01925821     	0.018119352    	0.01369542     	0.0144661525   	0.013805315    	0.01863226     	0.01981112     	0.017734872    	0.019610662    	0.017210893    	0.018310845    	0.018219143    	0.016026162    	0.024083707    	0.019802738    	0.015007462    	0.012426999    	0.017545668    	0.022729078    	0.018988894    	0.017150482    	0.017322855    	0.017282026    	0.018349465    	0.014607402    	0.018794158    	0.018498987    	0.023659887    	0.016894862    	0.022588786    	0.016234493    	0.016306622    	0.019383427    	0.018383108    	0.012841015    	0.01382739     	0.017027104    	0.01019189     	0.0063211326   	
0.01519733     	0.016264522    	0.0145184165   	0.024066908    	0.0171723      	0.013215356    	0.018979       	0.019402498    	0.016578149    	0.022386586    	0.018345874    	0.019089265    	0.015352021    	0.015983464    	0.014970017    	0.021597033    	0.024495482    	0.01775483     	0.019878032    	0.0199054      	0.015772728    	0.021551922    	0.019031739    	0.020983908    	0.018143013    	0.020940704    	0.015222629    	0.013690894    	0.018184636    	0.015562881    	0.016251724    	0.016930599    	0.019269781    	0.016857937    	0.016672999    	0.019620141    	0.011001339    	0.016080368    	0.022163715    	0.01612615     	0.019884184    	0.014932405    	0.020470472    	0.015278799    	0.01656977     	0.012600826    	0.021903723    	0.019434331    	0.015714096    	0.016229855    	0.014649065    	0.021455461    	0.014338597    	0.022866666    	0.012396661    	0.01613275     	0.017511081    	0.019450184    	0.019930903    	0.0208474      	0.01357034     	0.022161478    	0.02128252     	0.016496165    	0.012840058    	0.013630126    	0.019188942    	0.013996767    	0.014153382    	0.014608836    	0.018841427    	0.01625715     	0.01984403     	0.013626329    	0.014874304    	0.014762634    	0.023456551    	0.01986764     	0.014589493    	0.01327033     	0.020598289    	0.015024095    	0.01588078     	0.016553467    	0.010988342    	0.015788665    	0.019886058    	0.01999822     	0.019583737    	0.013871728    	0.014316531    	0.019331967    	0.017710252    	0.017736463    	0.012421774    	0.014240603    	0.018779358    	0.016356878    	0.014936242    	0.011564095    	
0.017222313    	0.020996017    	0.02022624     	0.020221645    	0.020628784    	0.016627476    	0.010179218    	0.015663633    	0.018323189    	0.018217724    	0.018908944    	0.013354821    	0.012851161    	0.01993203     	0.019344501    	0.018974299    	0.016272867    	0.015441854    	0.019756613    	0.018740125    	0.012054372    	0.019417692    	0.016791798    	0.018822549    	0.012936203    	0.012879825    	0.019834932    	0.014610801    	0.0142579945   	0.020457305    	0.018425995    	0.020575507    	0.014506548    	0.02266335     	0.022557056    	0.014771492    	0.022735419    	0.016741356    	0.016588192    	0.018401332    	0.01682524     	0.015703306    	0.014572105    	0.018919442    	0.0148207145   	0.012563422    	0.014548837    	0.022884544    	0.020061262    	0.019251933    	0.020946566    	0.018902777    	0.020041775    	0.018214181    	0.019598302    	0.017224038    	0.01884963     	0.01440452     	0.011648509    	0.01844587     	0.018547459    	0.018415982    	0.019561019    	0.018929543    	0.01981406     	0.018857371    	0.016267015    	0.014368837    	0.014155922    	0.020190949    	0.017309425    	0.0149097275   	0.014069956    	0.012148503    	0.0145243425   	0.01744922     	0.017410189    	0.020537695    	0.013795961    	0.011728717    	0.03046991     	0.022605151    	0.016765803    	0.018719167    	0.018838463    	0.019646851    	0.025154788    	0.015108372    	0.0138237765   	0.017154623    	0.019575372    	0.02144453     	0.010147896    	0.019368237    	0.018979449    	0.018866008    	0.018933436    	0.017985277    	0.0189058      	0.019872813    	
0.012472798    	0.01612465     	0.018943157    	0.012062848    	0.014490551    	0.015666632    	0.015475279    	0.023212602    	0.014840877    	0.019023132    	0.01282135     	0.015011681    	0.012655289    	0.01990635     	0.01881462     	0.015082706    	0.026716225    	0.0143438475   	0.023301512    	0.016860368    	0.013406968    	0.018935021    	0.016491694    	0.019478362    	0.017789075    	0.0170731      	0.02034985     	0.016514715    	0.014050239    	0.018512087    	0.020771185    	0.017889729    	0.019818274    	0.015519956    	0.019573864    	0.023482822    	0.019612754    	0.018546034    	0.019584967    	0.015697775    	0.011639697    	0.014958504    	0.014743419    	0.014284396    	0.021633863    	0.020238837    	0.019890806    	0.014687511    	0.020693908    	0.018760215    	0.021471536    	0.018487545    	0.017478323    	0.018523803    	0.01932642     	0.019283451    	0.015719991    	0.015882771    	0.016959814    	0.017706834    	0.021926759    	0.01941936     	0.015694289    	0.020426922    	0.017486474    	0.0165771      	0.017137736    	0.01783068     	0.018314417    	0.015445376    	0.02022098     	0.016094381    	0.018633131    	0.018254979    	0.019533       	0.019611068    	0.01739385     	0.018153928    	0.017500991    	0.012507238    	0.012262356    	0.016504489    	0.018161984    	0.019517923    	0.01786111     	0.016684676    	0.015794108    	0.016797813    	0.015341411    	0.017065886    	0.017886817    	0.017055916    	0.01755059     	0.01903771     	0.01850338     	0.020167422    	0.021956248    	0.019779362    	0.016621642    	0.014736691    	
0.014391738    	0.01835002     	0.021694748    	0.025728326    	0.015536322    	0.018645538    	0.01354584     	0.014429053    	0.020138236    	0.012884298    	0.019019464    	0.020938234    	0.016634759    	0.013836437    	0.02319265     	0.010462761    	0.018761178    	0.019499118    	0.02162672     	0.018213965    	0.014983331    	0.01577028     	0.021254413    	0.0144018615   	0.017380761    	0.019090544    	0.023100376    	0.01639124     	0.0145551255   	0.022051781    	0.022704609    	0.018927231    	0.015283089    	0.02708971     	0.016085025    	0.016965047    	0.018836768    	0.017935697    	0.0114863      	0.021620693    	0.018114816    	0.017386736    	0.019907119    	0.014418596    	0.017097162    	0.018737016    	0.022947406    	0.012428333    	0.020614903    	0.015569564    	0.016662447    	0.017442167    	0.020873507    	0.016313286    	0.018221825    	0.01745548     	0.01979293     	0.0111102015   	0.018019926    	0.018568251    	0.016937537    	0.014626813    	0.018808575    	0.019080004    	0.019943846    	0.014610171    	0.01900602     	0.022294091    	0.019576577    	0.022248087    	0.014680126    	0.02265917     	0.02018444     	0.020961825    	0.012824428    	0.018270839    	0.022414753    	0.016501565    	0.020151306    	0.019860853    	0.014946646    	0.01297912     	0.016653009    	0.016258404    	0.018517788    	0.014936582    	0.014992929    	0.013066736    	0.018642858    	0.015012358    	0.018547634    	0.019121218    	0.01591536     	0.016075572    	0.018629435    	0.014824642    	0.01732413     	0.020080123    	0.017122753    	0.015866231    	
0.021055663    	0.0200704      	0.014639887    	0.01673586     	0.01800798     	0.019621758    	0.02157584     	0.01716064     	0.017704485    	0.016022068    	0.017065257    	0.019088386    	0.017278988    	0.023026623    	0.016289458    	0.021095408    	0.006395989    	0.016113611    	0.021017315    	0.012535754    	0.01768553     	0.01767432     	0.015994463    	0.0156110395   	0.017298624    	0.021072403    	0.018971628    	0.01778308     	0.01673617     	0.018613216    	0.017908104    	0.017820079    	0.020504525    	0.019417385    	0.019419799    	0.0140912235   	0.014948306    	0.013068203    	0.0112783825   	0.023980943    	0.014382384    	0.021168185    	0.015601339    	0.013905059    	0.0098346425   	0.013774758    	0.017400967    	0.015841538    	0.017435756    	0.01471112     	0.02261994     	0.014934825    	0.014597206    	0.015463212    	0.023468466    	0.01604769     	0.018952888    	0.023367835    	0.018615628    	0.014108745    	0.015799321    	0.014937564    	0.016823767    	0.013485083    	0.019276889    	0.014600441    	0.015065115    	0.014545918    	0.014054996    	0.016621407    	0.019475505    	0.022274366    	0.0209527      	0.015430461    	0.015213958    	0.02109754     	0.016254762    	0.016294777    	0.017990053    	0.017763725    	0.010273183    	0.012543744    	0.017280994    	0.017378034    	0.01836439     	0.016202128    	0.022012742    	0.019250624    	0.018381909    	0.018703617    	0.0129274465   	0.023757672    	0.016995367    	0.020430043    	0.02014906     	0.0138325915   	0.018210333    	0.021155901    	0.019225633    	0.01671956     	
0.015066678    	0.011001465    	0.015697494    	0.017492868    	0.020114606    	0.016538268    	0.01574912     	0.01668998     	0.01799825     	0.01885642     	0.014191613    	0.018855551    	0.015942799    	0.021386491    	0.017614847    	0.022043122    	0.018874988    	0.009045902    	0.015778871    	0.023646522    	0.017775431    	0.011259226    	0.017719997    	0.019639729    	0.018916981    	0.014745964    	0.01707027     	0.020645723    	0.01624386     	0.017648753    	0.013104475    	0.013702532    	0.014747949    	0.020624869    	0.008481888    	0.019162484    	0.018428689    	0.015620617    	0.013186893    	0.020829821    	0.019260162    	0.022482242    	0.014837768    	0.022329794    	0.02025387     	0.017941767    	0.015546765    	0.016975114    	0.01307981     	0.019249696    	0.01872929     	0.013786594    	0.015829574    	0.020605098    	0.02177293     	0.015533945    	0.016740981    	0.016412813    	0.017437417    	0.01768951     	0.012226677    	0.016504522    	0.017925858    	0.020532131    	0.016893027    	0.017405197    	0.017275317    	0.013912135    	0.019691765    	0.014199414    	0.014116896    	0.013638419    	0.010940426    	0.019090574    	0.014230163    	0.022088239    	0.02278322     	0.015393011    	0.020843923    	0.018770074    	0.019253656    	0.00354098     	0.016916098    	0.020360736    	0.021792913    	0.014818115    	0.014130169    	0.015561157    	0.02235455     	0.021253178    	0.01898475     	0.0169321      	0.016250743    	0.013032593    	0.016988667    	0.015118784    	0.013212786    	0.013944485    	0.019080693    	0.021183962    	
0.019091407    	0.021084063    	0.016069567    	0.016880237    	0.018172044    	0.016174993    	0.011241919    	0.01377651     	0.019658383    	0.016502583    	0.012312833    	0.018984161    	0.0163468      	0.018853968    	0.014952701    	0.021712052    	0.017012509    	0.01237232     	0.016317772    	0.01749544     	0.017863832    	0.017572643    	0.01920624     	0.015810061    	0.018882956    	0.01552667     	0.015333397    	0.019707767    	0.01806725     	0.016961386    	0.015660275    	0.01488906     	0.015709344    	0.018783752    	0.018845951    	0.014875016    	0.018762846    	0.013525842    	0.01857372     	0.019615283    	0.014333337    	0.014538575    	0.030881533    	0.018171607    	0.02268489     	0.017347855    	0.020581095    	0.016320912    	0.025173087    	0.020491747    	0.014718498    	0.0213394      	0.020656813    	0.020049548    	0.01729651     	0.017422555    	0.01802301     	0.012821793    	0.016380206    	0.01580311     	0.021383325    	0.020777445    	0.015346173    	0.013835456    	0.010426438    	0.014829924    	0.015359074    	0.01801809     	0.016975757    	0.016420482    	0.015359285    	0.016996147    	0.01966687     	0.017831909    	0.016049184    	0.014169355    	0.015826134    	0.015728105    	0.01444863     	0.015289117    	0.014536597    	0.017543947    	0.01682847     	0.02097243     	0.018522346    	0.021677172    	0.01613646     	0.017863175    	0.019141637    	0.012448452    	0.020653818    	0.01602416     	0.017992316    	0.021736266    	0.019825628    	0.017673684    	0.022587098    	0.020130184    	0.019239662    	0.020003581    	
0.016783504    	0.019278836    	0.017822335    	0.018151453    	0.019594258    	0.018153785    	0.022297103    	0.019108128    	0.01846216     	0.02308451     	0.016730497    	0.014473563    	0.017192433    	0.018535636    	0.01696682     	0.013965281    	0.019642478    	0.018958727    	0.015823746    	0.02094004     	0.015675204    	0.020035904    	0.015002015    	0.015084366    	0.014888125    	0.018561706    	0.019062804    	0.018076217    	0.017893761    	0.018275632    	0.017971518    	0.017028745    	0.019459201    	0.019284071    	0.013422084    	0.019821662    	0.017922087    	0.021023374    	0.018375918    	0.019955242    	0.021587001    	0.017033506    	0.017732797    	0.024408424    	0.018494183    	0.018265953    	0.017139578    	0.01605612     	0.018745929    	0.012812385    	0.017189307    	0.018162053    	0.022947922    	0.021990689    	0.018546129    	0.017369634    	0.013273657    	0.016079966    	0.017796954    	0.02073164     	0.016638096    	0.017042298    	0.01869248     	0.015661018    	0.019106919    	0.01870511     	0.013681887    	0.020089252    	0.020630391    	0.017902287    	0.016232416    	0.016809832    	0.016656535    	0.013904135    	0.019425606    	0.014863816    	0.018735847    	0.019308902    	0.014079467    	0.028069206    	0.022728657    	0.025818191    	0.01012665     	0.017730562    	0.018958539    	0.018841729    	0.020398231    	0.013469554    	0.017627131    	0.020634957    	0.020931793    	0.02125222     	0.01833448     	0.017781496    	0.016072847    	0.017990768    	0.012704983    	0.012865253    	0.014178983    	0.013755748    	
0.013331299    	0.017475229    	0.023371924    	0.017887913    	0.022183714    	0.011299589    	0.020915926    	0.019867798    	0.017427709    	0.018599547    	0.017091922    	0.021148402    	0.0133005595   	0.018391486    	0.015098278    	0.021499502    	0.019029582    	0.022114052    	0.01096308     	0.020027008    	0.016606702    	0.013939291    	0.016302954    	0.014787841    	0.013854455    	0.0154648      	0.018879151    	0.017685125    	0.018602971    	0.015630946    	0.01908271     	0.016081283    	0.016881283    	0.015050533    	0.022678785    	0.019688528    	0.013765248    	0.017092805    	0.01708743     	0.01291505     	0.017932668    	0.0184292      	0.015250007    	0.01727355     	0.01919532     	0.018311149    	0.020228745    	0.018104719    	0.017848926    	0.016849175    	0.017389575    	0.01722815     	0.017369272    	0.01573239     	0.01305361     	0.019443901    	0.020171752    	0.017154522    	0.01552674     	0.017683107    	0.022180881    	0.022414263    	0.019243846    	0.021138938    	0.020950772    	0.018690392    	0.016663196    	0.016690636    	0.019392613    	0.018823741    	0.019613566    	0.014295486    	0.018072944    	0.014578172    	0.021334738    	0.021292381    	0.021557042    	0.019198116    	0.017489344    	0.015621575    	0.014661159    	0.015155033    	0.019556407    	0.010282161    	0.025708204    	0.018910205    	0.019154483    	0.016477369    	0.016587911    	0.017637163    	0.017676458    	0.018570162    	0.021232152    	0.018152237    	0.017158316    	0.013303039    	0.021370219    	0.018673979    	0.014144974    	0.014599187    	
0.017478641    	0.018537221    	0.019260695    	0.015802931    	0.022267338    	0.021666849    	0.020707367    	0.022444073    	0.01674859     	0.017814618    	0.01389288     	0.011790522    	0.018181827    	0.015876222    	0.015559119    	0.016390404    	0.025250327    	0.019291077    	0.023587082    	0.0111195855   	0.016085295    	0.016781801    	0.019480238    	0.018501794    	0.017274382    	0.017324165    	0.017215295    	0.018109586    	0.019192904    	0.018342076    	0.020031445    	0.020451112    	0.015206674    	0.019835288    	0.017943064    	0.021672038    	0.017831119    	0.021080958    	0.015638553    	0.016434202    	0.015288456    	0.018198775    	0.0056877946   	0.019429035    	0.018212494    	0.018439734    	0.012977013    	0.018372783    	0.020225514    	0.019904578    	0.015342946    	0.016220216    	0.016814841    	0.022692012    	0.021131989    	0.017804023    	0.01570109     	0.01568817     	0.019983605    	0.013114625    	0.018211827    	0.015929503    	0.01691824     	0.023050185    	0.02043111     	0.013653288    	0.017266968    	0.017381286    	0.020062       	0.017406272    	0.01866907     	0.019531617    	0.014781311    	0.019681526    	0.020864364    	0.02303303     	0.021402821    	0.01846979     	0.02238942     	0.015227067    	0.015977854    	0.016688826    	0.021482194    	0.0072465064   	0.019572137    	0.017381672    	0.016875993    	0.015405137    	0.019478105    	0.020846449    	0.018612154    	0.016168581    	0.021401795    	0.017162545    	0.018172732    	0.014798033    	0.01829443     	0.017815353    	0.018918306    	0.016667232    	
