# www.neaspec.com
# Scan:	 	AFM
# Project:	 	20251007_PS
# Description:	 	
# Date:	 	10/07/2025 10:43:47
# Scanner Center Position (X, Y):	[µm]	49.99	50.01	 
# Rotation:	[°]	0	 	 
# Scan Area (X, Y, Z):	[µm]	5.000	5.000	0.000
# Pixel Area (X, Y, Z):	[px]	100	50	1
# Averaging:	 	1	 	 
# Integration time:	[ms]	5	 	 
# Laser Source:	 	4.5-15 µm nano-FTIR laser
# Detector:	 	R
# Target Wavelength:	[µm]	7.502	 	 
# Demodulation Mode:	 	Fourier
# Tip Frequency:	[Hz]	241,340.500	 	 
# Tip Amplitude:	[mV]	45.700	 	 
# Tapping Amplitude:	[nm]	79.665	 	 
# Modulation Frequency:	[Hz]	0.000	 	 
# Modulation Amplitude:	[mV]	0.000	 	 
# Modulation Offset:	[mV]	0.000	 	 
# Setpoint:	[%]	79.75	 	 
# Regulator (P, I, D):	 	4.206850	8.625812	1.000000
# Tip Potential:	[mV]	0.000	 	 
# M1A Scaling:	[nm/V]	0.426	 	 
# M1A Cantilever Factor:	 	1,000	 	 
# Q-Factor:	 	487.4	 	 
# Version:	 	2.1.11536.0
1.7433212      	1.7444298      	1.7318054      	1.7478691      	1.738875       	1.7425884      	1.7464819      	1.7525424      	1.7401934      	1.73757        	1.7545159      	1.754861       	1.7462662      	1.7407302      	1.7540549      	1.7397063      	1.7349869      	1.7455323      	1.7448214      	1.7480649      	1.7449639      	1.758089       	1.7511278      	1.7448323      	1.7442763      	1.7547055      	1.7402626      	1.7515268      	1.7494785      	1.7378945      	1.7447448      	1.7437066      	1.7521225      	1.7417592      	1.7360529      	1.7545961      	1.7305671      	1.7520052      	1.7459705      	1.7452223      	1.7412559      	1.7471263      	1.7450162      	1.74597        	1.7496914      	1.7380972      	1.7425071      	1.7343372      	1.7421482      	1.7410557      	1.7414556      	1.7512172      	1.7428036      	1.7296455      	1.7453288      	1.7436405      	1.7397741      	1.7395004      	1.7544717      	1.7490644      	1.7360133      	1.74811        	1.7572157      	1.7561307      	1.730876       	1.7406878      	1.7536201      	1.7325485      	1.7339813      	1.7578883      	1.7528007      	1.740924       	1.7400004      	1.746769       	1.7398161      	1.7329099      	1.7497143      	1.7504063      	1.7347043      	1.7458134      	1.7609541      	1.7383904      	1.7406712      	1.7309039      	1.7507846      	1.8001305      	1.6926482      	1.7085125      	1.7041376      	1.6840302      	1.7107704      	1.7054416      	1.7009729      	1.677217       	1.8207817      	1.7818618      	1.7859954      	1.7554632      	1.7519367      	1.7276602      	
1.7404857      	1.7501235      	1.735542       	1.7524424      	1.7403573      	1.7423937      	1.7469027      	1.7302326      	1.7503016      	1.761469       	1.7339509      	1.7460634      	1.7404246      	1.7515279      	1.7350308      	1.7377481      	1.7500055      	1.7451632      	1.7479409      	1.7617605      	1.7498571      	1.7478911      	1.7451208      	1.7521802      	1.730581       	1.7575676      	1.7471535      	1.7415198      	1.743938       	1.7437752      	1.7449077      	1.752474       	1.7546288      	1.7483194      	1.7546552      	1.7451504      	1.7257745      	1.7487665      	1.7378153      	1.7510574      	1.7447591      	1.752285       	1.7482748      	1.7255995      	1.7627953      	1.7624003      	1.742305       	1.7417469      	1.7531936      	1.7421852      	1.7437916      	1.7453294      	1.7462467      	1.7330965      	1.7361045      	1.7529999      	1.7387809      	1.7375623      	1.7577868      	1.7459855      	1.7485781      	1.749866       	1.7379255      	1.7503257      	1.7395921      	1.7420154      	1.7473835      	1.744484       	1.7433192      	1.7484539      	1.747076       	1.7279316      	1.7442601      	1.7547287      	1.7424545      	1.7316071      	1.7453752      	1.753361       	1.7434253      	1.7375623      	1.7485758      	1.7419219      	1.7341005      	1.7135072      	1.7973559      	1.7875994      	1.520483       	1.8055722      	1.7781336      	1.7678576      	1.753332       	1.747278       	1.755501       	1.7413282      	1.7430315      	1.7439977      	1.7454234      	1.7392509      	1.7571086      	1.7451193      	
1.7466519      	1.7391062      	1.7472055      	1.7489883      	1.7367928      	1.752598       	1.7526401      	1.7460959      	1.7461364      	1.7443395      	1.7435043      	1.7482294      	1.7392083      	1.7493602      	1.7544897      	1.7340354      	1.7565516      	1.73988        	1.7378821      	1.7566031      	1.7510699      	1.7490194      	1.7470039      	1.7253569      	1.7483898      	1.7499073      	1.7464689      	1.7497435      	1.7482611      	1.7538308      	1.7466166      	1.7503138      	1.7389872      	1.7566637      	1.7529197      	1.7390546      	1.7436965      	1.7399046      	1.7357095      	1.7456378      	1.7385421      	1.7566042      	1.7505991      	1.7399789      	1.7408931      	1.754646       	1.7406113      	1.7390119      	1.7494142      	1.749142       	1.746358       	1.7414316      	1.7528176      	1.734052       	1.742214       	1.7570606      	1.7508074      	1.7361276      	1.7508025      	1.7460569      	1.742675       	1.7568139      	1.7412738      	1.7617154      	1.7376442      	1.7487607      	1.7460997      	1.7371137      	1.7389314      	1.7437251      	1.7450321      	1.7495688      	1.7286516      	1.7571889      	1.7495267      	1.723792       	1.7472825      	1.7487794      	1.7447735      	1.7432617      	1.7312845      	1.7917913      	1.8425415      	1.8333417      	1.7944715      	1.774313       	1.7600613      	1.7420217      	1.7482501      	1.7542108      	1.7295083      	1.7484301      	1.7534857      	1.7441853      	1.7456074      	1.7545279      	1.7576715      	1.7567235      	1.7575876      	1.7481676      	
1.7464066      	1.7379915      	1.7351377      	1.7462314      	1.7584323      	1.7421918      	1.7460831      	1.749854       	1.7512299      	1.7332923      	1.7534543      	1.7494848      	1.7401266      	1.7454855      	1.7490224      	1.748783       	1.746942       	1.7488182      	1.7597352      	1.735184       	1.7353706      	1.7701601      	1.7435868      	1.7328051      	1.7376627      	1.751066       	1.7363176      	1.7410271      	1.7588226      	1.7590574      	1.7436539      	1.7417121      	1.7602965      	1.7421193      	1.7502257      	1.7467175      	1.7437255      	1.7293442      	1.7377734      	1.7496635      	1.7368097      	1.7390121      	1.7550721      	1.7419854      	1.7340767      	1.7459023      	1.7475276      	1.7566109      	1.7338151      	1.7436663      	1.7497833      	1.7360241      	1.7394234      	1.7449756      	1.7434343      	1.7527351      	1.7347877      	1.7485428      	1.7464232      	1.7433966      	1.7540944      	1.745975       	1.7501928      	1.7489994      	1.7502638      	1.741133       	1.7514975      	1.7420118      	1.7474623      	1.7549481      	1.7564026      	1.7421973      	1.7395542      	1.7561785      	1.7365001      	1.7301306      	1.7484183      	1.7318968      	1.7325381      	1.7428608      	1.7286363      	1.8149897      	1.8467165      	1.7959367      	1.8105932      	1.7871994      	1.7502747      	1.7396706      	1.7577622      	1.7493043      	1.744472       	1.7505473      	1.7479765      	1.7525657      	1.7474443      	1.7440488      	1.748212       	1.7619992      	1.7371167      	1.7576143      	
1.7607489      	1.736785       	1.7337353      	1.7589298      	1.7371057      	1.7476383      	1.7422643      	1.7377673      	1.7512815      	1.7416425      	1.7411426      	1.7550719      	1.7456468      	1.7518047      	1.7550083      	1.7397307      	1.7458588      	1.7426401      	1.7392172      	1.7560369      	1.7486513      	1.7583989      	1.7410313      	1.7453195      	1.7502203      	1.7355345      	1.7437208      	1.7358729      	1.7606717      	1.730323       	1.7486178      	1.7524883      	1.7528158      	1.7513821      	1.7371737      	1.7461692      	1.7478651      	1.7357634      	1.7581791      	1.746661       	1.7524091      	1.7367529      	1.7463044      	1.7540287      	1.7424043      	1.7385266      	1.75515        	1.7446461      	1.73518        	1.7430013      	1.7471902      	1.736708       	1.7013593      	1.6738507      	1.7004836      	1.5649989      	1.7330132      	1.7436185      	1.7515212      	1.7434027      	1.7323772      	1.7568034      	1.7343005      	1.747137       	1.7519841      	1.7561504      	1.7562598      	1.7504672      	1.7501205      	1.7369813      	1.7518734      	1.7379982      	1.7365819      	1.7474504      	1.7409655      	1.7442722      	1.7521296      	1.734645       	1.7570009      	1.7439506      	1.7201965      	1.719954       	1.6219034      	1.7966442      	1.7867055      	1.7958319      	1.7728704      	1.7525651      	1.7438238      	1.7589288      	1.7492716      	1.7522074      	1.7331483      	1.7483449      	1.7621472      	1.7364105      	1.7443614      	1.7560682      	1.7617192      	1.769425       	
1.7460808      	1.7410434      	1.7536261      	1.753679       	1.7352749      	1.7448573      	1.7623067      	1.7479814      	1.7453169      	1.7431453      	1.7472057      	1.7485181      	1.7381206      	1.7508923      	1.7503482      	1.7390835      	1.7432588      	1.751864       	1.7479855      	1.745798       	1.7542988      	1.760374       	1.7477875      	1.7470751      	1.7512788      	1.7312331      	1.7358719      	1.7542098      	1.7457321      	1.7583783      	1.7468842      	1.7377768      	1.7503991      	1.7508874      	1.7334849      	1.7613343      	1.7430811      	1.7294422      	1.7566807      	1.7518007      	1.739372       	1.742119       	1.7472278      	1.7446582      	1.7245275      	1.4486003      	1.7148525      	1.7370267      	1.6937423      	1.7126546      	1.7072558      	1.7059927      	1.6924925      	1.7055055      	1.7026153      	1.6984087      	1.7135253      	1.240037       	1.7463         	1.7438922      	1.7471981      	1.7486186      	1.7437348      	1.7459533      	1.7554202      	1.7413445      	1.7500122      	1.7455896      	1.7428689      	1.7508693      	1.7375072      	1.7661699      	1.727056       	1.7449721      	1.7506288      	1.7401989      	1.7349856      	1.7362692      	1.7421496      	1.7287699      	1.7121096      	1.5777526      	1.7408757      	1.5288359      	1.7875488      	1.8017836      	1.7937808      	1.7513765      	1.7502385      	1.7668251      	1.756332       	1.7500494      	1.7515426      	1.7482126      	1.7572489      	1.7671613      	1.7542961      	1.7616258      	1.7420293      	1.7534978      	
1.7606446      	1.7416018      	1.752769       	1.7474867      	1.7300419      	1.7685434      	1.7371618      	1.7402425      	1.7515182      	1.7521895      	1.739849       	1.747747       	1.7493246      	1.7334523      	1.7579758      	1.7404267      	1.743769       	1.7431571      	1.7515112      	1.728462       	1.7550056      	1.7434878      	1.7504612      	1.7522227      	1.7356123      	1.7441144      	1.7599362      	1.7346073      	1.7397848      	1.7595626      	1.7423358      	1.7451501      	1.7381548      	1.7505497      	1.7431458      	1.7389017      	1.7298226      	1.7351019      	1.733938       	1.6967534      	1.7086328      	1.7416161      	1.7103969      	1.691388       	1.6952361      	1.713014       	1.6849624      	1.7099122      	1.620909       	1.8078594      	1.7888116      	1.7729058      	1.7736894      	1.740257       	1.7634628      	1.7419211      	1.7233199      	1.691786       	1.5519058      	1.1409634      	1.7472495      	1.7432243      	1.7548425      	1.7537823      	1.7402782      	1.7486144      	1.750282       	1.7530991      	1.7419859      	1.7406826      	1.7644681      	1.7500604      	1.7435089      	1.7575389      	1.7492125      	1.7421491      	1.7404301      	1.753353       	1.7398736      	1.7354609      	1.7369255      	1.7110118      	1.6981796      	1.7582123      	1.773494       	1.8164331      	1.7844774      	1.7775749      	1.7330481      	1.760698       	1.7502779      	1.7452363      	1.7500236      	1.7575871      	1.7382318      	1.7462558      	1.7657311      	1.7594717      	1.7594867      	1.7544073      	
1.7439823      	1.750451       	1.7467229      	1.7549267      	1.736863       	1.7452468      	1.7573438      	1.7557986      	1.7294441      	1.750992       	1.761594       	1.7435021      	1.7490033      	1.7387978      	1.753109       	1.7470964      	1.7504935      	1.7588372      	1.72965        	1.7471029      	1.7468867      	1.7567616      	1.7399565      	1.7600733      	1.7547734      	1.7414504      	1.7375094      	1.7507751      	1.747372       	1.709569       	1.5190824      	1.7257857      	1.6982177      	1.7280397      	1.7408937      	1.6943074      	1.707165       	1.6844195      	1.7071679      	1.6854931      	1.6114379      	1.7983059      	1.7956846      	1.7643186      	1.7560937      	1.7732124      	1.7510747      	1.7420602      	1.7748779      	1.7469893      	1.752727       	1.7512896      	1.7524664      	1.7552722      	1.7503735      	1.7523872      	1.732083       	1.6976509      	1.7330688      	1.5073323      	1.3537914      	1.752843       	1.7470751      	1.7523627      	1.7430595      	1.7554162      	1.746844       	1.7410482      	1.7574152      	1.7519133      	1.7573951      	1.7425243      	1.7457172      	1.7491202      	1.7415906      	1.7546003      	1.7371613      	1.733257       	1.7488307      	1.7569025      	1.7282467      	1.72963        	1.6249571      	1.8070467      	1.5332522      	1.7950425      	1.7927662      	1.787792       	1.7671242      	1.7421755      	1.7606305      	1.751216       	1.745153       	1.7576597      	1.7521002      	1.7514975      	1.7521217      	1.7523502      	1.7584616      	1.756141       	
1.754171       	1.76592        	1.7443837      	1.7426562      	1.758461       	1.7332133      	1.7477908      	1.752281       	1.7584274      	1.7440042      	1.7556094      	1.7284999      	1.7608289      	1.7517865      	1.7304646      	1.766658       	1.7404075      	1.7455359      	1.7557245      	1.7337761      	1.748364       	1.7433369      	1.7349483      	1.7382284      	1.736848       	1.729522       	1.7217348      	1.7154773      	1.6957136      	1.6810366      	1.7061051      	1.6905944      	1.6948254      	1.6041735      	1.8372574      	1.8103479      	1.7588581      	1.7513074      	1.7598416      	1.7424833      	1.7622744      	1.7589668      	1.7421257      	1.7658046      	1.7589145      	1.7483792      	1.7588959      	1.7485151      	1.7545851      	1.7514529      	1.7493666      	1.7590976      	1.7682986      	1.7542157      	1.7431262      	1.7706882      	1.7420355      	1.7024438      	1.7027704      	1.7044563      	1.5949467      	1.146395       	1.7529212      	1.750548       	1.7461802      	1.7424135      	1.742297       	1.7466207      	1.7483121      	1.7530011      	1.7500513      	1.7421234      	1.7440941      	1.7469852      	1.7562846      	1.7538756      	1.7425026      	1.7526265      	1.7310517      	1.7473152      	1.7462869      	1.7387443      	1.7164388      	1.7708173      	1.7147392      	1.7865677      	1.793325       	1.7938495      	1.7797499      	1.7536972      	1.7411573      	1.7485889      	1.7667359      	1.7519493      	1.7542502      	1.7471355      	1.7481201      	1.7543086      	1.768251       	1.7670491      	
1.7448632      	1.7568083      	1.7503946      	1.7471517      	1.7509757      	1.7440059      	1.7508093      	1.7379841      	1.7520391      	1.752994       	1.7479683      	1.741429       	1.7547834      	1.7532392      	1.7276294      	1.7498662      	1.7535127      	1.7437636      	1.7469429      	1.7387381      	1.7454257      	1.750588       	1.7298262      	1.7378995      	1.6963592      	1.8156424      	1.7675864      	1.7817901      	1.7655821      	1.7634476      	1.7697985      	1.7574164      	1.7549427      	1.759582       	1.7524925      	1.7501574      	1.7506603      	1.7513301      	1.7558247      	1.748009       	1.7583178      	1.7579156      	1.749542       	1.7494452      	1.7548718      	1.7415379      	1.7461373      	1.7549288      	1.7564552      	1.7615556      	1.7463546      	1.7559854      	1.74228        	1.7472548      	1.759172       	1.7532951      	1.7422568      	1.7234205      	1.7130095      	1.7172947      	1.6294831      	1.4840906      	1.7464012      	1.7372664      	1.7530761      	1.7578145      	1.7411747      	1.7323622      	1.7530274      	1.7431332      	1.7532943      	1.7433777      	1.7359246      	1.753511       	1.7403349      	1.7508299      	1.7581227      	1.7408942      	1.740395       	1.7512624      	1.7422724      	1.7371187      	1.7238946      	1.633683       	1.7809838      	1.4959838      	1.8108155      	1.8060079      	1.7785646      	1.7617807      	1.7638766      	1.7435945      	1.7650197      	1.7474718      	1.7622817      	1.7547488      	1.7517986      	1.7585979      	1.7586653      	1.7446821      	
1.7362676      	1.7554301      	1.7559419      	1.7409916      	1.7451321      	1.7464467      	1.753966       	1.7487775      	1.7509701      	1.7399536      	1.7572702      	1.7468764      	1.73689        	1.7510037      	1.7552817      	1.7470354      	1.7522038      	1.7523481      	1.7350315      	1.7310008      	1.7384827      	1.709407       	1.7738249      	1.844996       	1.8163168      	1.7825382      	1.752288       	1.7606078      	1.7492055      	1.7366618      	1.7497923      	1.7547334      	1.7621686      	1.7436423      	1.7581179      	1.7562437      	1.7380298      	1.7641704      	1.7432117      	1.713694       	1.6340367      	1.7390342      	1.75146        	1.752744       	1.7518572      	1.7526858      	1.7586896      	1.7602028      	1.7430222      	1.7486838      	1.7584872      	1.7598617      	1.7411567      	1.7664828      	1.7563717      	1.7454563      	1.7582825      	1.7437391      	1.718217       	1.7076684      	1.7179332      	1.42577        	1.1607097      	1.7395335      	1.7490996      	1.7490983      	1.7329559      	1.7536886      	1.7486273      	1.7386622      	1.7503526      	1.752174       	1.7572423      	1.7541103      	1.7358258      	1.7543042      	1.7400419      	1.7511         	1.7516345      	1.7407389      	1.743495       	1.7362214      	1.7283785      	1.7267728      	1.507516       	1.7614985      	1.7530276      	1.7949603      	1.7955406      	1.7811373      	1.7628791      	1.7465297      	1.7422885      	1.7558846      	1.7557812      	1.7387668      	1.7476182      	1.7614661      	1.7620393      	1.7584552      	
1.7418853      	1.7400429      	1.7452698      	1.754471       	1.7519436      	1.7457477      	1.7514324      	1.7599063      	1.7490147      	1.7406473      	1.7574186      	1.7458049      	1.7536491      	1.7452593      	1.7676082      	1.7512743      	1.7346292      	1.7430629      	1.7423769      	1.7304063      	1.7234215      	1.7918113      	1.8771226      	1.7999241      	1.8044014      	1.7855511      	1.7683598      	1.7508         	1.7447562      	1.7551464      	1.7459934      	1.7508438      	1.7415342      	1.7510252      	1.7499304      	1.7425425      	1.7464181      	1.7512727      	1.7577894      	1.7362083      	1.7262157      	1.7610594      	1.7560942      	1.7465401      	1.7509893      	1.7653419      	1.7578899      	1.7316804      	1.73198        	1.7621943      	1.732282       	1.7545325      	1.7541476      	1.7545699      	1.7542381      	1.7339325      	1.7413695      	1.7620442      	1.7456919      	1.6977067      	1.7262204      	1.7059692      	1.4893243      	1.5197257      	1.7420976      	1.7452271      	1.7475885      	1.7505664      	1.755611       	1.7508101      	1.7456228      	1.7554059      	1.7453084      	1.7583052      	1.748936       	1.73925        	1.7427279      	1.7414871      	1.7447926      	1.7409533      	1.755696       	1.7305583      	1.7306805      	1.7328173      	1.6435944      	1.7858108      	1.6808774      	1.7875961      	1.7882515      	1.8029221      	1.7738612      	1.7615702      	1.7532204      	1.7508049      	1.7485013      	1.7397649      	1.7393785      	1.7529691      	1.7581358      	1.7585021      	
1.7671561      	1.7524313      	1.7337555      	1.7606978      	1.7560422      	1.7421166      	1.7520642      	1.760399       	1.7539067      	1.7514377      	1.7401035      	1.7540454      	1.7400008      	1.744533       	1.7385122      	1.761501       	1.7500483      	1.7483066      	1.7530875      	1.7309107      	1.7355134      	1.5825003      	1.8058076      	1.7289149      	1.803299       	1.7911296      	1.779339       	1.7426958      	1.7486795      	1.7624454      	1.745558       	1.7561682      	1.7601099      	1.7487129      	1.7478689      	1.7594883      	1.7483002      	1.760818       	1.745856       	1.7554147      	1.7602717      	1.744849       	1.7503605      	1.7684551      	1.7626548      	1.7480522      	1.7463149      	1.7512257      	1.7527883      	1.7687886      	1.7465042      	1.7528813      	1.7485019      	1.7493035      	1.7468132      	1.7531334      	1.7442148      	1.7621281      	1.7421931      	1.7276344      	1.7101929      	1.706278       	1.6292274      	1.3892224      	1.7328687      	1.7493701      	1.7468406      	1.746728       	1.742368       	1.7501541      	1.7544005      	1.7464262      	1.7272756      	1.7636405      	1.7410349      	1.7371229      	1.7486864      	1.7497865      	1.7488661      	1.7455491      	1.7453281      	1.7582548      	1.7286828      	1.7456748      	1.7370491      	1.4786676      	1.7689627      	1.4761887      	1.8072642      	1.7892137      	1.7731005      	1.7808049      	1.7604774      	1.7484256      	1.7493811      	1.7571353      	1.7558894      	1.7529911      	1.7567217      	1.7594773      	
1.7365632      	1.7624307      	1.7557071      	1.7474648      	1.7511364      	1.7283334      	1.7655159      	1.7573762      	1.7483021      	1.7394749      	1.7486085      	1.7537755      	1.7326545      	1.7588918      	1.7585492      	1.7414601      	1.7483128      	1.7401409      	1.7610393      	1.743459       	1.7374954      	1.7244884      	1.8248789      	1.6125516      	1.7823366      	1.7937387      	1.7847403      	1.7713554      	1.7679982      	1.757902       	1.7488648      	1.756844       	1.7580009      	1.7608802      	1.7619278      	1.7513596      	1.7667739      	1.7434834      	1.7572871      	1.7516742      	1.7562844      	1.7496477      	1.7516016      	1.7430756      	1.7611011      	1.7416662      	1.7596773      	1.7550286      	1.7638767      	1.7552844      	1.7534779      	1.7522533      	1.7692424      	1.7415324      	1.748756       	1.763901       	1.7574974      	1.7480936      	1.7510443      	1.738121       	1.7021457      	1.7231214      	1.6902125      	1.521912       	1.3161765      	1.7286136      	1.7636341      	1.7464753      	1.7420173      	1.7462605      	1.7458894      	1.75745        	1.740357       	1.7493933      	1.7577443      	1.7513996      	1.7453057      	1.7599589      	1.7381976      	1.7344207      	1.7553571      	1.7488188      	1.7202424      	1.7465079      	1.7368168      	1.7104003      	1.6788571      	1.7320579      	1.6860781      	1.7757685      	1.8074387      	1.7869936      	1.7656016      	1.7391185      	1.7320877      	1.752731       	1.7440014      	1.7470845      	1.7638079      	1.7437998      	
1.7351687      	1.7647777      	1.7479163      	1.7461734      	1.7465279      	1.7556075      	1.7562985      	1.7464458      	1.7426213      	1.7546973      	1.7433313      	1.7344064      	1.7547297      	1.7567905      	1.7389889      	1.7615994      	1.736554       	1.7567825      	1.7346597      	1.735979       	1.7403513      	1.7071114      	1.6317652      	1.7400249      	1.6649476      	1.7964696      	1.8033116      	1.7953221      	1.7492543      	1.7516191      	1.7570555      	1.7536739      	1.753145       	1.7484646      	1.7537764      	1.7576611      	1.7499058      	1.7457287      	1.7607986      	1.7573833      	1.7456578      	1.7510732      	1.7549427      	1.752027       	1.7607002      	1.735014       	1.7649078      	1.7456652      	1.7449608      	1.7500433      	1.7598411      	1.7543342      	1.7508465      	1.7646188      	1.7585545      	1.7399001      	1.7451978      	1.7625815      	1.751266       	1.7494819      	1.7220621      	1.6927272      	1.7371843      	1.5909576      	1.1509424      	1.76211        	1.7463517      	1.7492075      	1.7582252      	1.7352152      	1.7500489      	1.7416693      	1.7323171      	1.7533135      	1.7411736      	1.7360216      	1.7529804      	1.7426475      	1.7450436      	1.750778       	1.7470247      	1.7480389      	1.7488017      	1.7548671      	1.7491373      	1.7349173      	1.7371982      	1.7881061      	1.5861022      	1.7947531      	1.8158243      	1.777849       	1.7630681      	1.7448637      	1.7569654      	1.7432948      	1.7419608      	1.7482122      	1.7626264      	1.7470675      	
1.6878155      	1.3957586      	1.7310311      	1.7552131      	1.7374043      	1.7481443      	1.7515874      	1.7474049      	1.7414181      	1.7488093      	1.7706268      	1.7556616      	1.7199701      	1.745912       	1.7503886      	1.7657175      	1.7294197      	1.7164954      	1.7634385      	1.7293235      	1.7290138      	1.7347131      	1.7455518      	1.76844        	1.6089045      	1.806707       	1.7949736      	1.7834294      	1.7836726      	1.7552749      	1.7321912      	1.7581683      	1.7620181      	1.739047       	1.750312       	1.7541113      	1.77013        	1.7444236      	1.7466648      	1.7559766      	1.7633104      	1.7528498      	1.7603371      	1.7507117      	1.7509066      	1.7553222      	1.7408215      	1.7476778      	1.760341       	1.7425858      	1.7555397      	1.7612189      	1.7532103      	1.7568016      	1.7363874      	1.7568548      	1.7587409      	1.7535625      	1.7606689      	1.7355087      	1.737135       	1.7047852      	1.7060853      	1.7180954      	1.518305       	1.1200335      	1.7514435      	1.7452283      	1.7474326      	1.7494729      	1.7450789      	1.7497795      	1.7472856      	1.7459737      	1.7468097      	1.7436948      	1.7493061      	1.756788       	1.7571214      	1.7417175      	1.7430422      	1.7432237      	1.7448472      	1.7426249      	1.7506223      	1.7426733      	1.7382623      	1.6819544      	1.8099958      	1.8139209      	1.7900229      	1.7878898      	1.7777606      	1.7575687      	1.7578292      	1.7533892      	1.7577657      	1.7500951      	1.7579926      	1.7649244      	
1.7121432      	1.107215       	1.7527908      	1.7502313      	1.7547897      	1.7593583      	1.7429786      	1.7483009      	1.7575144      	1.7552848      	1.7495832      	1.7533538      	1.755427       	1.7468382      	1.7588749      	1.7516726      	1.7394427      	1.7477814      	1.7496512      	1.7400482      	1.7382579      	1.7473528      	1.7267361      	1.7265276      	1.7417814      	1.7860062      	1.7816362      	1.7999828      	1.789178       	1.75262        	1.7596723      	1.7563047      	1.7451711      	1.7566764      	1.7381247      	1.7522911      	1.7470943      	1.7418097      	1.7542851      	1.7504317      	1.7465216      	1.7561079      	1.7538363      	1.7464521      	1.7493578      	1.7406957      	1.7466257      	1.7512964      	1.7461458      	1.7615929      	1.757423       	1.7548178      	1.7544533      	1.7484044      	1.7636381      	1.7500496      	1.7442302      	1.7672338      	1.7469627      	1.7501582      	1.7574351      	1.7392044      	1.6938602      	1.7411041      	1.6301061      	1.4717923      	1.6320416      	1.7424177      	1.7456471      	1.7462125      	1.7537997      	1.7532574      	1.7266064      	1.7595197      	1.7445443      	1.7432463      	1.7518754      	1.737516       	1.7470268      	1.7381275      	1.7285091      	1.7346678      	1.7521341      	1.7484312      	1.743781       	1.7457892      	1.7456807      	1.6631516      	1.7604781      	1.6678578      	1.8021222      	1.7956864      	1.7998794      	1.7868534      	1.7550348      	1.7533438      	1.7486738      	1.7547199      	1.7540318      	1.7410759      	
1.7461277      	1.4035232      	1.4424902      	1.7483066      	1.7506251      	1.734809       	1.7528484      	1.7565162      	1.7435315      	1.752069       	1.753246       	1.7514441      	1.7374314      	1.7587509      	1.7511554      	1.7411423      	1.7486324      	1.737903       	1.7509927      	1.7526854      	1.749613       	1.7444694      	1.7324995      	1.7385919      	1.8284825      	1.6475476      	1.7936858      	1.7855965      	1.799971       	1.7683525      	1.7614515      	1.7428033      	1.7313975      	1.7596025      	1.7502927      	1.7458163      	1.7474899      	1.7445226      	1.7608021      	1.7501048      	1.7370019      	1.7455838      	1.7574941      	1.748534       	1.7434129      	1.7639822      	1.7464457      	1.7497147      	1.746947       	1.7493236      	1.7541505      	1.7468255      	1.7516044      	1.7508286      	1.7458059      	1.7615677      	1.7514266      	1.7594571      	1.7381165      	1.768335       	1.7555149      	1.7469276      	1.7434498      	1.7121903      	1.7286314      	1.4369783      	1.104752       	1.7504306      	1.7413112      	1.74685        	1.7499279      	1.738852       	1.7458366      	1.7407545      	1.7479247      	1.75168        	1.7469188      	1.7625784      	1.744053       	1.7549222      	1.7647544      	1.7323754      	1.759068       	1.7412581      	1.7444972      	1.7530313      	1.7314644      	1.7289263      	1.539408       	1.7999555      	1.5458897      	1.7907655      	1.7829273      	1.79332        	1.7596582      	1.7295713      	1.7466571      	1.7302743      	1.7164856      	1.7127396      	
1.7111356      	1.6254166      	1.5478181      	1.4758124      	1.7532712      	1.7522659      	1.7525336      	1.739187       	1.7572929      	1.7388567      	1.7479815      	1.745798       	1.74236        	1.7513703      	1.7468078      	1.752863       	1.7485119      	1.755277       	1.7387283      	1.7541696      	1.7386705      	1.7395719      	1.7353154      	1.7361103      	1.6309018      	1.800076       	1.4319472      	1.8021098      	1.7838967      	1.7913789      	1.7768211      	1.7548625      	1.7437389      	1.7386361      	1.743944       	1.7627275      	1.7390523      	1.7501872      	1.7528471      	1.750508       	1.7580354      	1.7512888      	1.7487123      	1.7647682      	1.7508557      	1.7571373      	1.7554488      	1.7438244      	1.7570283      	1.7467153      	1.7496932      	1.7542899      	1.7603037      	1.7503566      	1.754077       	1.7678413      	1.7504829      	1.748541       	1.7498747      	1.7603937      	1.7554276      	1.755029       	1.7205845      	1.732892       	1.7240264      	1.705651       	1.5351233      	1.3365464      	1.7472643      	1.7469432      	1.7497709      	1.7577529      	1.7414246      	1.7400362      	1.7588004      	1.7480037      	1.75995        	1.7380072      	1.7584493      	1.7514412      	1.7426317      	1.7572554      	1.7493757      	1.7447658      	1.7539504      	1.7392603      	1.7601438      	1.7327765      	1.7251621      	1.8310205      	1.710893       	1.6915681      	1.5408207      	1.8062117      	1.7465509      	1.7314786      	1.7376655      	1.6796039      	1.6705382      	1.6753757      	
1.7296013      	1.7175971      	1.463521       	1.1664037      	1.7479464      	1.7277473      	1.7640662      	1.7460997      	1.7399281      	1.7472299      	1.7494948      	1.7518176      	1.7360945      	1.7352257      	1.7602874      	1.7480421      	1.7395955      	1.7496086      	1.7575626      	1.7386737      	1.7489636      	1.7421751      	1.746581       	1.7363057      	1.7007437      	1.4683194      	1.7533698      	1.6391103      	1.7800184      	1.7956078      	1.7855041      	1.7592845      	1.7520435      	1.7617579      	1.7614802      	1.7409976      	1.7492436      	1.7553737      	1.7506368      	1.7587693      	1.7461928      	1.7491653      	1.745651       	1.7456558      	1.7491628      	1.7401565      	1.7531698      	1.7522522      	1.7529216      	1.753984       	1.7587645      	1.7512574      	1.7584268      	1.758666       	1.7551466      	1.7635696      	1.7534857      	1.7518803      	1.7635069      	1.7506878      	1.751542       	1.7542869      	1.769331       	1.7130574      	1.6869998      	1.7342755      	1.578696       	1.3568027      	1.7488222      	1.7566621      	1.7412742      	1.750001       	1.746296       	1.7296647      	1.7491709      	1.7449889      	1.7494999      	1.7524004      	1.7460622      	1.7417248      	1.7524772      	1.7338778      	1.7409296      	1.7524558      	1.7355909      	1.7376508      	1.7440984      	1.7400689      	1.747882       	1.7473438      	1.7163371      	1.5371588      	1.632332       	1.7475215      	1.7278323      	1.6413612      	1.6680577      	1.6412272      	1.6625419      	1.7120348      	
1.7432802      	1.7342445      	1.6734309      	1.5063833      	1.4781376      	1.7439132      	1.7550365      	1.7373445      	1.7509696      	1.7306484      	1.74063        	1.7536772      	1.73809        	1.7451706      	1.7622509      	1.7368009      	1.7529378      	1.7469015      	1.746363       	1.7534218      	1.741162       	1.751012       	1.740268       	1.7378609      	1.7248628      	1.7379546      	1.7492015      	1.6522793      	1.8070732      	1.7875737      	1.7791383      	1.7762383      	1.7433249      	1.7598424      	1.7473733      	1.7458521      	1.7706047      	1.7387437      	1.7419969      	1.7691456      	1.7483884      	1.7627538      	1.7496052      	1.7361296      	1.765922       	1.7465074      	1.7517308      	1.7530898      	1.7434554      	1.764354       	1.758371       	1.743471       	1.7684852      	1.7393064      	1.7506889      	1.7578474      	1.7441896      	1.7506113      	1.7473652      	1.7536305      	1.7479491      	1.7397803      	1.7540554      	1.7341814      	1.7074866      	1.7357728      	1.708457       	1.5729433      	1.160439       	1.7518197      	1.7505398      	1.7496674      	1.7457006      	1.7468075      	1.7487617      	1.7499799      	1.7435625      	1.7507405      	1.7502187      	1.7496368      	1.7457588      	1.7293292      	1.765018       	1.74524        	1.7436597      	1.7543423      	1.7449563      	1.7496823      	1.7457669      	1.7503535      	1.75619        	1.7421589      	1.7458042      	1.7440397      	1.7461066      	1.7397752      	1.7559159      	1.7409552      	1.7588838      	1.7477621      	
1.7413373      	1.7188218      	1.7202924      	1.4965099      	1.1717539      	1.7350436      	1.7395403      	1.7495061      	1.742484       	1.7399179      	1.7506428      	1.7427098      	1.7447174      	1.7513411      	1.7575395      	1.7501966      	1.7515159      	1.7400434      	1.7535834      	1.742175       	1.7255404      	1.7458649      	1.7481451      	1.738633       	1.7370229      	1.711435       	1.6700618      	1.7982025      	1.6510122      	1.8032492      	1.7886974      	1.7867255      	1.7478688      	1.7571445      	1.7470036      	1.7189366      	1.7543718      	1.763757       	1.7418736      	1.7561073      	1.7468156      	1.7590032      	1.7433819      	1.7392081      	1.7584124      	1.7569993      	1.7498127      	1.7503129      	1.751656       	1.7574246      	1.7386024      	1.7492754      	1.764953       	1.7457062      	1.7561649      	1.7574486      	1.7485956      	1.7541816      	1.7592921      	1.7476147      	1.75391        	1.7508417      	1.7518185      	1.733961       	1.6823908      	1.7113464      	1.738948       	1.6531948      	1.3690257      	1.730597       	1.7483492      	1.7523168      	1.726472       	1.7528986      	1.7564993      	1.7402302      	1.7530243      	1.7532789      	1.7504553      	1.7561498      	1.7331904      	1.7526693      	1.7373435      	1.7451826      	1.7583052      	1.7521439      	1.7407814      	1.7505151      	1.75293        	1.7513006      	1.740103       	1.7474277      	1.755325       	1.7443249      	1.7503014      	1.7555991      	1.7452749      	1.7438949      	1.7517935      	1.7650559      	
1.749191       	1.7115865      	1.7297988      	1.6404364      	1.5695435      	1.2293335      	1.7341594      	1.7547698      	1.7514483      	1.7363919      	1.7474544      	1.7607837      	1.7348878      	1.7376605      	1.7415655      	1.7546879      	1.7588581      	1.7342571      	1.7590761      	1.7574285      	1.7294532      	1.7570918      	1.727422       	1.75771        	1.7441185      	1.7081847      	1.7580822      	1.8543772      	1.6534084      	1.8017981      	1.7960805      	1.7958391      	1.7757334      	1.7511106      	1.7687975      	1.7552202      	1.7418861      	1.7756289      	1.7535342      	1.7410779      	1.7506691      	1.758184       	1.7556372      	1.7497855      	1.753347       	1.7657998      	1.7441118      	1.7586794      	1.7577913      	1.7543191      	1.7434453      	1.7579046      	1.7609946      	1.7505177      	1.7365688      	1.767471       	1.7224532      	1.7384449      	1.722001       	1.7251819      	1.7368939      	1.7412872      	1.7514665      	1.7376839      	1.7175229      	1.7439026      	1.7229161      	1.6558074      	1.3809671      	1.7530234      	1.7507335      	1.727913       	1.7451848      	1.7604585      	1.7322944      	1.7467487      	1.7435802      	1.7556833      	1.7416183      	1.7560364      	1.766171       	1.7375363      	1.7497551      	1.748815       	1.7535675      	1.7462904      	1.740502       	1.765136       	1.7498301      	1.7391219      	1.7602949      	1.7493209      	1.7426778      	1.7625039      	1.7502882      	1.7503271      	1.7470713      	1.7442123      	1.7580798      	1.7546327      	
1.7583581      	1.7350116      	1.692455       	1.7007095      	1.4415054      	1.1236209      	1.7428381      	1.7569153      	1.7483668      	1.7504408      	1.7345283      	1.7547706      	1.753358       	1.7406002      	1.7527453      	1.7474142      	1.742992       	1.7510277      	1.753787       	1.7514797      	1.7517139      	1.7449849      	1.7458842      	1.7476703      	1.7392297      	1.740135       	1.7261181      	1.6508107      	1.7117264      	1.5534941      	1.789187       	1.7870423      	1.7868934      	1.7659019      	1.758161       	1.7467545      	1.7556409      	1.7657574      	1.7459146      	1.7402258      	1.758689       	1.7537886      	1.7518668      	1.7409452      	1.7605853      	1.7410537      	1.7566643      	1.7407969      	1.7422893      	1.7357513      	1.7187613      	1.7370842      	1.7462587      	1.7633499      	1.7286214      	1.7267802      	1.7382592      	1.7271069      	1.7079362      	1.7407738      	1.6994897      	1.7509844      	1.7428142      	1.7276818      	1.6959513      	1.6742644      	1.7140268      	1.7485585      	1.7428625      	1.7599981      	1.7295202      	1.7413989      	1.7519004      	1.7420746      	1.7469352      	1.7544775      	1.7534572      	1.7517021      	1.7481935      	1.7536788      	1.7581391      	1.7402261      	1.7458187      	1.7568251      	1.756357       	1.7485846      	1.7443256      	1.7514833      	1.755955       	1.7455375      	1.7635927      	1.7543933      	1.7588004      	1.7492284      	1.7526029      	1.7478263      	1.7551517      	1.7447566      	1.7504628      	1.7590815      	
1.7424349      	1.7525942      	1.7179813      	1.72479        	1.6794345      	1.4814639      	1.4084743      	1.7367725      	1.7452768      	1.7572883      	1.7519295      	1.7440352      	1.7320782      	1.7650148      	1.7399385      	1.7270187      	1.7645917      	1.7711511      	1.7446947      	1.7351887      	1.7523488      	1.7477059      	1.7631457      	1.740993       	1.7609999      	1.741774       	1.7410458      	1.7217662      	1.6863964      	1.7340677      	1.7975208      	1.7975533      	1.8017995      	1.7906059      	1.7564658      	1.7499977      	1.7633823      	1.7385226      	1.7621893      	1.7395742      	1.7685944      	1.745929       	1.7374355      	1.7477176      	1.7301086      	1.7283906      	1.7372265      	1.7377356      	1.7234203      	1.7382088      	1.7320138      	1.734639       	1.7178859      	1.731779       	1.7379401      	1.7310288      	1.7237793      	1.680616       	1.6701428      	1.7502959      	1.7443655      	1.7575196      	1.7396888      	1.7390394      	1.7472048      	1.7351669      	1.7403531      	1.7592413      	1.7530158      	1.749431       	1.7507845      	1.756605       	1.7485572      	1.7504151      	1.7424945      	1.7590815      	1.7545708      	1.7351284      	1.7391341      	1.7704601      	1.7359098      	1.7462102      	1.7659827      	1.747709       	1.7560942      	1.7468555      	1.7483287      	1.7561435      	1.7279963      	1.7556896      	1.7539515      	1.7430192      	1.7495856      	1.747492       	1.7541507      	1.7542852      	1.7634585      	1.7659061      	1.7537822      	1.7535858      	
1.7576951      	1.7567482      	1.7331705      	1.710984       	1.7151338      	1.5791273      	1.3517001      	1.7525022      	1.7440565      	1.7421888      	1.7544788      	1.7455934      	1.7590884      	1.7462208      	1.7525362      	1.7608391      	1.7300978      	1.7496012      	1.7534078      	1.7509865      	1.7617712      	1.741944       	1.7598212      	1.756214       	1.7292529      	1.7425945      	1.7551185      	1.718049       	1.7218529      	1.8242773      	1.5889802      	1.7898581      	1.757931       	1.8018601      	1.7595946      	1.7374228      	1.7077129      	1.7540221      	1.744886       	1.7284064      	1.7594271      	1.735443       	1.7236037      	1.7490107      	1.741037       	1.7096354      	1.7307407      	1.7381971      	1.6965742      	1.7351613      	1.7087175      	1.74724        	1.748016       	1.7394321      	1.7615882      	1.7562246      	1.7365472      	1.7560369      	1.7606432      	1.7540293      	1.745325       	1.7484485      	1.7365625      	1.7520665      	1.7602572      	1.7522686      	1.7431011      	1.742863       	1.7532256      	1.7597541      	1.7511929      	1.7438315      	1.7388725      	1.7602125      	1.7592497      	1.7444861      	1.729438       	1.7589016      	1.7431638      	1.74188        	1.7591032      	1.7465398      	1.7517738      	1.7571945      	1.7428626      	1.7611084      	1.7468734      	1.7658309      	1.7528331      	1.7312335      	1.7671784      	1.7480551      	1.7476737      	1.7568523      	1.7369372      	1.7376757      	1.7466042      	1.7682914      	1.7946057      	1.7678181      	
1.7356577      	1.7675651      	1.7373817      	1.7119377      	1.7096629      	1.7288662      	1.4712515      	1.1956651      	1.7584423      	1.7458533      	1.7471457      	1.7530386      	1.7429392      	1.7616835      	1.7561289      	1.739654       	1.7595288      	1.7430474      	1.7322232      	1.7520382      	1.7489399      	1.7611443      	1.7598975      	1.7401788      	1.7436608      	1.7620088      	1.7261268      	1.734874       	1.733845       	1.7080121      	1.7230736      	1.6994746      	1.4795016      	1.7928809      	1.7710794      	1.7289201      	1.6882759      	1.717875       	1.7210938      	1.7293347      	1.7111609      	1.7321472      	1.7179022      	1.7278929      	1.7513499      	1.7363051      	1.7542939      	1.7401174      	1.7630883      	1.7520292      	1.7448866      	1.7406098      	1.744817       	1.7536293      	1.7427539      	1.7535524      	1.7574891      	1.7564088      	1.7503158      	1.7578489      	1.7568032      	1.7288396      	1.7477933      	1.7593143      	1.7586304      	1.7495388      	1.7407793      	1.7542435      	1.751937       	1.7368805      	1.7521131      	1.7543027      	1.751461       	1.7525965      	1.7490757      	1.7645599      	1.7484115      	1.7507545      	1.7506976      	1.742978       	1.7487739      	1.7394408      	1.7709676      	1.7536774      	1.7552099      	1.7542655      	1.7524467      	1.7694199      	1.7541771      	1.7330451      	1.7620789      	1.7556767      	1.7572608      	1.7711192      	1.7398313      	1.7336339      	1.7441298      	1.7802446      	1.7815067      	1.7656966      	
1.7510892      	1.75177        	1.7504989      	1.7447236      	1.7035615      	1.7129222      	1.6013732      	1.3311516      	1.7494662      	1.761085       	1.7357128      	1.7567042      	1.7627658      	1.7440505      	1.7616568      	1.7549033      	1.7534183      	1.7497536      	1.7539974      	1.7560148      	1.7436571      	1.7315823      	1.7598898      	1.7484218      	1.7452692      	1.735388       	1.7555208      	1.746445       	1.7526561      	1.740268       	1.7332054      	1.6944679      	1.6112636      	1.7384328      	1.7512598      	1.7154821      	1.7664722      	1.7484524      	1.7358642      	1.7444052      	1.7712859      	1.7597135      	1.749413       	1.7461975      	1.7475908      	1.7558995      	1.7398033      	1.7500606      	1.7635989      	1.7402177      	1.746335       	1.752445       	1.7576901      	1.7531555      	1.7454213      	1.7502377      	1.7613983      	1.7549754      	1.7418993      	1.7617143      	1.7643188      	1.7399793      	1.7513176      	1.7590988      	1.7544717      	1.7559568      	1.7647598      	1.7537098      	1.7478715      	1.7556374      	1.7492231      	1.7657981      	1.7497758      	1.7588475      	1.7542436      	1.7465556      	1.7638675      	1.7394868      	1.7491435      	1.7677193      	1.7378643      	1.7443682      	1.7601393      	1.7523463      	1.7571937      	1.7620809      	1.7535502      	1.7578545      	1.7620858      	1.7312418      	1.7542714      	1.7537701      	1.74476        	1.7549838      	1.7628143      	1.7520164      	1.7555509      	1.7643214      	1.7733433      	1.7623461      	
1.7462077      	1.7628092      	1.7657895      	1.7421322      	1.7242569      	1.7065675      	1.7159426      	1.554347       	1.1733907      	1.7566211      	1.7508124      	1.7336571      	1.7751194      	1.7417028      	1.7477027      	1.7595496      	1.7518612      	1.7439865      	1.7613099      	1.7517611      	1.7526615      	1.7511168      	1.743251       	1.7600919      	1.7453295      	1.743665       	1.7653946      	1.7457641      	1.7563322      	1.7409925      	1.756073       	1.7648846      	1.7443748      	1.7588727      	1.755619       	1.7452611      	1.756776       	1.7421012      	1.7568035      	1.7581974      	1.7505373      	1.747667       	1.7689575      	1.7421315      	1.7524359      	1.7571757      	1.7339628      	1.7472266      	1.7531766      	1.7293535      	1.7632529      	1.7618405      	1.7591928      	1.7542018      	1.7491895      	1.7503182      	1.7508402      	1.753394       	1.7445122      	1.7613461      	1.7526304      	1.7496682      	1.7594544      	1.7533592      	1.7572392      	1.7470529      	1.7640756      	1.7487501      	1.7316067      	1.763136       	1.7487286      	1.7473147      	1.7473491      	1.7448373      	1.7623887      	1.745916       	1.7426963      	1.761233       	1.7459679      	1.7581662      	1.7667154      	1.7500107      	1.7408856      	1.7555258      	1.7487345      	1.7605641      	1.7506062      	1.7659419      	1.7541926      	1.7325139      	1.7675247      	1.7647109      	1.7487144      	1.7556095      	1.7455548      	1.7481059      	1.7427832      	1.7390693      	1.7819164      	1.7411643      	
1.7662773      	1.7512475      	1.7449887      	1.7545211      	1.6675351      	1.6594032      	1.7444046      	1.6647595      	1.3849298      	1.7527345      	1.7473795      	1.7686806      	1.7421854      	1.7472026      	1.7518126      	1.7600901      	1.7593541      	1.7529736      	1.7380319      	1.760082       	1.746067       	1.7410077      	1.7612062      	1.7510523      	1.7554718      	1.7447672      	1.7563559      	1.7451973      	1.7484946      	1.7529414      	1.7546456      	1.7450426      	1.7623854      	1.7456731      	1.7522084      	1.7631085      	1.7473094      	1.7484142      	1.7548413      	1.742217       	1.7564483      	1.7515267      	1.739542       	1.773758       	1.745884       	1.7444763      	1.7450663      	1.7491875      	1.766231       	1.7451441      	1.7541704      	1.7460576      	1.7561084      	1.7682413      	1.7427214      	1.7527215      	1.753475       	1.7601957      	1.7558012      	1.7377764      	1.7523298      	1.7546813      	1.746593       	1.7366782      	1.7678888      	1.754428       	1.7423362      	1.744957       	1.7616153      	1.7509816      	1.7256526      	1.7535568      	1.7647955      	1.7501131      	1.7462149      	1.7621437      	1.7492529      	1.750011       	1.7540028      	1.7606813      	1.7532628      	1.7467217      	1.744283       	1.7599939      	1.7516602      	1.7464491      	1.7635854      	1.7641233      	1.7316911      	1.738043       	1.7579174      	1.7638324      	1.7540499      	1.7351247      	1.7390368      	1.7441038      	1.7359482      	1.7220163      	1.7271281      	1.6302748      	
1.7572631      	1.725895       	1.7435396      	1.7466006      	1.7494521      	1.7287592      	1.6735268      	1.7158456      	1.6033366      	1.1803147      	1.7496412      	1.7504785      	1.752588       	1.7437359      	1.7528273      	1.7569007      	1.742932       	1.7587054      	1.7655628      	1.7521983      	1.744246       	1.7465627      	1.764644       	1.759404       	1.7483426      	1.755257       	1.7572778      	1.7569152      	1.7545482      	1.7610612      	1.756356       	1.7400913      	1.7632067      	1.7495364      	1.7531426      	1.7732055      	1.7537166      	1.7432859      	1.7634958      	1.7542741      	1.7558659      	1.7366767      	1.7546909      	1.7590163      	1.752373       	1.7539599      	1.7522306      	1.7573072      	1.7509903      	1.750099       	1.765693       	1.761734       	1.7443032      	1.739481       	1.7687627      	1.7462405      	1.7453327      	1.7544742      	1.7635722      	1.7393081      	1.7630994      	1.7447925      	1.754801       	1.7604324      	1.7464895      	1.7547085      	1.7479869      	1.7475499      	1.7681491      	1.753498       	1.7446685      	1.762335       	1.7468446      	1.7375052      	1.7494543      	1.7598642      	1.7570645      	1.7464355      	1.752287       	1.772782       	1.7623943      	1.7341318      	1.765477       	1.7584089      	1.7456374      	1.7584406      	1.7628312      	1.7598256      	1.7414703      	1.7520696      	1.7617443      	1.7577096      	1.7433596      	1.7473655      	1.7516625      	1.7584763      	1.7403791      	1.7681535      	1.8821917      	2.006784       	
1.6655468      	1.7365712      	1.7176778      	1.7301953      	1.7334433      	1.6727833      	1.7570604      	1.7416362      	1.7568417      	1.7588744      	1.7487215      	1.7643465      	1.7483654      	1.7657142      	1.7625611      	1.7344943      	1.7501639      	1.7609996      	1.7557323      	1.7480333      	1.7501713      	1.7526127      	1.7569846      	1.7703965      	1.748952       	1.7595388      	1.7503185      	1.753566       	1.7644869      	1.7512765      	1.7615652      	1.7550901      	1.7645587      	1.753801       	1.7521816      	1.7537704      	1.762452       	1.7527         	1.750946       	1.7403373      	1.7613325      	1.7421633      	1.7542968      	1.7562906      	1.7635648      	1.754411       	1.7546409      	1.7549485      	1.7597955      	1.7379187      	1.753679       	1.7724024      	1.7652959      	1.7605579      	1.7461885      	1.7429657      	1.7525836      	1.7502921      	1.7527928      	1.7594327      	1.7452387      	1.7451959      	1.7693311      	1.7575237      	1.7601832      	1.748679       	1.754333       	1.7526051      	1.7461278      	1.7437404      	1.7504203      	1.7483394      	1.7560916      	1.7462449      	1.7478695      	1.757762       	1.7403393      	1.7598526      	1.7645277      	1.745173       	1.7509594      	1.7430536      	1.7685751      	1.7508843      	1.7544644      	1.7701049      	1.7550849      	1.7552909      	1.7495754      	1.7428153      	1.7603842      	1.7564255      	1.7561184      	1.7497004      	1.7494541      	1.7315127      	1.7757603      	2.0073712      	1.967102       	1.8821614      	
1.751607       	1.7454326      	1.7667255      	1.7644708      	1.738302       	1.7447281      	1.754142       	1.7432036      	1.7514294      	1.7529016      	1.766874       	1.7628514      	1.7516485      	1.7476243      	1.762193       	1.7612637      	1.7654096      	1.7460511      	1.756552       	1.7593304      	1.7659931      	1.7545153      	1.7594804      	1.760467       	1.7508538      	1.7544643      	1.7628403      	1.7605153      	1.7549926      	1.7617584      	1.7699101      	1.7455366      	1.7516681      	1.7632712      	1.754246       	1.7612333      	1.7557645      	1.772617       	1.7654384      	1.7502439      	1.7547679      	1.7647768      	1.7495103      	1.75389        	1.757372       	1.7581468      	1.7583873      	1.7500513      	1.7605302      	1.7495714      	1.7601618      	1.7522037      	1.7549624      	1.7448728      	1.7579892      	1.7554321      	1.7576334      	1.748706       	1.768801       	1.7620864      	1.7537012      	1.7502571      	1.7535646      	1.7582331      	1.7569405      	1.7717048      	1.7636788      	1.7500055      	1.7402482      	1.758605       	1.7525576      	1.7481754      	1.7492576      	1.7378978      	1.7685171      	1.7592663      	1.7459656      	1.7622503      	1.7552269      	1.7459403      	1.7664542      	1.7559712      	1.7585341      	1.756133       	1.7373799      	1.7652733      	1.7729995      	1.7554348      	1.7662375      	1.749309       	1.7630767      	1.7539725      	1.7317846      	1.763206       	1.7482929      	1.7388014      	1.7723488      	1.9712439      	1.9886203      	1.9082302      	
1.73379        	1.7636342      	1.7562692      	1.7608187      	1.7490193      	1.7417501      	1.7732488      	1.7510717      	1.7417716      	1.7721448      	1.7507657      	1.7454971      	1.7527527      	1.7568789      	1.7587268      	1.75914        	1.743068       	1.7655828      	1.7628896      	1.7522041      	1.7588718      	1.7605646      	1.7668692      	1.757513       	1.7497983      	1.7602003      	1.7478945      	1.7517967      	1.7602769      	1.757241       	1.7607605      	1.7469374      	1.7619331      	1.764575       	1.7465588      	1.7497996      	1.7588896      	1.7623203      	1.7431813      	1.7648762      	1.7611395      	1.7533913      	1.7626245      	1.7517958      	1.7623124      	1.7576253      	1.748283       	1.7671124      	1.7534133      	1.7469895      	1.7637651      	1.7410953      	1.7525232      	1.7624469      	1.7312407      	1.7359111      	1.7614349      	1.6733705      	1.7821804      	1.7116499      	1.6847091      	1.6716894      	1.4694141      	1.7552372      	1.7612891      	1.7523896      	1.7521454      	1.4801674      	1.618723       	1.7276645      	1.7486337      	1.6346552      	1.3555986      	1.7610068      	1.7570058      	1.7615234      	1.7600623      	1.7571054      	1.7675974      	1.7634422      	1.7550511      	1.7549328      	1.7599881      	1.7581896      	1.7675825      	1.753358       	1.7557095      	1.7611107      	1.7526215      	1.7433866      	1.765111       	1.7562184      	1.7631271      	1.7607912      	1.7505558      	1.722965       	1.7315117      	1.7862695      	1.6937742      	1.6910546      	
1.7509369      	1.758262       	1.743547       	1.7614337      	1.7420388      	1.7549568      	1.7687616      	1.7386717      	1.7561342      	1.7601213      	1.752799       	1.7523696      	1.7514086      	1.7574648      	1.7617911      	1.7564255      	1.745024       	1.7641357      	1.760533       	1.7560467      	1.7613055      	1.753708       	1.7641114      	1.7460715      	1.7653021      	1.7584594      	1.7443988      	1.7578453      	1.7467793      	1.756299       	1.7631712      	1.7404944      	1.7518855      	1.762313       	1.7405823      	1.754534       	1.7566475      	1.7560637      	1.765537       	1.7395715      	1.7709368      	1.7556657      	1.7522936      	1.7622178      	1.7475783      	1.7517252      	1.7354667      	1.7621069      	1.7637806      	1.7498997      	1.7525367      	1.7508577      	1.7429016      	1.739643       	1.7457759      	1.7397585      	1.7594751      	1.75264        	1.7696469      	1.7259682      	1.6556938      	1.6409435      	1.7385175      	1.7515005      	1.6994634      	1.6925173      	1.7094301      	1.6925179      	1.6897575      	1.5324309      	1.7896826      	1.721482       	1.7013822      	1.7124628      	1.6989423      	1.1073701      	1.754981       	1.7569672      	1.7557704      	1.7470648      	1.7677592      	1.7589726      	1.7548522      	1.7604046      	1.755935       	1.7582359      	1.7655294      	1.750726       	1.7632127      	1.7568526      	1.7542921      	1.7579098      	1.7450898      	1.755561       	1.7639083      	1.7406651      	1.7820731      	1.7859224      	1.8040246      	1.697113       	
1.7514284      	1.7596462      	1.758124       	1.7426788      	1.7645601      	1.7559271      	1.7516233      	1.7567303      	1.7622415      	1.7491816      	1.7466807      	1.7566404      	1.7610223      	1.7594274      	1.7390103      	1.7553978      	1.7658987      	1.7407018      	1.7422781      	1.7546248      	1.758401       	1.7651469      	1.7478375      	1.7666171      	1.7548436      	1.7500077      	1.7578305      	1.7592859      	1.744733       	1.7398584      	1.7544194      	1.7474197      	1.754476       	1.7493763      	1.7555634      	1.7667897      	1.757418       	1.7505841      	1.7652882      	1.7614769      	1.7470427      	1.7469096      	1.751883       	1.7617581      	1.7581891      	1.7390043      	1.752095       	1.7480991      	1.7480451      	1.7561489      	1.7355531      	1.6243656      	1.7348437      	1.7182981      	1.7204355      	1.7204477      	1.7162614      	1.6961626      	1.6961337      	1.7095284      	1.7051373      	1.6983135      	1.7380822      	1.7413232      	1.7834678      	1.7903619      	1.7814752      	1.749062       	1.7646319      	1.7730379      	1.762247       	1.7563596      	1.7258062      	1.7165498      	1.6906145      	1.5701326      	1.2045325      	1.7619355      	1.7445681      	1.7642969      	1.7524885      	1.7613131      	1.7512194      	1.748135       	1.7663838      	1.755047       	1.7598644      	1.7571168      	1.7537718      	1.755341       	1.7521578      	1.7582871      	1.7476428      	1.7432667      	1.757786       	1.764042       	1.7437607      	1.7417157      	1.8482136      	1.7956417      	
1.7580392      	1.7553219      	1.7489632      	1.7650716      	1.7480518      	1.7597617      	1.7747214      	1.748005       	1.7520789      	1.7413583      	1.7507004      	1.7646654      	1.7311957      	1.7532848      	1.7561468      	1.7643032      	1.7513201      	1.7576852      	1.7581604      	1.7474389      	1.7539066      	1.7608656      	1.7470684      	1.7585813      	1.7633765      	1.7510682      	1.7639222      	1.7581973      	1.7483711      	1.76355        	1.7537524      	1.7570518      	1.7603062      	1.7538205      	1.7450483      	1.7620953      	1.7481593      	1.7557111      	1.7540427      	1.7751201      	1.7655952      	1.7458962      	1.7309682      	1.6780195      	1.7281524      	1.7196776      	1.6854565      	1.7510374      	1.7166241      	1.7050855      	1.7083356      	1.7130144      	1.711883       	1.705135       	1.6442224      	1.7737913      	1.7594377      	1.774515       	1.7890618      	1.7510961      	1.7646859      	1.7617257      	1.7636036      	1.7574311      	1.7476268      	1.7743518      	1.7620897      	1.7608292      	1.760483       	1.7712449      	1.7616594      	1.7668815      	1.7631841      	1.7292691      	1.7134088      	1.7298207      	1.4334548      	1.3950717      	1.7582403      	1.7669868      	1.7416109      	1.7503227      	1.7638172      	1.7549547      	1.7445759      	1.7588348      	1.7652137      	1.7573534      	1.7441573      	1.7750517      	1.7635676      	1.7502781      	1.7379011      	1.7674032      	1.7596784      	1.7709097      	1.745617       	1.7898864      	1.8191817      	1.81597        	
1.7436587      	1.7531455      	1.7470875      	1.7584761      	1.7685655      	1.7423375      	1.7610534      	1.7645609      	1.7623891      	1.751569       	1.7572359      	1.7591369      	1.7510777      	1.7587731      	1.7569481      	1.7545801      	1.758471       	1.751638       	1.7546934      	1.7573904      	1.7491803      	1.7578503      	1.7441345      	1.7526246      	1.7613537      	1.743657       	1.7469264      	1.7607894      	1.7535533      	1.7526488      	1.7546006      	1.75684        	1.7562352      	1.753251       	1.7537252      	1.7621326      	1.7635244      	1.7590953      	1.7462777      	1.75709        	1.7307155      	1.6718509      	1.7023836      	1.7137191      	1.7006303      	1.7141396      	1.7045853      	1.7776014      	1.7341484      	1.8026004      	1.7886539      	1.7681487      	1.7688493      	1.7642189      	1.7534157      	1.7681025      	1.7569685      	1.7672479      	1.7589649      	1.7518487      	1.7625225      	1.7627684      	1.7663897      	1.7600157      	1.7617569      	1.7625244      	1.7595627      	1.7609909      	1.7562083      	1.7686799      	1.7621721      	1.7627834      	1.7664585      	1.7509238      	1.6973792      	1.7264895      	1.6834221      	1.4906492      	1.6554656      	1.7600175      	1.7644446      	1.7527562      	1.7586285      	1.7576997      	1.753197       	1.7598823      	1.7500515      	1.7560796      	1.7522929      	1.7611052      	1.7576193      	1.7524312      	1.7522868      	1.7503115      	1.7448517      	1.7591802      	1.7558719      	1.7577429      	1.7339369      	1.8092557      	
1.7558961      	1.7347648      	1.7490333      	1.769172       	1.7535795      	1.7484012      	1.7566898      	1.7566799      	1.7410864      	1.741948       	1.7482266      	1.75028        	1.7585952      	1.7545253      	1.7496524      	1.7566787      	1.7539005      	1.7591095      	1.7589353      	1.739635       	1.7604158      	1.7518036      	1.7492073      	1.7501514      	1.7717307      	1.7535014      	1.7549851      	1.7599447      	1.7583635      	1.7566934      	1.7464591      	1.7622496      	1.7533463      	1.7610023      	1.7512096      	1.7520115      	1.7474595      	1.7349449      	1.719413       	1.785577       	1.7158967      	1.8075193      	1.7610681      	1.7794663      	1.7540578      	1.753146       	1.7743869      	1.7550825      	1.7579536      	1.7520872      	1.7450687      	1.7720902      	1.752635       	1.7545309      	1.7642612      	1.7592918      	1.76082        	1.7562441      	1.7618538      	1.7622373      	1.755222       	1.7431291      	1.7742757      	1.7449077      	1.7451111      	1.7594354      	1.7598269      	1.748467       	1.7510478      	1.7555997      	1.7694038      	1.7581439      	1.7470921      	1.749951       	1.738733       	1.7148533      	1.7284689      	1.5181017      	1.1176698      	1.7585479      	1.7565494      	1.7507311      	1.757443       	1.7635882      	1.7656859      	1.740732       	1.740339       	1.7686543      	1.7501223      	1.7518892      	1.7601677      	1.7580547      	1.7619988      	1.750342       	1.751376       	1.7591026      	1.757448       	1.7283475      	1.7859234      	1.840662       	
1.7449745      	1.7581133      	1.7541686      	1.7518537      	1.7525705      	1.7673042      	1.7545272      	1.7520778      	1.7479266      	1.7321218      	1.7493225      	1.7493416      	1.7512432      	1.7508286      	1.7573119      	1.7575352      	1.7584063      	1.7440956      	1.7543026      	1.7603014      	1.7499604      	1.7543303      	1.759052       	1.7543879      	1.7562363      	1.7569143      	1.7601146      	1.7551267      	1.7504958      	1.754567       	1.76581        	1.7475667      	1.7537658      	1.7461642      	1.7580032      	1.7443737      	1.7288231      	1.4463831      	1.8189611      	2.0248275      	1.9306986      	1.7101479      	1.5274878      	1.440431       	1.7576722      	1.7595367      	1.7536548      	1.7513309      	1.761688       	1.7547948      	1.7629536      	1.7540978      	1.7519352      	1.769255       	1.7544421      	1.7542292      	1.7637544      	1.7453864      	1.7572515      	1.7661216      	1.762759       	1.7496146      	1.7584203      	1.7607332      	1.7606056      	1.7568613      	1.7695462      	1.7541343      	1.7571929      	1.7592841      	1.7511226      	1.7672493      	1.7649639      	1.7612925      	1.7619944      	1.7166489      	1.7164356      	1.7149175      	1.4979459      	1.4347922      	1.7568033      	1.7437106      	1.757608       	1.759498       	1.7591827      	1.7563218      	1.7544518      	1.7522484      	1.7562304      	1.7578777      	1.7459732      	1.7660314      	1.7509223      	1.74004        	1.7493458      	1.7507772      	1.751198       	1.7271281      	1.7324284      	1.7126032      	
1.7502897      	1.7478386      	1.7474303      	1.7467996      	1.7691325      	1.7312709      	1.7453073      	1.7506856      	1.7580009      	1.7638028      	1.7484684      	1.7595811      	1.7496659      	1.7442443      	1.7530904      	1.7592055      	1.7471086      	1.7475462      	1.7619344      	1.7524006      	1.7499446      	1.7508023      	1.7472056      	1.7527198      	1.7666204      	1.7458506      	1.7662724      	1.7559944      	1.7467047      	1.7486624      	1.761261       	1.7480326      	1.754798       	1.7446167      	1.7398466      	1.7137027      	1.8260978      	1.80311        	1.9016837      	1.856501       	1.8472407      	1.7980064      	1.7479529      	1.7325178      	1.6818091      	1.515475       	1.3328326      	1.7509071      	1.7597661      	1.7613572      	1.74604        	1.7515609      	1.7719913      	1.7510501      	1.7425706      	1.7592629      	1.7583679      	1.7640033      	1.7509469      	1.7661681      	1.7634088      	1.7496071      	1.7535332      	1.7641897      	1.7512491      	1.7564453      	1.7716262      	1.7435178      	1.7524085      	1.7620039      	1.762585       	1.7494395      	1.7532082      	1.7500852      	1.7533872      	1.7244118      	1.7117676      	1.7444819      	1.5806795      	1.4925183      	1.7156461      	1.7516617      	1.7531158      	1.7569133      	1.7627599      	1.7583563      	1.7493206      	1.7582023      	1.7373374      	1.7592382      	1.7564096      	1.7524183      	1.7448341      	1.7605103      	1.7490602      	1.7463565      	1.7576278      	1.7520626      	1.7471598      	1.7229351      	
1.752872       	1.7579803      	1.7559768      	1.7559859      	1.7460301      	1.740813       	1.4784647      	1.735439       	1.7112554      	1.7136016      	1.7232395      	1.7247685      	1.2828708      	1.7500064      	1.7631392      	1.7415049      	1.7670981      	1.7654345      	1.7516067      	1.7605855      	1.7538254      	1.7550048      	1.773582       	1.744982       	1.7640951      	1.7512264      	1.7451912      	1.7681135      	1.7432657      	1.745341       	1.7473893      	1.7453243      	1.7555621      	1.7334267      	1.7011743      	1.8964326      	2.0064118      	1.8430487      	1.865072       	1.8557886      	1.8209891      	1.7864547      	1.747559       	1.7554924      	1.7215964      	1.6596594      	1.5100601      	1.412541       	1.7574874      	1.7514793      	1.7566698      	1.7606748      	1.7600029      	1.7584637      	1.7570075      	1.7536498      	1.7586657      	1.7570869      	1.7595823      	1.7638239      	1.7616663      	1.750767       	1.7570797      	1.7564461      	1.7697594      	1.754442       	1.7475396      	1.7580103      	1.7731577      	1.7492636      	1.7555171      	1.7699794      	1.7569218      	1.7506588      	1.7498623      	1.755696       	1.7344908      	1.7066497      	1.7053307      	1.4440047      	1.4408494      	1.7554201      	1.7652812      	1.7598231      	1.7309053      	1.7534823      	1.7601607      	1.7447337      	1.7544719      	1.7537106      	1.7575357      	1.7543349      	1.7344027      	1.7683767      	1.7428496      	1.7491436      	1.7537092      	1.7561793      	1.7566384      	1.764002       	
1.706387       	1.7252758      	1.7582655      	1.7141706      	1.6918856      	1.7203045      	1.7086997      	1.6953001      	1.7219597      	1.7041008      	1.8005345      	1.753412       	1.7031114      	1.7012362      	1.6883622      	1.5465802      	1.4041022      	1.7690854      	1.7510175      	1.7735081      	1.7455629      	1.7413125      	1.756495       	1.7563868      	1.7464784      	1.7628717      	1.7584742      	1.7542474      	1.7671449      	1.7480524      	1.7423035      	1.7554489      	1.750588       	1.7370887      	1.7563483      	2.107948       	2.0022097      	1.9147282      	1.8575402      	1.7916105      	1.800978       	1.8070859      	1.7701819      	1.7180467      	1.683105       	1.802334       	1.6957422      	1.5949166      	1.4250119      	1.7371428      	1.7667024      	1.7560961      	1.7638905      	1.7586783      	1.7563846      	1.7574229      	1.7608938      	1.7470064      	1.7620311      	1.7618091      	1.7526158      	1.7644607      	1.7532406      	1.7646791      	1.7604979      	1.7543561      	1.7661496      	1.7612075      	1.7658272      	1.7648617      	1.7579211      	1.7651473      	1.7593708      	1.7533587      	1.7678778      	1.7660035      	1.7415298      	1.7159373      	1.7323872      	1.6192645      	1.2220254      	1.7562476      	1.767475       	1.7581939      	1.752438       	1.7556838      	1.7520139      	1.7518172      	1.7606747      	1.7583365      	1.7580059      	1.7635158      	1.7583253      	1.7663488      	1.757831       	1.7722234      	1.7551502      	1.759061       	1.7553971      	1.741552       	
1.7132578      	1.6394029      	1.8197001      	1.7826868      	1.7768856      	1.7608005      	1.7752147      	1.7532439      	1.7667378      	1.7575499      	1.7497455      	1.7669282      	1.7484485      	1.7338632      	1.7070451      	1.6218607      	1.3919408      	1.7576089      	1.7483358      	1.7633563      	1.7664151      	1.7572501      	1.7637805      	1.755219       	1.7464225      	1.7557876      	1.7580228      	1.7577302      	1.7476267      	1.7673106      	1.7486048      	1.7538438      	1.741686       	1.7385339      	2.0391         	1.7963616      	1.9201163      	1.8462794      	1.6932052      	1.465863       	1.8269225      	1.8163065      	1.7668297      	1.7048897      	1.6622736      	1.8507433      	1.7529302      	1.5873413      	1.3770193      	1.7385502      	1.7617866      	1.7557836      	1.7717456      	1.7630327      	1.7526718      	1.7736821      	1.7512475      	1.7522861      	1.7666956      	1.7559121      	1.7693071      	1.7597765      	1.7507932      	1.7713541      	1.7627642      	1.7510134      	1.7805731      	1.7619264      	1.748451       	1.7557659      	1.7557143      	1.7637281      	1.7656605      	1.7516712      	1.7678246      	1.7700627      	1.7371691      	1.725352       	1.7383866      	1.7321581      	1.6267927      	1.2553359      	1.7557222      	1.7673076      	1.7508452      	1.7586677      	1.7513872      	1.7544711      	1.759566       	1.7622979      	1.7469666      	1.7535663      	1.7580855      	1.7590004      	1.7618972      	1.7527337      	1.7520145      	1.7645994      	1.7578477      	1.7630794      	
1.7579919      	1.7550335      	1.7612575      	1.7548343      	1.7547468      	1.7735968      	1.7567054      	1.7490096      	1.7761327      	1.7656815      	1.7611251      	1.759352       	1.7677679      	1.7327992      	1.7185698      	1.7544118      	1.5907627      	1.2381719      	1.7424657      	1.7545954      	1.7605909      	1.7586044      	1.7536912      	1.7570295      	1.7638646      	1.759951       	1.747301       	1.7512238      	1.7572742      	1.750178       	1.739563       	1.7600646      	1.7394243      	1.7581438      	2.0197606      	1.8653755      	1.7627928      	1.8756669      	1.7880386      	1.4454705      	1.7792531      	1.7875501      	1.7490093      	1.7163775      	1.591501       	1.5222983      	1.7341113      	1.5833329      	1.3578981      	1.7651576      	1.7717         	1.7503396      	1.7645983      	1.7685257      	1.7590652      	1.7635669      	1.7714692      	1.7520746      	1.7657042      	1.7548223      	1.7645434      	1.7653288      	1.7518274      	1.7719808      	1.7674359      	1.7580771      	1.7677774      	1.7634934      	1.769726       	1.7674685      	1.7603654      	1.7595276      	1.7656053      	1.7538506      	1.764766       	1.7690272      	1.751013       	1.7428868      	1.7158071      	1.7331535      	1.5572424      	1.2600677      	1.7710918      	1.7618045      	1.7241583      	1.7454526      	1.7757593      	1.7665682      	1.7498523      	1.7700975      	1.7692412      	1.7382998      	1.7520231      	1.7613772      	1.7549739      	1.7420632      	1.7604022      	1.7579551      	1.7694244      	1.7525033      	
1.7613608      	1.7769374      	1.7629476      	1.7687618      	1.7607889      	1.7771417      	1.7623953      	1.7531185      	1.7659806      	1.7505924      	1.7334405      	1.7599009      	1.7768135      	1.7461553      	1.7225894      	1.7273643      	1.7339865      	1.6057321      	1.1225702      	1.762793       	1.7535636      	1.7469927      	1.763895       	1.7679414      	1.7541611      	1.7532545      	1.7606379      	1.7583435      	1.745868       	1.7505912      	1.761934       	1.7547828      	1.7463769      	1.7435906      	1.7369393      	1.7306787      	1.8583484      	1.8161389      	1.798142       	1.8789587      	1.7132663      	1.7541789      	1.7379603      	1.7388277      	1.6124808      	1.4767464      	1.7490892      	1.7657276      	1.7629255      	1.7563647      	1.7593093      	1.773301       	1.7566355      	1.7692429      	1.7441431      	1.7613153      	1.7677578      	1.75755        	1.7620913      	1.7509614      	1.7632769      	1.7640896      	1.7618271      	1.753503       	1.7552938      	1.7509675      	1.7607322      	1.7717421      	1.753188       	1.7592454      	1.7820551      	1.7627432      	1.7357502      	1.7694112      	1.7844608      	1.752608       	1.7521852      	1.7682332      	1.7342743      	1.7011288      	1.7389858      	1.438751       	1.1527793      	1.7562991      	1.7488607      	1.766564       	1.7677763      	1.7498794      	1.7498363      	1.7547551      	1.7726088      	1.74304        	1.7665573      	1.7672232      	1.7684203      	1.748337       	1.763206       	1.7586107      	1.7633278      	1.7559663      	
1.7674608      	1.7769444      	1.770971       	1.7491988      	1.7516167      	1.7644565      	1.7627902      	1.7511492      	1.7506888      	1.7659334      	1.764389       	1.7671719      	1.7600524      	1.7764273      	1.7412028      	1.7086307      	1.7281121      	1.583291       	1.3676364      	1.7628736      	1.7637113      	1.7473427      	1.7597276      	1.7497355      	1.755604       	1.7667352      	1.7637492      	1.7569156      	1.7518412      	1.7544041      	1.756597       	1.7637392      	1.75089        	1.7595519      	1.7644796      	1.7565402      	1.7501761      	1.7595576      	1.7431538      	1.751681       	1.7951207      	1.7487341      	1.6354046      	1.8078915      	1.8024726      	1.8075142      	1.7978204      	1.7622674      	1.756082       	1.7606813      	1.7639786      	1.7587519      	1.7450775      	1.7616565      	1.7677857      	1.7599518      	1.755422       	1.759536       	1.7628331      	1.7499584      	1.7697793      	1.7511523      	1.7716136      	1.7633712      	1.7424779      	1.7664884      	1.771831       	1.774833       	1.7470862      	1.7776489      	1.7606663      	1.74803        	1.7667527      	1.7793971      	1.7667202      	1.7605569      	1.7629322      	1.7702723      	1.7588102      	1.7045952      	1.7461829      	1.7254162      	1.5187947      	1.3309364      	1.7732822      	1.7411343      	1.7581822      	1.771217       	1.7493137      	1.7625142      	1.7604618      	1.7713025      	1.7565085      	1.7488075      	1.7535841      	1.7550387      	1.7741768      	1.7659752      	1.770565       	1.7708913      	
1.7598093      	1.7567266      	1.7683089      	1.7557068      	1.7691727      	1.7789718      	1.7821869      	1.7595111      	1.745332       	1.7720726      	1.7646043      	1.7565329      	1.7562006      	1.7751337      	1.7659124      	1.7232336      	1.7169136      	1.7285637      	1.5178972      	1.1989458      	1.7693679      	1.7658242      	1.7610025      	1.7439616      	1.7797611      	1.7530202      	1.7342166      	1.7684013      	1.763563       	1.7640014      	1.7570267      	1.7595348      	1.765016       	1.7513827      	1.7649595      	1.75879        	1.7465082      	1.7561216      	1.7592719      	1.7341362      	1.7457321      	1.7373263      	1.7415401      	1.6957656      	1.7967234      	1.8043754      	1.7899755      	1.7638646      	1.7698672      	1.7634091      	1.7573371      	1.7680477      	1.763307       	1.757358       	1.7684906      	1.7692001      	1.7659163      	1.7456739      	1.7606564      	1.7603031      	1.755193       	1.7572862      	1.7648202      	1.7696818      	1.7581232      	1.7658917      	1.7607633      	1.7694142      	1.7561536      	1.7763534      	1.7589628      	1.7603848      	1.7725558      	1.7708943      	1.7635101      	1.7674248      	1.7756484      	1.7678702      	1.7401121      	1.7373399      	1.7215163      	1.7361034      	1.5489582      	1.5029557      	1.7526277      	1.7529433      	1.746862       	1.7754276      	1.7522104      	1.7553267      	1.7749109      	1.7496636      	1.7624369      	1.7529433      	1.7441852      	1.7548969      	1.755938       	1.7554785      	1.7764267      	1.7446145      	
1.7569759      	1.7638669      	1.751285       	1.7710918      	1.7643801      	1.7631708      	1.7644687      	1.765644       	1.7569016      	1.7681593      	1.7650207      	1.761448       	1.7615575      	1.7668155      	1.7633939      	1.7552929      	1.716347       	1.7402464      	1.5610378      	1.4505705      	1.7520243      	1.7597514      	1.7539886      	1.7550089      	1.7701454      	1.7425592      	1.7590951      	1.7517774      	1.7541595      	1.7460192      	1.7592055      	1.7679067      	1.7560316      	1.7432406      	1.7566265      	1.7522112      	1.7560259      	1.7598675      	1.7466683      	1.7524868      	1.734486       	1.6733044      	1.8605413      	1.4786818      	1.8164034      	1.8159741      	1.7853836      	1.7687482      	1.7592502      	1.7671602      	1.7587758      	1.748287       	1.7679176      	1.7658806      	1.7587742      	1.7531589      	1.7687786      	1.7639359      	1.7532407      	1.7676502      	1.7585423      	1.7600731      	1.764989       	1.7547569      	1.76838        	1.7437966      	1.7584729      	1.7786962      	1.7541829      	1.7593092      	1.7598749      	1.7646743      	1.7675658      	1.7592324      	1.7621915      	1.7647376      	1.7563834      	1.7675593      	1.7659934      	1.7517529      	1.7229745      	1.7082824      	1.7142471      	1.489284       	1.226771       	1.7728069      	1.7509557      	1.7571256      	1.7647369      	1.7539414      	1.7537671      	1.7656171      	1.754263       	1.7655367      	1.7607622      	1.7525269      	1.7551826      	1.7631415      	1.7440205      	1.7762164      	
1.7553478      	1.7670374      	1.7515751      	1.7733942      	1.7615514      	1.7633955      	1.7794257      	1.751072       	1.7628862      	1.7517459      	1.7476194      	1.7869332      	1.7486486      	1.7667987      	1.7583003      	1.7570313      	1.7427328      	1.719573       	1.730339       	1.4813317      	1.1637819      	1.7444991      	1.7718691      	1.7570654      	1.7508156      	1.7531911      	1.7687721      	1.7565477      	1.7470793      	1.7573799      	1.7483863      	1.761569       	1.7707486      	1.7463878      	1.7620859      	1.7566372      	1.7651358      	1.7565681      	1.754104       	1.7630295      	1.7522889      	1.7342033      	1.5675657      	1.7862397      	1.7305429      	1.7872703      	1.8117195      	1.7876455      	1.7591826      	1.754218       	1.7730362      	1.7723495      	1.7398046      	1.7608309      	1.7657942      	1.7567016      	1.7504953      	1.7491397      	1.7619293      	1.766079       	1.7530036      	1.7772411      	1.7624202      	1.7603688      	1.7623576      	1.7650042      	1.7752192      	1.752531       	1.7558988      	1.7718203      	1.7517308      	1.7592465      	1.7645438      	1.7598331      	1.770535       	1.7651961      	1.759722       	1.7629123      	1.7539444      	1.7742217      	1.7502778      	1.7066494      	1.746524       	1.6023451      	1.5078456      	1.7441616      	1.7545061      	1.7558051      	1.7464615      	1.7662575      	1.771145       	1.7619874      	1.7383565      	1.7523979      	1.7690108      	1.7609869      	1.757128       	1.7591243      	1.7621809      	1.7554598      	
