# www.neaspec.com
# Scan:	 	AFM
# Project:	 	20251007_PS
# Description:	 	
# Date:	 	10/07/2025 10:43:47
# Scanner Center Position (X, Y):	[µm]	49.99	50.01	 
# Rotation:	[°]	0	 	 
# Scan Area (X, Y, Z):	[µm]	5.000	5.000	0.000
# Pixel Area (X, Y, Z):	[px]	100	50	1
# Averaging:	 	1	 	 
# Integration time:	[ms]	5	 	 
# Laser Source:	 	4.5-15 µm nano-FTIR laser
# Detector:	 	R
# Target Wavelength:	[µm]	7.502	 	 
# Demodulation Mode:	 	Fourier
# Tip Frequency:	[Hz]	241,340.500	 	 
# Tip Amplitude:	[mV]	45.700	 	 
# Tapping Amplitude:	[nm]	79.665	 	 
# Modulation Frequency:	[Hz]	0.000	 	 
# Modulation Amplitude:	[mV]	0.000	 	 
# Modulation Offset:	[mV]	0.000	 	 
# Setpoint:	[%]	79.75	 	 
# Regulator (P, I, D):	 	4.206850	8.625812	1.000000
# Tip Potential:	[mV]	0.000	 	 
# M1A Scaling:	[nm/V]	0.426	 	 
# M1A Cantilever Factor:	 	1,000	 	 
# Q-Factor:	 	487.4	 	 
# Version:	 	2.1.11536.0
0.20611896     	0.2061364      	0.20358661     	0.20367076     	0.20854607     	0.20455605     	0.21159267     	0.20927829     	0.20802695     	0.20441757     	0.20215233     	0.20792848     	0.2091812      	0.2110396      	0.20776086     	0.20300905     	0.20487225     	0.20734414     	0.20890924     	0.20799999     	0.21138053     	0.21464445     	0.20499052     	0.20698716     	0.20885295     	0.20684569     	0.21017985     	0.2145599      	0.21509624     	0.21152839     	0.20643082     	0.20554703     	0.20582168     	0.20882955     	0.20228279     	0.21274647     	0.20471972     	0.2099985      	0.21023625     	0.20546634     	0.20785072     	0.20121536     	0.20582597     	0.20659192     	0.21087472     	0.20741917     	0.20474073     	0.20626456     	0.20066637     	0.20816751     	0.20265758     	0.2096495      	0.20949371     	0.20754811     	0.20818768     	0.20574108     	0.2007112      	0.20724219     	0.20344874     	0.20689861     	0.20752984     	0.2056329      	0.21450523     	0.20635572     	0.20853287     	0.20007072     	0.20171717     	0.20741992     	0.2049128      	0.20431492     	0.20507169     	0.21035163     	0.20791078     	0.2073431      	0.20869988     	0.20494743     	0.20845826     	0.20747018     	0.20639253     	0.20786531     	0.21263188     	0.20628369     	0.2132277      	0.19641896     	0.19969809     	0.21735609     	0.20280711     	0.2052169      	0.2117985      	0.21177806     	0.21145767     	0.20747836     	0.20729616     	0.19923659     	0.22508216     	0.22160967     	0.21764156     	0.21009901     	0.20817958     	0.20386103     	
0.21047369     	0.20404607     	0.20700037     	0.20949617     	0.20751892     	0.20728476     	0.20902665     	0.20686798     	0.20939992     	0.21190102     	0.21349254     	0.20638633     	0.21161479     	0.20773947     	0.21120045     	0.20346761     	0.20575492     	0.21108209     	0.20648673     	0.21353172     	0.20486572     	0.20445438     	0.20476343     	0.20608534     	0.20568523     	0.2102408      	0.21318892     	0.20870763     	0.20888202     	0.20836188     	0.20363216     	0.2127977      	0.21296014     	0.20837359     	0.21153845     	0.21121591     	0.20624527     	0.21005657     	0.20790656     	0.20289241     	0.2043277      	0.21240625     	0.2096784      	0.20295148     	0.21973407     	0.21251792     	0.2138397      	0.20367794     	0.20941932     	0.2050811      	0.20910162     	0.21052499     	0.2025156      	0.2030274      	0.20218718     	0.20773372     	0.20538501     	0.20847198     	0.20560463     	0.20560154     	0.21483222     	0.20903806     	0.21344282     	0.20676842     	0.20979978     	0.20953394     	0.20597413     	0.209741       	0.20854244     	0.2066187      	0.20591824     	0.20884877     	0.21223591     	0.21068785     	0.21116145     	0.20147176     	0.20495088     	0.20869029     	0.20873858     	0.20720059     	0.21480411     	0.21027638     	0.2109145      	0.20235956     	0.21570288     	0.22195035     	0.1727857      	0.21262501     	0.22018453     	0.2168143      	0.20703325     	0.20512208     	0.20881547     	0.20821537     	0.20536725     	0.20530367     	0.20818344     	0.21252264     	0.21366757     	0.21315536     	
0.20488808     	0.20513922     	0.20848143     	0.21284339     	0.20385678     	0.2052783      	0.21014996     	0.2068689      	0.20543614     	0.19885106     	0.21218345     	0.20922947     	0.21368329     	0.20985202     	0.21091177     	0.21005727     	0.21137856     	0.20515431     	0.20609087     	0.21197683     	0.2071379      	0.21114969     	0.21222863     	0.20953317     	0.20610085     	0.21257064     	0.21112292     	0.2101639      	0.20618322     	0.210817       	0.21203734     	0.20970765     	0.20936567     	0.20714177     	0.20472725     	0.21222919     	0.20910648     	0.21115747     	0.20981498     	0.20697005     	0.2111064      	0.20371468     	0.20892079     	0.20907344     	0.20318715     	0.21042094     	0.21030195     	0.20365827     	0.2057303      	0.21245569     	0.20329028     	0.21317314     	0.2122446      	0.21419697     	0.20867826     	0.21532828     	0.21108243     	0.21086401     	0.21125379     	0.20666891     	0.2098602      	0.21535206     	0.21121454     	0.209777       	0.20867047     	0.21339504     	0.20813131     	0.20260169     	0.20499332     	0.21685371     	0.20532827     	0.21146575     	0.20479561     	0.2114084      	0.21087271     	0.2024416      	0.20593446     	0.2076059      	0.20894276     	0.2063271      	0.20444068     	0.21116666     	0.22516583     	0.22095428     	0.21414506     	0.21130311     	0.2125482      	0.20618647     	0.20670153     	0.20304504     	0.212816       	0.20647138     	0.21770082     	0.20325214     	0.21014173     	0.20967905     	0.21403217     	0.20513117     	0.20587344     	0.20996496     	
0.20798604     	0.20526183     	0.20626399     	0.20409812     	0.20688939     	0.20938653     	0.20278713     	0.20711443     	0.2074915      	0.20953168     	0.21129929     	0.20903802     	0.21320005     	0.2087091      	0.21045889     	0.21021381     	0.20937298     	0.20070401     	0.21406758     	0.20397638     	0.20623673     	0.20560293     	0.21045567     	0.20725457     	0.20440511     	0.21443893     	0.21292765     	0.2065849      	0.21094963     	0.20811628     	0.2135994      	0.20290393     	0.21327056     	0.20757143     	0.20537168     	0.21179625     	0.20642011     	0.20663671     	0.20435938     	0.21196811     	0.20302314     	0.20388344     	0.20906839     	0.2080367      	0.20637533     	0.21150994     	0.20715879     	0.21082428     	0.20488903     	0.20118998     	0.21299815     	0.20887004     	0.21068868     	0.20880908     	0.20880365     	0.20990176     	0.20342907     	0.21137492     	0.20908153     	0.20465368     	0.2088405      	0.20946214     	0.21400994     	0.20199828     	0.20842487     	0.21162698     	0.20427437     	0.20518754     	0.2126694      	0.2100279      	0.20588812     	0.21240617     	0.21193184     	0.20726956     	0.20825773     	0.2032178      	0.20814307     	0.21062095     	0.20397405     	0.20230073     	0.20867299     	0.21655275     	0.22556546     	0.21612146     	0.22041957     	0.21705201     	0.20831287     	0.19911079     	0.20898333     	0.20874164     	0.20734543     	0.2118424      	0.20999606     	0.20631535     	0.20564637     	0.20808545     	0.20963818     	0.21259029     	0.20612179     	0.2061531      	
0.21042582     	0.20595856     	0.19981672     	0.20455052     	0.20781843     	0.20996231     	0.21134971     	0.20097484     	0.20642842     	0.21244493     	0.21441117     	0.20729476     	0.2085031      	0.20654234     	0.2122682      	0.21310174     	0.20252943     	0.20690866     	0.20575278     	0.2115017      	0.20353138     	0.21415755     	0.2086765      	0.21494548     	0.20180368     	0.20682947     	0.20762272     	0.20998035     	0.20776175     	0.204694       	0.21337835     	0.20994748     	0.20977847     	0.2108246      	0.2001313      	0.21009172     	0.21030186     	0.2064429      	0.2074921      	0.20810662     	0.20969254     	0.20579095     	0.21221173     	0.21203488     	0.2112089      	0.2108584      	0.207886       	0.20923993     	0.20048064     	0.20479667     	0.20734257     	0.20155728     	0.20384453     	0.19924243     	0.2103369      	0.1776248      	0.20812212     	0.20522726     	0.20566772     	0.20401798     	0.21073304     	0.2083573      	0.21034998     	0.21106261     	0.20790546     	0.20796703     	0.20800805     	0.20572783     	0.20577614     	0.20696235     	0.21272302     	0.20968525     	0.20007987     	0.21044038     	0.20476082     	0.21048455     	0.21135376     	0.20622392     	0.20736        	0.21181329     	0.20531568     	0.19596973     	0.18673067     	0.21460211     	0.21694428     	0.22057608     	0.21836238     	0.21185122     	0.21002552     	0.20812953     	0.2054121      	0.20244358     	0.19914319     	0.20637348     	0.21162719     	0.20697308     	0.20981178     	0.20919874     	0.21112451     	0.21396439     	
0.20145717     	0.20823145     	0.2071511      	0.21612297     	0.21020138     	0.20625657     	0.21233968     	0.21062487     	0.20942605     	0.20638153     	0.2103878      	0.20829417     	0.20573792     	0.21467838     	0.20923981     	0.2102444      	0.20726542     	0.20651402     	0.20751473     	0.20427519     	0.20495892     	0.21424983     	0.20767842     	0.2108243      	0.214295       	0.20531021     	0.2062058      	0.2052033      	0.2054758      	0.20430893     	0.20648554     	0.20418157     	0.20606369     	0.2044445      	0.20383312     	0.20564753     	0.21093267     	0.20594153     	0.21189886     	0.20739031     	0.20496148     	0.20644945     	0.20745556     	0.20587787     	0.20679444     	0.13841307     	0.21277882     	0.21179996     	0.20005096     	0.21393931     	0.21715036     	0.20706812     	0.20529543     	0.21138515     	0.20576963     	0.2036089      	0.21046305     	0.105614156    	0.21186252     	0.21272576     	0.20843199     	0.20822845     	0.21027616     	0.20687988     	0.2134849      	0.2110616      	0.21221615     	0.20617238     	0.21025643     	0.21225439     	0.21243194     	0.21416315     	0.20130518     	0.20957814     	0.21212        	0.20640436     	0.2038046      	0.2067324      	0.20837474     	0.20252225     	0.20806314     	0.15781105     	0.2143433      	0.16630986     	0.22010355     	0.21535276     	0.2138264      	0.21078391     	0.20125832     	0.20971367     	0.20789208     	0.20691003     	0.20642333     	0.21395156     	0.20635073     	0.20989235     	0.20906647     	0.21617661     	0.21572356     	0.21643113     	
0.21190935     	0.21163858     	0.20716819     	0.20975004     	0.20176099     	0.2077786      	0.20644164     	0.20693152     	0.2138425      	0.21348079     	0.20765628     	0.2067295      	0.21394674     	0.20266365     	0.21118362     	0.209782       	0.20718274     	0.21409918     	0.21212615     	0.20175424     	0.21032558     	0.20601232     	0.21120438     	0.21257454     	0.20041548     	0.20763037     	0.20785305     	0.20186155     	0.20307118     	0.21769002     	0.2046508      	0.21181527     	0.20480578     	0.20774896     	0.20398381     	0.2083794      	0.20459625     	0.20152363     	0.20766172     	0.2090233      	0.20912352     	0.21272106     	0.20854022     	0.20643136     	0.20999222     	0.21361919     	0.20290773     	0.21494201     	0.1861929      	0.21767594     	0.22007883     	0.22127633     	0.21439655     	0.20396453     	0.21446086     	0.20458367     	0.20145158     	0.19934028     	0.15830362     	0.10283986     	0.20811324     	0.20010835     	0.2025183      	0.21079354     	0.20946029     	0.21356846     	0.20810632     	0.2059376      	0.2057944      	0.2000747      	0.2078939      	0.20962596     	0.2029683      	0.21180826     	0.20852825     	0.2090686      	0.2083872      	0.20455748     	0.20368008     	0.20469981     	0.20249592     	0.20500584     	0.1880776      	0.2191012      	0.22156002     	0.22149473     	0.21689007     	0.21343708     	0.20564358     	0.20745961     	0.21066259     	0.2044192      	0.21078342     	0.21356975     	0.2055464      	0.20828901     	0.20984669     	0.21665333     	0.21384357     	0.20916457     	
0.20772429     	0.2069001      	0.21091664     	0.20786905     	0.2095365      	0.20941973     	0.20857371     	0.20700377     	0.20362793     	0.20678449     	0.2102366      	0.20591573     	0.21151593     	0.20067321     	0.21385488     	0.20841938     	0.2054277      	0.21072356     	0.20866902     	0.20685427     	0.20876057     	0.21488617     	0.20507288     	0.21205351     	0.2090223      	0.20419052     	0.20335373     	0.21052529     	0.20778172     	0.20401034     	0.13775915     	0.20780632     	0.20942912     	0.21667303     	0.20830989     	0.21065712     	0.2063875      	0.20966391     	0.20561776     	0.21157482     	0.18768096     	0.21125902     	0.22297479     	0.20568764     	0.21305972     	0.21645713     	0.20820037     	0.20464142     	0.2146973      	0.20473108     	0.21218504     	0.2059547      	0.21169974     	0.21525201     	0.21295866     	0.2105719      	0.2082589      	0.19773966     	0.20876849     	0.13980825     	0.143778       	0.20740877     	0.20593122     	0.21041356     	0.20627923     	0.21021773     	0.20825274     	0.21006823     	0.21437873     	0.21127872     	0.20990747     	0.21091536     	0.21038927     	0.20592706     	0.20543486     	0.20884246     	0.20869441     	0.2013803      	0.20490208     	0.20799908     	0.2074765      	0.20530942     	0.1594881      	0.2236845      	0.1603959      	0.2136168      	0.21989055     	0.21279246     	0.2068888      	0.20876932     	0.21146691     	0.20404735     	0.20356475     	0.2074793      	0.20977658     	0.21341659     	0.206198       	0.21120293     	0.20806563     	0.20596538     	
0.2051722      	0.20919585     	0.20387751     	0.20241386     	0.21200985     	0.2005078      	0.20020305     	0.21031962     	0.21422644     	0.21607676     	0.21265152     	0.21403521     	0.20829147     	0.19863129     	0.20364548     	0.21156055     	0.20571536     	0.20364861     	0.20982926     	0.20598692     	0.21431278     	0.20917684     	0.20961685     	0.20675427     	0.20864451     	0.19234416     	0.20723352     	0.20417662     	0.20858738     	0.21394263     	0.20942964     	0.20283695     	0.20576796     	0.18107606     	0.23151702     	0.22053818     	0.21336076     	0.20833139     	0.21483809     	0.2070373      	0.21170875     	0.2090198      	0.20303723     	0.2045889      	0.2065689      	0.20807596     	0.199672       	0.20970604     	0.20581211     	0.20850462     	0.20508121     	0.21780832     	0.21207981     	0.21223894     	0.20523368     	0.20944367     	0.208335       	0.20318535     	0.19398439     	0.1932164      	0.16880599     	0.096454285    	0.20967668     	0.20886303     	0.20759921     	0.20671438     	0.20755804     	0.20954713     	0.2109757      	0.21434312     	0.20763163     	0.20062198     	0.21239541     	0.20552091     	0.21227856     	0.2106801      	0.21111132     	0.21438752     	0.20325641     	0.20451534     	0.2167409      	0.21083914     	0.20207827     	0.2071784      	0.20711106     	0.22285013     	0.21476872     	0.21462052     	0.21245207     	0.2105016      	0.21185145     	0.20105878     	0.2090922      	0.20416185     	0.20716615     	0.21119782     	0.2080863      	0.20520087     	0.20655392     	0.20705752     	
0.20468898     	0.20623052     	0.20715627     	0.20566005     	0.20816642     	0.208405       	0.2138528      	0.20635803     	0.20473242     	0.20821543     	0.20745574     	0.20350432     	0.21003358     	0.2001263      	0.20369394     	0.20748037     	0.21125524     	0.20616262     	0.20646043     	0.2088501      	0.20756772     	0.20625384     	0.20052826     	0.20550296     	0.18711299     	0.2236007      	0.22270523     	0.21169934     	0.21640725     	0.21505217     	0.20954607     	0.21067616     	0.20799656     	0.20383447     	0.20107953     	0.20589386     	0.20903203     	0.20487843     	0.21219344     	0.20744845     	0.20533092     	0.2091442      	0.20846993     	0.20757858     	0.20732091     	0.21312827     	0.20257361     	0.20328367     	0.20360811     	0.20838465     	0.21150579     	0.21193933     	0.20420739     	0.20270845     	0.20598231     	0.2034325      	0.20840226     	0.19907904     	0.20338732     	0.20335415     	0.17156146     	0.1669968      	0.21113287     	0.20951816     	0.21120998     	0.21083172     	0.20676999     	0.20217162     	0.20684426     	0.20903678     	0.21489617     	0.20462754     	0.20977978     	0.21218738     	0.2079582      	0.21193668     	0.2066489      	0.20987484     	0.20233525     	0.20966296     	0.20823604     	0.20261097     	0.21161026     	0.15959713     	0.21847917     	0.16172603     	0.22996087     	0.22326972     	0.22139418     	0.206004       	0.21283956     	0.20714468     	0.20061666     	0.21221693     	0.21190944     	0.20429775     	0.20101433     	0.20771496     	0.21196586     	0.20545039     	
0.20740466     	0.21260713     	0.21085338     	0.20605262     	0.20337987     	0.20946561     	0.2027601      	0.20631634     	0.21661794     	0.21003486     	0.21269801     	0.20956214     	0.20561118     	0.20705304     	0.2022275      	0.21111889     	0.21032177     	0.2105605      	0.20808391     	0.20675308     	0.20744172     	0.19002478     	0.21435338     	0.23155564     	0.22489765     	0.21372268     	0.21001703     	0.20710595     	0.21343985     	0.20003724     	0.2041188      	0.20687766     	0.20611748     	0.20516764     	0.20655753     	0.20319611     	0.19772714     	0.1977012      	0.20637178     	0.2063281      	0.193738       	0.2090844      	0.20948735     	0.20676455     	0.20600761     	0.19906847     	0.20099066     	0.21579392     	0.209607       	0.20628867     	0.20737937     	0.2064713      	0.20478079     	0.20954156     	0.20660202     	0.20764561     	0.20855889     	0.20612349     	0.2018697      	0.19646068     	0.20730771     	0.124939546    	0.09764751     	0.20678101     	0.20817123     	0.20706926     	0.20791191     	0.2036565      	0.21596487     	0.20166959     	0.20801568     	0.20518129     	0.2082801      	0.21302496     	0.21004695     	0.20908071     	0.2075834      	0.20533787     	0.20232698     	0.20225587     	0.20530352     	0.20733498     	0.20543456     	0.20415892     	0.13655753     	0.21639206     	0.21758263     	0.21586856     	0.21748808     	0.2098574      	0.21410975     	0.20128293     	0.2013653      	0.20249431     	0.20737042     	0.20737866     	0.2035425      	0.20789412     	0.21465027     	0.21009144     	
0.20533702     	0.20469323     	0.20809093     	0.20925525     	0.20980781     	0.21151733     	0.20214532     	0.20574738     	0.20318834     	0.2051152      	0.2051358      	0.20506895     	0.20833051     	0.20261289     	0.2068552      	0.20813988     	0.20216537     	0.20925091     	0.21175727     	0.20272876     	0.2051788      	0.21208829     	0.23591943     	0.21431741     	0.21576492     	0.2077247      	0.2180103      	0.20738676     	0.21226968     	0.21186242     	0.20864245     	0.21305688     	0.2073777      	0.21243118     	0.20414567     	0.20075464     	0.2068075      	0.20543265     	0.2068868      	0.20240316     	0.19685484     	0.20426781     	0.20999458     	0.20516455     	0.20785847     	0.20561725     	0.2040829      	0.20582952     	0.19992098     	0.21038158     	0.19795997     	0.2018981      	0.20966285     	0.21068235     	0.20876339     	0.20601578     	0.20830198     	0.21739699     	0.20117        	0.20242286     	0.20743784     	0.20201196     	0.16218807     	0.17940773     	0.20723869     	0.20741399     	0.21131447     	0.210756       	0.20604159     	0.2094384      	0.20426083     	0.2090166      	0.210454       	0.21394204     	0.21100524     	0.203275       	0.20592442     	0.21273643     	0.20922102     	0.19941984     	0.20623085     	0.20464814     	0.20462534     	0.20698747     	0.16815609     	0.21458231     	0.20784546     	0.22338735     	0.21204676     	0.22573306     	0.21125989     	0.20588343     	0.21094218     	0.20373707     	0.20942642     	0.20556338     	0.2015839      	0.20616744     	0.2071455      	0.20947935     	
0.20994078     	0.20914829     	0.20484197     	0.20753527     	0.20494291     	0.20966029     	0.20987907     	0.20803003     	0.20738113     	0.20668367     	0.21262665     	0.20665488     	0.20712231     	0.20536323     	0.20945951     	0.21185526     	0.2066615      	0.20828624     	0.20963873     	0.20723498     	0.20132332     	0.14851372     	0.21795107     	0.2128269      	0.21571718     	0.21636093     	0.21765521     	0.212321       	0.20425153     	0.20699435     	0.2119771      	0.20349497     	0.20482603     	0.20451438     	0.20672134     	0.20556337     	0.20954628     	0.21592198     	0.20302315     	0.21417983     	0.2072316      	0.20925811     	0.2040933      	0.20992166     	0.21357852     	0.20748647     	0.20954832     	0.20987037     	0.21108384     	0.2087311      	0.20441821     	0.20643541     	0.21091795     	0.20802695     	0.20870799     	0.21636799     	0.21058793     	0.21277378     	0.20786236     	0.20222846     	0.19487223     	0.19848983     	0.17094474     	0.14375503     	0.20797606     	0.20532009     	0.21550278     	0.20766604     	0.20722799     	0.20439292     	0.20883088     	0.20586981     	0.20502798     	0.20946942     	0.2124217      	0.20848006     	0.21494284     	0.2063924      	0.20850047     	0.21174355     	0.21253845     	0.21471575     	0.203006       	0.20472561     	0.20685649     	0.121714756    	0.21672396     	0.15329406     	0.21430826     	0.21924147     	0.21615598     	0.21120869     	0.20977262     	0.20725861     	0.20579557     	0.20599051     	0.20813566     	0.20771813     	0.20896947     	0.21504144     	
0.20467484     	0.20511973     	0.20966946     	0.2126953      	0.20563652     	0.20341489     	0.21148461     	0.21242334     	0.20827523     	0.206331       	0.20523615     	0.21147613     	0.20771776     	0.20938088     	0.21337147     	0.20661043     	0.20857441     	0.20490162     	0.21078771     	0.20596017     	0.21020113     	0.18502738     	0.22604416     	0.17710684     	0.20980254     	0.22020024     	0.21968126     	0.21552233     	0.20431733     	0.20594144     	0.20995331     	0.20655815     	0.21092898     	0.20623189     	0.20935406     	0.2066238      	0.21013628     	0.20553643     	0.21226834     	0.20887196     	0.21154504     	0.20820482     	0.20310836     	0.20803691     	0.20385608     	0.198801       	0.21174406     	0.21237263     	0.20916043     	0.20474793     	0.20754656     	0.20765503     	0.20797946     	0.20369896     	0.20703098     	0.20411113     	0.20801225     	0.2075978      	0.20790768     	0.20789155     	0.20253126     	0.19456795     	0.19382542     	0.16071409     	0.13895167     	0.20567054     	0.21563779     	0.2073331      	0.20879607     	0.20830059     	0.20992702     	0.21366061     	0.20852666     	0.20759428     	0.21662746     	0.20953596     	0.20251293     	0.20714822     	0.20477553     	0.20734555     	0.21207878     	0.20675689     	0.21065308     	0.21140473     	0.20823227     	0.20655538     	0.18084987     	0.20932703     	0.2037916      	0.21612182     	0.21557315     	0.21271639     	0.20507413     	0.2095275      	0.20687185     	0.2077088      	0.204585       	0.21170516     	0.21315095     	0.20726262     	
0.20144956     	0.20806174     	0.21367678     	0.20570838     	0.20647661     	0.2038827      	0.20732409     	0.20802394     	0.20771876     	0.20942338     	0.20607686     	0.20005463     	0.21008278     	0.2099375      	0.21123114     	0.2111124      	0.20542845     	0.20553075     	0.20713405     	0.20757689     	0.20220332     	0.19767275     	0.17476463     	0.20866112     	0.20040813     	0.21440119     	0.22425567     	0.21761915     	0.20834303     	0.20658138     	0.19944473     	0.20791262     	0.20904589     	0.20561856     	0.2100804      	0.21393135     	0.2012858      	0.20960157     	0.21029049     	0.20761134     	0.20243421     	0.20937736     	0.21251762     	0.20850775     	0.21468876     	0.20368628     	0.20384882     	0.20544244     	0.2020669      	0.20680274     	0.20263152     	0.20853318     	0.21349612     	0.2116593      	0.20727968     	0.2065911      	0.20746008     	0.20985286     	0.20920956     	0.20930208     	0.19820763     	0.19682017     	0.2039329      	0.16069505     	0.093811765    	0.21050765     	0.20950118     	0.20174694     	0.21100761     	0.20297617     	0.21319996     	0.20460588     	0.20720482     	0.20720634     	0.2113907      	0.20194928     	0.20320868     	0.21080564     	0.2097546      	0.20643403     	0.20680463     	0.20497568     	0.20947011     	0.21110658     	0.20546927     	0.20393336     	0.19998313     	0.21415086     	0.17247802     	0.21257357     	0.22149459     	0.20864514     	0.21605368     	0.20992321     	0.206823       	0.2053112      	0.20962462     	0.20832896     	0.20885742     	0.20957087     	
0.19575277     	0.15856594     	0.2057497      	0.21049733     	0.20477256     	0.20839873     	0.20381607     	0.20371115     	0.20768432     	0.20997861     	0.2116625      	0.20415331     	0.20300114     	0.20863314     	0.20729032     	0.20928146     	0.20938998     	0.20378082     	0.21012136     	0.20335613     	0.20749365     	0.20237836     	0.20783058     	0.20724498     	0.17705008     	0.2183382      	0.21455064     	0.20864992     	0.21130608     	0.20701504     	0.20156968     	0.21288432     	0.20767282     	0.205903       	0.20664491     	0.20655364     	0.20864142     	0.20882183     	0.20005135     	0.21023032     	0.21193251     	0.20536925     	0.20559946     	0.21139053     	0.20304519     	0.20245938     	0.2037913      	0.21122082     	0.21306323     	0.21015395     	0.21174443     	0.2100396      	0.20817384     	0.21171527     	0.20046796     	0.21164052     	0.20941643     	0.20747602     	0.20241313     	0.20596066     	0.20246673     	0.19836056     	0.19144404     	0.1937088      	0.15342937     	0.08964729     	0.20801143     	0.20293781     	0.2075452      	0.20441455     	0.20408316     	0.20979121     	0.20873979     	0.21066181     	0.20735073     	0.20923965     	0.21187517     	0.20762445     	0.21293056     	0.20201382     	0.21029195     	0.20531635     	0.20629622     	0.20497091     	0.20253557     	0.20831227     	0.20611446     	0.18533324     	0.22591625     	0.22099365     	0.22416002     	0.21484904     	0.21847373     	0.20582257     	0.20486149     	0.20467205     	0.20882098     	0.21157475     	0.21475422     	0.21439423     	
0.2036666      	0.078817375    	0.21310139     	0.21255298     	0.21168837     	0.2060232      	0.20870554     	0.20965688     	0.20606928     	0.2079752      	0.21098618     	0.20778021     	0.20826967     	0.20235932     	0.20747791     	0.20558278     	0.20555231     	0.2056224      	0.21002851     	0.20835832     	0.20455289     	0.20843261     	0.20289455     	0.19138104     	0.21063717     	0.21669121     	0.21687555     	0.2216929      	0.22080475     	0.21099739     	0.2085722      	0.20643564     	0.19977732     	0.20848624     	0.208389       	0.20284611     	0.2094702      	0.20801665     	0.21280646     	0.20478028     	0.21541077     	0.20633928     	0.21029966     	0.21069197     	0.20639694     	0.20435323     	0.2080016      	0.21120648     	0.206706       	0.21354519     	0.20886932     	0.20483012     	0.20250064     	0.2015823      	0.2094295      	0.20814459     	0.2039926      	0.21225855     	0.20446838     	0.21098669     	0.2132668      	0.20759632     	0.19899459     	0.20432496     	0.17045838     	0.15543039     	0.20407993     	0.21127719     	0.20729697     	0.20482804     	0.20959127     	0.20572263     	0.20465487     	0.2039362      	0.20717068     	0.20597264     	0.2067224      	0.20567515     	0.20897524     	0.20121457     	0.21168965     	0.2076487      	0.21186224     	0.2096985      	0.20068343     	0.21240059     	0.20793815     	0.16845618     	0.21399905     	0.18732372     	0.22211847     	0.2182791      	0.22262138     	0.21686262     	0.2055313      	0.20533237     	0.20994511     	0.21460594     	0.20770633     	0.20227568     	
0.21325113     	0.12709974     	0.16405466     	0.211064       	0.21599863     	0.20421623     	0.20724572     	0.20181921     	0.21043174     	0.21081735     	0.21265842     	0.21163204     	0.20381303     	0.20951624     	0.21069098     	0.20660095     	0.21813151     	0.2036162      	0.21125203     	0.20792289     	0.21087457     	0.21371767     	0.2053494      	0.19930376     	0.22233842     	0.19375913     	0.21503894     	0.21378838     	0.2125018      	0.21844222     	0.20957237     	0.20074925     	0.20133454     	0.208312       	0.20200658     	0.2052431      	0.21575865     	0.20949902     	0.21029393     	0.20540714     	0.20160404     	0.20924836     	0.20403177     	0.2104806      	0.20438583     	0.2095442      	0.20390631     	0.20875707     	0.20344462     	0.20495878     	0.20210737     	0.20584932     	0.20906754     	0.20307699     	0.20860507     	0.21034588     	0.20754285     	0.2081636      	0.20371474     	0.20845526     	0.20834835     	0.20413578     	0.20320433     	0.20151144     	0.19998041     	0.12260809     	0.07902089     	0.21617255     	0.20860294     	0.20443094     	0.20726062     	0.20165442     	0.21222466     	0.20620723     	0.21394111     	0.2103153      	0.21014248     	0.20865156     	0.20289066     	0.20642954     	0.21055572     	0.20793739     	0.2072869      	0.21241659     	0.20674816     	0.21171993     	0.20270735     	0.21071574     	0.13457143     	0.21849346     	0.16680364     	0.2189036      	0.21290207     	0.2146409      	0.21366924     	0.20591012     	0.20656216     	0.20398559     	0.20768651     	0.20253733     	
0.20417406     	0.17093806     	0.17233905     	0.17478645     	0.20671836     	0.21492374     	0.21265312     	0.20282766     	0.21083371     	0.20443167     	0.2103577      	0.20452636     	0.20599268     	0.20718415     	0.20561495     	0.20578392     	0.20636424     	0.21217646     	0.20359126     	0.20441745     	0.20642883     	0.20516314     	0.20414737     	0.20693764     	0.15660027     	0.21469998     	0.13830929     	0.21320595     	0.2110148      	0.2134556      	0.2121347      	0.20896782     	0.20766841     	0.21794108     	0.20262012     	0.21226521     	0.20524898     	0.20327617     	0.20433354     	0.20905605     	0.20184247     	0.20461161     	0.20547144     	0.21172301     	0.20999339     	0.20013084     	0.19942707     	0.20843801     	0.2103239      	0.20660783     	0.2133077      	0.20786427     	0.20829013     	0.20660372     	0.20716517     	0.20882401     	0.20427972     	0.20437688     	0.20015109     	0.20971037     	0.2058488      	0.21158049     	0.19757795     	0.2026446      	0.19287254     	0.20229542     	0.15317295     	0.123913415    	0.20559031     	0.20770368     	0.20522335     	0.21091512     	0.20448075     	0.21033615     	0.20993346     	0.20611055     	0.20669796     	0.20437877     	0.20764959     	0.20765422     	0.21062262     	0.2122611      	0.20556754     	0.206279       	0.20248073     	0.2047631      	0.21014327     	0.20845546     	0.20879872     	0.2192759      	0.20950213     	0.20918252     	0.17150344     	0.21671075     	0.20734146     	0.20109454     	0.20245178     	0.19293064     	0.1909178      	0.1933671      	
0.20363069     	0.206321       	0.13530993     	0.0965338      	0.21032906     	0.20269653     	0.20902354     	0.20938993     	0.20471613     	0.20148022     	0.20932682     	0.20448725     	0.20495643     	0.20354927     	0.21116966     	0.207244       	0.2031564      	0.20633774     	0.21361154     	0.20749506     	0.2064913      	0.20620199     	0.20792358     	0.20869821     	0.20210457     	0.13001356     	0.21103907     	0.19089381     	0.21280734     	0.21299917     	0.21602006     	0.20760472     	0.21273576     	0.20683832     	0.2120237      	0.20651567     	0.2091615      	0.20804635     	0.20546407     	0.20958275     	0.20814176     	0.21051535     	0.2079931      	0.20352247     	0.20401274     	0.20505777     	0.21107791     	0.20886368     	0.21337332     	0.21357837     	0.20919313     	0.20448124     	0.21030268     	0.20957103     	0.20401803     	0.2103196      	0.20755164     	0.20926501     	0.2070047      	0.20065384     	0.20366445     	0.20660076     	0.21184556     	0.19313227     	0.19429153     	0.20361945     	0.16036199     	0.13014394     	0.20970294     	0.2043975      	0.2042351      	0.20970392     	0.20813964     	0.21216792     	0.20752886     	0.21220632     	0.21036357     	0.20335165     	0.20589991     	0.21198177     	0.20492297     	0.20235424     	0.20974554     	0.20952193     	0.20852584     	0.20200714     	0.20669764     	0.20929827     	0.21370901     	0.20949171     	0.20507935     	0.1429293      	0.19105084     	0.20998627     	0.20761393     	0.17686625     	0.20051366     	0.20308758     	0.19666839     	0.2058824      	
0.20849185     	0.2042959      	0.18117325     	0.16837981     	0.17355956     	0.20779054     	0.20950197     	0.21121651     	0.20479408     	0.20015505     	0.19991514     	0.19957058     	0.20461708     	0.21131983     	0.21171364     	0.20464925     	0.20990524     	0.20847216     	0.20088238     	0.2121008      	0.20599663     	0.2112109      	0.20167454     	0.21597435     	0.20257919     	0.19666168     	0.20070088     	0.19076538     	0.2124601      	0.21700676     	0.21199825     	0.21615902     	0.20808297     	0.20688948     	0.2141168      	0.20788366     	0.20654789     	0.20216088     	0.20753041     	0.20999567     	0.20829245     	0.20791571     	0.20783266     	0.2121698      	0.20597535     	0.20455681     	0.20739311     	0.20975374     	0.20727874     	0.21280168     	0.20733227     	0.20662293     	0.21041594     	0.20401923     	0.21424104     	0.20774671     	0.20950131     	0.20840849     	0.21522352     	0.21007124     	0.20472397     	0.2060809      	0.20658883     	0.2081184      	0.2025516      	0.20268892     	0.19320352     	0.17396978     	0.09644995     	0.20742181     	0.20647496     	0.20577054     	0.20058258     	0.21780099     	0.21247813     	0.20626132     	0.20835572     	0.21221483     	0.19684184     	0.21128081     	0.20767409     	0.2001144      	0.21110576     	0.20783798     	0.20866951     	0.20341188     	0.21107854     	0.21302716     	0.20687181     	0.2051633      	0.20984785     	0.20790125     	0.21127354     	0.20158468     	0.20625196     	0.2100833      	0.21279305     	0.20865992     	0.20929575     	0.20731385     	
0.21054356     	0.20251499     	0.20159644     	0.13967587     	0.092885666    	0.20678139     	0.20682387     	0.21122506     	0.20926654     	0.20562859     	0.21148105     	0.20967464     	0.2038844      	0.21073365     	0.20497122     	0.20979653     	0.20936199     	0.20946471     	0.20585506     	0.2050223      	0.1988179      	0.20484187     	0.2011099      	0.20719965     	0.20412433     	0.19133703     	0.17809945     	0.22208709     	0.18783359     	0.22368816     	0.21902217     	0.2152801      	0.20362155     	0.20354094     	0.21071665     	0.1994746      	0.20383294     	0.20778345     	0.20229729     	0.20381096     	0.20512435     	0.21139424     	0.20318545     	0.20421574     	0.20440446     	0.20883378     	0.2108996      	0.20560564     	0.21033525     	0.20989466     	0.20176616     	0.20308101     	0.21355806     	0.204693       	0.20961593     	0.20962709     	0.20502733     	0.20514712     	0.21286349     	0.20309517     	0.21105164     	0.20505734     	0.20752364     	0.2018006      	0.1951794      	0.20677175     	0.21275517     	0.18895623     	0.13877147     	0.20405902     	0.20606029     	0.21196304     	0.2017198      	0.20830578     	0.21015519     	0.20035304     	0.20023279     	0.20897062     	0.21075729     	0.20914312     	0.20353977     	0.2173643      	0.20978579     	0.20605111     	0.20241266     	0.21296753     	0.21148425     	0.20775297     	0.20952561     	0.2107766      	0.2063482      	0.19936672     	0.20553763     	0.203759       	0.20362191     	0.21097897     	0.2095293      	0.20331033     	0.20783481     	0.21173424     	
0.2094898      	0.19656692     	0.20158419     	0.18343659     	0.17156462     	0.11142193     	0.20817181     	0.20605326     	0.20377767     	0.1944819      	0.20318432     	0.21132106     	0.21142565     	0.20562935     	0.20989434     	0.21272147     	0.20719114     	0.20315716     	0.21124806     	0.2095756      	0.20894991     	0.20351905     	0.20912783     	0.20704716     	0.20956747     	0.20031244     	0.20149557     	0.22200353     	0.19015138     	0.22078413     	0.2162946      	0.21629946     	0.20990455     	0.20423365     	0.2131712      	0.20762312     	0.20656918     	0.209489       	0.21142708     	0.20575532     	0.199994       	0.20992325     	0.2115333      	0.2105152      	0.20702243     	0.21174747     	0.20236155     	0.20773602     	0.2131498      	0.21284029     	0.2105135      	0.20709279     	0.21114951     	0.20888041     	0.21278408     	0.21417195     	0.20857765     	0.20513667     	0.1999087      	0.19153522     	0.20230804     	0.20839415     	0.208269       	0.2034373      	0.2031405      	0.20265236     	0.21006174     	0.17755222     	0.14609806     	0.2079502      	0.20632672     	0.20344397     	0.20640333     	0.20802474     	0.20831056     	0.20742081     	0.20571604     	0.2085479      	0.21046357     	0.20460553     	0.20545097     	0.20777854     	0.21302111     	0.20471494     	0.20940524     	0.20135884     	0.2056692      	0.21181588     	0.21062063     	0.21449532     	0.21290916     	0.20670527     	0.20622315     	0.20388481     	0.20584688     	0.2065424      	0.20803784     	0.2076817      	0.20969832     	0.20963113     	
0.2115716      	0.20528929     	0.19178219     	0.20124179     	0.12609813     	0.08519836     	0.21212655     	0.21269332     	0.21004078     	0.20908071     	0.20635252     	0.20867531     	0.20743616     	0.20256224     	0.20589253     	0.20458147     	0.20702027     	0.21014497     	0.20825712     	0.20694186     	0.20721784     	0.20445389     	0.21375638     	0.20815751     	0.21252082     	0.20762488     	0.20612605     	0.16028643     	0.19862776     	0.17491452     	0.21177855     	0.2084032      	0.21727906     	0.20699686     	0.20971557     	0.20674692     	0.21229918     	0.20760387     	0.20179778     	0.20781869     	0.21508946     	0.20870814     	0.21308717     	0.20925653     	0.20659423     	0.20353174     	0.21022633     	0.21135111     	0.20856431     	0.2049819      	0.19879024     	0.20924449     	0.20401976     	0.20693654     	0.19962315     	0.20914729     	0.20543292     	0.2061682      	0.19944449     	0.20573418     	0.20091759     	0.20604102     	0.20700832     	0.20236973     	0.1934941      	0.18494357     	0.20455979     	0.20219128     	0.21181734     	0.21745403     	0.20266604     	0.2010636      	0.20706367     	0.2085072      	0.20409115     	0.2079527      	0.20329706     	0.20947741     	0.20575152     	0.2089135      	0.2042416      	0.21287271     	0.21001196     	0.20907602     	0.20718756     	0.20823659     	0.20574352     	0.20517457     	0.21415462     	0.21502404     	0.21413001     	0.20389302     	0.2064835      	0.21502906     	0.20632508     	0.2049661      	0.20557934     	0.20142563     	0.2053901      	0.20694908     	
0.20947537     	0.21281847     	0.19557957     	0.20206565     	0.19225839     	0.15126069     	0.15388276     	0.20897263     	0.21057802     	0.20366634     	0.20708464     	0.20140286     	0.2027366      	0.21307717     	0.2018031      	0.20771964     	0.21472165     	0.20993952     	0.20592809     	0.20455563     	0.2133198      	0.20941249     	0.21686992     	0.20748565     	0.21190456     	0.20841837     	0.20731191     	0.2091029      	0.17671081     	0.20156847     	0.2206924      	0.21673502     	0.22353643     	0.21301857     	0.21272022     	0.20749569     	0.20919868     	0.2049839      	0.21019422     	0.20405748     	0.20237532     	0.210326       	0.20991756     	0.20699081     	0.20728496     	0.20807725     	0.20933597     	0.20352323     	0.20666257     	0.2087746      	0.20410798     	0.20671178     	0.2050013      	0.20410737     	0.20384857     	0.20494166     	0.19965144     	0.19062696     	0.1943411      	0.2035625      	0.20633687     	0.214358       	0.19916819     	0.20940432     	0.20884918     	0.20402335     	0.20333602     	0.20696998     	0.21166958     	0.20526351     	0.20879449     	0.20298229     	0.21020882     	0.20711504     	0.20193015     	0.21153972     	0.21049353     	0.21369925     	0.20915096     	0.21514162     	0.20966308     	0.2045591      	0.21620724     	0.20750311     	0.21780589     	0.20455661     	0.21284947     	0.21194108     	0.20776346     	0.20790225     	0.21851613     	0.21655777     	0.20719902     	0.21151467     	0.2055903      	0.20677043     	0.20801629     	0.20665063     	0.20925699     	0.20936115     	
0.20801482     	0.20797448     	0.20213829     	0.20151925     	0.2018365      	0.15892524     	0.13380715     	0.21262799     	0.20403703     	0.20841035     	0.2079323      	0.20741469     	0.20810504     	0.20477389     	0.2139522      	0.2152792      	0.21055819     	0.20621689     	0.20967564     	0.21066481     	0.21003044     	0.2075467      	0.20830034     	0.21366073     	0.20480584     	0.19915153     	0.2109111      	0.20016587     	0.19304392     	0.2240682      	0.1721947      	0.21186922     	0.21213546     	0.21592869     	0.20816442     	0.19697928     	0.19869907     	0.21007015     	0.20864818     	0.20076145     	0.20515306     	0.20314525     	0.20535727     	0.20190209     	0.20253338     	0.19803324     	0.20627253     	0.20873944     	0.20670712     	0.20224567     	0.19604854     	0.21068706     	0.1971655      	0.20296925     	0.21251917     	0.21033594     	0.21021786     	0.20832473     	0.20846057     	0.20634109     	0.20938624     	0.2065616      	0.20956871     	0.20324235     	0.21086629     	0.21155873     	0.21221407     	0.20723219     	0.21118747     	0.20489705     	0.20714307     	0.21020053     	0.20663884     	0.20388539     	0.2127794      	0.20566691     	0.2071402      	0.21078901     	0.20759936     	0.20769675     	0.21177344     	0.21438356     	0.20832549     	0.20553564     	0.20637299     	0.20734996     	0.20692015     	0.21050656     	0.20199683     	0.20599543     	0.21175148     	0.21220002     	0.21121457     	0.2048404      	0.2029794      	0.2028258      	0.20447984     	0.21330413     	0.21464348     	0.21480075     	
0.20583965     	0.20861922     	0.20664257     	0.20466115     	0.20494911     	0.20450087     	0.14148965     	0.11793915     	0.21327583     	0.20789212     	0.2083253      	0.2011146      	0.20712611     	0.21454602     	0.21462928     	0.20593578     	0.21371469     	0.20247962     	0.2045204      	0.21287018     	0.20340103     	0.21591578     	0.20593965     	0.2028117      	0.20805162     	0.21139944     	0.2053376      	0.20855238     	0.20172176     	0.18951531     	0.18547764     	0.20809068     	0.14814718     	0.21134995     	0.21645637     	0.19810718     	0.19143425     	0.19574356     	0.20249592     	0.20720258     	0.20291065     	0.20130856     	0.20782256     	0.20385942     	0.20704412     	0.20606242     	0.20977032     	0.20877852     	0.21264471     	0.20673177     	0.21381824     	0.20928544     	0.2044829      	0.20913003     	0.20373534     	0.20928621     	0.2071857      	0.2081232      	0.20489204     	0.21863814     	0.20755713     	0.20513058     	0.21067098     	0.20977722     	0.2090443      	0.20792547     	0.2073685      	0.21000557     	0.21100722     	0.20950739     	0.20626885     	0.20837763     	0.21107186     	0.20942917     	0.20162526     	0.2122194      	0.21190514     	0.20864634     	0.2051318      	0.21086513     	0.20370224     	0.20328902     	0.21730585     	0.21128836     	0.21499443     	0.20690383     	0.20611873     	0.21012753     	0.20551296     	0.20287558     	0.20701732     	0.20661347     	0.2137912      	0.21293476     	0.20874394     	0.20366724     	0.20159325     	0.21033052     	0.21369398     	0.21475706     	
0.20526986     	0.20931491     	0.20570399     	0.20224907     	0.1959319      	0.20273957     	0.16916311     	0.13793175     	0.20997635     	0.21060847     	0.20525335     	0.2071845      	0.21307065     	0.20631124     	0.20694536     	0.21008065     	0.20788093     	0.20581561     	0.21483268     	0.21156515     	0.2099121      	0.20254074     	0.21099144     	0.20655614     	0.20420802     	0.20888962     	0.20840178     	0.20706803     	0.20666346     	0.21064459     	0.19822001     	0.18528275     	0.17985326     	0.2068401      	0.20794977     	0.20027949     	0.20613514     	0.2110198      	0.20255622     	0.20473999     	0.20911908     	0.21156774     	0.20974754     	0.21265803     	0.19772673     	0.20991977     	0.20136473     	0.2113038      	0.20709883     	0.20844746     	0.20961855     	0.20850897     	0.2054863      	0.2034568      	0.20159253     	0.20881367     	0.21091029     	0.21188542     	0.20938146     	0.19988431     	0.20795475     	0.20099148     	0.20830725     	0.21106228     	0.21110201     	0.21442285     	0.21065383     	0.20766343     	0.21144244     	0.203947       	0.20465133     	0.2089381      	0.20236808     	0.20207152     	0.21422596     	0.20742108     	0.20927335     	0.20509057     	0.21091257     	0.21576126     	0.20079003     	0.20406708     	0.21073695     	0.21139213     	0.21055637     	0.2043494      	0.20149116     	0.19775912     	0.20962858     	0.2108539      	0.20846769     	0.20460626     	0.2050596      	0.2119442      	0.20592982     	0.20389256     	0.20703396     	0.21149775     	0.21225108     	0.20568123     	
0.20683326     	0.20255917     	0.20636661     	0.20314296     	0.20317608     	0.20205417     	0.19958836     	0.15196227     	0.09069656     	0.20669664     	0.21048597     	0.20980422     	0.21312454     	0.20719022     	0.20297512     	0.21266909     	0.20557462     	0.20341933     	0.20283964     	0.20384893     	0.21049131     	0.20716363     	0.20624082     	0.20455605     	0.2102961      	0.20392402     	0.20665196     	0.20804913     	0.21144821     	0.20444104     	0.20591581     	0.20921884     	0.20887558     	0.20918345     	0.21085805     	0.20940898     	0.19859739     	0.2086836      	0.21439642     	0.21071169     	0.20481923     	0.20643455     	0.2090051      	0.1991656      	0.21018095     	0.20901273     	0.1992106      	0.20820513     	0.20579433     	0.19962415     	0.21399714     	0.20532537     	0.20329474     	0.21351519     	0.20997421     	0.20475708     	0.20498805     	0.20284468     	0.20566788     	0.20643257     	0.20590511     	0.20081863     	0.2114708      	0.20720063     	0.20449793     	0.19975        	0.21173675     	0.21222523     	0.2072983      	0.20982301     	0.20870218     	0.21044077     	0.21260865     	0.20751703     	0.20707075     	0.21229716     	0.20539932     	0.21379541     	0.19605286     	0.21322845     	0.21069652     	0.20659891     	0.20853399     	0.20745365     	0.21065961     	0.20078485     	0.20770514     	0.2099505      	0.20730281     	0.19645607     	0.21323739     	0.20657493     	0.20985684     	0.21243316     	0.20261224     	0.20962223     	0.21369563     	0.21216653     	0.21561451     	0.20908977     	
0.20721938     	0.20881282     	0.20558298     	0.21039362     	0.18148276     	0.19384067     	0.20702824     	0.18338147     	0.13702914     	0.2065649      	0.2069478      	0.21048176     	0.20239261     	0.20946097     	0.21108322     	0.21016414     	0.20314173     	0.20983195     	0.20596364     	0.20754938     	0.2112997      	0.20581873     	0.21482006     	0.21170467     	0.2086805      	0.20706545     	0.20779547     	0.21108334     	0.20737617     	0.20635039     	0.208296       	0.2074945      	0.21237063     	0.2026499      	0.20942396     	0.20639995     	0.20572965     	0.20584428     	0.21197198     	0.20377442     	0.20794943     	0.20273817     	0.20669937     	0.21440701     	0.20676512     	0.20612526     	0.2044141      	0.20787075     	0.20912787     	0.20445223     	0.2067442      	0.2112732      	0.20462935     	0.2084169      	0.1971938      	0.20962365     	0.21082287     	0.20966183     	0.20740244     	0.20433737     	0.19727014     	0.20286077     	0.21441667     	0.20443065     	0.20667633     	0.2087391      	0.20141983     	0.20827666     	0.20474362     	0.21034853     	0.20771824     	0.20868626     	0.20621763     	0.20229259     	0.20457257     	0.20926216     	0.21060787     	0.20825967     	0.20425406     	0.2053433      	0.21202141     	0.20598704     	0.21184245     	0.20752737     	0.20759238     	0.20640309     	0.2064931      	0.20506588     	0.20806433     	0.20495182     	0.20898844     	0.2103094      	0.2094959      	0.20674184     	0.20856622     	0.20889102     	0.19849654     	0.19513872     	0.18210566     	0.15224653     	
0.20415328     	0.2020649      	0.2085969      	0.20885392     	0.20182343     	0.20519924     	0.19011742     	0.20582597     	0.17035255     	0.093416765    	0.20637701     	0.2075824      	0.20874032     	0.20123702     	0.20703202     	0.20964684     	0.21248986     	0.20476548     	0.20500305     	0.20550315     	0.2132179      	0.20333822     	0.20585361     	0.20946383     	0.20533283     	0.20764145     	0.20499036     	0.20904993     	0.20790367     	0.2065181      	0.2093648      	0.20632823     	0.20391022     	0.20104657     	0.20473483     	0.20674822     	0.20350356     	0.20495126     	0.20944445     	0.21379645     	0.20449664     	0.20916614     	0.2149948      	0.20830044     	0.20362078     	0.20310156     	0.20937866     	0.21024059     	0.20806533     	0.20997517     	0.21093589     	0.20786579     	0.19783187     	0.20045514     	0.20567846     	0.20522827     	0.20499887     	0.21262078     	0.20669854     	0.20226975     	0.20835176     	0.21470682     	0.20824242     	0.20990598     	0.20802593     	0.205214       	0.21047704     	0.20781446     	0.20936579     	0.20251764     	0.19933334     	0.20832372     	0.20451675     	0.20666613     	0.20238546     	0.21384768     	0.20853573     	0.20643504     	0.20835744     	0.20644362     	0.20411687     	0.20581676     	0.2122693      	0.21031694     	0.21068063     	0.20575784     	0.20471027     	0.20544422     	0.21013486     	0.2083105      	0.2104355      	0.2031764      	0.20732293     	0.20486167     	0.21305469     	0.20793933     	0.20772995     	0.19826925     	0.22342137     	0.25439134     	
0.19277552     	0.20352197     	0.1955801      	0.19992729     	0.2051468      	0.19573137     	0.20960078     	0.20378709     	0.20937133     	0.20951213     	0.20548561     	0.2094778      	0.20333545     	0.2037327      	0.20793238     	0.20326182     	0.20610027     	0.20099002     	0.20887482     	0.20735694     	0.20086195     	0.20619236     	0.20445356     	0.20824929     	0.20477656     	0.21362388     	0.20609863     	0.21056558     	0.20860864     	0.20743912     	0.20455985     	0.20857722     	0.20543402     	0.20353901     	0.20864475     	0.20739338     	0.20489065     	0.20253469     	0.20551084     	0.20977901     	0.20456804     	0.20374033     	0.20498762     	0.20368245     	0.2057178      	0.20989594     	0.20424871     	0.20851457     	0.21029405     	0.20553009     	0.20644596     	0.21024778     	0.20752433     	0.21394242     	0.20796017     	0.20894504     	0.20273693     	0.20958228     	0.20594718     	0.21465571     	0.20658074     	0.20750785     	0.20586377     	0.20782174     	0.2111996      	0.20667517     	0.2077101      	0.20722327     	0.20822933     	0.20437188     	0.20626685     	0.21256527     	0.20821357     	0.2125527      	0.20613435     	0.20884885     	0.202625       	0.20365462     	0.20709635     	0.20285925     	0.20666888     	0.20392434     	0.21065298     	0.21460819     	0.21104671     	0.21024272     	0.2084823      	0.20197631     	0.2051395      	0.21255763     	0.2044814      	0.20360275     	0.21237774     	0.2049147      	0.2084325      	0.20612293     	0.20189284     	0.24451135     	0.24497658     	0.23265465     	
0.21096554     	0.2022347      	0.20718825     	0.2045344      	0.20207046     	0.20770971     	0.21017398     	0.20347527     	0.20505317     	0.20607096     	0.20777005     	0.20764102     	0.20094915     	0.20734234     	0.21007057     	0.20946361     	0.21305811     	0.20683198     	0.21189411     	0.20893829     	0.20871076     	0.20852764     	0.21134712     	0.20891333     	0.20931798     	0.20914602     	0.19395112     	0.21017064     	0.20316721     	0.20617878     	0.21219742     	0.20611258     	0.20681818     	0.20603222     	0.2045397      	0.20692888     	0.20851284     	0.2110999      	0.20757912     	0.2079301      	0.20694809     	0.21095172     	0.20766634     	0.20774136     	0.21205044     	0.2077858      	0.20561646     	0.20397614     	0.21698774     	0.21055557     	0.20842542     	0.21171808     	0.19788532     	0.20854078     	0.20157754     	0.21126756     	0.21133764     	0.20788586     	0.21392825     	0.21003596     	0.2089529      	0.21086758     	0.20978934     	0.21073988     	0.21030587     	0.20457877     	0.21593793     	0.2087689      	0.20973998     	0.20984934     	0.20782599     	0.20806539     	0.20663495     	0.20661943     	0.2096882      	0.21033375     	0.2123968      	0.20746835     	0.21234944     	0.20132528     	0.20630813     	0.20285307     	0.20866737     	0.20680104     	0.19586755     	0.20752187     	0.20779361     	0.21612816     	0.21360241     	0.20449133     	0.20995283     	0.21256636     	0.20381097     	0.2119626      	0.20842892     	0.20964082     	0.19817033     	0.24905998     	0.2550493      	0.23824982     	
0.20669454     	0.21024309     	0.21052182     	0.21174474     	0.21289447     	0.20703761     	0.21238196     	0.21010196     	0.21040328     	0.2089231      	0.20850734     	0.20884283     	0.20617029     	0.20312905     	0.20911905     	0.2079748      	0.2077728      	0.20706004     	0.20468216     	0.20518681     	0.20847853     	0.20336756     	0.20729564     	0.20972705     	0.20623547     	0.21322688     	0.20483087     	0.20684637     	0.20626432     	0.21078861     	0.20885143     	0.20675956     	0.21137397     	0.20864475     	0.20994484     	0.20213683     	0.20711726     	0.2041068      	0.20402698     	0.21227452     	0.20856127     	0.20505808     	0.20256284     	0.20576762     	0.20056279     	0.21020687     	0.20937234     	0.20838442     	0.20869195     	0.21017641     	0.21409419     	0.21064311     	0.20849527     	0.21036087     	0.20396788     	0.20823655     	0.20716204     	0.17411765     	0.21927397     	0.20187612     	0.19835174     	0.20143226     	0.1545268      	0.19941954     	0.20937577     	0.207174       	0.20380333     	0.14577565     	0.16610013     	0.21056047     	0.2151203      	0.19900458     	0.14477506     	0.20885803     	0.20416896     	0.20869279     	0.20888549     	0.20633142     	0.20478103     	0.2115017      	0.20642301     	0.20505728     	0.20607945     	0.21009737     	0.21186234     	0.20755525     	0.21045326     	0.20798637     	0.20868726     	0.20713925     	0.2094173      	0.20998353     	0.20960847     	0.20761943     	0.20405276     	0.20209667     	0.18635623     	0.208797       	0.19049256     	0.19582708     	
0.20778179     	0.2057581      	0.20624067     	0.21245483     	0.21327147     	0.20436676     	0.21414444     	0.208385       	0.20298319     	0.21097535     	0.21033466     	0.21161953     	0.20213419     	0.20791289     	0.21133156     	0.21514808     	0.20625606     	0.20929503     	0.20853329     	0.21146749     	0.20825292     	0.20783095     	0.21202114     	0.20521364     	0.20915246     	0.20736499     	0.20454754     	0.20815994     	0.2085817      	0.20919026     	0.2096467      	0.2036429      	0.20821346     	0.20365864     	0.20904487     	0.20828646     	0.20830527     	0.20958969     	0.20906475     	0.20886572     	0.2122618      	0.20485722     	0.20662123     	0.2039613      	0.20165138     	0.21042655     	0.20429155     	0.20915689     	0.21455227     	0.20773217     	0.20113641     	0.20718148     	0.20284891     	0.20264873     	0.2055481      	0.18835033     	0.21528466     	0.21026488     	0.21321574     	0.20953256     	0.19498385     	0.1984122      	0.20928416     	0.21032198     	0.19857961     	0.21150364     	0.20970573     	0.19978194     	0.20582783     	0.15516716     	0.2083257      	0.20898144     	0.2085797      	0.2044073      	0.20394187     	0.08227707     	0.20581064     	0.20856754     	0.20218523     	0.20446654     	0.21094993     	0.2067766      	0.20381796     	0.20220366     	0.20717216     	0.20776577     	0.20893243     	0.20367101     	0.20991747     	0.20388782     	0.2098014      	0.21259677     	0.21346629     	0.20737985     	0.20685886     	0.20113114     	0.20998673     	0.19430764     	0.21704684     	0.19069327     	
0.20283903     	0.20366855     	0.21076995     	0.20671499     	0.20929472     	0.21408947     	0.20230842     	0.20797166     	0.20903888     	0.20686938     	0.20263597     	0.21129155     	0.20697246     	0.20401686     	0.20758462     	0.20531002     	0.21056189     	0.20843126     	0.20734003     	0.20282859     	0.20797299     	0.20842129     	0.19878699     	0.20609914     	0.20978156     	0.20100635     	0.20861973     	0.2065974      	0.21206763     	0.20577465     	0.21045865     	0.20726635     	0.20835437     	0.20927455     	0.20873947     	0.20740798     	0.20391954     	0.21360631     	0.20359766     	0.2068792      	0.2060496      	0.2096486      	0.20332973     	0.20625366     	0.21601567     	0.20604348     	0.20817167     	0.20626512     	0.20519562     	0.21039534     	0.20687781     	0.16737695     	0.21276498     	0.20977727     	0.21435389     	0.20524697     	0.20480967     	0.20953551     	0.19913217     	0.20402786     	0.20904277     	0.20221773     	0.20682329     	0.21533921     	0.21708618     	0.21920429     	0.21592495     	0.20619184     	0.20522219     	0.20577745     	0.20878103     	0.20099008     	0.20784709     	0.20415445     	0.19167328     	0.18173274     	0.11028787     	0.21102966     	0.20981123     	0.21316761     	0.21469568     	0.21636768     	0.2056239      	0.2050527      	0.21262397     	0.20799635     	0.20767884     	0.21146831     	0.20802377     	0.20413513     	0.20862818     	0.20715046     	0.20742565     	0.20238997     	0.20939991     	0.21104023     	0.21039538     	0.19521853     	0.21997556     	0.21189547     	
0.20788349     	0.20627765     	0.20649688     	0.2090258      	0.2103566      	0.21072276     	0.21711753     	0.2078482      	0.21123388     	0.20600554     	0.20718148     	0.21447477     	0.20479833     	0.2167019      	0.20757808     	0.21307418     	0.20248146     	0.20761733     	0.2080681      	0.20741872     	0.21021871     	0.20962904     	0.20839243     	0.20312627     	0.21244058     	0.20665725     	0.20635138     	0.21168576     	0.2061004      	0.20624332     	0.20750077     	0.21283394     	0.20623186     	0.20510396     	0.21018505     	0.20766939     	0.2044689      	0.2076274      	0.2118572      	0.21169779     	0.20258035     	0.20393749     	0.21047142     	0.1804549      	0.20852368     	0.215333       	0.2029035      	0.21870652     	0.21105297     	0.20800568     	0.20700468     	0.20884635     	0.2062321      	0.2101793      	0.18584563     	0.21903113     	0.21535157     	0.21295239     	0.21767329     	0.2125146      	0.20929481     	0.19964257     	0.20600262     	0.21893866     	0.2065486      	0.20886049     	0.2090754      	0.21056615     	0.19957155     	0.21230859     	0.2112576      	0.20434856     	0.20805317     	0.19481479     	0.19511133     	0.2004811      	0.13560578     	0.15682471     	0.20914698     	0.21048367     	0.2073054      	0.20623143     	0.20887843     	0.21124318     	0.20518728     	0.2119624      	0.21262614     	0.20661342     	0.20310147     	0.20903543     	0.21182302     	0.20986745     	0.20568888     	0.20990774     	0.2099211      	0.20815031     	0.19789755     	0.19349174     	0.20298657     	0.21666586     	
0.20670088     	0.21125363     	0.21341586     	0.21174634     	0.21156062     	0.20926803     	0.20991196     	0.2128019      	0.2045998      	0.20486818     	0.2135089      	0.2099989      	0.21450989     	0.21459399     	0.20290677     	0.20872612     	0.21404903     	0.20335159     	0.19602312     	0.20947072     	0.20551404     	0.1992108      	0.21247122     	0.20673457     	0.21139346     	0.2079154      	0.20967308     	0.21069819     	0.21111137     	0.2105209      	0.20816927     	0.20609282     	0.2074986      	0.20991558     	0.21249169     	0.21002157     	0.20861427     	0.20380293     	0.20749567     	0.20163997     	0.20219944     	0.16496092     	0.20218927     	0.20826449     	0.21041198     	0.20598812     	0.2048872      	0.22230719     	0.21420862     	0.21747947     	0.21791925     	0.2165928      	0.20979877     	0.20591073     	0.21136358     	0.21095183     	0.2019972      	0.2105249      	0.20888868     	0.20926732     	0.20513159     	0.21325344     	0.20961131     	0.20786096     	0.20940131     	0.20569658     	0.20405075     	0.20295635     	0.20585068     	0.2090954      	0.2072809      	0.20633861     	0.20876902     	0.20359783     	0.19702466     	0.19776662     	0.18043438     	0.15696129     	0.19932355     	0.20656174     	0.2090712      	0.20599121     	0.20861197     	0.21424764     	0.20298249     	0.21048665     	0.21489216     	0.20440722     	0.20854889     	0.20331028     	0.20788749     	0.21134028     	0.21270368     	0.2088419      	0.2043189      	0.2067764      	0.21202205     	0.21320188     	0.1921523      	0.20711388     	
0.1995059      	0.20356879     	0.20814696     	0.21394387     	0.21024422     	0.20394838     	0.21162184     	0.21506552     	0.20676364     	0.20316614     	0.2049424      	0.2070292      	0.20741738     	0.20208128     	0.20449951     	0.21087249     	0.20890577     	0.20917986     	0.21560179     	0.20319657     	0.20193687     	0.20445943     	0.2033649      	0.20316803     	0.20562737     	0.20691487     	0.21060868     	0.20905016     	0.20688792     	0.21137296     	0.20860907     	0.20696072     	0.20850043     	0.21328117     	0.20743836     	0.20765194     	0.19877923     	0.207446       	0.19683631     	0.2076326      	0.20349975     	0.21553308     	0.20746359     	0.21694656     	0.20922351     	0.2073117      	0.20971294     	0.20623092     	0.2036718      	0.20643735     	0.20725591     	0.21167423     	0.21175477     	0.20085609     	0.20996717     	0.20565934     	0.21010576     	0.20859611     	0.20871632     	0.21067573     	0.20598064     	0.20878671     	0.20908384     	0.20767619     	0.20502292     	0.21076714     	0.19935894     	0.20966657     	0.21178958     	0.20012607     	0.21285886     	0.20252326     	0.20047869     	0.20289305     	0.20103608     	0.20146544     	0.20368844     	0.14341699     	0.079410516    	0.209747       	0.20758337     	0.20162985     	0.2067592      	0.21086612     	0.2088794      	0.2075286      	0.2133687      	0.2082592      	0.20760825     	0.20976396     	0.20941612     	0.20137313     	0.20814829     	0.20601468     	0.20411696     	0.20687476     	0.20841633     	0.2041569      	0.2061837      	0.21291393     	
0.207354       	0.20478258     	0.21128164     	0.2039749      	0.2069762      	0.20635156     	0.20769216     	0.20364247     	0.20419031     	0.20468277     	0.2079249      	0.21153767     	0.2036417      	0.20700197     	0.20854926     	0.20681342     	0.21013556     	0.20457762     	0.2128703      	0.21458192     	0.205532       	0.20447457     	0.21652687     	0.21283704     	0.21071756     	0.20748155     	0.21178317     	0.21137409     	0.20358752     	0.20707409     	0.21241        	0.21018893     	0.20424728     	0.20105839     	0.2107192      	0.20697542     	0.20165233     	0.11606614     	0.22701189     	0.27065387     	0.2377886      	0.20426437     	0.17776485     	0.15994449     	0.20898063     	0.20652919     	0.20449063     	0.21294855     	0.20933492     	0.21048231     	0.20766276     	0.20893578     	0.20472164     	0.20787373     	0.2062144      	0.20318192     	0.20141011     	0.21194951     	0.20797957     	0.21239997     	0.20861222     	0.20723051     	0.21046557     	0.20848145     	0.2060977      	0.20418684     	0.207407       	0.21426006     	0.20891988     	0.20647226     	0.20332648     	0.20985124     	0.21466349     	0.2126334      	0.20190942     	0.20218864     	0.1977697      	0.19588548     	0.15847202     	0.17044458     	0.21107848     	0.20955871     	0.21012978     	0.20776221     	0.20748772     	0.21386923     	0.20822226     	0.2089437      	0.20318629     	0.21029232     	0.20358841     	0.21677056     	0.21015163     	0.21111636     	0.20371963     	0.21252488     	0.209049       	0.20789279     	0.19138801     	0.17962325     	
0.20367157     	0.21192333     	0.21042933     	0.20634829     	0.21480408     	0.20467567     	0.20263508     	0.21067756     	0.20772769     	0.20570038     	0.21423963     	0.20452048     	0.20518947     	0.2092888      	0.20352538     	0.20368895     	0.2068464      	0.21024916     	0.20260794     	0.20398797     	0.20594609     	0.20412363     	0.20482188     	0.21481939     	0.20115073     	0.20542793     	0.20629054     	0.20606469     	0.20645331     	0.20399638     	0.20960829     	0.20456202     	0.20679972     	0.20449266     	0.20233466     	0.2056621      	0.20668885     	0.21964625     	0.2442277      	0.22435935     	0.22368956     	0.21981476     	0.20670879     	0.20064291     	0.19537327     	0.1549669      	0.12562476     	0.2052677      	0.20436658     	0.20879355     	0.20410031     	0.20609073     	0.21353127     	0.2102106      	0.20326002     	0.20683448     	0.20598017     	0.2077437      	0.20919877     	0.21295899     	0.2045164      	0.20791815     	0.20962583     	0.21039012     	0.20902558     	0.20648508     	0.20569853     	0.2088238      	0.20934965     	0.21162026     	0.20891607     	0.20694052     	0.20287637     	0.20355022     	0.2072147      	0.20251292     	0.19896512     	0.20221262     	0.1581991      	0.16626291     	0.20828529     	0.2113784      	0.2108655      	0.20803927     	0.20649566     	0.20682716     	0.21195549     	0.2083906      	0.20570746     	0.20770803     	0.21315521     	0.20993714     	0.20862515     	0.20418815     	0.2052914      	0.2072414      	0.2095834      	0.21241508     	0.2103829      	0.18906125     	
0.19801733     	0.20926651     	0.20539859     	0.20903592     	0.20386776     	0.20527591     	0.13904746     	0.20958762     	0.21057048     	0.21187754     	0.204974       	0.20473275     	0.12261607     	0.21539196     	0.21130009     	0.20556697     	0.2122292      	0.20767592     	0.20554744     	0.20801464     	0.20128062     	0.20568722     	0.20980522     	0.20279545     	0.21322463     	0.20329411     	0.21116911     	0.20938529     	0.20607895     	0.20580368     	0.21270204     	0.2088488      	0.20411627     	0.2000637      	0.19455853     	0.21585634     	0.25838992     	0.23295762     	0.22734086     	0.22935341     	0.21958919     	0.21152033     	0.20763285     	0.20620331     	0.19688839     	0.18163864     	0.16108933     	0.15209346     	0.21449976     	0.2080654      	0.21100366     	0.20671535     	0.20964977     	0.21039101     	0.20937198     	0.21000335     	0.20817654     	0.20397274     	0.20167775     	0.2059781      	0.2093134      	0.21175715     	0.2073399      	0.21497138     	0.20527567     	0.20200959     	0.20817836     	0.21406217     	0.21046595     	0.20694214     	0.20800923     	0.21293062     	0.21052656     	0.20926581     	0.20884648     	0.2079722      	0.20255981     	0.19634624     	0.19464318     	0.14204359     	0.16758932     	0.20759808     	0.21405125     	0.20980799     	0.20858724     	0.2123082      	0.21188532     	0.210373       	0.2061152      	0.20756914     	0.20318836     	0.206443       	0.20725276     	0.20581819     	0.20938982     	0.20369394     	0.20403746     	0.20963012     	0.20857511     	0.2071766      	
0.21050934     	0.20909879     	0.2167311      	0.20560083     	0.20523328     	0.20923351     	0.21047716     	0.20891045     	0.2108831      	0.20942016     	0.21701173     	0.21069165     	0.20403337     	0.1995213      	0.19441952     	0.1796142      	0.16387764     	0.21509612     	0.20431249     	0.20717968     	0.20672621     	0.20332707     	0.20838001     	0.20967458     	0.20576833     	0.20631424     	0.20843756     	0.20648153     	0.20782746     	0.20239036     	0.2022381      	0.20635796     	0.20974186     	0.20258301     	0.20719047     	0.27754864     	0.25150967     	0.23297714     	0.22189672     	0.21645086     	0.2122847      	0.22345175     	0.20981577     	0.20282413     	0.19364475     	0.21338935     	0.19009458     	0.17981987     	0.16015059     	0.21268441     	0.20856906     	0.21017998     	0.21211751     	0.20796475     	0.21800563     	0.20619455     	0.20477815     	0.2112322      	0.20594773     	0.21175788     	0.20539354     	0.21012156     	0.20558968     	0.21472675     	0.21082628     	0.20945893     	0.20748556     	0.21275717     	0.21322162     	0.20622025     	0.20773512     	0.20660713     	0.21026523     	0.21361972     	0.20897292     	0.20922452     	0.20661542     	0.19963756     	0.20001887     	0.16395442     	0.10518505     	0.20447394     	0.20556569     	0.21374393     	0.21371348     	0.20974268     	0.20989114     	0.20409717     	0.21180831     	0.20713273     	0.21031031     	0.21009494     	0.2047088      	0.20726222     	0.20862333     	0.20947134     	0.20572916     	0.20525554     	0.20798135     	0.2072956      	
0.20956744     	0.19719988     	0.22083828     	0.21566582     	0.21276756     	0.21354182     	0.20671143     	0.20920062     	0.20837139     	0.20661826     	0.2026162      	0.20623673     	0.2045902      	0.19706357     	0.19973603     	0.18219335     	0.14807783     	0.20655353     	0.2027886      	0.21101765     	0.21031247     	0.20781307     	0.20991749     	0.206685       	0.21689151     	0.20690064     	0.20623627     	0.20983757     	0.20495643     	0.21128722     	0.2082259      	0.20992704     	0.20203589     	0.204547       	0.2614536      	0.21312104     	0.24604782     	0.22779435     	0.19219676     	0.15225591     	0.22098386     	0.22261526     	0.20658447     	0.20088883     	0.19642198     	0.22560346     	0.20111562     	0.17009649     	0.14486235     	0.20397711     	0.21044609     	0.21100637     	0.21504168     	0.21007818     	0.20283829     	0.20597517     	0.20404717     	0.21067719     	0.21055509     	0.20907572     	0.21329        	0.21260543     	0.21136355     	0.20508546     	0.21362023     	0.20914677     	0.21833271     	0.20877564     	0.21075156     	0.20884912     	0.20423329     	0.2103955      	0.20888688     	0.20057939     	0.20665567     	0.20644885     	0.20766744     	0.20106035     	0.20732471     	0.20174173     	0.17664352     	0.10978543     	0.21209596     	0.20452102     	0.20205922     	0.20968264     	0.20416495     	0.20854579     	0.21157347     	0.21063969     	0.20744775     	0.2028708      	0.20545588     	0.21151622     	0.20856307     	0.2036668      	0.2052267      	0.20490861     	0.20724705     	0.20793594     	
0.20832668     	0.210653       	0.21347758     	0.21058238     	0.2062154      	0.21258236     	0.20244934     	0.21158119     	0.20962945     	0.20596659     	0.2082152      	0.21299213     	0.20922582     	0.2029827      	0.20523097     	0.20709218     	0.15970367     	0.10657884     	0.2064264      	0.20637023     	0.20667697     	0.21151045     	0.2057104      	0.21281567     	0.20332104     	0.20737393     	0.20736797     	0.20904312     	0.20896557     	0.20762043     	0.20710842     	0.21159217     	0.20406684     	0.19946535     	0.24839875     	0.23056711     	0.21175604     	0.2334175      	0.2095376      	0.14868295     	0.21549909     	0.21200022     	0.20096928     	0.19765437     	0.15396187     	0.16087896     	0.19397819     	0.17567074     	0.13587011     	0.20621467     	0.20749445     	0.20451795     	0.20838873     	0.20811583     	0.20972653     	0.20825635     	0.20991848     	0.20823155     	0.20590283     	0.20823266     	0.21480885     	0.20781997     	0.20557351     	0.2097561      	0.2083929      	0.21106909     	0.21052831     	0.21093002     	0.21092217     	0.20496339     	0.20902365     	0.2083784      	0.2116596      	0.20428562     	0.2048601      	0.20434433     	0.20477183     	0.20296249     	0.20214574     	0.20050208     	0.14858691     	0.11372423     	0.2104254      	0.2135275      	0.19764666     	0.21030267     	0.21022157     	0.20584296     	0.2066973      	0.20947616     	0.20759448     	0.20639819     	0.21212952     	0.2125272      	0.2097201      	0.20632063     	0.2091961      	0.20792307     	0.20705694     	0.20140992     	
0.20341842     	0.20932788     	0.20854129     	0.20519337     	0.21302901     	0.20436493     	0.20647442     	0.20709075     	0.20767014     	0.21121073     	0.20053713     	0.2045005      	0.20933796     	0.20868966     	0.19245121     	0.19938129     	0.19224176     	0.17005901     	0.08471614     	0.20516989     	0.20168574     	0.2065464      	0.20631655     	0.21414174     	0.20352665     	0.20932946     	0.21076998     	0.20807095     	0.20516662     	0.20433341     	0.21158284     	0.20566097     	0.20614801     	0.20162317     	0.20431007     	0.1989474      	0.22569905     	0.22015834     	0.21039295     	0.22380969     	0.21039656     	0.20677638     	0.19797005     	0.20645463     	0.18345705     	0.15333255     	0.2073323      	0.20579034     	0.2067315      	0.20999259     	0.21064597     	0.21198279     	0.20704792     	0.20824139     	0.19926174     	0.20485252     	0.2067945      	0.20708908     	0.2101307      	0.20616609     	0.20634629     	0.20022005     	0.20956492     	0.20711452     	0.20174202     	0.20441818     	0.21182644     	0.21161126     	0.20331411     	0.20233832     	0.21134347     	0.21050066     	0.20610653     	0.2064285      	0.20671326     	0.20882851     	0.20492342     	0.20702897     	0.20083715     	0.20539348     	0.20554703     	0.118911676    	0.093419455    	0.20268881     	0.21181051     	0.2052285      	0.215684       	0.2080328      	0.19637609     	0.21053806     	0.213162       	0.2037156      	0.20946601     	0.20753889     	0.21138196     	0.20379391     	0.20642886     	0.209303       	0.20589346     	0.20020683     	
0.20844674     	0.20691228     	0.20775598     	0.20255871     	0.20704095     	0.20664622     	0.20490782     	0.21136819     	0.20765208     	0.20990004     	0.21432143     	0.2032647      	0.20864265     	0.20227261     	0.20173553     	0.19695316     	0.21009234     	0.15966338     	0.13544981     	0.20901789     	0.21156709     	0.20592564     	0.21558458     	0.20757256     	0.2108865      	0.211822       	0.21249913     	0.19936849     	0.21266323     	0.20532107     	0.20764142     	0.20721985     	0.2050229      	0.20510377     	0.20278174     	0.20359805     	0.20217057     	0.20314264     	0.20908888     	0.20530823     	0.2013643      	0.20845014     	0.17990984     	0.21858838     	0.2094511      	0.21507695     	0.21445331     	0.20783752     	0.20727865     	0.21079074     	0.20720017     	0.21040878     	0.20647494     	0.21415296     	0.21137528     	0.2049881      	0.20306344     	0.2050622      	0.2024742      	0.21225771     	0.21023092     	0.20626083     	0.21247667     	0.20745939     	0.21083091     	0.21092774     	0.20458707     	0.20889929     	0.21105343     	0.20497945     	0.2049795      	0.20810612     	0.20302609     	0.21004964     	0.21017967     	0.20362942     	0.21429798     	0.20851496     	0.20410623     	0.20007294     	0.20696482     	0.19891995     	0.16377677     	0.14342374     	0.20967865     	0.20585151     	0.19967532     	0.20910624     	0.20396492     	0.20670588     	0.20703274     	0.20689885     	0.20569049     	0.20182727     	0.20474121     	0.20521046     	0.21344085     	0.21234001     	0.2137924      	0.21020278     	
0.2051793      	0.20543687     	0.20774877     	0.20423163     	0.21154231     	0.20421068     	0.2013404      	0.20873426     	0.2009742      	0.20770262     	0.20195179     	0.20910248     	0.20982827     	0.20284612     	0.20879103     	0.19856413     	0.2017416      	0.20292999     	0.15691778     	0.11479325     	0.20747006     	0.21149999     	0.20845187     	0.20971185     	0.20668772     	0.20143622     	0.20106997     	0.20791389     	0.20958649     	0.20665024     	0.2086838      	0.20684952     	0.20814447     	0.20562239     	0.21308441     	0.20804799     	0.20819327     	0.21423467     	0.20892024     	0.209221       	0.20683473     	0.18956567     	0.20363213     	0.20070782     	0.21677664     	0.2108534      	0.21754512     	0.2068904      	0.20812754     	0.21164057     	0.21149616     	0.21345714     	0.20757087     	0.2103532      	0.20849563     	0.2035325      	0.20833947     	0.21211994     	0.21100946     	0.20272729     	0.21086784     	0.20601468     	0.2093973      	0.20462862     	0.21097353     	0.20709547     	0.21346988     	0.21004443     	0.20390664     	0.20905551     	0.20070544     	0.20771685     	0.21028015     	0.20714767     	0.20759077     	0.20787261     	0.2113924      	0.20781936     	0.20491578     	0.20202361     	0.19763142     	0.20076756     	0.14709628     	0.16521706     	0.21005887     	0.20259784     	0.20113242     	0.20952533     	0.20945877     	0.20770508     	0.20591864     	0.20400016     	0.21407206     	0.20526728     	0.20673874     	0.1994979      	0.20721051     	0.20797601     	0.20825744     	0.20772612     	
0.2123501      	0.20481431     	0.2046515      	0.22201917     	0.20521683     	0.20872813     	0.21248975     	0.2090385      	0.2028018      	0.2091632      	0.21167873     	0.20993808     	0.20943244     	0.20818257     	0.2115705      	0.208289       	0.19254951     	0.20419641     	0.15694787     	0.15582697     	0.21239436     	0.21095608     	0.20746599     	0.21231374     	0.20831896     	0.21321616     	0.2140484      	0.20529155     	0.20964631     	0.20607243     	0.21163833     	0.21586438     	0.21599989     	0.20557791     	0.20615198     	0.20456772     	0.20494062     	0.20834234     	0.20794553     	0.20627844     	0.20014843     	0.1735151      	0.23357539     	0.15370238     	0.21663494     	0.2171298      	0.21816652     	0.21312997     	0.20815863     	0.20892194     	0.20637275     	0.20607029     	0.20491527     	0.21298361     	0.2109476      	0.2079353      	0.20663196     	0.20556954     	0.20498273     	0.20462872     	0.20745915     	0.20950477     	0.20658389     	0.20693845     	0.20594005     	0.20660712     	0.20142215     	0.20636402     	0.20223656     	0.20115627     	0.20634025     	0.20744087     	0.21314684     	0.20695384     	0.20658638     	0.20682202     	0.20309615     	0.20973657     	0.21037932     	0.20556694     	0.20230578     	0.19877721     	0.19788471     	0.14538604     	0.118430234    	0.21009602     	0.20684032     	0.20629928     	0.20798697     	0.21162374     	0.20815091     	0.2125763      	0.20758969     	0.21161473     	0.2080773      	0.2088547      	0.20344932     	0.21136366     	0.20707524     	0.20873787     	
0.21168514     	0.20732425     	0.19859354     	0.20609696     	0.21321511     	0.20578761     	0.21113245     	0.20233245     	0.20587029     	0.20130938     	0.20588994     	0.20827404     	0.21143375     	0.20738466     	0.20513643     	0.20972256     	0.20433085     	0.19949855     	0.20029919     	0.13595699     	0.09873772     	0.20482954     	0.20899746     	0.20999898     	0.20574205     	0.20694041     	0.20558791     	0.20759736     	0.20143457     	0.2090533      	0.20968273     	0.20404214     	0.2109669      	0.21122833     	0.20390126     	0.20742194     	0.20630719     	0.21201585     	0.20976092     	0.2031247      	0.20604128     	0.20940423     	0.13957477     	0.21430972     	0.20639569     	0.21835029     	0.21213487     	0.21553941     	0.20929196     	0.20125405     	0.20859158     	0.21278417     	0.20305985     	0.21078639     	0.21061286     	0.20717789     	0.20208421     	0.20807278     	0.20864208     	0.2142917      	0.20243767     	0.20864123     	0.21071257     	0.20360442     	0.20701791     	0.21052717     	0.21392994     	0.21105418     	0.20563728     	0.21297516     	0.20229532     	0.21016389     	0.2129851      	0.2093982      	0.20980953     	0.20577513     	0.2033659      	0.20474337     	0.20571464     	0.20889954     	0.2050825      	0.19962756     	0.20611413     	0.16723254     	0.16629276     	0.21285611     	0.19939488     	0.20604207     	0.20042971     	0.20913246     	0.215241       	0.20787697     	0.20738758     	0.2052484      	0.20446989     	0.20568812     	0.20694332     	0.2072003      	0.20879015     	0.20520829     	
