# www.neaspec.com
# Scan:	 	AFM
# Project:	 	20251007_PS
# Description:	 	
# Date:	 	10/07/2025 10:43:47
# Scanner Center Position (X, Y):	[µm]	49.99	50.01	 
# Rotation:	[°]	0	 	 
# Scan Area (X, Y, Z):	[µm]	5.000	5.000	0.000
# Pixel Area (X, Y, Z):	[px]	100	50	1
# Averaging:	 	1	 	 
# Integration time:	[ms]	5	 	 
# Laser Source:	 	4.5-15 µm nano-FTIR laser
# Detector:	 	R
# Target Wavelength:	[µm]	7.502	 	 
# Demodulation Mode:	 	Fourier
# Tip Frequency:	[Hz]	241,340.500	 	 
# Tip Amplitude:	[mV]	45.700	 	 
# Tapping Amplitude:	[nm]	79.665	 	 
# Modulation Frequency:	[Hz]	0.000	 	 
# Modulation Amplitude:	[mV]	0.000	 	 
# Modulation Offset:	[mV]	0.000	 	 
# Setpoint:	[%]	79.75	 	 
# Regulator (P, I, D):	 	4.206850	8.625812	1.000000
# Tip Potential:	[mV]	0.000	 	 
# M1A Scaling:	[nm/V]	0.426	 	 
# M1A Cantilever Factor:	 	1,000	 	 
# Q-Factor:	 	487.4	 	 
# Version:	 	2.1.11536.0
0.02040721     	0.019445512    	0.01811386     	0.015155438    	0.016681908    	0.016063215    	0.019846285    	0.014111735    	0.016936582    	0.014095006    	0.017259534    	0.015582632    	0.016928501    	0.017274415    	0.017838938    	0.01645205     	0.014455032    	0.019033808    	0.018821878    	0.014250462    	0.019397834    	0.015288341    	0.020386305    	0.02062425     	0.018545467    	0.019913448    	0.0150275575   	0.015983172    	0.015602674    	0.019319518    	0.0133486055   	0.02001698     	0.014538635    	0.013218795    	0.017028997    	0.017390292    	0.013943196    	0.016752698    	0.019784098    	0.020780042    	0.017559461    	0.01928797     	0.015541999    	0.017641485    	0.020689491    	0.022424862    	0.015615317    	0.01603019     	0.01587034     	0.020057574    	0.012826349    	0.017113276    	0.016913813    	0.0145569      	0.017349761    	0.01739733     	0.017353797    	0.016797721    	0.017576888    	0.014904908    	0.015453433    	0.015372904    	0.017123759    	0.013323686    	0.015729934    	0.018598588    	0.01789173     	0.015725035    	0.015135916    	0.014931356    	0.014745185    	0.017278653    	0.0163307      	0.01844599     	0.017575009    	0.018300053    	0.016666437    	0.021063436    	0.017113592    	0.01642526     	0.017565126    	0.017520322    	0.014753011    	0.00955833     	0.015532927    	0.018831918    	0.022655357    	0.018284073    	0.020456983    	0.020007923    	0.012071923    	0.016376127    	0.01149321     	0.017030623    	0.004327819    	0.01637395     	0.015079441    	0.01793908     	0.015928086    	0.024813093    	
0.018618025    	0.022673236    	0.021911275    	0.018265389    	0.019089527    	0.01794937     	0.014847406    	0.0127728265   	0.012909848    	0.018041104    	0.014329887    	0.018075304    	0.015816163    	0.0151170585   	0.016183449    	0.017319629    	0.019838275    	0.017022144    	0.01677937     	0.018757034    	0.013872135    	0.017308643    	0.016083185    	0.021193175    	0.01289069     	0.014106819    	0.01651787     	0.017474774    	0.0142254345   	0.018565558    	0.017354703    	0.01957946     	0.016898919    	0.020027092    	0.015725357    	0.017436516    	0.0147736      	0.014087453    	0.016312685    	0.016728513    	0.0154322265   	0.020464994    	0.016275514    	0.021428661    	0.020189289    	0.014611184    	0.014682578    	0.01404415     	0.016948925    	0.016293127    	0.016825214    	0.011767872    	0.023389421    	0.017561954    	0.015261038    	0.016461074    	0.018347442    	0.019273663    	0.017060872    	0.01900476     	0.018991414    	0.018472405    	0.021915449    	0.0191613      	0.014581598    	0.023359962    	0.014352699    	0.015202981    	0.017935086    	0.018170968    	0.016354041    	0.014931036    	0.01271005     	0.017187728    	0.015764622    	0.017993117    	0.020648416    	0.020982228    	0.021123195    	0.021813182    	0.010677537    	0.016063921    	0.016829994    	0.016663168    	0.015542815    	0.025254805    	0.013570811    	0.015554572    	0.017250387    	0.0152640585   	0.018700399    	0.015258253    	0.017030606    	0.015000061    	0.017739087    	0.016524514    	0.018034292    	0.01771575     	0.01663722     	0.020739052    	
0.015232849    	0.022459535    	0.01983962     	0.015922975    	0.018802632    	0.019106159    	0.019720778    	0.017234545    	0.0146829905   	0.017868722    	0.015122214    	0.018146312    	0.0152045      	0.015003301    	0.017505743    	0.018202372    	0.015924953    	0.0144315995   	0.017501809    	0.023853077    	0.012683399    	0.017976284    	0.018409248    	0.0146461455   	0.015277688    	0.019634034    	0.02161414     	0.018486647    	0.015745763    	0.017535994    	0.013935538    	0.014373465    	0.018141972    	0.019560682    	0.017074468    	0.01681051     	0.015665518    	0.01583091     	0.017257234    	0.014626937    	0.017218292    	0.019413762    	0.012937071    	0.016942697    	0.008855328    	0.017626947    	0.018889973    	0.015465273    	0.0180564      	0.017378682    	0.014391577    	0.016036296    	0.01589023     	0.020257512    	0.019014282    	0.016931722    	0.015774395    	0.022211354    	0.014127121    	0.014770549    	0.019930644    	0.012686692    	0.016643897    	0.016409198    	0.022264633    	0.012111391    	0.01911399     	0.01837237     	0.019092856    	0.018760474    	0.013652437    	0.01602356     	0.015880186    	0.018537594    	0.01496571     	0.01929514     	0.014631907    	0.017257486    	0.020570582    	0.018085891    	0.018048724    	0.025113558    	0.02047928     	0.018553866    	0.0157294      	0.014709083    	0.014460335    	0.016692622    	0.017753955    	0.016720638    	0.016731871    	0.017370224    	0.02007316     	0.020829493    	0.013188589    	0.01678538     	0.016191617    	0.017416602    	0.0153621845   	0.011520158    	
0.016203716    	0.016176553    	0.01581002     	0.014237449    	0.016917413    	0.021554131    	0.022531793    	0.018015493    	0.020055328    	0.020419616    	0.01496361     	0.017814048    	0.0128529165   	0.018809792    	0.016693495    	0.01856667     	0.01843204     	0.017915323    	0.01908973     	0.015937762    	0.011694393    	0.016261484    	0.021338891    	0.016574912    	0.015436523    	0.019444684    	0.023916828    	0.015019534    	0.017793361    	0.021285456    	0.017385349    	0.019844195    	0.01263887     	0.021341776    	0.020641172    	0.0133993225   	0.018646777    	0.011075176    	0.017488144    	0.016190218    	0.017220465    	0.016462838    	0.017826768    	0.01973652     	0.019152327    	0.018644733    	0.0179711      	0.018540721    	0.016630756    	0.017846696    	0.0126678      	0.021664979    	0.014718142    	0.016745968    	0.016445402    	0.015016752    	0.020654092    	0.014985631    	0.02025601     	0.021305948    	0.0182899      	0.01614482     	0.023314523    	0.016655033    	0.020188555    	0.016860249    	0.019508472    	0.013067948    	0.017321115    	0.022273177    	0.015249841    	0.018416097    	0.015943503    	0.018941125    	0.015626064    	0.020360207    	0.01756219     	0.018336643    	0.02074425     	0.017105347    	0.018224714    	0.01005832     	0.014167763    	0.017687827    	0.012223578    	0.020096809    	0.011410822    	0.017772216    	0.016674228    	0.022875981    	0.017005576    	0.017692873    	0.018815279    	0.01337434     	0.01400891     	0.017239293    	0.016072748    	0.020634392    	0.014612967    	0.01517336     	
0.020807449    	0.021619739    	0.021469925    	0.01797769     	0.017666861    	0.015943183    	0.015951334    	0.018832017    	0.014715965    	0.017904028    	0.01860886     	0.017287586    	0.014788966    	0.017820511    	0.021053528    	0.014773098    	0.017622031    	0.014664785    	0.019215345    	0.020655034    	0.012552365    	0.020761726    	0.01726988     	0.019518245    	0.015952839    	0.015040144    	0.012877276    	0.011378742    	0.016837422    	0.012316781    	0.013614124    	0.018374851    	0.022032002    	0.015320715    	0.015877338    	0.019259674    	0.020924846    	0.021297684    	0.021218916    	0.020517252    	0.012987806    	0.0148947025   	0.012961128    	0.010321636    	0.015835376    	0.016344622    	0.018977521    	0.014173566    	0.019028839    	0.015019457    	0.020304823    	0.016222082    	0.013377681    	0.016277025    	0.020474548    	0.020915655    	0.014591529    	0.019832976    	0.012798774    	0.019968776    	0.020705074    	0.02146326     	0.018677445    	0.01798        	0.012433072    	0.01749495     	0.01614498     	0.014654022    	0.019225257    	0.017909534    	0.016953975    	0.015636593    	0.021948991    	0.013251763    	0.0131996125   	0.01707755     	0.014782143    	0.017633678    	0.021673234    	0.015569182    	0.020330194    	0.015415906    	0.020437349    	0.01804474     	0.009596206    	0.021180801    	0.01860342     	0.017215632    	0.011749071    	0.017842859    	0.021673365    	0.02149127     	0.020620901    	0.017418144    	0.0127252545   	0.017016474    	0.017900057    	0.015676895    	0.020380221    	0.017860238    	
0.021574302    	0.017408296    	0.015817318    	0.02271002     	0.021971192    	0.018229973    	0.018108923    	0.017441386    	0.014358335    	0.0139166005   	0.014684973    	0.017988788    	0.015788341    	0.016281566    	0.012170981    	0.020790106    	0.018671995    	0.016590307    	0.016701663    	0.014962968    	0.01189426     	0.0174766      	0.016790355    	0.01186514     	0.019320246    	0.016092759    	0.015243504    	0.019982232    	0.019858163    	0.018612124    	0.01633244     	0.014112678    	0.015589846    	0.01981987     	0.020978002    	0.012885667    	0.015485137    	0.023242328    	0.014370069    	0.01460111     	0.017225487    	0.018781535    	0.01651757     	0.018044524    	0.015049697    	0.017196529    	0.011466023    	0.021346845    	0.02252139     	0.01896805     	0.016072951    	0.012934236    	0.019758042    	0.0166656      	0.020897156    	0.017624052    	0.016367117    	0.011689915    	0.01611551     	0.0063786414   	0.018477438    	0.019091379    	0.020822141    	0.01770263     	0.017656377    	0.0142052155   	0.014473173    	0.01627801     	0.017475048    	0.024099942    	0.012576206    	0.019616539    	0.016174106    	0.016336564    	0.016628554    	0.01936951     	0.015462718    	0.01379749     	0.020642191    	0.016245754    	0.01673377     	0.016695773    	0.014488618    	0.023720702    	0.018061586    	0.008459695    	0.017038291    	0.016827682    	0.0198763      	0.0124410475   	0.016927404    	0.015734473    	0.0135173      	0.017863104    	0.019071313    	0.014923377    	0.014561789    	0.017242003    	0.017501157    	0.015247589    	
0.018147295    	0.015165688    	0.015240829    	0.018865716    	0.017315049    	0.015487627    	0.018504642    	0.020414371    	0.015877288    	0.021068376    	0.018274361    	0.013722484    	0.016660996    	0.015393665    	0.01650917     	0.021306444    	0.018828837    	0.010309599    	0.014348833    	0.015906962    	0.016817762    	0.01765483     	0.014307919    	0.012717411    	0.0198361      	0.01743526     	0.023962379    	0.014638798    	0.01813239     	0.018886551    	0.019472294    	0.019238751    	0.019354295    	0.01690867     	0.020718027    	0.017517379    	0.01862543     	0.016632622    	0.012187599    	0.019163463    	0.014750677    	0.018416114    	0.01834171     	0.01747233     	0.019097893    	0.018539906    	0.016741423    	0.018691136    	0.019440293    	0.017478755    	0.01192758     	0.010974558    	0.014311803    	0.0172905      	0.016513558    	0.011679118    	0.01971236     	0.018190652    	0.017953662    	0.020136576    	0.013740794    	0.012291079    	0.014017762    	0.014176073    	0.01331222     	0.020517817    	0.019239329    	0.016457947    	0.018654995    	0.01463639     	0.015251002    	0.01694588     	0.019002575    	0.015025348    	0.017026432    	0.013759649    	0.01436295     	0.015686547    	0.014008482    	0.01683238     	0.015445065    	0.020327369    	0.017955655    	0.018123971    	0.01339729     	0.010910187    	0.017528567    	0.017188493    	0.018383458    	0.015261996    	0.020371526    	0.014978812    	0.018303864    	0.019767921    	0.017335711    	0.018959448    	0.01729767     	0.02017529     	0.010811726    	0.018599724    	
0.01598479     	0.012101228    	0.013418321    	0.017508354    	0.015411178    	0.014997494    	0.016954623    	0.017213205    	0.016915027    	0.016804462    	0.016173158    	0.02107397     	0.017148267    	0.014683998    	0.016782723    	0.015784044    	0.01562341     	0.012090853    	0.012212826    	0.01953782     	0.019796865    	0.018061664    	0.0145882005   	0.015208772    	0.018778956    	0.014974073    	0.016540844    	0.022471918    	0.017665278    	0.017791845    	0.020214086    	0.023042453    	0.01938479     	0.018246725    	0.011449589    	0.015562019    	0.015735375    	0.01648684     	0.015850013    	0.01988826     	0.010277677    	0.017437255    	0.012779289    	0.014624631    	0.014590291    	0.011555482    	0.013304279    	0.0141235385   	0.016329318    	0.016668774    	0.015963059    	0.02096485     	0.013879046    	0.013561696    	0.018360797    	0.020775707    	0.020573528    	0.014195854    	0.019939194    	0.015186154    	0.016604545    	0.020357812    	0.009468551    	0.01701141     	0.015469372    	0.018714214    	0.016583206    	0.011620053    	0.017091235    	0.014099252    	0.01833866     	0.017967438    	0.018053383    	0.0161047      	0.014743609    	0.016884357    	0.022282789    	0.01609352     	0.01693042     	0.01647096     	0.014591919    	0.02106641     	0.02188938     	0.014199857    	0.02395604     	0.01682493     	0.019710561    	0.017184123    	0.018658295    	0.019460043    	0.02089135     	0.012423974    	0.020917904    	0.017725475    	0.018792253    	0.013958077    	0.016882012    	0.014234085    	0.01597477     	0.022640346    	
0.01841986     	0.02295373     	0.016676893    	0.014534668    	0.013552855    	0.018955907    	0.010324665    	0.019458193    	0.016610408    	0.015141817    	0.014333113    	0.018203946    	0.01889939     	0.018229289    	0.015115032    	0.015997505    	0.013514224    	0.016335858    	0.020143254    	0.01780222     	0.013165079    	0.01214718     	0.01806545     	0.016720597    	0.014261939    	0.018336974    	0.01726375     	0.013279713    	0.022098282    	0.012284172    	0.018523147    	0.019475894    	0.017548911    	0.01767477     	0.017172905    	0.015117579    	0.015179674    	0.019209353    	0.018688781    	0.019142784    	0.016330697    	0.017171226    	0.020360973    	0.018724548    	0.018754866    	0.015547569    	0.015457385    	0.016251594    	0.013899156    	0.014962533    	0.018789032    	0.0149238305   	0.018353026    	0.01837597     	0.014528147    	0.020466626    	0.013139049    	0.020055506    	0.021602869    	0.015764564    	0.019181859    	0.02462924     	0.014544758    	0.023651747    	0.01941968     	0.021559112    	0.021299269    	0.01905884     	0.020550065    	0.020609688    	0.023649223    	0.01645414     	0.011889176    	0.019768344    	0.01573152     	0.023579609    	0.018535016    	0.017770581    	0.023269296    	0.017185306    	0.016022706    	0.016481359    	0.014878851    	0.01683234     	0.021877008    	0.015698878    	0.013480599    	0.021011317    	0.013030707    	0.014551664    	0.020149836    	0.019109417    	0.016215386    	0.013854514    	0.016883591    	0.02093218     	0.01867736     	0.016947174    	0.015275749    	0.015319536    	
0.016689392    	0.018447116    	0.018436218    	0.018970732    	0.019623093    	0.017163968    	0.0157075      	0.020366255    	0.015493362    	0.015130531    	0.013911451    	0.017584544    	0.016474871    	0.016589032    	0.020252662    	0.019404156    	0.018510288    	0.016328065    	0.017877197    	0.015701838    	0.01780751     	0.018719623    	0.020586582    	0.015844231    	0.0205746      	0.01906528     	0.022187332    	0.014967734    	0.013727568    	0.01805236     	0.012287144    	0.016705357    	0.018055696    	0.01493234     	0.013396788    	0.012549635    	0.016878901    	0.014738148    	0.018256258    	0.013820441    	0.011670094    	0.018038897    	0.018146407    	0.019050697    	0.017463308    	0.021142485    	0.020278178    	0.01611779     	0.015443607    	0.018368723    	0.019613387    	0.013876675    	0.01615084     	0.02114743     	0.014980698    	0.018955074    	0.016753688    	0.01878068     	0.02029249     	0.017679261    	0.015577268    	0.0155104045   	0.024537833    	0.0072462996   	0.018911261    	0.021469297    	0.013488145    	0.018867353    	0.019682964    	0.016159307    	0.012820158    	0.02025454     	0.0155464215   	0.016942129    	0.01773488     	0.017280234    	0.013009414    	0.019714031    	0.015605834    	0.017994413    	0.01843176     	0.017306138    	0.017569128    	0.015944764    	0.015818382    	0.01653498     	0.01309663     	0.0027572275   	0.013890768    	0.014605945    	0.022501756    	0.017963363    	0.01683482     	0.01900024     	0.022479914    	0.01522417     	0.020528672    	0.019107092    	0.014305975    	0.018529452    	
0.018061724    	0.014304267    	0.01603099     	0.020043604    	0.019455949    	0.02087053     	0.019335791    	0.015507481    	0.01253961     	0.016214238    	0.01658724     	0.017260956    	0.019311432    	0.02200764     	0.017781567    	0.019697297    	0.02067114     	0.01699467     	0.019876681    	0.012087282    	0.019774882    	0.015111673    	0.013141739    	0.01742406     	0.02083007     	0.017390605    	0.016770182    	0.015925338    	0.0150286425   	0.015617238    	0.018909197    	0.016581172    	0.016232938    	0.017763594    	0.019530497    	0.019102244    	0.013555322    	0.022308765    	0.017498463    	0.020600583    	0.01545021     	0.019866355    	0.020578466    	0.015024577    	0.019536143    	0.014951701    	0.020950632    	0.021193327    	0.020589415    	0.023282059    	0.015304617    	0.018912783    	0.016431415    	0.016275717    	0.018716926    	0.02151528     	0.019064443    	0.014668786    	0.01683893     	0.019375896    	0.013698243    	0.007321381    	0.015399107    	0.012620031    	0.017791271    	0.013635001    	0.019623455    	0.017652096    	0.0155463135   	0.018349996    	0.013670837    	0.015857207    	0.014564532    	0.013454987    	0.01725424     	0.016468784    	0.015392051    	0.020525884    	0.017335135    	0.013157263    	0.018367773    	0.019937828    	0.019191695    	0.020707598    	0.012784774    	0.024931097    	0.01170911     	0.008874037    	0.0133878235   	0.016046578    	0.0192448      	0.017272022    	0.0156021      	0.015502372    	0.01626944     	0.013829297    	0.016234295    	0.011798141    	0.016600382    	0.015691109    	
0.020236647    	0.02211262     	0.017338622    	0.01639571     	0.022961361    	0.01548994     	0.019402048    	0.01874985     	0.020481896    	0.016482068    	0.013011343    	0.011891724    	0.018453399    	0.02142732     	0.018397648    	0.019454414    	0.01571727     	0.017361222    	0.020720063    	0.017559871    	0.017452018    	0.01350068     	0.015517585    	0.017823229    	0.016130786    	0.017240565    	0.016610257    	0.016615583    	0.02126178     	0.014620742    	0.014090306    	0.018565577    	0.01906301     	0.01562592     	0.013991552    	0.018527478    	0.017420862    	0.013894296    	0.018008035    	0.017974244    	0.02380804     	0.011983806    	0.020032208    	0.01599623     	0.016295616    	0.018800769    	0.016584175    	0.01792611     	0.015598721    	0.020070551    	0.019056318    	0.0179404      	0.01728248     	0.018148208    	0.018699165    	0.015136914    	0.016244618    	0.015384451    	0.019681415    	0.019129442    	0.013462975    	0.018943345    	0.013966416    	0.022405526    	0.0085339025   	0.016212475    	0.020302774    	0.019946137    	0.015748283    	0.020739987    	0.016915575    	0.01589224     	0.016388236    	0.01666931     	0.02129857     	0.01814565     	0.013691034    	0.02209576     	0.011339303    	0.015400889    	0.022056168    	0.01733818     	0.015554426    	0.016166868    	0.018746093    	0.016393086    	0.01503407     	0.01499459     	0.0065672966   	0.020969413    	0.020672532    	0.018150292    	0.017940946    	0.017126815    	0.016064703    	0.01504017     	0.015397863    	0.016767379    	0.020661812    	0.017542776    	
0.014165066    	0.016229983    	0.017276065    	0.020381926    	0.015094261    	0.012442394    	0.014512859    	0.01705075     	0.014817041    	0.016524307    	0.023630083    	0.017570956    	0.017087834    	0.023457514    	0.014667498    	0.019257776    	0.014325163    	0.015233838    	0.017665073    	0.01935229     	0.016855706    	0.017078687    	0.017827526    	0.02533172     	0.014640467    	0.014988483    	0.015805835    	0.019858511    	0.017395072    	0.01239382     	0.016445775    	0.015656304    	0.020441256    	0.0139839435   	0.017658684    	0.01898648     	0.015546049    	0.017520158    	0.020530237    	0.017350677    	0.016249893    	0.01595019     	0.016888898    	0.018406002    	0.019861639    	0.02234749     	0.020777276    	0.017153759    	0.015323882    	0.018580599    	0.01680989     	0.013037047    	0.017642401    	0.019965159    	0.019552678    	0.018326009    	0.015748335    	0.020847542    	0.017851312    	0.014569318    	0.015648216    	0.020365512    	0.018977016    	0.017719734    	0.01782899     	0.012016934    	0.018655432    	0.01434323     	0.014875213    	0.014263918    	0.013983925    	0.016246187    	0.020135209    	0.018256044    	0.01717725     	0.018138742    	0.019515725    	0.019315073    	0.017877875    	0.017232401    	0.019850075    	0.020931464    	0.014988482    	0.02156783     	0.018431062    	0.017064417    	0.020768782    	0.0159601      	0.016008466    	0.012182472    	0.020084083    	0.016475728    	0.014457348    	0.022469373    	0.014781204    	0.018809816    	0.01473352     	0.013395759    	0.014420663    	0.018468427    	
0.018010894    	0.0186075      	0.019332998    	0.01588583     	0.016649216    	0.016876506    	0.017525515    	0.017186347    	0.019065153    	0.019135246    	0.017964456    	0.016532185    	0.022232907    	0.020175375    	0.017496249    	0.018893745    	0.020253858    	0.019778488    	0.024874069    	0.017364912    	0.018102735    	0.017602883    	0.014776233    	0.015565943    	0.012153942    	0.009087397    	0.01999946     	0.018628433    	0.017468601    	0.02177907     	0.02166416     	0.019578151    	0.014842015    	0.011453119    	0.020284368    	0.015636627    	0.01837007     	0.017072596    	0.013744566    	0.017944772    	0.016078498    	0.019364478    	0.018962268    	0.019251913    	0.016189355    	0.016929595    	0.015154574    	0.018436369    	0.017593116    	0.01357813     	0.017408475    	0.019538324    	0.013992053    	0.017403493    	0.02097838     	0.015186448    	0.015802035    	0.020181278    	0.013835878    	0.015035787    	0.015928263    	0.015390299    	0.012266917    	0.020505082    	0.01789115     	0.012075349    	0.022088474    	0.024049288    	0.019292718    	0.019288624    	0.011267735    	0.012394396    	0.022962203    	0.015533309    	0.017302461    	0.021907602    	0.019551892    	0.017507266    	0.024334377    	0.009561182    	0.013940062    	0.018928634    	0.019751037    	0.01665004     	0.018699544    	0.018617226    	0.019034674    	0.022711607    	0.018100603    	0.01189908     	0.012473554    	0.015687613    	0.020845925    	0.017384022    	0.015570525    	0.0152162835   	0.019033276    	0.0144834295   	0.015944587    	0.013448253    	
0.012898007    	0.0048723803   	0.006431078    	0.017424626    	0.016674742    	0.018679919    	0.019550052    	0.019012943    	0.021525724    	0.020532014    	0.018721035    	0.015740324    	0.025037177    	0.017102152    	0.010441858    	0.015348221    	0.012714554    	0.01666912     	0.02125127     	0.017352406    	0.017383121    	0.017827783    	0.019087482    	0.017719138    	0.018097386    	0.018342923    	0.013320922    	0.015339951    	0.021142684    	0.018196652    	0.019095814    	0.015837917    	0.015728202    	0.018741366    	0.017318994    	0.016718341    	0.016970368    	0.01372337     	0.015161509    	0.018743835    	0.02036029     	0.021171046    	0.020511111    	0.019006593    	0.019896707    	0.019120945    	0.012991995    	0.014367831    	0.019923998    	0.018625677    	0.014091888    	0.015374183    	0.012888051    	0.01802515     	0.016815942    	0.0138047105   	0.01635287     	0.017327873    	0.01922831     	0.018194256    	0.01501803     	0.011474059    	0.016237454    	0.01564527     	0.015438373    	0.021706706    	0.0126768565   	0.018393036    	0.017169043    	0.020238627    	0.016905475    	0.017766513    	0.013115851    	0.017585825    	0.017576817    	0.020911606    	0.019384088    	0.014696021    	0.015719986    	0.012547024    	0.013344875    	0.016369808    	0.019471113    	0.016261142    	0.015321197    	0.023055734    	0.01879054     	0.010367903    	0.019821372    	0.016759217    	0.013199889    	0.018216556    	0.019413041    	0.016315788    	0.01401054     	0.022595594    	0.020747403    	0.017770369    	0.01475285     	0.017939663    	
0.02005333     	0.021656523    	0.016707098    	0.011543772    	0.015138727    	0.016521437    	0.016749889    	0.021477435    	0.021522835    	0.01487817     	0.014199413    	0.019889431    	0.019570356    	0.01401795     	0.01434264     	0.02058158     	0.013473452    	0.018893644    	0.026058793    	0.016700437    	0.014296988    	0.018809302    	0.017870178    	0.017491613    	0.020115478    	0.018861605    	0.007878725    	0.021479936    	0.01846413     	0.021252904    	0.021034418    	0.017016126    	0.017692715    	0.01954204     	0.017825319    	0.016336057    	0.017256018    	0.021864822    	0.017580504    	0.013140586    	0.017944498    	0.017599013    	0.015567356    	0.020724015    	0.01190539     	0.01426934     	0.018759448    	0.018205006    	0.019528879    	0.018057091    	0.016759533    	0.016086679    	0.015168906    	0.016294552    	0.014890317    	0.020544425    	0.019486457    	0.017462354    	0.017456466    	0.01888901     	0.017387949    	0.014404825    	0.023061136    	0.019124424    	0.012957293    	0.022126283    	0.018687136    	0.017191775    	0.015561508    	0.015202       	0.015279324    	0.015183621    	0.016620101    	0.017992763    	0.017292194    	0.01855004     	0.016659869    	0.01649218     	0.020416588    	0.016278733    	0.017386874    	0.014063949    	0.016448224    	0.011779075    	0.018215232    	0.017104832    	0.017850224    	0.020842165    	0.020835135    	0.022803955    	0.014459074    	0.018759545    	0.019593354    	0.015690662    	0.019611338    	0.018480688    	0.014372505    	0.019328289    	0.021346048    	0.022113515    	
0.015408963    	0.016370626    	0.017108507    	0.02139143     	0.022274125    	0.01670044     	0.019238513    	0.015095687    	0.014131075    	0.018914592    	0.020904396    	0.018332042    	0.01849382     	0.015663384    	0.016486125    	0.015102676    	0.011908719    	0.02176383     	0.018259354    	0.015791072    	0.021190103    	0.015192262    	0.01844606     	0.02325867     	0.018244363    	0.026213806    	0.015643582    	0.013146042    	0.019934757    	0.014796435    	0.019352006    	0.018346976    	0.016236184    	0.015677858    	0.015390208    	0.018338336    	0.013669804    	0.014049471    	0.019555345    	0.021726927    	0.013227957    	0.018118912    	0.017341021    	0.01828193     	0.019383216    	0.018402861    	0.018154632    	0.018769156    	0.016878739    	0.021782773    	0.01656401     	0.020370772    	0.019130768    	0.016007103    	0.01589791     	0.017423121    	0.019872114    	0.0204407      	0.015423853    	0.01843116     	0.016551169    	0.020115351    	0.01527303     	0.02234404     	0.014625751    	0.02036808     	0.018896116    	0.006091889    	0.021828985    	0.018687947    	0.013003832    	0.013742763    	0.019802716    	0.0155514255   	0.01675758     	0.016582204    	0.013098708    	0.015574327    	0.016865086    	0.017212238    	0.017753156    	0.015040689    	0.017717319    	0.019989619    	0.016762935    	0.018449115    	0.01649558     	0.016603574    	0.015334552    	0.02516736     	0.012845565    	0.012250126    	0.015791832    	0.020752264    	0.016945086    	0.018767092    	0.018348005    	0.018036071    	0.015013249    	0.016414402    	
0.021142397    	0.017918017    	0.017368179    	0.012183544    	0.020746956    	0.02380785     	0.021378763    	0.011502211    	0.023919724    	0.012596294    	0.015945027    	0.017250506    	0.017363477    	0.017315192    	0.018752173    	0.020919649    	0.01586301     	0.019345868    	0.02016543     	0.01867264     	0.015545167    	0.021878358    	0.01924487     	0.010724843    	0.02091051     	0.02511669     	0.019481314    	0.012502119    	0.019254357    	0.014234359    	0.014843272    	0.016238105    	0.017302923    	0.017226884    	0.014122174    	0.018789396    	0.015753016    	0.018909398    	0.01872328     	0.015523419    	0.01870247     	0.016780287    	0.01911595     	0.021443158    	0.01646154     	0.014463252    	0.015274571    	0.020213278    	0.018385984    	0.019244786    	0.017336179    	0.014902185    	0.019917306    	0.015318248    	0.01669956     	0.014827574    	0.020774892    	0.0147322845   	0.013932106    	0.0155018      	0.015639722    	0.019582778    	0.019289479    	0.018319922    	0.019190552    	0.015257564    	0.016087992    	0.019636078    	0.013040976    	0.015659487    	0.016696723    	0.017983606    	0.015753439    	0.0149865905   	0.0148058385   	0.01960739     	0.014694607    	0.02119141     	0.016180491    	0.014301522    	0.018232355    	0.019640176    	0.017029883    	0.0179003      	0.01652224     	0.019461656    	0.016285006    	0.01348037     	0.01906124     	0.022084108    	0.01726997     	0.0096646035   	0.012029078    	0.014983922    	0.01894379     	0.016987309    	0.021881714    	0.017593175    	0.018195208    	0.0167904      	
0.020613987    	0.0197624      	0.018991893    	0.017571267    	0.010056497    	0.02128818     	0.022671292    	0.021761298    	0.017565725    	0.017728183    	0.017535124    	0.021015495    	0.016734008    	0.013441404    	0.010121853    	0.020108897    	0.017509056    	0.011922044    	0.01691034     	0.018738814    	0.017062057    	0.017015524    	0.015431317    	0.018967172    	0.014768079    	0.021331975    	0.022706987    	0.015794486    	0.014268143    	0.014545735    	0.016349625    	0.017068092    	0.015550029    	0.015329405    	0.01593884     	0.016395364    	0.023943972    	0.021305962    	0.020182047    	0.018720832    	0.01591881     	0.024135977    	0.017797377    	0.01595836     	0.014418499    	0.016263606    	0.017785188    	0.019778414    	0.017247064    	0.020050272    	0.01925269     	0.017898323    	0.012358393    	0.020174334    	0.014219467    	0.016004262    	0.017088026    	0.01749252     	0.017174304    	0.013894102    	0.020214653    	0.015867714    	0.015801525    	0.017601166    	0.023527376    	0.016340287    	0.014729722    	0.021543326    	0.017420307    	0.01382712     	0.018703494    	0.01596078     	0.016643716    	0.013783933    	0.0140827065   	0.018476084    	0.018000653    	0.018394927    	0.016349709    	0.01656973     	0.0154550085   	0.017551167    	0.017438157    	0.020245083    	0.013804989    	0.015597704    	0.017565502    	0.022475563    	0.016600426    	0.01686149     	0.01854663     	0.014662506    	0.012034846    	0.016542664    	0.014201804    	0.018954169    	0.017321717    	0.01854633     	0.017124766    	0.014719782    	
0.016946508    	0.016064232    	0.015747294    	0.022205176    	0.014729315    	0.016682897    	0.016603205    	0.020813042    	0.020697916    	0.020985277    	0.016767817    	0.019441802    	0.013932255    	0.015585438    	0.019562963    	0.013421422    	0.015303669    	0.019264812    	0.01703675     	0.017525246    	0.018723803    	0.012860637    	0.017770726    	0.015378344    	0.016244613    	0.01373773     	0.0210085      	0.01899311     	0.013165383    	0.01187695     	0.015269282    	0.022806283    	0.01603588     	0.016890531    	0.01829883     	0.017230097    	0.01635249     	0.018760324    	0.019421078    	0.019066468    	0.014501235    	0.019493898    	0.016834782    	0.016685434    	0.01818485     	0.015879476    	0.014855925    	0.014137438    	0.016164424    	0.01577573     	0.02429239     	0.022005852    	0.016496986    	0.015251748    	0.021636404    	0.020215226    	0.016727466    	0.016677704    	0.012755283    	0.017739698    	0.0190854      	0.017951075    	0.018629137    	0.018705385    	0.013047854    	0.01763594     	0.018687066    	0.018554768    	0.025167054    	0.015568841    	0.016154349    	0.014646536    	0.017402835    	0.0186209      	0.023243213    	0.023046905    	0.0136201205   	0.01811391     	0.015549003    	0.017926222    	0.018260684    	0.018808028    	0.014148747    	0.014770457    	0.019292368    	0.015208895    	0.015937617    	0.013416214    	0.017620295    	0.018561121    	0.015457784    	0.018719252    	0.018828455    	0.019091155    	0.01203452     	0.018533282    	0.014806163    	0.020070912    	0.022899669    	0.020889716    	
0.016287506    	0.014212027    	0.01278778     	0.017169118    	0.020088388    	0.0058005895   	0.014144662    	0.013170431    	0.018527666    	0.017923065    	0.019420622    	0.020756256    	0.01821127     	0.018359942    	0.018778631    	0.015378675    	0.014968616    	0.022072963    	0.016497133    	0.017306147    	0.018725427    	0.016796857    	0.015788523    	0.020432781    	0.018887894    	0.02308568     	0.01826912     	0.020027205    	0.014711313    	0.005049787    	0.015709385    	0.013628223    	0.020057522    	0.016912157    	0.020163199    	0.014693695    	0.014966784    	0.015621747    	0.015104835    	0.01895813     	0.016502503    	0.019514719    	0.015452448    	0.014625933    	0.018812172    	0.016276704    	0.014221188    	0.015478476    	0.0193012      	0.014272893    	0.021038726    	0.019963117    	0.0180241      	0.022507       	0.017343672    	0.015984053    	0.013745546    	0.020816948    	0.01777804     	0.018119233    	0.018397545    	0.016805874    	0.013323626    	0.020996833    	0.018525798    	0.01772447     	0.010388033    	0.014030617    	0.019624941    	0.0148080215   	0.014026589    	0.020743858    	0.020130694    	0.016825091    	0.013942614    	0.010468934    	0.01965928     	0.019009445    	0.017238323    	0.01596051     	0.016795285    	0.01603842     	0.016586147    	0.017583594    	0.0149713075   	0.014397722    	0.016092464    	0.01894712     	0.01728163     	0.01746029     	0.015664073    	0.017240284    	0.018701809    	0.017588763    	0.0139919175   	0.019665828    	0.011231912    	0.013348023    	0.018487502    	0.016420914    	
0.01945044     	0.017487952    	0.01852652     	0.020151025    	0.02271281     	0.0113100875   	0.019021027    	0.021423493    	0.023095006    	0.018171804    	0.019025384    	0.017685074    	0.013914251    	0.016954714    	0.015060213    	0.020153243    	0.013124558    	0.014141262    	0.018831482    	0.020217218    	0.016759165    	0.016838865    	0.013283691    	0.017699365    	0.021380732    	0.016638678    	0.021723276    	0.023394378    	0.025376264    	0.014488996    	0.0127647305   	0.019490285    	0.014294045    	0.015323986    	0.013617502    	0.015906256    	0.019723179    	0.016278826    	0.016522214    	0.016115548    	0.021807367    	0.01788413     	0.013637706    	0.018401496    	0.018924594    	0.022266155    	0.016353205    	0.011562565    	0.010733921    	0.018614538    	0.014201276    	0.019697532    	0.017494097    	0.017079132    	0.013326377    	0.016136872    	0.02149221     	0.017742228    	0.015329255    	0.016668923    	0.016553326    	0.01674649     	0.015789978    	0.016522564    	0.016209118    	0.015851667    	0.017706387    	0.015173457    	0.017810754    	0.013782525    	0.017673332    	0.014962897    	0.017404232    	0.017484816    	0.017927002    	0.0178489      	0.017874097    	0.01730209     	0.020404654    	0.018842664    	0.020283317    	0.017923238    	0.014978598    	0.015475207    	0.019402834    	0.02034543     	0.0147284      	0.017428687    	0.01593002     	0.014765726    	0.026472501    	0.018769022    	0.013522689    	0.021806132    	0.017373383    	0.016947143    	0.021085272    	0.014190486    	0.016387086    	0.011368911    	
0.017035943    	0.016944904    	0.011550023    	0.014410369    	0.013790971    	0.016264832    	0.011399737    	0.015395476    	0.016032564    	0.017135803    	0.01744362     	0.015078988    	0.014286814    	0.016747352    	0.011500585    	0.020899454    	0.015903411    	0.016873691    	0.018903883    	0.01316531     	0.019992651    	0.02014964     	0.017592203    	0.012588162    	0.01990543     	0.012220687    	0.01953266     	0.016126635    	0.017498383    	0.016516276    	0.010833392    	0.020706352    	0.017739577    	0.017826473    	0.019431466    	0.016155213    	0.023048801    	0.01809261     	0.018822625    	0.019229008    	0.015307466    	0.01644027     	0.019625228    	0.016313665    	0.016633758    	0.019895723    	0.0154308835   	0.01672839     	0.020213177    	0.013760292    	0.0143531645   	0.016158432    	0.015130122    	0.017199358    	0.017573621    	0.014839968    	0.015301486    	0.021311278    	0.020829948    	0.014804313    	0.015462632    	0.018734703    	0.017578755    	0.019746834    	0.019686049    	0.016617572    	0.014915009    	0.019116476    	0.017450906    	0.014275931    	0.0051427605   	0.015008214    	0.022681765    	0.01783324     	0.020097317    	0.019529086    	0.016812295    	0.013935121    	0.01707059     	0.019152664    	0.01760508     	0.017358826    	0.01767794     	0.019767107    	0.016847515    	0.016840044    	0.017247288    	0.015267751    	0.017163534    	0.021092523    	0.01677985     	0.015818572    	0.017846908    	0.013863963    	0.017153919    	0.01488656     	0.015646646    	0.019714596    	0.019284068    	0.019182224    	
0.01748046     	0.021142408    	0.0200128      	0.017546996    	0.02113784     	0.024243567    	0.013866244    	0.017890917    	0.018326538    	0.016374806    	0.015584936    	0.018437529    	0.01535291     	0.016867531    	0.022352165    	0.0176723      	0.014858616    	0.01562865     	0.016070582    	0.018341819    	0.017613413    	0.015187434    	0.017202837    	0.015572683    	0.017866436    	0.016284956    	0.01807446     	0.019736491    	0.012440835    	0.020647405    	0.019603956    	0.008491989    	0.015245875    	0.019138107    	0.01466163     	0.017783575    	0.016952833    	0.017075198    	0.012557658    	0.019249523    	0.013817105    	0.018294048    	0.020593457    	0.02171344     	0.01405397     	0.017677791    	0.014949174    	0.00935992     	0.016610174    	0.01326138     	0.019582171    	0.0151319755   	0.020664677    	0.017871637    	0.014410817    	0.013307549    	0.01784822     	0.019427503    	0.019454362    	0.016674267    	0.022244958    	0.015139341    	0.020592453    	0.020650905    	0.019561023    	0.019581797    	0.021216355    	0.01851682     	0.018845083    	0.006811036    	0.019820355    	0.019349843    	0.01590972     	0.01506004     	0.01932651     	0.012685855    	0.020468986    	0.01606277     	0.016796801    	0.020438254    	0.022114502    	0.02236119     	0.018982267    	0.014568847    	0.018384084    	0.019127883    	0.012038018    	0.015363031    	0.016111623    	0.015389534    	0.016686043    	0.021644576    	0.022039631    	0.020011155    	0.015513279    	0.01694082     	0.017061565    	0.016875796    	0.016533997    	0.020640621    	
0.015675925    	0.014862709    	0.017312203    	0.016884016    	0.011700886    	0.01732816     	0.016937358    	0.009321533    	0.013235424    	0.014436438    	0.01697793     	0.013500998    	0.02027603     	0.021310253    	0.016883232    	0.017309735    	0.021249602    	0.016179185    	0.01346529     	0.018426692    	0.016017295    	0.016528748    	0.01803028     	0.018534463    	0.012475505    	0.016059175    	0.0152983675   	0.016211975    	0.01803838     	0.020250434    	0.021972157    	0.015719026    	0.018206121    	0.015299175    	0.0151273785   	0.01684674     	0.019041104    	0.018064726    	0.020596664    	0.013856323    	0.019901372    	0.018676396    	0.013942757    	0.018454941    	0.017503714    	0.015400063    	0.016523188    	0.012997062    	0.017968617    	0.017280463    	0.016379016    	0.017761974    	0.0153878955   	0.021302864    	0.01585452     	0.013498511    	0.01565008     	0.019340454    	0.019777764    	0.019523174    	0.021904025    	0.01795791     	0.022587102    	0.008324714    	0.019880401    	0.024025768    	0.020148508    	0.01706752     	0.015559047    	0.02279062     	0.017246762    	0.015972046    	0.01895278     	0.011768006    	0.017191116    	0.012842648    	0.021394098    	0.017710265    	0.0150655415   	0.017157914    	0.020888722    	0.018170958    	0.017975401    	0.013409111    	0.014867833    	0.015887624    	0.020853698    	0.021144817    	0.017532507    	0.015019571    	0.019009566    	0.01184031     	0.017328711    	0.016091617    	0.015742568    	0.016189313    	0.016136391    	0.01601422     	0.01567889     	0.020074446    	
0.020933602    	0.015976261    	0.01381175     	0.01604421     	0.013907369    	0.018905692    	0.016736034    	0.015275524    	0.01179854     	0.014497829    	0.02038622     	0.015013306    	0.017372286    	0.017892146    	0.015301077    	0.01811048     	0.020751694    	0.017966436    	0.018087132    	0.019230425    	0.020935016    	0.017507639    	0.016810702    	0.018208422    	0.017018542    	0.01988769     	0.018521072    	0.017260889    	0.016565902    	0.02319543     	0.020330623    	0.01854054     	0.007723953    	0.021416944    	0.018297361    	0.0144883795   	0.01828169     	0.017333074    	0.019750401    	0.02039524     	0.016682487    	0.014215372    	0.021376975    	0.019138066    	0.010724091    	0.01526783     	0.017777998    	0.018804729    	0.01737997     	0.016413214    	0.015772792    	0.018393904    	0.020517927    	0.018724116    	0.020571036    	0.018079974    	0.0115282675   	0.021181865    	0.02190847     	0.015250014    	0.020091465    	0.01674243     	0.015778262    	0.015168614    	0.018623803    	0.015571631    	0.019790884    	0.012920704    	0.015064272    	0.014253527    	0.016905082    	0.017263236    	0.018087046    	0.021091076    	0.01793604     	0.01672341     	0.022137864    	0.019271465    	0.01849629     	0.016769897    	0.016746249    	0.020386416    	0.012140921    	0.019975584    	0.019971995    	0.017274631    	0.015606331    	0.013980014    	0.018496938    	0.017157467    	0.01268283     	0.01843663     	0.018680053    	0.022803998    	0.017582197    	0.019487841    	0.019002136    	0.01926227     	0.019965518    	0.016453603    	
0.019960191    	0.022677807    	0.01986834     	0.017038383    	0.013219774    	0.0178922      	0.016478121    	0.018532114    	0.014105368    	0.016560994    	0.016466567    	0.017141113    	0.020506946    	0.0174409      	0.016743042    	0.011532554    	0.018750105    	0.018275866    	0.017296577    	0.019868221    	0.016435819    	0.013438347    	0.017463073    	0.0129598705   	0.01619777     	0.017677175    	0.01456959     	0.015297909    	0.017710472    	0.02007111     	0.025882244    	0.015116449    	0.011451727    	0.019965384    	0.013205548    	0.017140578    	0.020519424    	0.017130801    	0.016953405    	0.0157717      	0.02340043     	0.019194284    	0.020758316    	0.022492368    	0.02322997     	0.013893399    	0.018920073    	0.026129548    	0.012415369    	0.019456854    	0.016207976    	0.017073365    	0.017049931    	0.015977323    	0.017187353    	0.020420525    	0.015413029    	0.013656299    	0.014987426    	0.014366545    	0.020153113    	0.020742988    	0.018257514    	0.019291047    	0.015034092    	0.0201577      	0.019426031    	0.021028953    	0.019509679    	0.015384317    	0.019594435    	0.017508892    	0.01954765     	0.021521209    	0.020913918    	0.01288529     	0.016072908    	0.019165494    	0.01460446     	0.018198162    	0.015668586    	0.017788356    	0.0142064495   	0.017041344    	0.01558497     	0.014787587    	0.017917003    	0.0177931      	0.017693492    	0.013405349    	0.017420549    	0.014243875    	0.018121991    	0.015086711    	0.018247707    	0.015667716    	0.015350321    	0.017230274    	0.020568313    	0.019343559    	
0.019359704    	0.019496284    	0.017259577    	0.017219668    	0.020030918    	0.015035526    	0.013234298    	0.020264812    	0.015965309    	0.017848765    	0.016395789    	0.018237337    	0.019632528    	0.017405534    	0.019123899    	0.019379398    	0.018163273    	0.018436575    	0.017882796    	0.015959563    	0.018590681    	0.0148097975   	0.018946828    	0.013444359    	0.010661752    	0.02201109     	0.014712558    	0.014699959    	0.015059454    	0.013215281    	0.017686538    	0.015322219    	0.016546275    	0.018556245    	0.013966067    	0.019727368    	0.014489098    	0.016993834    	0.019193223    	0.018928552    	0.01561601     	0.016865306    	0.021469723    	0.019752806    	0.016805904    	0.020239357    	0.021140113    	0.015534083    	0.01602995     	0.013354187    	0.018147072    	0.018061042    	0.019456144    	0.018312896    	0.017481474    	0.015891941    	0.01840851     	0.017360367    	0.017610805    	0.011998104    	0.015202022    	0.01776393     	0.021812167    	0.012886458    	0.018380834    	0.017173769    	0.01368256     	0.015896328    	0.015687823    	0.012569863    	0.012575341    	0.019693397    	0.013290024    	0.018220216    	0.015948504    	0.018674182    	0.01867958     	0.011698772    	0.017561816    	0.018221341    	0.022987626    	0.013326858    	0.017106727    	0.017511094    	0.014752174    	0.014584825    	0.016090298    	0.018142357    	0.016369577    	0.013779374    	0.017119223    	0.01888209     	0.016514055    	0.017367667    	0.015787175    	0.01743406     	0.012947251    	0.018879132    	0.015793942    	0.018938558    	
0.01563056     	0.013883853    	0.016091809    	0.017615614    	0.012031463    	0.012513861    	0.020072617    	0.018971886    	0.018026771    	0.012087052    	0.015830716    	0.01907329     	0.018633481    	0.01693315     	0.019298147    	0.017542258    	0.015806006    	0.019090192    	0.016624495    	0.021332948    	0.016089728    	0.016139576    	0.015706997    	0.016801655    	0.019146156    	0.017086519    	0.017981153    	0.016609326    	0.013950776    	0.015731456    	0.022622203    	0.015062346    	0.018077321    	0.018538803    	0.012777689    	0.016629022    	0.0130227925   	0.016472248    	0.010691627    	0.018781593    	0.016994586    	0.015663723    	0.015946925    	0.017183226    	0.01624233     	0.019124735    	0.017923295    	0.015208511    	0.022622421    	0.013595368    	0.01678416     	0.018034633    	0.017576778    	0.018232731    	0.014244449    	0.015876194    	0.020159293    	0.015329665    	0.021364558    	0.016409801    	0.014595385    	0.019166894    	0.018349648    	0.018677391    	0.018489046    	0.011003638    	0.01870248     	0.014111276    	0.018276168    	0.018859806    	0.014675789    	0.017850881    	0.017258449    	0.019847244    	0.015413186    	0.016876172    	0.018806443    	0.02118903     	0.015985511    	0.020791292    	0.01511945     	0.015416515    	0.019150594    	0.015205877    	0.015118029    	0.01624568     	0.018052436    	0.01679811     	0.017672189    	0.014773859    	0.016018508    	0.017521031    	0.018008867    	0.01947947     	0.014438602    	0.021040972    	0.019308187    	0.018123103    	0.015286558    	0.015823403    	
0.022239648    	0.022761146    	0.022361316    	0.017633256    	0.018334422    	0.017408       	0.018823128    	0.019006744    	0.017253561    	0.018933939    	0.010462052    	0.018890178    	0.020149328    	0.014189898    	0.01988981     	0.019460097    	0.019453075    	0.019201472    	0.017227512    	0.014230657    	0.012891862    	0.011971543    	0.013497186    	0.016151972    	0.0153422635   	0.016780032    	0.017333278    	0.0192322      	0.014905213    	0.015307384    	0.022969551    	0.015131693    	0.017410211    	0.013972773    	0.015848111    	0.015770137    	0.022223197    	0.019016242    	0.019621873    	0.020576488    	0.019795159    	0.018129956    	0.014110092    	0.020411022    	0.019175256    	0.019052638    	0.018109847    	0.018685536    	0.01821553     	0.011993874    	0.019411074    	0.01516325     	0.019627482    	0.01444919     	0.01674325     	0.017666748    	0.014171058    	0.018615402    	0.012490129    	0.01757426     	0.014890122    	0.017259104    	0.0178133      	0.018743942    	0.020783696    	0.01610999     	0.021422444    	0.018670501    	0.017796122    	0.01888194     	0.017914928    	0.018567543    	0.024379771    	0.018300474    	0.017641166    	0.013698392    	0.0155686205   	0.01264872     	0.017487299    	0.018597305    	0.016074836    	0.016305476    	0.019430403    	0.021388343    	0.014350825    	0.018457638    	0.016362363    	0.019713417    	0.019613288    	0.020513022    	0.023548998    	0.018014435    	0.021788143    	0.01794726     	0.014473052    	0.014922427    	0.019689826    	0.013023623    	0.01217576     	0.019583706    	
0.018898183    	0.012151102    	0.014275845    	0.017090386    	0.019806823    	0.017228447    	0.014691006    	0.017915582    	0.011978168    	0.021636825    	0.013695463    	0.020850336    	0.016328843    	0.022902722    	0.017594924    	0.02209309     	0.016890392    	0.01485574     	0.015741467    	0.019176673    	0.011928581    	0.019002182    	0.021248823    	0.016292626    	0.019784926    	0.010573259    	0.016240787    	0.018812519    	0.015598615    	0.017487084    	0.017140625    	0.018223004    	0.017826114    	0.023153584    	0.01736043     	0.020287422    	0.01643825     	0.019784672    	0.0140902065   	0.014763311    	0.015447885    	0.014937844    	0.020038586    	0.015244407    	0.01693363     	0.020658048    	0.020232042    	0.019655207    	0.01630421     	0.018319827    	0.01700218     	0.01555951     	0.018892702    	0.022294385    	0.015927175    	0.013724867    	0.020667452    	0.020653807    	0.020130541    	0.01949626     	0.016587764    	0.020131584    	0.016659535    	0.015901266    	0.014434653    	0.011838556    	0.017712012    	0.019422268    	0.012375682    	0.019412842    	0.01418615     	0.01481487     	0.015908794    	0.016482469    	0.01475623     	0.013890004    	0.016035296    	0.018877178    	0.012102297    	0.02093639     	0.02356277     	0.016098823    	0.017757919    	0.015090948    	0.016396223    	0.017284783    	0.019716393    	0.016675007    	0.016410135    	0.021359125    	0.014422713    	0.014891946    	0.012104901    	0.015213706    	0.016753472    	0.0137873255   	0.016584342    	0.017518999    	0.015201016    	0.01597494     	
0.020614797    	0.025763687    	0.024486143    	0.019350296    	0.01992178     	0.018671293    	0.016676113    	0.014602214    	0.016068248    	0.018498369    	0.012932927    	0.01774079     	0.015506652    	0.016746018    	0.01831294     	0.021422641    	0.015905006    	0.016756648    	0.019455556    	0.01962663     	0.016837358    	0.014447497    	0.016875358    	0.020406824    	0.019390779    	0.015893755    	0.014529405    	0.01819717     	0.01294826     	0.011589878    	0.015362792    	0.024478992    	0.018968316    	0.017396962    	0.015127304    	0.017402379    	0.023834124    	0.02136007     	0.019214017    	0.02246613     	0.016616367    	0.018840639    	0.01840789     	0.021882618    	0.021149771    	0.014134716    	0.018731022    	0.014973418    	0.018288145    	0.018035077    	0.012437682    	0.014396969    	0.015494599    	0.018216165    	0.015445149    	0.012941203    	0.01873133     	0.018594977    	0.019301925    	0.0126707675   	0.021244545    	0.021065693    	0.018094497    	0.011864213    	0.018937457    	0.014246532    	0.012410065    	0.01799051     	0.021192698    	0.018251885    	0.017998751    	0.01529429     	0.015129246    	0.013283388    	0.016814182    	0.017819459    	0.014894006    	0.017399205    	0.017961472    	0.019800767    	0.020385183    	0.015200339    	0.020397706    	0.015601698    	0.016198175    	0.017085906    	0.016374867    	0.017178098    	0.015371744    	0.019605905    	0.02005625     	0.018212793    	0.013147713    	0.016010111    	0.018930294    	0.022851404    	0.01881833     	0.013355287    	0.016948901    	0.014342953    	
0.020502273    	0.020934882    	0.016235985    	0.012996394    	0.018187063    	0.020797405    	0.016581794    	0.018482951    	0.019118078    	0.01754289     	0.021017892    	0.019649273    	0.024889119    	0.017740687    	0.021441402    	0.021860098    	0.017425759    	0.019413864    	0.017036485    	0.02080537     	0.01520444     	0.020521563    	0.018906629    	0.014662811    	0.017499598    	0.014755925    	0.016125435    	0.018740382    	0.016702991    	0.015208817    	0.0143586835   	0.013683178    	0.01697285     	0.017701998    	0.014515478    	0.02048551     	0.019427253    	0.018911194    	0.01405208     	0.016613549    	0.014838684    	0.013770591    	0.016798273    	0.019240985    	0.017592186    	0.021002267    	0.018027904    	0.014959225    	0.015642237    	0.01458187     	0.017310515    	0.017739555    	0.014850098    	0.018062178    	0.014586945    	0.021195617    	0.018978497    	0.017655252    	0.015735403    	0.018452462    	0.014482324    	0.012521126    	0.014745538    	0.019570105    	0.020654755    	0.016079841    	0.01793738     	0.015119155    	0.0137330685   	0.015546242    	0.016249182    	0.017180659    	0.016859982    	0.018753942    	0.013927788    	0.018188866    	0.016852183    	0.019290425    	0.022952748    	0.015280179    	0.014726288    	0.019575326    	0.021481562    	0.019092903    	0.021447906    	0.018039627    	0.017913979    	0.022166008    	0.017619383    	0.013651558    	0.014867017    	0.02142299     	0.019828547    	0.019037966    	0.018870343    	0.015858142    	0.013102431    	0.022340309    	0.017529892    	0.024013143    	
0.018897576    	0.01914486     	0.013673849    	0.016804203    	0.015557834    	0.018317362    	0.013802005    	0.019733768    	0.016316205    	0.018378472    	0.020309877    	0.019143974    	0.019639438    	0.017661395    	0.015328522    	0.019707678    	0.014391841    	0.019156931    	0.019354576    	0.016167797    	0.016850317    	0.018225033    	0.016660122    	0.011007527    	0.015391995    	0.01680867     	0.0149779655   	0.016965374    	0.017108565    	0.021425009    	0.018645395    	0.019527335    	0.018614573    	0.015712177    	0.014584536    	0.018555544    	0.015281012    	0.018000577    	0.015426653    	0.014603172    	0.014993055    	0.014958525    	0.020509696    	0.017183099    	0.018779503    	0.013046357    	0.018618772    	0.019147495    	0.013760647    	0.018630713    	0.022817664    	0.021304488    	0.018039193    	0.017688695    	0.018852724    	0.014047992    	0.01893234     	0.017299071    	0.021123214    	0.019966042    	0.01687517     	0.02207703     	0.014328149    	0.015200716    	0.012169276    	0.02009126     	0.02068979     	0.018855138    	0.018155487    	0.015155294    	0.021731444    	0.016399287    	0.015348981    	0.017156929    	0.018833872    	0.017989844    	0.01702945     	0.02014909     	0.021454955    	0.01875504     	0.018666314    	0.020407889    	0.017357685    	0.015978036    	0.018309485    	0.01755898     	0.016397081    	0.01614649     	0.018515334    	0.01743351     	0.021947894    	0.017187314    	0.018810686    	0.017340794    	0.020280257    	0.01952845     	0.017511286    	0.021482615    	0.023297142    	0.018981623    	
0.017132316    	0.01405886     	0.016562952    	0.014681027    	0.014189722    	0.013353135    	0.01968056     	0.018859938    	0.0132844215   	0.015798585    	0.015059827    	0.015600542    	0.017225482    	0.018457294    	0.01896887     	0.015576611    	0.015024541    	0.018469974    	0.020542363    	0.015406052    	0.01954275     	0.011258709    	0.018579505    	0.01914182     	0.015462968    	0.013333508    	0.01644446     	0.015981896    	0.023241056    	0.016961206    	0.018257895    	0.022131521    	0.015948502    	0.015389085    	0.020554433    	0.016707523    	0.01343173     	0.015720963    	0.022305649    	0.014005831    	0.017486552    	0.0167775      	0.015902618    	0.016436335    	0.017031258    	0.021268608    	0.016389912    	0.011889246    	0.023518596    	0.020922426    	0.021319168    	0.017137926    	0.020155134    	0.020189261    	0.015835647    	0.02177134     	0.017873453    	0.015415246    	0.017329523    	0.013876816    	0.022543246    	0.022039372    	0.017749561    	0.020436844    	0.015444353    	0.013069396    	0.018187476    	0.01514651     	0.014449711    	0.015309087    	0.013679152    	0.018671807    	0.01366555     	0.016908986    	0.017145583    	0.019778322    	0.016675137    	0.013330975    	0.016388716    	0.019798981    	0.022667663    	0.02070654     	0.022785366    	0.016260529    	0.017363684    	0.01786646     	0.019058883    	0.016228253    	0.018880341    	0.0178415      	0.017580234    	0.021845777    	0.0187863      	0.018202383    	0.016817534    	0.021582088    	0.020740896    	0.015559633    	0.014303396    	0.018307535    	
0.020591527    	0.018420693    	0.014991406    	0.017191881    	0.017607978    	0.016580455    	0.023037378    	0.0112812845   	0.018522393    	0.016200555    	0.017718785    	0.021040432    	0.01990074     	0.019597186    	0.019046405    	0.017035605    	0.020266509    	0.017126165    	0.015949732    	0.016469305    	0.013294121    	0.0188357      	0.02178302     	0.017598685    	0.019978432    	0.020907309    	0.018420957    	0.012179649    	0.013093289    	0.022890504    	0.012428885    	0.01789244     	0.016566748    	0.016508171    	0.016421583    	0.015840976    	0.015934944    	0.018813001    	0.0137473205   	0.019684505    	0.009998611    	0.01543119     	0.016748678    	0.016514912    	0.016290346    	0.015851008    	0.01840163     	0.018119873    	0.015245064    	0.0155986855   	0.021416653    	0.020437762    	0.01823278     	0.013560722    	0.023507174    	0.013804248    	0.013027401    	0.01449101     	0.016267864    	0.018540377    	0.019122275    	0.021082649    	0.015559009    	0.018530207    	0.019616324    	0.009484876    	0.021494955    	0.016149536    	0.018149063    	0.016552694    	0.017568368    	0.015336565    	0.014792095    	0.019565037    	0.017586984    	0.016377836    	0.02363573     	0.017508755    	0.018902116    	0.01922226     	0.015059025    	0.019434478    	0.01690074     	0.023023387    	0.016567016    	0.016847042    	0.02156871     	0.018091712    	0.014494471    	0.022163864    	0.018353041    	0.016579328    	0.018267512    	0.016394652    	0.01861857     	0.0170863      	0.021191586    	0.020526627    	0.01776955     	0.0144576      	
0.016111009    	0.018048514    	0.019343803    	0.015207976    	0.015552224    	0.020665517    	0.0152035495   	0.020113405    	0.017126268    	0.019978972    	0.018592928    	0.019712403    	0.015733529    	0.016223894    	0.022950664    	0.01983427     	0.023755841    	0.02012248     	0.018015051    	0.01758481     	0.015215366    	0.020962087    	0.01497897     	0.014002959    	0.01779789     	0.017393073    	0.016252054    	0.019037431    	0.017408723    	0.019617302    	0.016699398    	0.016762268    	0.016172329    	0.013064126    	0.011454711    	0.018284798    	0.016651845    	0.017101692    	0.02040467     	0.014690521    	0.017891476    	0.018015133    	0.0152756395   	0.015424122    	0.022313176    	0.01381225     	0.017114626    	0.020569703    	0.017463379    	0.017292203    	0.017170874    	0.013639686    	0.014656468    	0.01996706     	0.01632915     	0.012041554    	0.017767107    	0.018241297    	0.008027804    	0.02260737     	0.017207613    	0.016136184    	0.019018985    	0.015625328    	0.017936328    	0.014561941    	0.01761952     	0.01647718     	0.018167386    	0.014771578    	0.017184407    	0.023264939    	0.018374786    	0.016285898    	0.019498834    	0.012164926    	0.017737776    	0.02230571     	0.012185343    	0.019026041    	0.021166995    	0.019441005    	0.019231914    	0.020233043    	0.019097637    	0.014856616    	0.02150323     	0.019670075    	0.019053703    	0.01945887     	0.015462693    	0.015837338    	0.014919635    	0.015456767    	0.016268164    	0.019302903    	0.01980283     	0.015540617    	0.019877207    	0.013864497    	
0.016939046    	0.016980361    	0.016203746    	0.015485436    	0.016096685    	0.021167865    	0.016408412    	0.015276395    	0.019543277    	0.019798597    	0.017055511    	0.015204609    	0.01887202     	0.019457912    	0.018940147    	0.015825083    	0.017408546    	0.015386188    	0.015590387    	0.016769478    	0.015661275    	0.017191393    	0.018857624    	0.015089604    	0.01606051     	0.015088026    	0.016140545    	0.01569745     	0.01792806     	0.016969828    	0.01566116     	0.017596615    	0.014118124    	0.01923843     	0.013757537    	0.015496302    	0.014890406    	0.013363988    	0.018478604    	0.01514852     	0.016968342    	0.020753171    	0.024709767    	0.011122779    	0.015194012    	0.014842061    	0.016523052    	0.017837547    	0.019468566    	0.014962572    	0.012458661    	0.016131917    	0.014747183    	0.018041855    	0.017998626    	0.017614767    	0.018480306    	0.018917648    	0.019530322    	0.017407283    	0.022561196    	0.018315122    	0.014715538    	0.02041382     	0.012747011    	0.01345752     	0.016178971    	0.011239917    	0.017166076    	0.015917221    	0.021080157    	0.01969516     	0.01909669     	0.016381716    	0.018750701    	0.02206728     	0.016758414    	0.020931037    	0.0134287635   	0.008081536    	0.018131489    	0.01486213     	0.017688839    	0.016722662    	0.01799791     	0.016793841    	0.018689068    	0.016323546    	0.016773742    	0.015039856    	0.02385364     	0.017694525    	0.015517573    	0.015647061    	0.019209905    	0.015646994    	0.016682692    	0.015535977    	0.022374919    	0.019035067    	
0.022870429    	0.021792011    	0.019962361    	0.018430274    	0.017828697    	0.01929219     	0.019465087    	0.015677644    	0.015357639    	0.020801438    	0.016819894    	0.0127716325   	0.01769854     	0.011766524    	0.019655319    	0.024942975    	0.019939113    	0.015456449    	0.017295567    	0.01919143     	0.016657736    	0.015364577    	0.017765524    	0.018108236    	0.01642931     	0.017089922    	0.024329616    	0.015294896    	0.015417686    	0.020833462    	0.026000306    	0.017823555    	0.019549297    	0.014889364    	0.020117937    	0.017047897    	0.018728474    	0.020251133    	0.01784697     	0.020095602    	0.023151947    	0.013014787    	0.014282123    	0.014707078    	0.012473896    	0.01852714     	0.022333233    	0.017728733    	0.015223722    	0.017253844    	0.015161458    	0.017883848    	0.01280851     	0.011568462    	0.017357381    	0.01382676     	0.016924284    	0.015336045    	0.015335703    	0.016355693    	0.025364764    	0.013139851    	0.019721804    	0.015313349    	0.01236629     	0.016360402    	0.016272439    	0.019479152    	0.015649099    	0.015470027    	0.017151618    	0.015305718    	0.019883951    	0.013146558    	0.01990503     	0.012003429    	0.017494425    	0.017575406    	0.020818327    	0.018499315    	0.014764139    	0.01695394     	0.014530082    	0.0150035545   	0.0200177      	0.016494669    	0.014147345    	0.016593054    	0.015309467    	0.021107392    	0.019326676    	0.0198046      	0.01704409     	0.017375624    	0.014510318    	0.01756806     	0.015688308    	0.016117407    	0.019780105    	0.018205507    	
0.015971512    	0.015711822    	0.018805647    	0.023250064    	0.01779685     	0.016381787    	0.017951785    	0.017818253    	0.010935096    	0.0146987885   	0.0153616555   	0.017484827    	0.02406636     	0.01764617     	0.02222103     	0.017366419    	0.015070572    	0.020236535    	0.019855965    	0.0150604015   	0.019814935    	0.023485886    	0.01685803     	0.020575318    	0.019805208    	0.017184213    	0.012565564    	0.020196993    	0.018735602    	0.013193491    	0.018118717    	0.016330699    	0.01743831     	0.020257922    	0.016400069    	0.017498162    	0.017220682    	0.013975945    	0.0191879      	0.018063454    	0.008698336    	0.018175684    	0.0121480385   	0.011364803    	0.014723023    	0.022149956    	0.019011969    	0.020298524    	0.017409818    	0.023149097    	0.013412816    	0.01792532     	0.017568592    	0.012911483    	0.016004246    	0.021129537    	0.015340494    	0.012691774    	0.010368264    	0.01848533     	0.018270629    	0.016418409    	0.0160455      	0.012383647    	0.019279005    	0.018608453    	0.013965068    	0.0151001895   	0.015853146    	0.019830933    	0.016952215    	0.012677232    	0.016315535    	0.015431941    	0.01866604     	0.015045111    	0.017100453    	0.017292809    	0.016971035    	0.028579038    	0.0102982605   	0.021438872    	0.018646799    	0.021925468    	0.016056282    	0.014216342    	0.018878004    	0.014106175    	0.016387155    	0.017317403    	0.018463343    	0.02295359     	0.018625004    	0.016300526    	0.021983478    	0.0144123575   	0.021047613    	0.021664845    	0.01703678     	0.016472798    	
0.017455928    	0.016243216    	0.016305804    	0.011565628    	0.01603553     	0.022040589    	0.018197728    	0.01626666     	0.020177953    	0.01919235     	0.021203253    	0.019960454    	0.017558537    	0.017323263    	0.014134578    	0.014245388    	0.01735813     	0.02064612     	0.020417746    	0.019265736    	0.020350222    	0.012556636    	0.0131351035   	0.018264562    	0.017618297    	0.01578018     	0.021866849    	0.017220804    	0.016212106    	0.015261587    	0.01635029     	0.014263256    	0.02212034     	0.013590072    	0.016494699    	0.01733767     	0.021934748    	0.02489913     	0.01626622     	0.012861006    	0.01010554     	0.019331062    	0.018062228    	0.01587155     	0.0118019      	0.011167246    	0.022037143    	0.015648967    	0.017237382    	0.018681929    	0.021060664    	0.018885816    	0.019749211    	0.016241875    	0.019505464    	0.01994722     	0.018712088    	0.014975169    	0.022868536    	0.02033026     	0.019008406    	0.015741171    	0.016435198    	0.015073157    	0.014997286    	0.0152854575   	0.018576128    	0.018437153    	0.016058242    	0.02114673     	0.020284515    	0.015040112    	0.014750988    	0.016213495    	0.019137878    	0.020929495    	0.020277562    	0.0182219      	0.021387128    	0.013404639    	0.024934428    	0.008870253    	0.015248437    	0.019235022    	0.017423458    	0.019673735    	0.013566838    	0.016744357    	0.015680023    	0.019183097    	0.015669573    	0.021461431    	0.016407939    	0.017702302    	0.018495638    	0.015718138    	0.015302056    	0.018486787    	0.017465247    	0.019821325    	
0.018499576    	0.0144414455   	0.018445125    	0.0163055      	0.017943148    	0.02343702     	0.01651264     	0.016276862    	0.021847794    	0.019890927    	0.015418667    	0.016532524    	0.014205322    	0.013821077    	0.018011726    	0.01789361     	0.020326022    	0.019871078    	0.019042945    	0.019351032    	0.02028799     	0.02077353     	0.0144683905   	0.017870644    	0.016309686    	0.017995903    	0.017637001    	0.021129755    	0.01735535     	0.019004615    	0.016157052    	0.020920493    	0.016078817    	0.01891673     	0.017150383    	0.013514085    	0.025999656    	0.011248927    	0.016952844    	0.007196724    	0.018758466    	0.014511001    	0.022047846    	0.018901648    	0.018716028    	0.01777859     	0.01424913     	0.020519951    	0.022517834    	0.015119389    	0.024648167    	0.017069446    	0.022583503    	0.018787127    	0.01971529     	0.019848056    	0.022583494    	0.015123538    	0.019002171    	0.017748876    	0.017121708    	0.019483449    	0.017465338    	0.015463539    	0.019887278    	0.015806789    	0.01919107     	0.01910537     	0.015235233    	0.019714799    	0.016501272    	0.017837455    	0.019585889    	0.019667031    	0.018223515    	0.014784998    	0.013763629    	0.016483678    	0.016317409    	0.017432468    	0.020331033    	0.009190272    	0.020410802    	0.021134881    	0.020506004    	0.017964086    	0.01968968     	0.019184565    	0.01774428     	0.019726573    	0.017009053    	0.01568383     	0.021255417    	0.016860263    	0.016701644    	0.016817925    	0.015571613    	0.013616761    	0.015576279    	0.017352233    	
0.01655148     	0.013867352    	0.01618407     	0.019438857    	0.015729802    	0.016753746    	0.016127726    	0.0134945      	0.015042648    	0.020816086    	0.01570045     	0.019724382    	0.018705007    	0.0136005      	0.021178477    	0.017941326    	0.016366536    	0.009005841    	0.01940176     	0.015919233    	0.0159771      	0.017002134    	0.02191093     	0.02094433     	0.015279424    	0.02064336     	0.015346596    	0.012874443    	0.017363222    	0.01836741     	0.019764233    	0.019125627    	0.024015127    	0.01709519     	0.018022956    	0.016017767    	0.017272292    	0.020875636    	0.014986035    	0.010365643    	0.015219965    	0.015236036    	0.013770991    	0.023808576    	0.017703472    	0.021851359    	0.021736639    	0.01517689     	0.018276926    	0.015886553    	0.01453171     	0.020639876    	0.014692119    	0.01571092     	0.014453724    	0.021490458    	0.013809935    	0.0198998      	0.014013522    	0.016429523    	0.016969064    	0.014895093    	0.016653469    	0.017338468    	0.021767726    	0.018246664    	0.015289589    	0.022692569    	0.01510671     	0.017574029    	0.015881587    	0.020460106    	0.015961329    	0.017149003    	0.01983425     	0.018516082    	0.016554995    	0.017335264    	0.021155026    	0.014768396    	0.01418429     	0.017523054    	0.00876785     	0.016022641    	0.01736843     	0.018452788    	0.020467015    	0.015442625    	0.01842552     	0.023783017    	0.015220474    	0.017089475    	0.015564227    	0.01997766     	0.020237032    	0.019093813    	0.017630422    	0.011511297    	0.018804317    	0.017189233    	
0.019196974    	0.017635062    	0.019376341    	0.015966643    	0.01137956     	0.01298938     	0.021719037    	0.020709312    	0.015644439    	0.014610611    	0.017598884    	0.01656534     	0.017034661    	0.020086402    	0.017901847    	0.010651362    	0.021795293    	0.018861935    	0.00870085     	0.020763729    	0.021885496    	0.016287647    	0.014425025    	0.01451271     	0.019660635    	0.020791978    	0.016036253    	0.018774083    	0.014662676    	0.016894393    	0.013731215    	0.015468276    	0.020787045    	0.01622783     	0.01999922     	0.020822935    	0.017470332    	0.018571783    	0.010865787    	0.021713806    	0.017178204    	0.01579337     	0.017808503    	0.01538711     	0.019946806    	0.017675614    	0.020074705    	0.019698575    	0.022161992    	0.01704525     	0.01926193     	0.018775003    	0.019127665    	0.020547675    	0.015960952    	0.023457106    	0.014991526    	0.019212956    	0.014877306    	0.017270735    	0.017200012    	0.016042503    	0.021481685    	0.016137486    	0.016619278    	0.017691316    	0.019915795    	0.01765242     	0.022220744    	0.013111075    	0.013215634    	0.018329525    	0.01815755     	0.019601045    	0.021714607    	0.0180407      	0.0130257625   	0.017174272    	0.019670688    	0.019320458    	0.019939492    	0.018387813    	0.021791747    	0.014284682    	0.01978848     	0.025333963    	0.018690504    	0.020377534    	0.016596163    	0.020642107    	0.019741513    	0.015330749    	0.017115809    	0.017325357    	0.012438696    	0.016415572    	0.021478908    	0.019297114    	0.025229191    	0.020317521    	
0.01680621     	0.017263724    	0.013810488    	0.014319942    	0.011991293    	0.020470243    	0.015208311    	0.018932004    	0.017042289    	0.01956813     	0.019111326    	0.015957518    	0.0147496965   	0.017205955    	0.019311573    	0.02022837     	0.017556375    	0.014335862    	0.015211681    	0.014429639    	0.019167518    	0.022726942    	0.017547632    	0.015148414    	0.017289385    	0.017261848    	0.019672867    	0.018676287    	0.017848162    	0.0192164      	0.016011655    	0.017778724    	0.019672735    	0.017341498    	0.020919446    	0.019025845    	0.017646527    	0.014588614    	0.01685812     	0.016440548    	0.021314044    	0.01013889     	0.01959838     	0.016754564    	0.017770726    	0.019211816    	0.022073502    	0.010176656    	0.018082991    	0.014367145    	0.015371818    	0.017289165    	0.01709541     	0.014915652    	0.018614473    	0.01513828     	0.020374378    	0.019684983    	0.020744778    	0.016348852    	0.018318137    	0.011538788    	0.01272745     	0.017531816    	0.019839106    	0.016439956    	0.016327096    	0.016570192    	0.01541055     	0.017262336    	0.016736628    	0.021102984    	0.01557786     	0.015643781    	0.020811994    	0.017747844    	0.020017348    	0.016558586    	0.016997376    	0.017988266    	0.021524023    	0.019157039    	0.016635759    	0.010507912    	0.022328315    	0.017711673    	0.016696887    	0.018795617    	0.016508987    	0.01842075     	0.016361767    	0.020025505    	0.01962713     	0.0175278      	0.016277393    	0.012671059    	0.018415533    	0.018614158    	0.017437888    	0.017834848    	
0.014831306    	0.02018563     	0.021634353    	0.022897445    	0.021239547    	0.01901522     	0.014929165    	0.01300516     	0.024517665    	0.018064825    	0.01843092     	0.018524716    	0.010652959    	0.018964568    	0.016173786    	0.014185549    	0.01695328     	0.015525522    	0.019237403    	0.015931986    	0.018610995    	0.01811332     	0.020459486    	0.01818476     	0.01942348     	0.019934082    	0.020519283    	0.018017776    	0.021177638    	0.017868614    	0.014351456    	0.018437482    	0.018601013    	0.013475556    	0.017165055    	0.01491177     	0.020710832    	0.023295218    	0.0077841883   	0.014938012    	0.017975112    	0.018798621    	0.01811407     	0.018154938    	0.018538114    	0.011621245    	0.017876336    	0.013702793    	0.023048764    	0.019672591    	0.019333897    	0.02110901     	0.018164992    	0.01685875     	0.016134769    	0.017708298    	0.017955132    	0.015175008    	0.02015689     	0.02220125     	0.020811658    	0.013048796    	0.019713733    	0.019823613    	0.018771708    	0.019457445    	0.015309134    	0.016843107    	0.018550135    	0.016741117    	0.018367106    	0.021437105    	0.018117262    	0.016616357    	0.018560464    	0.015009016    	0.016647125    	0.014539578    	0.02306172     	0.019326502    	0.022263497    	0.016462132    	0.012577369    	0.017876165    	0.019494677    	0.017237708    	0.021620331    	0.018019058    	0.015186365    	0.018589582    	0.01604682     	0.0189096      	0.01605643     	0.0150868185   	0.022574767    	0.01754726     	0.019994175    	0.01612439     	0.017042382    	0.017413048    	
0.017129984    	0.015665729    	0.023303444    	0.021662781    	0.019666644    	0.016713843    	0.014725116    	0.016897129    	0.020165892    	0.020105975    	0.018225467    	0.015537902    	0.01837322     	0.011702004    	0.016183892    	0.015138076    	0.016564062    	0.013843336    	0.011707009    	0.020930305    	0.006024322    	0.02173248     	0.020308418    	0.019270346    	0.016645428    	0.016551787    	0.017089108    	0.017604703    	0.019352874    	0.021223366    	0.018425578    	0.014379004    	0.022206577    	0.014324636    	0.019050684    	0.018791856    	0.019917931    	0.014908538    	0.020560026    	0.016686205    	0.01608271     	0.030731529    	0.01691036     	0.016380835    	0.011138762    	0.01793496     	0.016756628    	0.01582168     	0.0149100805   	0.017971791    	0.017467694    	0.02011592     	0.018054547    	0.011369754    	0.020192591    	0.02087461     	0.019197037    	0.017977977    	0.015549099    	0.019260036    	0.018864565    	0.012539084    	0.020671304    	0.015194622    	0.02172753     	0.019030979    	0.014756463    	0.016898926    	0.018255528    	0.0190579      	0.018763036    	0.0153168095   	0.020669876    	0.016975379    	0.016371334    	0.017685026    	0.013107588    	0.01726363     	0.0134978425   	0.021332169    	0.018777205    	0.012953297    	0.02010259     	0.025557617    	0.0062366994   	0.020095043    	0.020702895    	0.020709086    	0.018856814    	0.015899152    	0.016571239    	0.01704367     	0.01977094     	0.021205433    	0.01775138     	0.018632937    	0.014760947    	0.019112019    	0.018014595    	0.016255334    	
0.01741793     	0.017088791    	0.017070087    	0.02149106     	0.01931759     	0.020273805    	0.013929315    	0.013559484    	0.023916539    	0.014511591    	0.017611893    	0.017384682    	0.01975789     	0.020708747    	0.021320915    	0.023398835    	0.019935407    	0.021338936    	0.018301718    	0.0196671      	0.005164589    	0.01977437     	0.015809722    	0.01511504     	0.014916031    	0.016169803    	0.018849257    	0.02072275     	0.014745871    	0.011704444    	0.017853437    	0.012589046    	0.01807303     	0.015652332    	0.01525061     	0.014184903    	0.017166138    	0.012624856    	0.019581342    	0.016066201    	0.016352626    	0.0156236645   	0.013416685    	0.019666974    	0.012448565    	0.021200813    	0.019737214    	0.018677661    	0.024147395    	0.015498002    	0.01873062     	0.018603344    	0.022040766    	0.01786847     	0.01986694     	0.021585029    	0.014835155    	0.014642664    	0.016046531    	0.016426478    	0.017524602    	0.019320546    	0.021242475    	0.013073536    	0.01760941     	0.016433189    	0.02185843     	0.015182006    	0.018976327    	0.016785031    	0.018393697    	0.0171976      	0.016915305    	0.016524807    	0.015882785    	0.014129452    	0.020016685    	0.010513672    	0.01358455     	0.021304922    	0.019430274    	0.015517981    	0.019848265    	0.022730097    	0.015024813    	0.009526729    	0.018515367    	0.018121859    	0.019509101    	0.016859813    	0.015119613    	0.01812251     	0.017280485    	0.018984294    	0.018295705    	0.014913176    	0.01414321     	0.016221741    	0.0188432      	0.014543428    	
0.017460115    	0.019266088    	0.016390912    	0.016453318    	0.01590987     	0.0123265125   	0.015236202    	0.015384464    	0.016287617    	0.018758494    	0.022324985    	0.019409956    	0.018974857    	0.014226868    	0.019482385    	0.020791367    	0.019058207    	0.02054122     	0.014623222    	0.017286627    	0.024785101    	0.007763788    	0.01671429     	0.022012161    	0.012059395    	0.016551036    	0.01525476     	0.020001661    	0.015777377    	0.019311585    	0.02139526     	0.02396083     	0.016921958    	0.014231305    	0.01919906     	0.022317214    	0.017078666    	0.01715733     	0.014469022    	0.013258208    	0.013327059    	0.0163439      	0.014361831    	0.024386855    	0.017965237    	0.014212637    	0.017521922    	0.0153699005   	0.012933579    	0.01793984     	0.014717418    	0.021979813    	0.016031945    	0.016929818    	0.01759852     	0.016018908    	0.012495182    	0.015448155    	0.020897618    	0.012255478    	0.018935164    	0.017789248    	0.016854102    	0.022398889    	0.01853828     	0.015354201    	0.019038547    	0.017972326    	0.015132095    	0.021514857    	0.021224882    	0.017845461    	0.018451704    	0.017579272    	0.017693505    	0.018511232    	0.019630264    	0.022120291    	0.015587552    	0.019890392    	0.016509142    	0.016512735    	0.01145783     	0.018991599    	0.025931908    	0.009883563    	0.024857506    	0.017718293    	0.020431075    	0.020516412    	0.019157205    	0.016791033    	0.01968679     	0.017600058    	0.016107997    	0.017523479    	0.014013462    	0.015958827    	0.011659213    	0.010703398    	
0.014058134    	0.014793874    	0.016607177    	0.013472043    	0.013686034    	0.015207261    	0.016278781    	0.018890096    	0.01367078     	0.016585309    	0.017865987    	0.015490017    	0.01836864     	0.012968241    	0.015974294    	0.018529626    	0.017022045    	0.02050957     	0.01562849     	0.015440911    	0.017426616    	0.017402304    	0.017546454    	0.018401317    	0.013402137    	0.01811978     	0.019375434    	0.013685474    	0.022643745    	0.017803168    	0.017157095    	0.016814616    	0.019636478    	0.01588987     	0.018285325    	0.021215113    	0.016927524    	0.016393874    	0.018774271    	0.01958389     	0.02010205     	0.01942227     	0.020162482    	0.014180891    	0.02122554     	0.013927154    	0.015187129    	0.018399376    	0.01578856     	0.018991482    	0.014837551    	0.020730337    	0.015870653    	0.01671939     	0.011699894    	0.018534774    	0.019040808    	0.020373493    	0.016907552    	0.020962529    	0.020172866    	0.017602434    	0.020708267    	0.02096581     	0.01757682     	0.016649809    	0.014229621    	0.014695715    	0.018929102    	0.01720248     	0.018066106    	0.018851448    	0.014811855    	0.019530345    	0.019001875    	0.017819434    	0.02259742     	0.022612372    	0.01948257     	0.013830709    	0.015712868    	0.01668424     	0.023864418    	0.01825911     	0.018998414    	0.016638122    	0.010405022    	0.01737131     	0.01927127     	0.019562295    	0.020823995    	0.021535946    	0.019964054    	0.018076072    	0.018317373    	0.014750233    	0.012703509    	0.019531585    	0.021321144    	0.020105354    	
