# www.neaspec.com
# Scan:	 	AFM
# Project:	 	20251007_PS
# Description:	 	
# Date:	 	10/07/2025 10:43:47
# Scanner Center Position (X, Y):	[µm]	49.99	50.01	 
# Rotation:	[°]	0	 	 
# Scan Area (X, Y, Z):	[µm]	5.000	5.000	0.000
# Pixel Area (X, Y, Z):	[px]	100	50	1
# Averaging:	 	1	 	 
# Integration time:	[ms]	5	 	 
# Laser Source:	 	4.5-15 µm nano-FTIR laser
# Detector:	 	R
# Target Wavelength:	[µm]	7.502	 	 
# Demodulation Mode:	 	Fourier
# Tip Frequency:	[Hz]	241,340.500	 	 
# Tip Amplitude:	[mV]	45.700	 	 
# Tapping Amplitude:	[nm]	79.665	 	 
# Modulation Frequency:	[Hz]	0.000	 	 
# Modulation Amplitude:	[mV]	0.000	 	 
# Modulation Offset:	[mV]	0.000	 	 
# Setpoint:	[%]	79.75	 	 
# Regulator (P, I, D):	 	4.206850	8.625812	1.000000
# Tip Potential:	[mV]	0.000	 	 
# M1A Scaling:	[nm/V]	0.426	 	 
# M1A Cantilever Factor:	 	1,000	 	 
# Q-Factor:	 	487.4	 	 
# Version:	 	2.1.11536.0
-1.9125136     	-1.9108356     	-1.9160035     	-1.9088064     	-1.9303113     	-1.9213446     	-1.9145131     	-1.9126844     	-1.9241958     	-1.9300584     	-1.9234359     	-1.9206563     	-1.9224308     	-1.9276357     	-1.9027921     	-1.9143085     	-1.9155903     	-1.9114665     	-1.9170038     	-1.9109634     	-1.9076442     	-1.8966542     	-1.9197166     	-1.9245677     	-1.9081821     	-1.9160154     	-1.9356755     	-1.9180983     	-1.9336532     	-1.9170469     	-1.9263915     	-1.9316989     	-1.9088778     	-1.930852      	-1.9269942     	-1.9156212     	-1.9157327     	-1.9206532     	-1.9135848     	-1.9329787     	-1.9391364     	-1.9279482     	-1.9366422     	-1.926459      	-1.9023297     	-1.9160713     	-1.9335734     	-1.9235474     	-1.9315258     	-1.9256073     	-1.9209062     	-1.9152731     	-1.9249529     	-1.9301659     	-1.9320949     	-1.9153031     	-1.9205223     	-1.9277223     	-1.9076846     	-1.9122965     	-1.941416      	-1.9125193     	-1.9092001     	-1.8937901     	-1.933403      	-1.9480263     	-1.9083587     	-1.9145508     	-1.9241827     	-1.9107429     	-1.9007038     	-1.9242588     	-1.9274386     	-1.9297335     	-1.9256605     	-1.9340049     	-1.9223748     	-1.9133197     	-1.9321356     	-1.9360006     	-1.9249874     	-1.9427719     	-1.9457228     	-1.9568392     	-1.9261342     	-0.8490286     	-0.7099763     	-0.7466205     	-0.681729      	-0.6489585     	-0.6940773     	-0.6582644     	-0.68027216    	-1.4829723     	-1.5239046     	-1.6827478     	-1.8019059     	-1.8454255     	-1.8876928     	-1.9248227     	
-1.9198247     	-1.910725      	-1.9236015     	-1.9265119     	-1.9237624     	-1.9274818     	-1.9168047     	-1.9370799     	-1.9150649     	-1.9029316     	-1.9151527     	-1.9289002     	-1.9320718     	-1.9211189     	-1.9384862     	-1.9302238     	-1.9223348     	-1.9210691     	-1.9259793     	-1.9111508     	-1.9050854     	-1.9260806     	-1.930535      	-1.9173204     	-1.9248908     	-1.9130706     	-1.9249252     	-1.9276947     	-1.9225972     	-1.9345716     	-1.9310895     	-1.9266896     	-1.928628      	-1.9291922     	-1.9176363     	-1.8994497     	-1.9395044     	-1.915032      	-1.927042      	-1.9302408     	-1.9149786     	-1.9241751     	-1.9242121     	-1.9307617     	-1.9085917     	-1.8873869     	-1.9259022     	-1.9266759     	-1.9213971     	-1.9275845     	-1.9200522     	-1.9220856     	-1.9153295     	-1.9285964     	-1.9150406     	-1.9124094     	-1.928764      	-1.9297808     	-1.9052746     	-1.9341617     	-1.919168      	-1.9198436     	-1.9372281     	-1.9236588     	-1.9265052     	-1.9232024     	-1.9318631     	-1.9271954     	-1.9235646     	-1.923247      	-1.9128598     	-1.9223642     	-1.9217268     	-1.9092776     	-1.9102391     	-1.9202852     	-1.9380212     	-1.90486       	-1.9169062     	-1.9386384     	-1.9158292     	-1.9240854     	-1.9330031     	-1.9905283     	-0.9023411     	-0.76842415    	-1.190674      	-1.5789503     	-1.5755594     	-1.7346641     	-1.8547769     	-1.889931      	-1.865221      	-1.9096148     	-1.9296206     	-1.9178334     	-1.916776      	-1.9190444     	-1.9062643     	-1.9139472     	
-1.922066      	-1.9249946     	-1.9169261     	-1.9253359     	-1.9429785     	-1.925462      	-1.9266143     	-1.9117411     	-1.9308283     	-1.9300553     	-1.9272887     	-1.9226799     	-1.9224406     	-1.9166952     	-1.919983      	-1.9376254     	-1.9107938     	-1.9212677     	-1.9237434     	-1.9156555     	-1.9287905     	-1.9234507     	-1.9158393     	-1.9481188     	-1.929595      	-1.9197723     	-1.9268044     	-1.9327455     	-1.9285429     	-1.9315861     	-1.9291191     	-1.905188      	-1.923181      	-1.9190806     	-1.919279      	-1.9245745     	-1.916978      	-1.9203428     	-1.9274752     	-1.9243485     	-1.928495      	-1.931017      	-1.9162589     	-1.9324086     	-1.9393474     	-1.9154304     	-1.9410454     	-1.9462866     	-1.9275409     	-1.9207588     	-1.9269563     	-1.9369632     	-1.9148549     	-1.9267149     	-1.9319249     	-1.9318999     	-1.9166621     	-1.9402058     	-1.9233125     	-1.9329319     	-1.9268618     	-1.9175549     	-1.9380459     	-1.9273019     	-1.9388299     	-1.9211625     	-1.9145086     	-1.9333082     	-1.9387859     	-1.9224478     	-1.9272894     	-1.9250752     	-1.9314146     	-1.9192306     	-1.9221363     	-1.9389807     	-1.9263055     	-1.9253074     	-1.9266268     	-1.9385353     	-1.9410962     	-1.7860988     	-1.5903949     	-1.6229414     	-1.807846      	-1.8717394     	-1.9188923     	-1.917117      	-1.906166      	-1.9047239     	-1.9236884     	-1.9143279     	-1.9088796     	-1.91339       	-1.9073344     	-1.9052566     	-1.8962429     	-1.9140072     	-1.914896      	-1.9136802     	
-1.9205433     	-1.9321929     	-1.9260148     	-1.9174709     	-1.9147481     	-1.913776      	-1.9218754     	-1.9044193     	-1.9262943     	-1.9296387     	-1.9240291     	-1.9145764     	-1.9313067     	-1.920231      	-1.9217315     	-1.9309698     	-1.924532      	-1.9208815     	-1.9074118     	-1.9303343     	-1.9223279     	-1.8971655     	-1.9037358     	-1.9394339     	-1.933776      	-1.9274737     	-1.9258572     	-1.9276861     	-1.9412117     	-1.9280685     	-1.9346627     	-1.9298956     	-1.9186622     	-1.9222441     	-1.9149315     	-1.9247602     	-1.9217587     	-1.9302083     	-1.9319799     	-1.9124378     	-1.928534      	-1.9302348     	-1.9279455     	-1.9356322     	-1.9184996     	-1.9213965     	-1.9250289     	-1.9153639     	-1.9318863     	-1.9244769     	-1.9159621     	-1.9390949     	-1.9207568     	-1.9133712     	-1.9289024     	-1.9201556     	-1.9405969     	-1.9176201     	-1.9147204     	-1.9240768     	-1.9237053     	-1.9196788     	-1.9163758     	-1.9131973     	-1.9222287     	-1.9218436     	-1.9188198     	-1.9235607     	-1.9216492     	-1.9226114     	-1.9124231     	-1.929459      	-1.9266073     	-1.9171938     	-1.9341953     	-1.9285866     	-1.9135983     	-1.9257249     	-1.9427869     	-1.928227      	-1.964038      	-1.7741524     	-1.6342254     	-1.7741711     	-1.7913735     	-1.8397365     	-1.8894728     	-1.913014      	-1.9000579     	-1.9091207     	-1.9225384     	-1.9062222     	-1.9162781     	-1.9035592     	-1.9074805     	-1.9113117     	-1.8953494     	-1.8785295     	-1.9079207     	-1.8943027     	
-1.9156947     	-1.9250993     	-1.937266      	-1.911081      	-1.926018      	-1.9395005     	-1.9332122     	-1.9344589     	-1.9091958     	-1.9237896     	-1.92097       	-1.9152669     	-1.9365557     	-1.9261509     	-1.9202725     	-1.9285902     	-1.9189864     	-1.9359652     	-1.9320191     	-1.9356271     	-1.9296587     	-1.9254532     	-1.9284486     	-1.9351617     	-1.928844      	-1.9383584     	-1.9292601     	-1.9175992     	-1.9064075     	-1.9517775     	-1.9372119     	-1.9320773     	-1.9380172     	-1.9305779     	-1.9413494     	-1.9377564     	-1.9410182     	-1.9461464     	-1.9253122     	-1.9332622     	-1.9305046     	-1.9415221     	-1.9325159     	-1.9248523     	-1.9460429     	-1.9432122     	-1.926446      	-1.9432422     	-1.9544922     	-1.9432347     	-1.9335982     	-1.9542581     	-0.5493756     	-0.5839148     	-0.75807524    	-1.7251989     	-1.9363245     	-1.938359      	-1.910605      	-1.9298112     	-1.9326843     	-1.9211639     	-1.9248365     	-1.9262208     	-1.9388473     	-1.9195977     	-1.9264787     	-1.9332466     	-1.9271976     	-1.9281646     	-1.9258376     	-1.940896      	-1.9483147     	-1.9322675     	-1.9269701     	-1.929309      	-1.935105      	-1.9512901     	-1.9375662     	-1.9338354     	-1.9787374     	-0.88455796    	-1.1175137     	-1.8227953     	-1.8219632     	-1.8048841     	-1.8600022     	-1.9087006     	-1.9222482     	-1.9084104     	-1.9177084     	-1.9173077     	-1.9362959     	-1.9110318     	-1.8916496     	-1.9136449     	-1.9062656     	-1.9101688     	-1.909212      	-1.8999054     	
-1.933936      	-1.9296657     	-1.9094038     	-1.9218271     	-1.9408902     	-1.9405464     	-1.9225577     	-1.9305108     	-1.929452      	-1.9261459     	-1.9321145     	-1.9212459     	-1.9371612     	-1.9117497     	-1.9136901     	-1.9296081     	-1.9406234     	-1.9169407     	-1.9402295     	-1.942485      	-1.9282279     	-1.9207157     	-1.9274528     	-1.9179765     	-1.9225285     	-1.9408916     	-1.9528433     	-1.9333873     	-1.9361953     	-1.9189699     	-1.9323066     	-1.9426346     	-1.9372059     	-1.9335575     	-1.945926      	-1.9310765     	-1.9313158     	-1.941979      	-1.9331824     	-1.9393677     	-1.9505314     	-1.9501773     	-1.9309541     	-1.9532362     	-1.9641128     	-0.93480676    	-0.5223801     	-0.8299624     	-0.97433156    	-0.7854972     	-0.743325      	-0.73326343    	-0.6648726     	-0.65915686    	-0.73488486    	-0.66870487    	-0.5044452     	-0.74302214    	-1.9304144     	-1.8995209     	-1.9234931     	-1.9372021     	-1.9508194     	-1.9366356     	-1.9218212     	-1.9408122     	-1.9291426     	-1.9200865     	-1.9198817     	-1.9276583     	-1.9348047     	-1.9245694     	-1.948735      	-1.9325197     	-1.9271201     	-1.9387954     	-1.9380165     	-1.947167      	-1.9454271     	-1.9425433     	-1.9648669     	-1.3590324     	-0.99319553    	-1.2521667     	-1.7775247     	-1.7975807     	-1.8341498     	-1.8821076     	-1.9205693     	-1.9032525     	-1.904512      	-1.9189798     	-1.9206916     	-1.9137136     	-1.898846      	-1.8837588     	-1.8934597     	-1.8938423     	-1.9047014     	-1.9003817     	
-1.9087071     	-1.9293642     	-1.9175886     	-1.9188511     	-1.9330022     	-1.9136336     	-1.9317895     	-1.9335568     	-1.9123971     	-1.917479      	-1.9325224     	-1.9348565     	-1.9333402     	-1.9202111     	-1.9116617     	-1.9228898     	-1.9341255     	-1.9305918     	-1.9093119     	-1.9330475     	-1.9229674     	-1.9226218     	-1.923109      	-1.9125594     	-1.9342438     	-1.9204587     	-1.9298527     	-1.9414577     	-1.9276992     	-1.9151912     	-1.9318404     	-1.9262391     	-1.9465108     	-1.9290775     	-1.9388388     	-1.9402456     	-1.9533311     	-1.9322447     	-0.5839117     	-0.50104606    	-0.76532453    	-1.0073919     	-0.75342244    	-0.65162706    	-0.6537674     	-0.62991023    	-0.58727753    	-0.6890407     	-0.9591183     	-1.6317573     	-1.6590809     	-1.7739136     	-1.8043051     	-1.8766114     	-1.8935424     	-1.937014      	-1.9236219     	-1.8541801     	-1.1431754     	-1.4800042     	-1.9313883     	-1.94738       	-1.9342871     	-1.9194353     	-1.9304318     	-1.9335233     	-1.9316987     	-1.9165212     	-1.9328135     	-1.9354353     	-1.9274291     	-1.9208301     	-1.9478153     	-1.9311503     	-1.9282825     	-1.923607      	-1.9546267     	-1.9404054     	-1.9482273     	-1.9533998     	-1.9460428     	-1.9965198     	-0.8928828     	-0.78268546    	-1.7188927     	-1.782591      	-1.796754      	-1.8234617     	-1.9167556     	-1.8900578     	-1.8913313     	-1.9220277     	-1.9094263     	-1.9057233     	-1.92454       	-1.925088      	-1.9232353     	-1.9199866     	-1.8967612     	-1.894208      	
-1.9238445     	-1.9333867     	-1.9286643     	-1.923165      	-1.947274      	-1.9315345     	-1.9215344     	-1.9121412     	-1.9475927     	-1.9249395     	-1.9148043     	-1.9326264     	-1.9326942     	-1.933428      	-1.90813       	-1.934489      	-1.9472795     	-1.9149072     	-1.9415928     	-1.9432124     	-1.9340185     	-1.9306476     	-1.9364737     	-1.9396108     	-1.9286963     	-1.938454      	-1.957163      	-1.9315109     	-1.9259771     	-1.9560302     	-1.1233689     	-0.5788814     	-0.74969167    	-0.91740316    	-0.9303825     	-0.716217      	-0.72187       	-0.66085327    	-0.7009726     	-0.61662304    	-0.93829244    	-1.5545084     	-1.4372432     	-1.6216624     	-1.7538328     	-1.799099      	-1.8775712     	-1.9077979     	-1.8969849     	-1.9179813     	-1.9217741     	-1.9294469     	-1.9295353     	-1.9209763     	-1.9248505     	-1.9355667     	-1.9442213     	-1.9229621     	-1.9667736     	-1.5896065     	-0.6384425     	-1.9358951     	-1.9450899     	-1.9346452     	-1.9436        	-1.9359342     	-1.9335455     	-1.9456468     	-1.9365185     	-1.925964      	-1.9427339     	-1.9372748     	-1.9437226     	-1.9353595     	-1.9358608     	-1.9409361     	-1.9349303     	-1.9414306     	-1.9396586     	-1.9282826     	-1.9472362     	-1.9502019     	-1.669145      	-0.83843607    	-1.3969538     	-1.8124567     	-1.796399      	-1.8533815     	-1.8882793     	-1.9286094     	-1.9138929     	-1.9002806     	-1.9428414     	-1.90121       	-1.9026345     	-1.921873      	-1.9291061     	-1.9250087     	-1.9155248     	-1.9128566     	
-1.9167601     	-1.9128121     	-1.925315      	-1.937273      	-1.9100882     	-1.9238869     	-1.9338589     	-1.933411      	-1.9176339     	-1.9310755     	-1.9290195     	-1.9415017     	-1.9184649     	-1.9178594     	-1.9468822     	-1.9292306     	-1.9400336     	-1.9455252     	-1.9355644     	-1.9544683     	-1.9341263     	-1.9344989     	-1.9501399     	-1.968619      	-1.980789      	-1.0229584     	-0.8326921     	-0.7382687     	-0.69345075    	-0.6649667     	-0.7427228     	-0.62989116    	-0.61484087    	-1.0889889     	-1.5264806     	-1.6566201     	-1.71066       	-1.794227      	-1.8596193     	-1.892083      	-1.9073534     	-1.9276614     	-1.9373413     	-1.9286637     	-1.9243749     	-1.9367157     	-1.9251739     	-1.9280964     	-1.9129759     	-1.9258723     	-1.9387265     	-1.9258391     	-1.9255185     	-1.920951      	-1.9553528     	-1.9300421     	-1.9469345     	-1.9374541     	-1.9565729     	-1.8889977     	-0.9655109     	-1.2950417     	-1.9358865     	-1.9379728     	-1.9401218     	-1.9260298     	-1.9297686     	-1.9370532     	-1.9262382     	-1.9319876     	-1.9355736     	-1.9397113     	-1.9443991     	-1.9482595     	-1.9296834     	-1.931348      	-1.9466757     	-1.9240438     	-1.9477968     	-1.9457089     	-1.9331765     	-1.9548465     	-2.0050797     	-1.0843514     	-0.7595592     	-1.7623656     	-1.8361984     	-1.8369595     	-1.880471      	-1.9062458     	-1.9265722     	-1.9396603     	-1.8948754     	-1.921494      	-1.9073504     	-1.9345601     	-1.925799      	-1.9173584     	-1.9056665     	-1.9059955     	
-1.9316263     	-1.9228855     	-1.9220003     	-1.9286005     	-1.9318085     	-1.9232255     	-1.9137712     	-1.9366548     	-1.9359142     	-1.9282202     	-1.9420154     	-1.93299       	-1.93468       	-1.9200022     	-1.9400324     	-1.9440184     	-1.9247344     	-1.9298533     	-1.9367293     	-1.9288188     	-1.9222339     	-1.9259214     	-1.950075      	-1.9468799     	-1.832988      	-0.9744676     	-1.1327513     	-1.5624925     	-1.5306624     	-1.7396489     	-1.8183602     	-1.8727497     	-1.8995495     	-1.9230634     	-1.9299535     	-1.9357476     	-1.9244456     	-1.9285798     	-1.9248588     	-1.9029745     	-1.9230032     	-1.9241081     	-1.9249388     	-1.9198121     	-1.9151483     	-1.9325485     	-1.9299177     	-1.9329603     	-1.9217572     	-1.9019321     	-1.9216956     	-1.9071114     	-1.925516      	-1.92759       	-1.925498      	-1.9342508     	-1.9427115     	-1.9520407     	-1.8851601     	-2.003037      	-1.6938516     	-0.60579073    	-1.9398092     	-1.935147      	-1.9277381     	-1.9253688     	-1.9260026     	-1.9462202     	-1.9361242     	-1.9324878     	-1.9325247     	-1.9319553     	-1.9253931     	-1.9145058     	-1.9408566     	-1.9270866     	-1.9110562     	-1.9355141     	-1.9214554     	-1.9391546     	-1.9386979     	-1.9416647     	-1.9650613     	-1.7216431     	-0.778641      	-0.96066207    	-1.8010035     	-1.7948976     	-1.8628205     	-1.8925308     	-1.903144      	-1.9238595     	-1.9120984     	-1.935196      	-1.9241277     	-1.9146596     	-1.9214827     	-1.906788      	-1.8912687     	-1.9055927     	
-1.9453013     	-1.9252001     	-1.9286368     	-1.9405199     	-1.9269956     	-1.9201814     	-1.9268777     	-1.9331743     	-1.9290428     	-1.9404963     	-1.9162909     	-1.9067134     	-1.9379985     	-1.9345409     	-1.9389768     	-1.9394197     	-1.9381107     	-1.9358069     	-1.9476928     	-1.9514905     	-1.9487615     	-1.8609252     	-1.4193692     	-1.6452854     	-1.7573285     	-1.8604532     	-1.9263155     	-1.9159223     	-1.9100298     	-1.9345372     	-1.9168208     	-1.9197683     	-1.9086449     	-1.9250941     	-1.9233917     	-1.908208      	-1.9410821     	-1.6948365     	-1.2637907     	-1.1998417     	-1.1271589     	-1.9349964     	-1.9639097     	-1.9243891     	-1.9298657     	-1.9288809     	-1.9184119     	-1.908093      	-1.9285797     	-1.932345      	-1.9199377     	-1.9156498     	-1.9130918     	-1.9287816     	-1.8992733     	-1.9226055     	-1.9168967     	-1.924469      	-1.933041      	-1.8786293     	-2.0279374     	-1.2928672     	-1.337522      	-1.9514155     	-1.941491      	-1.930773      	-1.943496      	-1.9414655     	-1.9265274     	-1.9473325     	-1.9350423     	-1.9335662     	-1.9295769     	-1.9304184     	-1.9428706     	-1.931897      	-1.9449139     	-1.9553028     	-1.9396824     	-1.9522351     	-1.9479803     	-1.9548563     	-1.983393      	-1.9994814     	-1.1029443     	-0.79889786    	-1.7372239     	-1.8104893     	-1.8058431     	-1.846624      	-1.9064649     	-1.9082916     	-1.9316819     	-1.9231298     	-1.9028851     	-1.9084204     	-1.9158723     	-1.9132951     	-1.9051499     	-1.9066722     	
-1.9313532     	-1.9319443     	-1.947171      	-1.9243349     	-1.9307083     	-1.932055      	-1.9317611     	-1.9281965     	-1.9183095     	-1.9351974     	-1.9316758     	-1.9280111     	-1.936         	-1.933538      	-1.9265538     	-1.9124888     	-1.9569716     	-1.9538652     	-1.935859      	-1.9674121     	-1.9769073     	-1.8693515     	-1.6337628     	-1.7356559     	-1.8081089     	-1.8300055     	-1.8666836     	-1.9308074     	-1.9199489     	-1.9255737     	-1.9407938     	-1.9273641     	-1.93757       	-1.9352608     	-1.9416591     	-1.9522008     	-1.9812728     	-1.9513187     	-1.6173719     	-1.6058487     	-1.9795848     	-1.9112694     	-1.8952452     	-1.9452188     	-1.9151134     	-1.8974642     	-1.8879274     	-1.9198444     	-1.9218079     	-1.8740537     	-1.9245855     	-1.9168952     	-1.9187583     	-1.9144992     	-1.9019889     	-1.9191958     	-1.9129788     	-1.9223937     	-1.9392507     	-1.9332486     	-1.9539344     	-1.971469      	-0.7058486     	-1.8063313     	-1.9402653     	-1.9235685     	-1.928239      	-1.9401524     	-1.9125088     	-1.927989      	-1.9257748     	-1.9356598     	-1.9320042     	-1.9205607     	-1.9378895     	-1.9380196     	-1.9332384     	-1.9412066     	-1.9269284     	-1.9441427     	-1.929541      	-1.9380687     	-1.9518204     	-1.941512      	-1.6989706     	-0.815309      	-0.62175107    	-1.8012573     	-1.8015054     	-1.8020823     	-1.8599843     	-1.9003135     	-1.9250559     	-1.9063209     	-1.9289267     	-1.9383737     	-1.9346446     	-1.9113599     	-1.9047588     	-1.9026855     	
-1.9048464     	-1.9222854     	-1.9476205     	-1.9117265     	-1.912076      	-1.9332825     	-1.9273733     	-1.9275299     	-1.9407803     	-1.9323584     	-1.9483687     	-1.9155096     	-1.9351424     	-1.9407922     	-1.9380099     	-1.9319679     	-1.9412242     	-1.9401742     	-1.9366693     	-1.9562007     	-1.9655749     	-1.4458331     	-1.0116668     	-1.6884099     	-1.8196918     	-1.8419088     	-1.8600925     	-1.9156123     	-1.912465      	-1.9123961     	-1.932289      	-1.9153311     	-1.8943789     	-1.9209756     	-1.9330837     	-1.9158425     	-1.9261521     	-1.9321445     	-1.9421467     	-1.920909      	-1.9113225     	-1.9279295     	-1.9258507     	-1.9184595     	-1.8943115     	-1.8830812     	-1.9407489     	-1.923649      	-1.9300199     	-1.9148549     	-1.9321395     	-1.912533      	-1.9092205     	-1.9173044     	-1.9272583     	-1.912294      	-1.928087      	-1.9140255     	-1.9409884     	-1.9475749     	-1.9106151     	-2.0133448     	-1.4284122     	-0.9186178     	-1.9540045     	-1.9280972     	-1.9381531     	-1.9313452     	-1.9206663     	-1.9481856     	-1.929571      	-1.9179621     	-1.9484082     	-1.9130201     	-1.936243      	-1.9415486     	-1.928801      	-1.9301189     	-1.9409577     	-1.9275519     	-1.9386151     	-1.9250239     	-1.9528437     	-1.9527534     	-1.9652537     	-1.4723204     	-0.75588727    	-1.2616601     	-1.7745807     	-1.8007482     	-1.8496755     	-1.8842713     	-1.9095036     	-1.922388      	-1.9245397     	-1.9134572     	-1.9202856     	-1.919186      	-1.9140549     	-1.9046475     	
-1.9316195     	-1.9159589     	-1.9276117     	-1.9350992     	-1.9186329     	-1.9388239     	-1.9164256     	-1.9240429     	-1.9191686     	-1.9414607     	-1.930976      	-1.9187126     	-1.9434212     	-1.9242932     	-1.9022429     	-1.9395455     	-1.9383703     	-1.942142      	-1.9309783     	-1.9489479     	-1.9457499     	-1.8857912     	-1.2364458     	-1.2115315     	-1.7726539     	-1.8189715     	-1.8284961     	-1.8824173     	-1.9125286     	-1.9083241     	-1.9282488     	-1.9235399     	-1.9228594     	-1.9184636     	-1.91973       	-1.916719      	-1.9041549     	-1.910487      	-1.9100125     	-1.920407      	-1.9050598     	-1.9230303     	-1.9261638     	-1.930734      	-1.8945816     	-1.9230326     	-1.8981001     	-1.9090266     	-1.9113048     	-1.909494      	-1.9217893     	-1.9127914     	-1.9023192     	-1.9401383     	-1.9371952     	-1.9179262     	-1.9345943     	-1.9281317     	-1.9444984     	-1.9605439     	-1.9495337     	-2.0201747     	-1.7677873     	-0.85199666    	-1.6511883     	-1.946896      	-1.9140272     	-1.9275081     	-1.9445739     	-1.9415141     	-1.9348507     	-1.9324354     	-1.9394555     	-1.940228      	-1.9202586     	-1.9368029     	-1.9296473     	-1.9424099     	-1.9397401     	-1.9463549     	-1.9412608     	-1.922284      	-1.9479524     	-1.954191      	-1.9435462     	-1.9764636     	-1.1271958     	-0.9638632     	-1.6224546     	-1.8012493     	-1.8168886     	-1.8673875     	-1.8826733     	-1.9108301     	-1.9226377     	-1.9130679     	-1.9278642     	-1.9055393     	-1.8814342     	-1.908224      	
-1.9480363     	-1.9340622     	-1.9204603     	-1.9302014     	-1.9312284     	-1.929928      	-1.935927      	-1.9312029     	-1.9477166     	-1.918491      	-1.9247648     	-1.9583617     	-1.9223244     	-1.93821       	-1.9470159     	-1.9333467     	-1.9620687     	-1.9292237     	-1.9604357     	-1.9615047     	-1.9413842     	-1.9766797     	-0.95012236    	-0.73469937    	-1.6118064     	-1.8290174     	-1.8249935     	-1.848946      	-1.893655      	-1.9149677     	-1.9032451     	-1.9358381     	-1.9192322     	-1.924755      	-1.9085833     	-1.9025933     	-1.9213926     	-1.9136425     	-1.9210325     	-1.9131993     	-1.9214146     	-1.9077225     	-1.9029566     	-1.9226139     	-1.9056555     	-1.9276205     	-1.9048826     	-1.9177243     	-1.9298652     	-1.9155047     	-1.9081845     	-1.9048811     	-1.9225475     	-1.908559      	-1.9221426     	-1.9254535     	-1.9318583     	-1.9255681     	-1.9404975     	-1.9431815     	-1.9514989     	-1.9311463     	-2.0130262     	-1.6782565     	-0.99728197    	-1.9095604     	-1.9351689     	-1.9383168     	-1.9218918     	-1.9397414     	-1.9322106     	-1.9073474     	-1.9582117     	-1.9316251     	-1.9372038     	-1.9559503     	-1.9360621     	-1.9219657     	-1.9451816     	-1.9417973     	-1.9331566     	-1.935173      	-1.9345132     	-1.9402456     	-1.9511985     	-1.944237      	-1.9406382     	-0.99480444    	-0.9974381     	-1.8082818     	-1.7820014     	-1.845127      	-1.8912069     	-1.9247383     	-1.9118737     	-1.9170166     	-1.9113587     	-1.9104501     	-1.9137286     	-1.9149905     	
-0.9768312     	-1.7055699     	-1.938083      	-1.9141636     	-1.9298526     	-1.9340838     	-1.9295422     	-1.9269022     	-1.9472014     	-1.9423424     	-1.9197843     	-1.9033675     	-1.9604255     	-1.9283983     	-1.9375778     	-1.9151771     	-1.9383746     	-1.9497944     	-1.906516      	-1.9285136     	-1.9645265     	-1.9486564     	-1.971337      	-0.93491447    	-1.3399117     	-1.7626957     	-1.8282647     	-1.8688517     	-1.8837646     	-1.9173476     	-1.924996      	-1.9151348     	-1.9167103     	-1.9306632     	-1.9263417     	-1.9238397     	-1.8815857     	-1.9058356     	-1.9177699     	-1.9141446     	-1.9043771     	-1.9191791     	-1.9136701     	-1.9165162     	-1.9211036     	-1.910307      	-1.9278957     	-1.9238616     	-1.9065007     	-1.9130818     	-1.9143876     	-1.9047565     	-1.9252946     	-1.9043107     	-1.9255941     	-1.9217014     	-1.9195524     	-1.9220061     	-1.9141558     	-1.9475553     	-1.9461946     	-1.9254676     	-1.9259635     	-1.9787704     	-1.2574027     	-1.3989213     	-1.9314038     	-1.9318897     	-1.9294795     	-1.9256833     	-1.9404281     	-1.9270263     	-1.9321672     	-1.9451371     	-1.929503      	-1.9439054     	-1.9246761     	-1.9394683     	-1.9302243     	-1.9416516     	-1.9452732     	-1.92783       	-1.9486207     	-1.9560562     	-1.940789      	-1.9534674     	-1.9646581     	-1.6935747     	-1.4081899     	-1.7775499     	-1.7983931     	-1.8141234     	-1.8608532     	-1.8967133     	-1.9072031     	-1.9028726     	-1.9100164     	-1.925667      	-1.9093157     	-1.9093926     	
-1.7656759     	-1.1507666     	-1.9244967     	-1.9296092     	-1.9364884     	-1.9326608     	-1.9361707     	-1.9466509     	-1.9279408     	-1.9312787     	-1.9364958     	-1.9332833     	-1.9348947     	-1.9531924     	-1.9368645     	-1.9406515     	-1.9528852     	-1.9306095     	-1.9444634     	-1.9476224     	-1.9633        	-1.9633269     	-2.0027947     	-1.4104805     	-1.0985533     	-1.8209152     	-1.7932323     	-1.8280107     	-1.8231386     	-1.8978319     	-1.9049221     	-1.9028448     	-1.9215579     	-1.8929943     	-1.912598      	-1.911595      	-1.8856311     	-1.9303613     	-1.9183859     	-1.9079243     	-1.9150892     	-1.9145068     	-1.9015763     	-1.9265628     	-1.9074869     	-1.9248046     	-1.9167689     	-1.9028296     	-1.9226551     	-1.9156061     	-1.9181887     	-1.9293242     	-1.9180983     	-1.9255668     	-1.9130285     	-1.9308411     	-1.9294163     	-1.9179736     	-1.9350266     	-1.9272527     	-1.9480971     	-1.9497055     	-1.9226977     	-2.0258965     	-1.7062564     	-0.6508617     	-1.8765327     	-1.948769      	-1.9270738     	-1.9552637     	-1.9341062     	-1.9306759     	-1.9559062     	-1.9276141     	-1.9411222     	-1.9433799     	-1.9348518     	-1.9426743     	-1.9238212     	-1.9367359     	-1.9432901     	-1.9442266     	-1.9409444     	-1.937247      	-1.9351066     	-1.9328283     	-1.9360136     	-1.8153824     	-1.1397018     	-1.0238639     	-1.783803      	-1.8074269     	-1.8212409     	-1.8718922     	-1.9173168     	-1.9291937     	-1.9259263     	-1.9235138     	-1.9118783     	-1.9054934     	
-1.7948068     	-1.0683062     	-1.7754709     	-1.9304662     	-1.9308        	-1.9496218     	-1.9331511     	-1.932887      	-1.9313428     	-1.9422477     	-1.9347261     	-1.9194494     	-1.9439241     	-1.9322969     	-1.9390512     	-1.939861      	-1.9401159     	-1.9489661     	-1.9573218     	-1.9360913     	-1.9562016     	-1.948431      	-1.9614974     	-1.9496483     	-1.3922194     	-1.0513371     	-1.8025576     	-1.8087541     	-1.7967569     	-1.8630964     	-1.8977491     	-1.9119914     	-1.9270462     	-1.9013308     	-1.9076221     	-1.9195212     	-1.9023858     	-1.9089915     	-1.9122308     	-1.9128252     	-1.9244105     	-1.9025804     	-1.9050251     	-1.9109823     	-1.9258273     	-1.9200209     	-1.9320241     	-1.9128113     	-1.9121674     	-1.9079827     	-1.9057512     	-1.9306455     	-1.9157699     	-1.9181324     	-1.9181238     	-1.9125925     	-1.9149277     	-1.9149616     	-1.9324305     	-1.9177957     	-1.9273245     	-1.9448041     	-1.944967      	-1.9412621     	-2.0091934     	-1.5787534     	-1.3288217     	-1.9227687     	-1.94317       	-1.9411129     	-1.9310265     	-1.9449687     	-1.9373641     	-1.9362726     	-1.9513038     	-1.9362216     	-1.9501532     	-1.9333378     	-1.9501479     	-1.9415189     	-1.9274986     	-1.9610689     	-1.9356424     	-1.9413449     	-1.9568547     	-1.9402485     	-1.958943      	-1.958176      	-1.4189291     	-0.9495137     	-1.5195872     	-1.7791991     	-1.8162023     	-1.836593      	-1.846483      	-1.9000924     	-1.895466      	-1.9095575     	-1.9128736     	-1.9034258     	
-1.8562113     	-1.6693997     	-0.6556357     	-1.8249631     	-1.9430114     	-1.9336187     	-1.9286861     	-1.9439727     	-1.9269589     	-1.9298517     	-1.9272939     	-1.9354973     	-1.9437727     	-1.9204623     	-1.9397625     	-1.9235799     	-1.9305195     	-1.9368916     	-1.9676071     	-1.9411534     	-1.9624968     	-1.9405217     	-1.9509636     	-1.9759783     	-1.659826      	-0.98773986    	-1.2332222     	-1.7965025     	-1.8241305     	-1.8685416     	-1.8804722     	-1.9289643     	-1.9304544     	-1.9223136     	-1.9214952     	-1.9065628     	-1.9365771     	-1.9196995     	-1.9131774     	-1.9227847     	-1.9306276     	-1.9276714     	-1.9341309     	-1.9253852     	-1.9268619     	-1.9270157     	-1.91904       	-1.9344        	-1.9201343     	-1.9286301     	-1.9176443     	-1.925122      	-1.9130085     	-1.9216651     	-1.9381416     	-1.924821      	-1.9373856     	-1.9498361     	-1.9379698     	-1.9317497     	-1.9327406     	-1.9510857     	-1.9880736     	-2.0163856     	-1.8967351     	-1.7069981     	-1.1568846     	-1.3897167     	-1.947505      	-1.9422728     	-1.9366302     	-1.9355294     	-1.9442142     	-1.9448366     	-1.934644      	-1.9437392     	-1.9174223     	-1.952633      	-1.9445426     	-1.9216646     	-1.9431064     	-1.9345342     	-1.9442811     	-1.9396212     	-1.9398221     	-1.9550251     	-1.9243702     	-1.9390403     	-2.0079615     	-1.3853446     	-0.7740527     	-0.68286425    	-1.4738259     	-1.8062142     	-1.7921404     	-1.8583658     	-1.8707851     	-1.9393107     	-1.8997723     	-1.9188544     	
-1.8834525     	-2.0251522     	-1.0893697     	-1.3165436     	-1.9209645     	-1.941799      	-1.9122113     	-1.917369      	-1.958547      	-1.9532019     	-1.9236027     	-1.9089826     	-1.9265966     	-1.9407009     	-1.9092507     	-1.930525      	-1.9446219     	-1.9444768     	-1.9292084     	-1.9315487     	-1.9510573     	-1.955425      	-1.9422923     	-1.9595882     	-1.9775342     	-1.113774      	-0.81945735    	-1.4930305     	-1.80051       	-1.8316522     	-1.8499548     	-1.9104968     	-1.92041       	-1.9112862     	-1.9066916     	-1.9272732     	-1.911318      	-1.923273      	-1.9212382     	-1.9066122     	-1.9259065     	-1.9063691     	-1.926627      	-1.9354904     	-1.9085224     	-1.9263958     	-1.9125563     	-1.9175442     	-1.9050975     	-1.9132004     	-1.9126428     	-1.9054347     	-1.904573      	-1.9134227     	-1.915136      	-1.9062        	-1.9082705     	-1.9205449     	-1.8971375     	-1.9143631     	-1.9255058     	-1.9321166     	-1.8933731     	-1.9315988     	-1.9032655     	-1.9168142     	-1.7441491     	-1.0083481     	-1.9359787     	-1.9276943     	-1.94574       	-1.9412887     	-1.9343566     	-1.9385117     	-1.9448386     	-1.9370229     	-1.9432052     	-1.9282194     	-1.9318056     	-1.9396077     	-1.9430956     	-1.9390402     	-1.9566602     	-1.9267884     	-1.928543      	-1.9459076     	-1.9477385     	-1.9605691     	-1.9537286     	-1.9373453     	-1.9770521     	-1.3059419     	-1.2682492     	-1.862044      	-1.8361157     	-1.6370773     	-1.1756506     	-1.4440659     	-1.755576      	-1.918749      	
-1.9053477     	-1.9968567     	-1.8564314     	-0.6231976     	-1.8184048     	-1.9524851     	-1.931337      	-1.9383947     	-1.9410421     	-1.9429139     	-1.9419736     	-1.9409281     	-1.9516824     	-1.9390205     	-1.931433      	-1.9457387     	-1.9285933     	-1.9385542     	-1.9508694     	-1.9370917     	-1.937266      	-1.938193      	-1.934942      	-1.9261321     	-1.9643081     	-1.8673806     	-0.7999472     	-1.2122731     	-1.7440096     	-1.8216583     	-1.8611728     	-1.869758      	-1.9298785     	-1.916345      	-1.9038981     	-1.9101554     	-1.8973882     	-1.9142764     	-1.9265244     	-1.9050779     	-1.9228382     	-1.9245906     	-1.909604      	-1.9247954     	-1.8949139     	-1.9222511     	-1.9108348     	-1.9092325     	-1.917212      	-1.9117064     	-1.9118695     	-1.9323078     	-1.8907511     	-1.9323381     	-1.9206578     	-1.9229554     	-1.9226731     	-1.9273661     	-1.9280143     	-1.9353588     	-1.9259863     	-1.926361      	-1.9240762     	-1.9560491     	-1.9633571     	-2.0144887     	-1.7673707     	-0.9149865     	-1.4285947     	-1.9382211     	-1.939627      	-1.9433559     	-1.950335      	-1.9502212     	-1.9433137     	-1.9354595     	-1.9336842     	-1.940926      	-1.9580835     	-1.9408089     	-1.9254738     	-1.9579376     	-1.9252015     	-1.9374932     	-1.9503084     	-1.9295759     	-1.9416622     	-1.9164853     	-1.9316583     	-1.9461769     	-1.9233304     	-1.9363494     	-1.9375314     	-1.9399785     	-1.9244705     	-1.9371532     	-1.9188745     	-1.9303323     	-1.9269667     	-1.9249426     	
-1.9566972     	-1.9075856     	-2.0095124     	-1.3974787     	-1.0415832     	-1.945132      	-1.9399849     	-1.9260195     	-1.9322535     	-1.942263      	-1.9300559     	-1.9445797     	-1.9374437     	-1.9356081     	-1.9358749     	-1.9467086     	-1.9353466     	-1.9597706     	-1.9396112     	-1.9289465     	-1.9411736     	-1.9209654     	-1.9312345     	-1.9760697     	-1.960836      	-1.980275      	-1.4161812     	-1.0294312     	-1.6221905     	-1.7871747     	-1.8218334     	-1.8356534     	-1.8932344     	-1.9104214     	-1.8996445     	-1.9245793     	-1.8992188     	-1.8981588     	-1.9248198     	-1.9254328     	-1.9283763     	-1.9080658     	-1.9301776     	-1.9309133     	-1.9019816     	-1.9171823     	-1.9202229     	-1.9165092     	-1.9210463     	-1.929553      	-1.9278005     	-1.9079655     	-1.8884476     	-1.9174012     	-1.9275753     	-1.911475      	-1.9289461     	-1.9236726     	-1.9232762     	-1.9370409     	-1.9140667     	-1.9159044     	-1.9400067     	-1.9333986     	-1.828503      	-1.9212885     	-1.723202      	-1.4077655     	-0.93218386    	-1.9575857     	-1.928317      	-1.9259831     	-1.951464      	-1.9431852     	-1.926245      	-1.9441601     	-1.9459566     	-1.9473875     	-1.9431981     	-1.9270731     	-1.9529829     	-1.935902      	-1.9401171     	-1.951605      	-1.9369818     	-1.9341221     	-1.9433109     	-1.9351543     	-1.9393834     	-1.915904      	-1.942269      	-1.9428769     	-1.93332       	-1.9351069     	-1.94553       	-1.9293286     	-1.9318928     	-1.9492677     	-1.9500269     	-1.9346695     	
-1.9190075     	-1.9114126     	-1.9578669     	-1.7200178     	-0.8644622     	-1.4637865     	-1.9442533     	-1.9277456     	-1.9192002     	-1.9502906     	-1.9293133     	-1.9152321     	-1.9325477     	-1.9471179     	-1.9415464     	-1.9442313     	-1.9182292     	-1.9389745     	-1.9545379     	-1.9240036     	-1.9523567     	-1.9284139     	-1.960331      	-1.9448854     	-1.9269798     	-1.984248      	-1.9579371     	-1.2343664     	-0.9148615     	-1.7787291     	-1.812913      	-1.8308408     	-1.8420404     	-1.9213872     	-1.898996      	-1.922057      	-1.9180032     	-1.8983186     	-1.8942007     	-1.9052054     	-1.9167192     	-1.8961304     	-1.9032997     	-1.9119481     	-1.9022897     	-1.9137272     	-1.9276482     	-1.9158515     	-1.9083242     	-1.9101983     	-1.9239322     	-1.9166367     	-1.9068624     	-1.9062873     	-1.9326208     	-1.8872048     	-1.911146      	-1.8866991     	-1.8327674     	-2.0199866     	-1.9123553     	-1.8125389     	-1.7709147     	-1.895932      	-1.9576975     	-1.7933255     	-1.7981528     	-1.2935672     	-0.66819155    	-1.9450113     	-1.9226364     	-1.9593128     	-1.9307799     	-1.9298965     	-1.9499859     	-1.932025      	-1.934615      	-1.9380149     	-1.9439355     	-1.9352835     	-1.912757      	-1.934619      	-1.9170815     	-1.9253455     	-1.9493741     	-1.9303097     	-1.9444827     	-1.9128283     	-1.918593      	-1.9384665     	-1.9368051     	-1.9314176     	-1.9461485     	-1.9319707     	-1.9258806     	-1.9408839     	-1.9194306     	-1.9292817     	-1.9354445     	-1.9321014     	
-1.9369694     	-1.9327395     	-1.8929771     	-1.8859111     	-1.330065      	-1.2059529     	-1.9363828     	-1.9299581     	-1.9368839     	-1.9305295     	-1.9384854     	-1.9209129     	-1.9304332     	-1.9534065     	-1.9275987     	-1.9391271     	-1.9375632     	-1.9347829     	-1.937529      	-1.9419318     	-1.9391652     	-1.9454205     	-1.9418522     	-1.9341172     	-1.9521633     	-1.960068      	-1.9467355     	-1.6660244     	-1.1023215     	-1.3805987     	-1.7826349     	-1.8374273     	-1.8378448     	-1.8667966     	-1.9175965     	-1.9119099     	-1.9152873     	-1.8878309     	-1.9121954     	-1.9187276     	-1.9072095     	-1.908382      	-1.9155095     	-1.928934      	-1.8910543     	-1.9281496     	-1.9016782     	-1.9066887     	-1.9151498     	-1.8823005     	-1.8645355     	-1.9947337     	-2.0064855     	-2.009594      	-1.9535241     	-1.7533578     	-1.7766756     	-1.641829      	-1.8260269     	-1.8774983     	-1.7517718     	-1.9349706     	-2.0043223     	-2.0342693     	-2.0451162     	-1.3204347     	-1.8161969     	-2.0015106     	-1.9509702     	-1.9213804     	-1.9311657     	-1.9320499     	-1.9274721     	-1.9436764     	-1.9418889     	-1.9291905     	-1.9327012     	-1.9427052     	-1.9517282     	-1.9299456     	-1.9209797     	-1.9306235     	-1.9455744     	-1.94322       	-1.9331529     	-1.92875       	-1.9479643     	-1.933528      	-1.9329159     	-1.9355005     	-1.919417      	-1.9335893     	-1.9311081     	-1.9252406     	-1.9405897     	-1.9417132     	-1.9246504     	-1.9295847     	-1.9354166     	-1.9270111     	
-1.9245487     	-1.9355518     	-1.9062732     	-1.8421088     	-1.9690114     	-0.76991135    	-1.7242647     	-1.9319464     	-1.9376252     	-1.9417572     	-1.9164838     	-1.9389704     	-1.949848      	-1.927493      	-1.9490358     	-1.9736392     	-1.9867774     	-1.8881924     	-1.8133221     	-1.7932687     	-1.9357373     	-1.9685739     	-1.9244101     	-1.9669812     	-1.9414473     	-1.9622976     	-1.9728541     	-1.9880637     	-1.3336877     	-1.1786472     	-1.7884067     	-1.8182037     	-1.8261983     	-1.8371454     	-1.8965747     	-1.9214631     	-1.9064888     	-1.9237709     	-1.8882349     	-1.8871914     	-1.8825543     	-1.8762317     	-1.8677818     	-1.8575991     	-1.8804361     	-1.8896705     	-1.8700784     	-1.8652395     	-1.8738023     	-1.8473297     	-1.9306462     	-1.9371401     	-2.0289404     	-1.7039222     	-1.980382      	-2.030353      	-1.9631735     	-1.778572      	-1.7875218     	-1.9856158     	-1.995314      	-1.9322206     	-1.9346856     	-1.9334548     	-1.9247377     	-1.9464049     	-1.9572417     	-1.9334635     	-1.9299778     	-1.9392284     	-1.9367813     	-1.937882      	-1.9467944     	-1.9314158     	-1.928591      	-1.9124362     	-1.9101129     	-1.9341854     	-1.9467808     	-1.9123738     	-1.9316751     	-1.9326476     	-1.9054878     	-1.9372934     	-1.9412988     	-1.926644      	-1.93799       	-1.9159812     	-1.9386415     	-1.9177706     	-1.8986832     	-1.9236534     	-1.9296721     	-1.924395      	-1.9288632     	-1.9295565     	-1.9192829     	-1.9114047     	-1.9163619     	-1.9348375     	
-1.9282805     	-1.9456484     	-1.9680194     	-1.9199251     	-2.0188627     	-1.5571977     	-0.6554395     	-1.9399831     	-1.9264104     	-1.9286093     	-1.9241284     	-1.939984      	-1.9235252     	-1.9379162     	-1.9394157     	-1.9206651     	-1.9351937     	-1.9470676     	-1.9437804     	-1.9555244     	-1.9336566     	-1.9387112     	-1.9205488     	-1.8986236     	-1.9363133     	-1.9494926     	-1.9289159     	-1.9726433     	-1.887642      	-1.0039598     	-1.3592277     	-1.7545983     	-1.7923509     	-1.8013287     	-1.84445       	-1.8904048     	-1.9191487     	-1.9807566     	-1.9530572     	-1.8535073     	-1.8186103     	-1.9342571     	-1.9634541     	-2.0289268     	-2.0214581     	-1.8123928     	-1.8993851     	-1.8516228     	-1.8212066     	-1.8559026     	-1.8147365     	-1.8760812     	-1.9863876     	-1.9693478     	-1.96051       	-1.929195      	-1.9323545     	-1.9327868     	-1.9288983     	-1.9261727     	-1.9522938     	-1.9242175     	-1.9457599     	-1.9302133     	-1.9252491     	-1.9321979     	-1.9239122     	-1.9458255     	-1.9239267     	-1.9168731     	-1.9317496     	-1.9478074     	-1.9391099     	-1.9302889     	-1.9301472     	-1.9230266     	-1.9453181     	-1.9187489     	-1.9367775     	-1.9460388     	-1.9135631     	-1.932201      	-1.9361182     	-1.9181907     	-1.9384974     	-1.913425      	-1.9266516     	-1.9192019     	-1.9163791     	-1.9126521     	-1.9241453     	-1.9305046     	-1.9355489     	-1.925041      	-1.9390439     	-1.9425918     	-1.9390486     	-1.9122195     	-1.8992496     	-1.9048094     	
-1.9439038     	-1.9067913     	-1.9435741     	-1.9189559     	-1.8808823     	-2.014968      	-0.9450455     	-1.4389775     	-1.9188961     	-1.9221805     	-1.9287295     	-1.9226815     	-1.9417645     	-1.9125423     	-1.9126493     	-1.9567467     	-1.9272994     	-1.9225917     	-1.9510561     	-1.9286962     	-1.9457294     	-1.9327147     	-1.9262325     	-1.9401135     	-1.9464095     	-1.923083      	-1.9567277     	-1.9605902     	-1.9663376     	-1.3881941     	-0.9947349     	-0.7750405     	-1.3295119     	-1.7952328     	-1.7664074     	-1.8425118     	-1.8837157     	-1.683211      	-1.8970187     	-1.7614818     	-1.9132599     	-1.9688858     	-1.9251229     	-1.9256798     	-1.8877827     	-1.9371713     	-1.9566418     	-1.9418435     	-1.9292592     	-1.9267749     	-1.9308956     	-1.933733      	-1.9466416     	-1.9265423     	-1.9366276     	-1.9217006     	-1.9246548     	-1.9385718     	-1.9287325     	-1.9262286     	-1.9139494     	-1.9456872     	-1.9400705     	-1.9112707     	-1.9355689     	-1.9312731     	-1.9462823     	-1.9265054     	-1.9055204     	-1.9205534     	-1.922776      	-1.9446508     	-1.9294447     	-1.9291371     	-1.952352      	-1.9199529     	-1.9378506     	-1.9347967     	-1.944151      	-1.9440447     	-1.9276754     	-1.9352496     	-1.9261833     	-1.9251281     	-1.933811      	-1.9301449     	-1.9416281     	-1.9164028     	-1.9121317     	-1.9450704     	-1.9230001     	-1.9414474     	-1.942999      	-1.9256908     	-1.929638      	-1.9540604     	-1.9363974     	-1.9022195     	-1.9004115     	-1.9076443     	
-1.9289483     	-1.9364425     	-1.9201525     	-1.9306291     	-1.9137332     	-1.8794675     	-1.7496537     	-0.7350657     	-1.9464256     	-1.9269572     	-1.9428974     	-1.9213059     	-1.9205841     	-1.9460526     	-1.9403653     	-1.9393955     	-1.9361901     	-1.9521637     	-1.939277      	-1.9296604     	-1.9395974     	-1.9606918     	-1.9242796     	-1.9410028     	-1.9364798     	-1.9439777     	-1.940642      	-1.9506824     	-1.950499      	-1.9587785     	-2.017048      	-1.1507218     	-1.2604448     	-1.8318847     	-1.731848      	-1.9346752     	-1.8676379     	-1.9386413     	-1.9818171     	-1.964198      	-1.9234768     	-1.9246635     	-1.9238446     	-1.9387116     	-1.9365638     	-1.9320252     	-1.9408659     	-1.9289688     	-1.9238681     	-1.9225979     	-1.9302254     	-1.9276506     	-1.9223973     	-1.9336234     	-1.9470458     	-1.9242291     	-1.9266368     	-1.9296316     	-1.946797      	-1.9289665     	-1.9194839     	-1.9385875     	-1.9379623     	-1.9367039     	-1.9371463     	-1.9251388     	-1.9272164     	-1.9352543     	-1.9347011     	-1.9218        	-1.9367808     	-1.9288064     	-1.9367057     	-1.9266931     	-1.928004      	-1.9283527     	-1.925007      	-1.9398825     	-1.9490486     	-1.9111626     	-1.9263934     	-1.9464574     	-1.9153377     	-1.9410658     	-1.9251915     	-1.9247202     	-1.9472326     	-1.9352103     	-1.9288347     	-1.944932      	-1.937277      	-1.9102154     	-1.9390274     	-1.942475      	-1.9184374     	-1.927411      	-1.930134      	-1.910727      	-1.9101752     	-1.9250519     	
-1.9241483     	-1.9178663     	-1.923807      	-1.95183       	-1.9297317     	-1.8856204     	-2.0286813     	-1.2760816     	-0.8513202     	-1.9429299     	-1.9154869     	-1.9511255     	-1.9222732     	-1.929139      	-1.9366701     	-1.920003      	-1.9304321     	-1.9493455     	-1.9326884     	-1.9373616     	-1.9292248     	-1.9182082     	-1.9389209     	-1.9195176     	-1.9307085     	-1.9341413     	-1.919536      	-1.9398451     	-1.9283153     	-1.9336973     	-1.9303212     	-1.9089739     	-1.937662      	-1.9329315     	-1.9244256     	-1.9308395     	-1.9249778     	-1.9324707     	-1.9339702     	-1.9148337     	-1.9429318     	-1.9335114     	-1.9134461     	-1.9245006     	-1.9269018     	-1.9160482     	-1.9323031     	-1.932146      	-1.9068475     	-1.9403223     	-1.9158462     	-1.9083995     	-1.9337331     	-1.9281538     	-1.9259992     	-1.925761      	-1.9232377     	-1.9246081     	-1.9317387     	-1.9201308     	-1.9353948     	-1.927749      	-1.9230448     	-1.9258991     	-1.9289631     	-1.9317949     	-1.9124997     	-1.9131984     	-1.9476684     	-1.9088734     	-1.9357975     	-1.9227054     	-1.9180859     	-1.930807      	-1.9195474     	-1.9282001     	-1.9401578     	-1.9091098     	-1.9476514     	-1.9249827     	-1.9157666     	-1.9271432     	-1.9330976     	-1.9270722     	-1.9293602     	-1.9251554     	-1.945111      	-1.9172066     	-1.9119403     	-1.9345937     	-1.9210525     	-1.9130368     	-1.9399848     	-1.9245139     	-1.941402      	-1.9355148     	-1.9339861     	-1.926641      	-1.8834679     	-1.9204559     	
-1.9056598     	-1.9212621     	-1.9455206     	-1.913308      	-1.7042632     	-1.8759483     	-1.7317623     	-1.4854999     	-0.7594228     	-1.9382886     	-1.9322653     	-1.9316887     	-1.9292086     	-1.9326257     	-1.9277905     	-1.9330684     	-1.9455974     	-1.9290587     	-1.9472419     	-1.9193239     	-1.9323466     	-1.9300295     	-1.9212819     	-1.914245      	-1.9226464     	-1.9341561     	-1.9222504     	-1.9120779     	-1.9337504     	-1.930144      	-1.9365767     	-1.9389818     	-1.9207624     	-1.9368194     	-1.9331304     	-1.9231128     	-1.9379593     	-1.9334378     	-1.9060684     	-1.9281578     	-1.932555      	-1.902316      	-1.9352056     	-1.9088345     	-1.9162453     	-1.9282573     	-1.922707      	-1.9436882     	-1.9166377     	-1.9392425     	-1.9311275     	-1.9241796     	-1.9303521     	-1.9021679     	-1.9219273     	-1.934653      	-1.9278194     	-1.9148605     	-1.9110507     	-1.9319738     	-1.9348582     	-1.9094367     	-1.9262317     	-1.9330924     	-1.9166797     	-1.9175925     	-1.9396518     	-1.9302236     	-1.9209464     	-1.9033278     	-1.9435292     	-1.9182744     	-1.9106873     	-1.9292443     	-1.9385393     	-1.9181825     	-1.9152056     	-1.9207761     	-1.9367983     	-1.9255439     	-1.9128623     	-1.9302373     	-1.9287695     	-1.9266602     	-1.9146211     	-1.9478412     	-1.9307522     	-1.9033098     	-1.9190913     	-1.9375168     	-1.9325734     	-1.9279037     	-1.9234842     	-1.9428627     	-1.9398159     	-1.9379967     	-1.9438505     	-1.9467338     	-1.6448562     	-1.3012226     	
-1.9119463     	-1.9294404     	-1.7923168     	-1.844633      	-1.8519136     	-1.7887664     	-1.652427      	-1.7049792     	-1.0737216     	-1.3353868     	-1.9308716     	-1.9244574     	-1.9277033     	-1.962952      	-1.9254603     	-1.9223222     	-1.9398557     	-1.93319       	-1.9164752     	-1.9202421     	-1.941741      	-1.9356806     	-1.9095966     	-1.9164991     	-1.9351084     	-1.9313581     	-1.9317731     	-1.9249835     	-1.9277145     	-1.9332842     	-1.9077114     	-1.928769      	-1.932298      	-1.9240755     	-1.9382526     	-1.9196643     	-1.9202436     	-1.9282722     	-1.9308051     	-1.9296967     	-1.9189283     	-1.9354492     	-1.9280998     	-1.9227573     	-1.9243308     	-1.9384487     	-1.9189688     	-1.9267232     	-1.9289218     	-1.9351947     	-1.9286823     	-1.9064076     	-1.9351994     	-1.9239757     	-1.9230942     	-1.9356071     	-1.9394549     	-1.9205295     	-1.9054371     	-1.9323758     	-1.924266      	-1.9303511     	-1.9246485     	-1.9179093     	-1.9270437     	-1.9272394     	-1.9121565     	-1.9374508     	-1.90467       	-1.911341      	-1.9453067     	-1.9190208     	-1.930653      	-1.9298961     	-1.9299253     	-1.9198831     	-1.9187543     	-1.927633      	-1.9347178     	-1.9228615     	-1.917119      	-1.9368697     	-1.9274226     	-1.9243611     	-1.9397864     	-1.9281222     	-1.924968      	-1.9408588     	-1.932348      	-1.9375118     	-1.93096       	-1.9184421     	-1.9276212     	-1.9452488     	-1.9190725     	-1.9200765     	-1.949874      	-1.7781925     	-1.505341      	-1.3650568     	
-1.2430441     	-1.9844016     	-1.938115      	-1.9366703     	-1.9096838     	-1.7811469     	-1.9954586     	-1.9632021     	-1.9388732     	-1.9073915     	-1.939955      	-1.9153246     	-1.9455154     	-1.9325256     	-1.9281293     	-1.9346795     	-1.9408327     	-1.9348081     	-1.9255601     	-1.9298352     	-1.9389118     	-1.9271387     	-1.92869       	-1.9129399     	-1.9427588     	-1.9139612     	-1.9263253     	-1.9223214     	-1.9131835     	-1.9315923     	-1.9235965     	-1.919636      	-1.9150413     	-1.9262265     	-1.9405693     	-1.9138542     	-1.9294502     	-1.9108993     	-1.9233485     	-1.9331194     	-1.9095075     	-1.936589      	-1.9335123     	-1.9253583     	-1.9245764     	-1.9274236     	-1.9309047     	-1.9302961     	-1.9161558     	-1.9399011     	-1.9426119     	-1.9160763     	-1.9254264     	-1.9315807     	-1.9402922     	-1.9408107     	-1.9321324     	-1.936456      	-1.9450427     	-1.9186773     	-1.9276035     	-1.9434046     	-1.9259595     	-1.9424325     	-1.9202052     	-1.9302061     	-1.9424479     	-1.9199582     	-1.9290065     	-1.9495306     	-1.9324133     	-1.9389349     	-1.9321455     	-1.9461555     	-1.9358608     	-1.9295646     	-1.9458075     	-1.9418449     	-1.9175107     	-1.9464642     	-1.9339554     	-1.9346057     	-1.9084024     	-1.9345503     	-1.9372598     	-1.9197551     	-1.9349552     	-1.9397079     	-1.9414487     	-1.9456946     	-1.9302824     	-1.93617       	-1.9450971     	-1.9461948     	-1.9478561     	-1.9603165     	-1.8196325     	-1.4988661     	-1.5803704     	-1.7224524     	
-1.9528743     	-1.9800233     	-1.9453384     	-1.9249946     	-1.9353874     	-1.9328153     	-1.9364027     	-1.9474        	-1.9569403     	-1.9351267     	-1.931822      	-1.9231313     	-1.934084      	-1.9349467     	-1.9320792     	-1.9174592     	-1.9237291     	-1.943952      	-1.9249052     	-1.9365758     	-1.9127601     	-1.9346145     	-1.9276398     	-1.9146641     	-1.9358917     	-1.9336008     	-1.9276501     	-1.9183956     	-1.9323556     	-1.9273635     	-1.9206924     	-1.9322656     	-1.9335104     	-1.9175384     	-1.9254779     	-1.9310917     	-1.9355202     	-1.917366      	-1.9256594     	-1.9222128     	-1.9293298     	-1.9228475     	-1.937513      	-1.9425396     	-1.9379656     	-1.9243339     	-1.923844      	-1.941537      	-1.9379896     	-1.9305273     	-1.9437882     	-1.9325837     	-1.9366328     	-1.9404706     	-1.9313294     	-1.9369849     	-1.9262738     	-1.950231      	-1.9562558     	-1.9599463     	-1.934126      	-1.932208      	-1.9481367     	-1.9201034     	-1.9336176     	-1.9397664     	-1.9199948     	-1.9335129     	-1.9313487     	-1.9218754     	-1.9267434     	-1.9488829     	-1.9441338     	-1.9551275     	-1.9175591     	-1.9126025     	-1.9432514     	-1.929778      	-1.9340857     	-1.9476086     	-1.9137491     	-1.9428885     	-1.9258919     	-1.9079782     	-1.9319909     	-1.9209496     	-1.9109756     	-1.9352266     	-1.9323051     	-1.9455973     	-1.9245896     	-1.9265975     	-1.9548723     	-1.923965      	-1.9482161     	-1.9420727     	-1.8326433     	-1.5475161     	-1.5404286     	-1.6644666     	
-1.9321531     	-1.9298964     	-1.9359628     	-1.9300073     	-1.943642      	-1.9424882     	-1.9108136     	-1.9488406     	-1.9560179     	-1.9254781     	-1.9378113     	-1.9411068     	-1.9338845     	-1.9342531     	-1.9352022     	-1.9298036     	-1.9418057     	-1.935681      	-1.9345211     	-1.9498386     	-1.9355885     	-1.9363161     	-1.9245901     	-1.9403071     	-1.9450432     	-1.9155153     	-1.9487484     	-1.9340211     	-1.9259788     	-1.922011      	-1.9359909     	-1.9324783     	-1.9453148     	-1.9319762     	-1.9203931     	-1.9361736     	-1.9293201     	-1.9185158     	-1.9455671     	-1.934924      	-1.9354669     	-1.933275      	-1.9293684     	-1.9575461     	-1.9496032     	-1.9436576     	-1.9429172     	-1.9404782     	-1.9352744     	-1.9516451     	-1.9384414     	-1.9378289     	-1.9317093     	-1.9161216     	-1.9603143     	-1.9600648     	-1.9547671     	-1.6512812     	-0.89182746    	-0.8698673     	-0.9152123     	-0.8524599     	-1.4272797     	-1.9385034     	-1.9367856     	-1.9417979     	-1.9377998     	-1.534079      	-0.8526677     	-0.731445      	-0.8290845     	-0.45081654    	-1.6381137     	-1.93021       	-1.932366      	-1.9376022     	-1.93431       	-1.9431642     	-1.9292004     	-1.9244386     	-1.9362491     	-1.9286124     	-1.9456639     	-1.9351815     	-1.9293836     	-1.9360913     	-1.9468639     	-1.939724      	-1.9400302     	-1.9405081     	-1.940667      	-1.9367714     	-1.9284807     	-1.9383254     	-1.93705       	-1.9740248     	-1.7827452     	-1.079916      	-1.2557464     	-1.5409975     	
-1.9409232     	-1.9268017     	-1.9475396     	-1.9228928     	-1.9425595     	-1.935351      	-1.9149374     	-1.9382876     	-1.936584      	-1.926428      	-1.9206793     	-1.9335786     	-1.9304782     	-1.942478      	-1.9222325     	-1.9306607     	-1.9425627     	-1.9291555     	-1.9408406     	-1.9503624     	-1.9167401     	-1.9443997     	-1.9208494     	-1.947497      	-1.9293575     	-1.923376      	-1.9441841     	-1.929469      	-1.9377326     	-1.9321412     	-1.9169389     	-1.949603      	-1.9440395     	-1.9358661     	-1.9477092     	-1.9306363     	-1.9332932     	-1.9434563     	-1.9221231     	-1.9317225     	-1.9288875     	-1.93112       	-1.9392074     	-1.9353372     	-1.9536759     	-1.9334515     	-1.9383456     	-1.9403123     	-1.9419065     	-1.9573861     	-1.941407      	-1.9455457     	-1.9297726     	-1.9521654     	-1.9818677     	-1.534415      	-1.0911267     	-1.1456944     	-1.171068      	-1.0453033     	-0.88228434    	-1.0667603     	-0.8335265     	-0.80676544    	-0.6936685     	-0.6146115     	-0.6599118     	-0.6139335     	-0.5852389     	-1.363708      	-1.171612      	-0.8156241     	-0.88613254    	-0.96215284    	-0.62772644    	-0.6904619     	-1.9320525     	-1.9384662     	-1.9389426     	-1.9374537     	-1.9319745     	-1.9380133     	-1.942297      	-1.9406594     	-1.943665      	-1.9452541     	-1.9292054     	-1.9502498     	-1.9341397     	-1.9362818     	-1.951673      	-1.930155      	-1.9493245     	-1.937607      	-1.9225657     	-1.941266      	-1.8989785     	-1.3670363     	-1.2025965     	-1.4295294     	
-1.9380034     	-1.9108278     	-1.9262959     	-1.9396677     	-1.9121524     	-1.9232558     	-1.9325391     	-1.9417168     	-1.9273981     	-1.9344958     	-1.9384493     	-1.9304458     	-1.931321      	-1.9263831     	-1.9206938     	-1.913541      	-1.9043105     	-1.9331218     	-1.9226784     	-1.9119824     	-1.9325582     	-1.9277793     	-1.9455627     	-1.9158734     	-1.9153929     	-1.9431305     	-1.9222229     	-1.920665      	-1.9290419     	-1.9513632     	-1.9280697     	-1.9370062     	-1.9292881     	-1.9202226     	-1.9413681     	-1.9207865     	-1.9208477     	-1.9283534     	-1.9414414     	-1.9212085     	-1.9238644     	-1.9374148     	-1.9442378     	-1.9299796     	-1.9213842     	-1.9449824     	-1.9531852     	-1.9227494     	-1.9307557     	-1.9465863     	-1.9063443     	-1.1212088     	-0.50918996    	-0.69350255    	-0.82146674    	-0.77557355    	-0.6585103     	-0.7004802     	-0.81603146    	-0.96895546    	-0.68247503    	-0.6437993     	-0.763439      	-0.8403151     	-1.6674991     	-1.6488134     	-1.7208719     	-1.822229      	-1.8411835     	-1.8993824     	-1.9272747     	-1.9125339     	-1.9025863     	-1.8693632     	-1.5605547     	-0.681319      	-1.4748259     	-1.9300319     	-1.9783729     	-1.9288852     	-1.9500204     	-1.9329921     	-1.9356705     	-1.9469174     	-1.905519      	-1.932716      	-1.9387966     	-1.9200928     	-1.9413908     	-1.9309951     	-1.9420818     	-1.9336905     	-1.927778      	-1.9532423     	-1.9488319     	-1.9288439     	-1.9411647     	-1.6469207     	-1.3639209     	-1.3828179     	
-1.9315627     	-1.9303263     	-1.9328281     	-1.9293566     	-1.9391351     	-1.92285       	-1.905264      	-1.9330152     	-1.9250247     	-1.9353348     	-1.9298946     	-1.923011      	-1.9412308     	-1.9283786     	-1.9250287     	-1.9336939     	-1.9367354     	-1.9200978     	-1.9265474     	-1.9313854     	-1.9438026     	-1.9190353     	-1.9405123     	-1.931287      	-1.923747      	-1.9457604     	-1.939341      	-1.9265357     	-1.9243057     	-1.9147512     	-1.923063      	-1.922789      	-1.9264162     	-1.9317793     	-1.9368874     	-1.922222      	-1.9362417     	-1.9270877     	-1.9396609     	-1.9348365     	-1.9140203     	-1.9404451     	-1.944367      	-1.8648989     	-0.45627746    	-0.51325107    	-0.512523      	-0.7423151     	-0.7166204     	-0.6659377     	-0.660771      	-0.6201529     	-0.6143083     	-0.60417753    	-1.2210878     	-1.005726      	-1.361745      	-1.6085899     	-1.7535048     	-1.7884666     	-1.8488315     	-1.8913945     	-1.9009764     	-1.9133009     	-1.9302639     	-1.8927925     	-1.8976072     	-1.9193915     	-1.9151374     	-1.9060857     	-1.9270011     	-1.9287175     	-1.9342712     	-1.9472299     	-1.9110588     	-2.0137095     	-1.0538745     	-1.7098765     	-1.9314998     	-1.9155413     	-1.925114      	-1.9422587     	-1.9262264     	-1.9359694     	-1.9394282     	-1.930292      	-1.9169918     	-1.9163948     	-1.9359106     	-1.9190031     	-1.9223394     	-1.9193047     	-1.9374559     	-1.9195123     	-1.9328593     	-1.9224049     	-1.9392661     	-1.7636582     	-1.3343415     	-0.990198      	
-1.9365761     	-1.9189337     	-1.9276246     	-1.9220226     	-1.9076468     	-1.9238806     	-1.9349583     	-1.9297876     	-1.9379975     	-1.929543      	-1.9387378     	-1.9268891     	-1.9269496     	-1.9286462     	-1.9115522     	-1.9301482     	-1.9185296     	-1.9278116     	-1.931027      	-1.9101528     	-1.9350739     	-1.9218521     	-1.9351281     	-1.933023      	-1.9175192     	-1.9240159     	-1.9270645     	-1.9172386     	-1.9314798     	-1.9246427     	-1.9370365     	-1.9313289     	-1.9406366     	-1.9389106     	-1.9405036     	-1.9537491     	-1.9342264     	-1.9178073     	-1.9385555     	-1.9456414     	-1.9593345     	-1.1913987     	-0.6166179     	-0.67464197    	-0.63814414    	-0.6452477     	-0.5956811     	-0.7803209     	-0.6548847     	-1.6863729     	-1.7573159     	-1.8155956     	-1.8657962     	-1.907888      	-1.9191478     	-1.8966366     	-1.9144351     	-1.9057864     	-1.9114225     	-1.9159621     	-1.9092032     	-1.9192852     	-1.9108896     	-1.9206825     	-1.909072      	-1.917128      	-1.9075116     	-1.9019521     	-1.9137622     	-1.907426      	-1.9287144     	-1.9083723     	-1.9160784     	-1.9543029     	-1.9397426     	-1.936155      	-1.9431083     	-0.7046043     	-1.8795047     	-1.9350785     	-1.9134269     	-1.9348862     	-1.9286382     	-1.9355243     	-1.9235948     	-1.9124194     	-1.9201981     	-1.9213058     	-1.9315213     	-1.9258604     	-1.9392874     	-1.9246868     	-1.9226154     	-1.9288404     	-1.9299198     	-1.9124422     	-1.9237803     	-1.8994845     	-1.4837568     	-1.1466409     	
-1.9115942     	-1.9441106     	-1.9333637     	-1.9134033     	-1.9043972     	-1.9383584     	-1.930907      	-1.9242903     	-1.93752       	-1.9467413     	-1.9313211     	-1.9197865     	-1.9049084     	-1.9228854     	-1.9218671     	-1.920498      	-1.9214367     	-1.918486      	-1.9148756     	-1.94368       	-1.9442239     	-1.926857      	-1.9352571     	-1.9281043     	-1.910834      	-1.9258186     	-1.9158645     	-1.9336518     	-1.9241155     	-1.9254602     	-1.931026      	-1.9265637     	-1.9289156     	-1.9360499     	-1.928162      	-1.9382391     	-1.9289931     	-1.94033       	-1.8931651     	-0.76294154    	-0.9549854     	-1.6223906     	-1.5798469     	-1.7769886     	-1.8274945     	-1.8946139     	-1.897465      	-1.9158045     	-1.9109883     	-1.9041294     	-1.9276472     	-1.8961009     	-1.9166435     	-1.9312278     	-1.9262959     	-1.9300458     	-1.9270132     	-1.9263672     	-1.9236842     	-1.9113489     	-1.9196033     	-1.93352       	-1.9073402     	-1.9097027     	-1.9214219     	-1.9134381     	-1.9222538     	-1.9256071     	-1.9237343     	-1.9282024     	-1.9174176     	-1.9356166     	-1.9344052     	-1.9656129     	-1.9357942     	-1.9221417     	-2.0151787     	-1.3686757     	-1.2001504     	-1.9259719     	-1.9355845     	-1.9459177     	-1.94021       	-1.933139      	-1.906011      	-1.9462627     	-1.943051      	-1.9281347     	-1.933327      	-1.9619765     	-1.9256599     	-1.9346458     	-1.922346      	-1.9415402     	-1.9494731     	-1.9395254     	-1.9394035     	-1.9585103     	-1.8079069     	-1.6287173     	
-1.9308705     	-1.9457365     	-1.9263014     	-1.9248786     	-1.9451586     	-1.9200953     	-1.9268408     	-1.9265529     	-1.9308432     	-1.943842      	-1.9374424     	-1.931635      	-1.9374428     	-1.9281045     	-1.9141291     	-1.9286608     	-1.9136637     	-1.9289829     	-1.9266895     	-1.9190027     	-1.9314761     	-1.9360299     	-1.9232874     	-1.9381783     	-1.9445319     	-1.9331621     	-1.9336712     	-1.9360944     	-1.9340515     	-1.9364197     	-1.925407      	-1.9242564     	-1.9332823     	-1.9414729     	-1.944679      	-1.9432957     	-1.9925153     	-1.4445848     	-0.7477248     	-1.406634      	-1.255613      	-0.8877733     	-0.6111062     	-1.648582      	-1.9198335     	-1.9123452     	-1.9246949     	-1.9171926     	-1.9167616     	-1.9229234     	-1.9197818     	-1.9140826     	-1.9301932     	-1.9237522     	-1.9249741     	-1.9145502     	-1.9183161     	-1.9200596     	-1.9129449     	-1.9234277     	-1.911588      	-1.9186375     	-1.9089814     	-1.9111717     	-1.910338      	-1.9238766     	-1.9068047     	-1.9159049     	-1.9274126     	-1.9316477     	-1.9226621     	-1.9325203     	-1.9303398     	-1.9363533     	-1.9383769     	-1.9370174     	-1.9375507     	-2.005311      	-0.75262123    	-1.7673057     	-1.9324983     	-1.943137      	-1.944018      	-1.9265116     	-1.9311925     	-1.9290501     	-1.9237242     	-1.939798      	-1.9457358     	-1.9410534     	-1.9350492     	-1.9270108     	-1.9394635     	-1.9469438     	-1.9456602     	-1.9452925     	-1.9488395     	-1.9759756     	-1.7505617     	-1.407845      	
-1.9347249     	-1.9284569     	-1.9491643     	-1.9469161     	-1.9105536     	-1.9376378     	-1.9379175     	-1.9356102     	-1.9476279     	-1.9386727     	-1.9455646     	-1.9490318     	-1.9353126     	-1.923658      	-1.9311951     	-1.9416993     	-1.9420907     	-1.9361384     	-1.9383298     	-1.9386288     	-1.9361724     	-1.9401337     	-1.9381967     	-1.9378017     	-1.9347336     	-1.9405245     	-1.9188989     	-1.9299185     	-1.9499055     	-1.9438938     	-1.943135      	-1.9599864     	-1.9466298     	-1.9405168     	-1.9585618     	-1.960616      	-1.2030458     	-0.6725426     	-1.380431      	-1.5442276     	-1.6678827     	-1.7436383     	-1.8466928     	-1.6283823     	-1.672985      	-1.1707523     	-1.5237638     	-1.9184619     	-1.9066539     	-1.8960143     	-1.929679      	-1.9138526     	-1.9064814     	-1.9219929     	-1.9273347     	-1.9161515     	-1.9106134     	-1.9182752     	-1.9161099     	-1.9157404     	-1.9204403     	-1.9170561     	-1.9181669     	-1.9179453     	-1.9175073     	-1.9210873     	-1.9043616     	-1.9287527     	-1.9369186     	-1.9171674     	-1.9127921     	-1.9218551     	-1.9297026     	-1.9367719     	-1.9467965     	-1.9335631     	-1.9064456     	-2.0168936     	-1.5499754     	-0.5785347     	-1.9316937     	-1.9527453     	-1.9428207     	-1.9471438     	-1.9287882     	-1.9278469     	-1.939098      	-1.9255557     	-1.9194833     	-1.932751      	-1.9256525     	-1.94282       	-1.9400882     	-1.946237      	-1.9298602     	-1.9513563     	-1.9557447     	-1.936983      	-1.9346354     	-1.7794689     	
-1.9675115     	-1.945064      	-1.9390248     	-1.950852      	-1.9443681     	-1.9861902     	-0.81273913    	-0.50427115    	-0.6234048     	-0.7006223     	-0.7908531     	-0.6594956     	-0.7265025     	-1.9294864     	-1.9353755     	-1.9512262     	-1.9334643     	-1.9299093     	-1.9293913     	-1.914745      	-1.9209342     	-1.9307218     	-1.9468206     	-1.9621534     	-1.922584      	-1.9469652     	-1.9515394     	-1.934181      	-1.9453703     	-1.9401463     	-1.9547586     	-1.9529427     	-1.928045      	-1.960414      	-1.9969509     	-1.3260193     	-0.9982073     	-1.0199431     	-1.7610888     	-1.729418      	-1.7666372     	-1.8356923     	-1.8851658     	-1.885234      	-1.8583273     	-1.5888153     	-1.0748131     	-1.5095031     	-1.9169923     	-1.9263691     	-1.9301198     	-1.9316342     	-1.9374846     	-1.924316      	-1.9225105     	-1.9275633     	-1.929653      	-1.915083      	-1.9190215     	-1.9200059     	-1.9239775     	-1.9064119     	-1.9274223     	-1.9183804     	-1.9156986     	-1.904287      	-1.9140434     	-1.916065      	-1.907206      	-1.9295253     	-1.9317932     	-1.923424      	-1.9144372     	-1.9331135     	-1.9112825     	-1.9146827     	-1.9231012     	-1.8699373     	-1.9775888     	-0.86887974    	-1.769974      	-1.9225405     	-1.9352129     	-1.9381706     	-1.9666282     	-1.9510192     	-1.9218936     	-1.9375437     	-1.9431981     	-1.9411045     	-1.9349074     	-1.9550157     	-1.9627718     	-1.9395146     	-1.9447592     	-1.9458486     	-1.9314414     	-1.9254279     	-1.9498558     	-1.9255911     	
-0.46275735    	-0.6804119     	-0.86515355    	-0.70170325    	-0.6256721     	-0.6624534     	-0.6491321     	-0.6329943     	-0.62841743    	-0.7078617     	-0.95074546    	-0.9863124     	-1.0896949     	-1.1663122     	-0.941381      	-0.44160163    	-1.7879299     	-1.9379102     	-1.9556041     	-1.9383708     	-1.9565729     	-1.9611056     	-1.9343218     	-1.9536563     	-1.9404517     	-1.9297913     	-1.9433328     	-1.9393207     	-1.9431864     	-1.9547882     	-1.9639157     	-1.9524204     	-1.9586793     	-1.9780248     	-1.9748235     	-1.4082159     	-1.4902239     	-1.6404749     	-1.7316424     	-1.8205413     	-1.8797847     	-1.8597682     	-1.8827063     	-1.830042      	-1.9697714     	-1.5542643     	-1.4908895     	-1.1988434     	-1.1031135     	-1.9258002     	-1.9218084     	-1.9128054     	-1.9230828     	-1.9138274     	-1.9212805     	-1.9273378     	-1.9245073     	-1.9342724     	-1.9095533     	-1.906234      	-1.9137489     	-1.9114401     	-1.9033645     	-1.9121066     	-1.9189131     	-1.9319988     	-1.9241371     	-1.9201872     	-1.9162022     	-1.9262623     	-1.9213389     	-1.9244252     	-1.9203945     	-1.9276844     	-1.9385433     	-1.9205526     	-1.940641      	-1.9387968     	-1.9372449     	-1.8002132     	-0.7881606     	-1.9749649     	-1.9411613     	-1.9411658     	-1.9282159     	-1.9041995     	-1.9184846     	-1.9581786     	-1.9290439     	-1.9337739     	-1.9119627     	-1.9533535     	-1.9591998     	-1.9126339     	-1.9537363     	-1.943973      	-1.9369142     	-1.9303776     	-1.9294565     	-1.955238      	
-0.57829404    	-0.9196103     	-1.171254      	-1.433597      	-1.7206956     	-1.7721457     	-1.8264761     	-1.88203       	-1.9075359     	-1.9162141     	-1.9408733     	-1.9208353     	-1.9364847     	-1.9235369     	-1.808019      	-1.1390572     	-0.5579966     	-1.9300717     	-1.9316425     	-1.9335855     	-1.9274281     	-1.9241154     	-1.9401702     	-1.9347587     	-1.9234318     	-1.9397465     	-1.935238      	-1.9368278     	-1.9368587     	-1.9396123     	-1.9529986     	-1.9442436     	-1.950342      	-2.0216532     	-0.85059613    	-0.754769      	-1.1256682     	-1.696584      	-0.84060615    	-1.3185711     	-1.8623841     	-1.8379201     	-1.8547655     	-1.8987914     	-1.9626603     	-1.858075      	-1.8905642     	-1.5042065     	-1.1114045     	-1.9438304     	-1.9149908     	-1.923921      	-1.9263619     	-1.9228481     	-1.9300392     	-1.8988782     	-1.9206725     	-1.9131275     	-1.9121        	-1.9300841     	-1.9150094     	-1.920906      	-1.9360592     	-1.9263536     	-1.9118164     	-1.9427255     	-1.9075781     	-1.9142984     	-1.9169567     	-1.9130888     	-1.947869      	-1.9332143     	-1.916458      	-1.9290999     	-1.925648      	-1.9247724     	-1.9647403     	-1.944646      	-1.9719659     	-1.9657862     	-1.0483747     	-0.87161434    	-1.9412658     	-1.9439951     	-1.9502788     	-1.9256907     	-1.9517728     	-1.9631343     	-1.9366437     	-1.9342395     	-1.9407277     	-1.9585917     	-1.9507495     	-1.9282453     	-1.9466975     	-1.9572618     	-1.9655385     	-1.953739      	-1.9578279     	-1.9374998     	
-1.8333567     	-1.8931252     	-1.9129771     	-1.9221505     	-1.9047538     	-1.8927681     	-1.9269024     	-1.9241673     	-1.9141935     	-1.9294833     	-1.9471699     	-1.9315965     	-1.9167641     	-1.9501871     	-1.8968726     	-2.0144758     	-1.6253684     	-0.8025049     	-1.9381944     	-1.94409       	-1.9368044     	-1.9378641     	-1.9421695     	-1.9274215     	-1.9406084     	-1.9360352     	-1.93158       	-1.9490327     	-1.9317362     	-1.9395628     	-1.948171      	-1.9309906     	-1.9493122     	-2.0124025     	-0.9633733     	-0.6502317     	-0.6014547     	-0.832805      	-0.91190827    	-0.94590497    	-1.8982514     	-1.8483324     	-1.8855964     	-1.9908409     	-1.5875448     	-0.98014355    	-1.4864957     	-1.0272843     	-1.5830392     	-1.9201238     	-1.907709      	-1.9212682     	-1.9270607     	-1.9079493     	-1.9230663     	-1.9187781     	-1.8935174     	-1.9305421     	-1.9287741     	-1.9220555     	-1.917762      	-1.9082822     	-1.9350976     	-1.915882      	-1.9113353     	-1.9157151     	-1.9255924     	-1.9232948     	-1.9146417     	-1.9225432     	-1.9223721     	-1.9206005     	-1.90136       	-1.9355551     	-1.9205917     	-1.9186113     	-1.9378821     	-1.9293877     	-1.9128628     	-1.857355      	-1.705178      	-0.8208887     	-1.8779811     	-1.8789837     	-1.954717      	-1.9482392     	-1.9366338     	-1.9264585     	-1.9614431     	-1.932469      	-1.9028989     	-1.9391693     	-1.9148458     	-1.9289666     	-1.9213299     	-1.957943      	-1.9529594     	-1.9484258     	-1.9291819     	-1.9549373     	
-1.9235454     	-1.8968153     	-1.924058      	-1.9399936     	-1.9259723     	-1.9051634     	-1.9151775     	-1.9362934     	-1.9150802     	-1.9196333     	-1.9423413     	-1.9481122     	-1.9249928     	-1.9521976     	-1.9510998     	-1.9613049     	-1.8967141     	-1.0422487     	-1.3149352     	-1.9144061     	-1.9097016     	-1.938831      	-1.9284773     	-1.933303      	-1.9486012     	-1.9468614     	-1.9258736     	-1.931492      	-1.925418      	-1.9478009     	-1.932579      	-1.9314157     	-1.9451272     	-1.964011      	-1.9676958     	-1.6231204     	-1.8756458     	-1.7404046     	-1.8345463     	-1.2626883     	-1.3787196     	-1.8008039     	-1.8001338     	-0.79993004    	-0.88007605    	-1.0696158     	-1.9526085     	-1.9267472     	-1.9095737     	-1.9311973     	-1.930339      	-1.9078214     	-1.9248058     	-1.9157052     	-1.9411646     	-1.9274083     	-1.9265864     	-1.9281665     	-1.911611      	-1.9184457     	-1.932165      	-1.9152558     	-1.9173234     	-1.9085048     	-1.909643      	-1.9193789     	-1.9148008     	-1.914044      	-1.9280858     	-1.9178182     	-1.8810683     	-1.8987757     	-1.9430397     	-1.9303693     	-1.8951839     	-1.9416258     	-1.9464589     	-1.9320607     	-1.9241191     	-1.9108343     	-2.023135      	-1.4357555     	-1.3161676     	-1.9629589     	-1.9532105     	-1.9141378     	-1.9466616     	-1.9228402     	-1.9372029     	-1.9489937     	-1.9004755     	-1.9634415     	-1.9511303     	-1.954175      	-1.9454406     	-1.9536065     	-1.9520376     	-1.9490682     	-1.9362622     	-1.9440299     	
-1.9354097     	-1.9124206     	-1.9159698     	-1.9361227     	-1.9245052     	-1.9287192     	-1.9017273     	-1.9371367     	-1.9402608     	-1.9121219     	-1.9150367     	-1.9219826     	-1.9268531     	-1.9116461     	-1.913956      	-1.8552344     	-1.9401275     	-1.5459243     	-0.65078795    	-1.939094      	-1.9419959     	-1.94193       	-1.9356185     	-1.9464588     	-1.9379536     	-1.924815      	-1.930566      	-1.9478191     	-1.9383074     	-1.9480716     	-1.9306614     	-1.9303654     	-1.9362484     	-1.9539454     	-1.9310066     	-1.9335338     	-1.9470679     	-1.9474701     	-1.9695368     	-1.9903296     	-1.4214506     	-0.9214411     	-1.3195469     	-1.7593029     	-1.8303007     	-1.8509421     	-1.8808955     	-1.9238553     	-1.9276572     	-1.9141295     	-1.919707      	-1.9152032     	-1.9156018     	-1.9241241     	-1.9180276     	-1.9271692     	-1.925262      	-1.9120234     	-1.9100171     	-1.9077976     	-1.9158518     	-1.9201206     	-1.9158936     	-1.9213756     	-1.9231808     	-1.9277127     	-1.9241374     	-1.923851      	-1.9354619     	-1.9176905     	-1.9104841     	-1.9130013     	-1.9140948     	-1.9083141     	-1.9174625     	-1.932111      	-1.9269272     	-1.9295218     	-1.9573456     	-1.9220681     	-1.916074      	-1.9943135     	-0.8243948     	-1.686146      	-1.9240161     	-1.9356737     	-1.9469472     	-1.930204      	-1.955518      	-1.9593352     	-1.9401976     	-1.9334117     	-1.9506899     	-1.956037      	-1.9395534     	-1.94388       	-1.9389868     	-1.9536078     	-1.9433261     	-1.9412999     	
-1.9212235     	-1.9226214     	-1.9124615     	-1.9193841     	-1.9201698     	-1.917886      	-1.911033      	-1.9201837     	-1.9305326     	-1.9037223     	-1.9131109     	-1.9317687     	-1.9328644     	-1.9344935     	-1.922342      	-1.9293538     	-1.7481207     	-1.9806288     	-0.8669206     	-1.5572804     	-1.9253161     	-1.9341217     	-1.9204272     	-1.9339788     	-1.9057744     	-1.9283993     	-1.9330568     	-1.9137636     	-1.9428924     	-1.9323092     	-1.9375886     	-1.9321337     	-1.9141161     	-1.9394298     	-1.9309037     	-1.9271854     	-1.9577612     	-1.9517004     	-1.9373945     	-1.9549929     	-1.9900016     	-0.8236249     	-0.6905604     	-1.5749393     	-1.7644124     	-1.8080521     	-1.8540767     	-1.8998152     	-1.8995607     	-1.9124806     	-1.9111172     	-1.9101045     	-1.9016393     	-1.9028076     	-1.9151127     	-1.90124       	-1.9034098     	-1.9227697     	-1.9120492     	-1.9020516     	-1.9140204     	-1.9173344     	-1.9010059     	-1.9059783     	-1.915106      	-1.9136678     	-1.9146156     	-1.910823      	-1.9120743     	-1.9086312     	-1.9006968     	-1.910969      	-1.9103798     	-1.9085765     	-1.901455      	-1.9161402     	-1.9205979     	-1.9151498     	-1.9433613     	-1.9401845     	-1.905156      	-1.9843969     	-1.4394073     	-0.5309293     	-1.9290495     	-1.9370875     	-1.9444045     	-1.9222821     	-1.9407812     	-1.9250209     	-1.9191002     	-1.9380273     	-1.9276326     	-1.9398803     	-1.9419098     	-1.9377788     	-1.9355398     	-1.9451176     	-1.9220614     	-1.9390191     	
-1.8869909     	-1.9080623     	-1.8991743     	-1.9029224     	-1.9196391     	-1.918946      	-1.9074751     	-1.9065727     	-1.9159139     	-1.923287      	-1.8956627     	-1.9028518     	-1.9250854     	-1.9356561     	-1.9391596     	-1.9382335     	-1.9323524     	-1.8933955     	-1.6185008     	-0.534414      	-1.9317467     	-1.924617      	-1.9307932     	-1.9341033     	-1.9135822     	-1.9311192     	-1.927801      	-1.9436592     	-1.9275107     	-1.9352114     	-1.9397556     	-1.9292667     	-1.9322301     	-1.9491208     	-1.9180194     	-1.9350756     	-1.9392699     	-1.9359277     	-1.9472752     	-1.9547203     	-1.9617913     	-1.801196      	-0.8146192     	-1.0112243     	-1.7724626     	-1.7887651     	-1.8434392     	-1.8796647     	-1.9094791     	-1.8996977     	-1.8981367     	-1.9124625     	-1.9028625     	-1.9031711     	-1.8971286     	-1.9200265     	-1.8951495     	-1.9071828     	-1.9206446     	-1.9012302     	-1.9266558     	-1.9271331     	-1.917245      	-1.9352596     	-1.9160382     	-1.9254025     	-1.9230423     	-1.8986448     	-1.9255844     	-1.904046      	-1.9039224     	-1.9068116     	-1.9059249     	-1.9040626     	-1.9218322     	-1.9091706     	-1.9296507     	-1.9348053     	-1.9274765     	-1.9406697     	-1.9495993     	-1.8740652     	-1.9957328     	-0.9775451     	-1.58793       	-1.9311137     	-1.9412279     	-1.9332489     	-1.9192483     	-1.9388218     	-1.9401177     	-1.9363563     	-1.958126      	-1.9342047     	-1.9383155     	-1.9474874     	-1.9460255     	-1.9305478     	-1.9496454     	-1.9265689     	
-1.9130385     	-1.9082817     	-1.9249904     	-1.8910418     	-1.9004418     	-1.9211363     	-1.8840803     	-1.9396101     	-1.9181162     	-1.936809      	-1.9374918     	-1.8929322     	-1.9234765     	-1.9306767     	-1.933826      	-1.9278742     	-1.9262598     	-1.8910204     	-2.0120125     	-1.1295013     	-1.3620425     	-1.9427209     	-1.9352039     	-1.9255892     	-1.9395816     	-1.9272431     	-1.926983      	-1.9325929     	-1.9481367     	-1.9292129     	-1.9296393     	-1.9278951     	-1.9187632     	-1.940858      	-1.9416445     	-1.9424905     	-1.937186      	-1.932326      	-1.9436697     	-1.9508425     	-1.9479109     	-1.9496363     	-1.3869929     	-0.9501824     	-1.6768699     	-1.805545      	-1.7871097     	-1.8326366     	-1.9049        	-1.9115212     	-1.9075407     	-1.8971995     	-1.9185321     	-1.905843      	-1.8948475     	-1.8973557     	-1.9120847     	-1.9323472     	-1.8873295     	-1.908051      	-1.9205649     	-1.8936754     	-1.9221786     	-1.9182941     	-1.9141238     	-1.927791      	-1.8999248     	-1.9249076     	-1.9158901     	-1.9052645     	-1.9144493     	-1.9195706     	-1.9092876     	-1.9080395     	-1.921517      	-1.9136487     	-1.9191812     	-1.9250817     	-1.9405228     	-1.9187077     	-1.9604447     	-1.9340602     	-1.9590219     	-1.6817222     	-0.6691094     	-1.9504197     	-1.9396409     	-1.9208795     	-1.9255801     	-1.9216113     	-1.9231137     	-1.9242523     	-1.9427593     	-1.9308981     	-1.9274426     	-1.9333985     	-1.9312334     	-1.9427756     	-1.9202986     	-1.9302546     	
