# www.neaspec.com
# Scan:	 	AFM
# Project:	 	20251007_PS
# Description:	 	
# Date:	 	10/07/2025 10:43:47
# Scanner Center Position (X, Y):	[µm]	49.99	50.01	 
# Rotation:	[°]	0	 	 
# Scan Area (X, Y, Z):	[µm]	5.000	5.000	0.000
# Pixel Area (X, Y, Z):	[px]	100	50	1
# Averaging:	 	1	 	 
# Integration time:	[ms]	5	 	 
# Laser Source:	 	4.5-15 µm nano-FTIR laser
# Detector:	 	R
# Target Wavelength:	[µm]	7.502	 	 
# Demodulation Mode:	 	Fourier
# Tip Frequency:	[Hz]	241,340.500	 	 
# Tip Amplitude:	[mV]	45.700	 	 
# Tapping Amplitude:	[nm]	79.665	 	 
# Modulation Frequency:	[Hz]	0.000	 	 
# Modulation Amplitude:	[mV]	0.000	 	 
# Modulation Offset:	[mV]	0.000	 	 
# Setpoint:	[%]	79.75	 	 
# Regulator (P, I, D):	 	4.206850	8.625812	1.000000
# Tip Potential:	[mV]	0.000	 	 
# M1A Scaling:	[nm/V]	0.426	 	 
# M1A Cantilever Factor:	 	1,000	 	 
# Q-Factor:	 	487.4	 	 
# Version:	 	2.1.11536.0
0.0004159503   	0.0010021037   	0.0013924801   	0.00075921655  	0.0009184781   	0.00039169216  	0.00055153266  	0.00084700604  	0.00023599762  	0.0004863061   	0.001479046    	0.00015523791  	0.0007452561   	0.0007596641   	0.0006246218   	0.0011210144   	0.00065169734  	0.00063405687  	0.0003561151   	0.00084914925  	0.00019130051  	0.0008208752   	0.0006932544   	0.0007376132   	0.0004342324   	0.0009089316   	0.0009034914   	0.00031248844  	0.00048774062  	0.00045621337  	0.00030891263  	0.0008797961   	0.00082059973  	0.00050179486  	0.00059502566  	0.0005942481   	0.000720303    	0.000517061    	0.00043695842  	0.00028822367  	0.00019920798  	0.0014751065   	0.0005936763   	0.0004248516   	0.00046952296  	0.0016470122   	0.0007295221   	0.000547905    	0.0004978144   	0.00077015813  	0.00031875834  	0.00021633616  	0.0003992027   	0.0006316188   	0.000421989    	0.0004792385   	0.00038893553  	0.0009873438   	0.0008379504   	0.0009339906   	0.0014639017   	0.0011595074   	0.0008735152   	0.00080103386  	0.00032613453  	0.000286439    	0.00046590227  	0.00022781186  	0.00095899805  	0.0010094971   	0.00021893307  	0.00019529428  	0.00041252616  	0.00032564581  	0.00052417064  	0.0013410047   	0.00093652465  	0.00017320676  	0.0006771488   	0.0004662938   	0.00047195624  	0.0013007178   	0.0018186582   	0.00069386157  	0.0014725786   	0.00058183196  	0.0062181675   	0.0017079001   	0.0015825852   	0.0009688041   	0.0018578197   	0.000741309    	0.0005021784   	0.00081555045  	0.006802829    	0.0029535303   	0.0023309833   	0.00046056454  	0.00046532767  	0.0005926961   	
0.0005612065   	0.0011977634   	0.0017808102   	0.0013000976   	0.0013538669   	9.644086E-05   	0.00029763684  	0.001082427    	0.00048734446  	0.0009141504   	0.0014350977   	0.0010446415   	0.00063021283  	0.0006505434   	7.905358E-05   	0.0010688847   	0.0002897298   	0.0005903998   	0.0004585064   	0.0006202569   	0.0006032155   	0.00044072096  	0.0003953861   	0.0008123055   	0.00031551227  	0.00042921535  	0.0014165768   	0.0010940372   	0.0006334844   	0.0006607783   	0.00017949782  	0.00055137166  	0.00088018726  	0.0016700757   	0.0005693434   	0.00050642516  	0.000585031    	0.0011179153   	0.0012150521   	0.0010586798   	0.0012992701   	0.0006014043   	5.144552E-05   	0.0004959628   	0.00082219293  	0.00045330546  	0.0006145358   	0.0007670495   	0.0010243014   	0.0010089617   	0.00037036766  	0.0004705021   	0.0018964771   	0.001018931    	0.00056653115  	0.0007919607   	0.0006064484   	0.0007621876   	0.0014407393   	0.0012342068   	0.00046690894  	0.0006747558   	0.0009465917   	0.0005027183   	0.0004352625   	0.00050751877  	0.00010652486  	0.00043311983  	0.00052490976  	0.00049345725  	0.00067323144  	0.00092350115  	0.0011462466   	0.00063190603  	0.00023892624  	0.0005976513   	0.00050355087  	0.0006259695   	0.00039756764  	0.00027808768  	0.00022193164  	0.0011582844   	0.0007151599   	0.0008932662   	0.00061934255  	0.006716566    	0.0008795993   	0.0042523397   	0.0011158065   	0.0022517792   	0.0012332419   	0.00112117     	0.00061209314  	0.0010290619   	0.0007751482   	0.00055651565  	0.000907914    	0.0010811002   	0.00045523682  	0.00041078086  	
0.00053697993  	0.00037046845  	0.0005706346   	0.0009545662   	0.0006319879   	0.000517354    	0.0005620862   	0.00054795924  	0.00041980887  	0.0011261972   	0.0007959956   	0.00051801885  	0.0017050616   	0.0013543571   	0.0005382261   	0.00050316274  	0.0005964077   	0.0007876022   	0.00057928136  	0.001109937    	0.00010312545  	0.0011756417   	0.000523137    	0.00024946863  	0.00090243225  	0.0003288567   	0.0012934986   	0.00027055413  	0.0004517426   	0.00046822778  	0.0006242992   	0.00055159256  	0.00047363114  	0.00011358018  	0.0006904945   	0.00058428675  	0.000987745    	0.00027635507  	0.0015414533   	0.00067996513  	0.00039182598  	0.0006125156   	0.0010263468   	0.00027304635  	0.0008247313   	0.00071685197  	0.00046726366  	0.00101354     	0.00083704747  	0.00059660623  	0.0010824121   	0.00034109585  	0.00058891164  	0.0007823057   	0.0010877699   	0.00053550676  	0.0012490035   	0.0011523048   	0.00037281652  	0.00048414923  	0.0012080446   	0.0013340223   	0.00018889183  	0.00051142834  	0.0002831731   	0.00020227184  	0.0006548323   	0.0005078021   	0.0011216693   	0.0009968586   	0.0015127389   	0.0005807862   	0.0009450279   	0.00057989405  	0.0011903899   	0.00026576538  	0.00033628577  	0.0014767891   	0.0009901306   	0.00056072744  	0.00042519634  	0.00041267043  	0.0009942588   	0.0055578914   	0.0039837174   	0.00404543     	0.00038395938  	0.00072350074  	0.000882137    	0.0012036251   	0.00031260785  	0.00025520375  	0.0007695369   	0.0006195075   	0.0003610609   	0.0008631077   	0.0009366767   	0.0012085644   	0.0008935526   	0.00071486336  	
0.00014096012  	0.0012779314   	0.00077451323  	0.0002657264   	0.00040363174  	0.00040822555  	0.00078414154  	0.00034708355  	0.0005375355   	0.00011824805  	0.00036047818  	0.00034580042  	0.00070775475  	0.0003012433   	0.0008630893   	0.00074206555  	0.00088311604  	0.0005656934   	0.001964741    	0.0004909046   	0.0010362995   	0.00060247176  	0.00087450555  	0.000909186    	0.00038124368  	0.00037403379  	0.0006958871   	0.00051393383  	0.0007225805   	0.0008795692   	0.0005127421   	0.0007281408   	0.00025798788  	0.00036843042  	0.000944388    	0.00038924857  	0.0006221608   	0.0008256709   	0.0011647745   	0.00014535838  	0.00026915647  	0.0009106879   	0.0007278168   	0.0006142352   	0.0009253243   	0.00064312865  	0.0003119697   	0.0004311518   	0.0009895125   	0.0007662703   	0.0009885615   	0.0006051953   	0.0003070136   	0.00042606363  	0.0008359559   	0.00053560646  	0.00043170873  	0.00023692405  	0.0003725171   	0.001014345    	0.00149403     	0.0016773192   	0.00061621086  	0.0008421862   	0.00047830757  	0.0006613617   	0.0011728507   	0.0013793658   	0.0005390223   	0.0011831389   	0.0005688365   	0.0006363629   	0.00049054367  	0.0015415581   	0.00010595177  	0.0007576351   	0.0007647253   	0.0005334786   	0.00011107189  	3.201245E-05   	0.0007055202   	0.0010957875   	0.0004677633   	0.0024026698   	0.0018729315   	0.000710706    	0.00041751668  	0.00037050858  	0.0010330913   	0.00043593723  	0.00064620783  	0.00058484555  	0.00078991434  	0.0005771679   	0.00071699097  	0.0006595437   	0.0009065202   	0.0009082752   	0.00045403026  	0.000781913    	
0.000521553    	0.0003706009   	0.00031896672  	0.0003860895   	0.0010021817   	0.0007099274   	0.0003057543   	0.00070785655  	1.18963235E-05 	0.0014847572   	0.0006789994   	0.00068973214  	0.00046439     	0.00047794176  	0.0005392926   	0.00041295637  	0.00024010477  	0.001457469    	6.5794025E-05  	0.0010824552   	0.00040807293  	0.001263743    	0.00040523475  	0.00078422483  	0.0009375307   	0.0006170558   	0.0006361885   	0.00018876672  	0.0012110024   	0.00080537825  	0.0013714087   	0.0005343989   	0.00043945678  	0.0009531334   	0.00027300706  	0.0010540088   	0.00066799036  	0.00027774755  	0.0004957151   	0.00038299078  	0.00083736697  	0.00038275134  	0.00087780005  	0.0010315262   	0.0005573331   	0.0007635531   	0.0012624448   	0.001077808    	0.000531803    	0.00052989944  	0.00050012826  	0.0002543209   	0.00061251206  	0.0011250405   	0.00079681526  	0.0069351345   	0.0075849495   	0.0015490219   	0.00079712545  	0.000694911    	0.0005208439   	0.00044928436  	0.00028704663  	0.00038104705  	0.00013757293  	0.0007562024   	0.00063832686  	0.00028472036  	0.00035466443  	0.00014149805  	0.0002651142   	0.0002505393   	0.00044197516  	0.0009933405   	0.00019691423  	0.0009315183   	0.0008321156   	0.00039525022  	7.7266515E-05  	0.0005886302   	0.0010712747   	0.00067577866  	0.0057327147   	0.0014682299   	0.007129351    	0.0008090302   	0.00069057674  	0.00042501788  	0.0002679996   	0.00054771977  	0.00034444913  	0.0004769529   	0.00080464507  	0.00022561768  	0.00048413547  	0.00048804807  	0.0003921645   	0.00026109867  	0.0010398612   	0.00016566578  	
3.8982296E-05  	0.00085667876  	0.00089729304  	0.00066700036  	0.0011189384   	0.00087524584  	0.0003941128   	0.00065160997  	0.0009852528   	0.00026400047  	0.0005130583   	0.00023909449  	0.0009739872   	0.00016946245  	0.00040185053  	0.0009042803   	0.00061997893  	0.00037982184  	0.0001468541   	0.0006603767   	0.0016781127   	0.00053711276  	0.00052854134  	0.0008642662   	0.0006575286   	0.000911008    	0.00037291308  	0.00059289095  	0.0008993788   	0.00056648516  	0.00093629194  	0.00017545835  	0.00027873646  	0.00024085224  	0.0008046636   	0.000592859    	0.0007104516   	0.0009819934   	0.0009888465   	0.000830543    	0.000753531    	0.00056577584  	0.0008008289   	0.00066745165  	0.00092360255  	0.00080260943  	0.0010786226   	0.00021221032  	0.0051319385   	0.0005144492   	0.0004663988   	0.0014771168   	0.0003394062   	0.0012297407   	0.0012937675   	0.00047532035  	0.0011878116   	0.0031469667   	0.0024683932   	0.0056954008   	0.00019878546  	0.000132981    	0.0003253571   	0.00035862942  	0.0012102041   	0.0009150727   	0.0009212028   	0.0007935523   	0.00062004174  	0.0004716332   	0.0010188684   	0.0008360878   	0.0011278975   	0.0007700788   	0.0005404521   	0.00068462605  	0.0003781546   	0.0003817015   	0.0007625473   	0.0009067102   	0.00071606046  	0.00012979851  	0.00078861567  	0.009003486    	0.0014163431   	0.006539127    	0.00013853807  	0.0008248905   	0.00024892687  	0.00038096547  	0.0012417441   	0.00096664956  	0.0005775151   	0.0006107123   	0.0007902649   	0.0008841397   	0.00022486284  	0.0007051468   	0.0001624081   	0.0011294537   	
0.0006021272   	0.00043483515  	0.00035267894  	0.0003693154   	0.00070762966  	0.0005084887   	0.0001332381   	0.00063066825  	0.0008834933   	0.0006688922   	0.0010892926   	0.0009729456   	0.0010304807   	0.0005635858   	0.0009880784   	0.0002444468   	0.0006633206   	0.0003279433   	0.0009606266   	0.0010560777   	0.0008515071   	9.271758E-05   	0.0005247601   	0.00072429253  	0.0007109632   	0.0002749482   	9.982905E-05   	0.0011515492   	0.00033184982  	0.0012711921   	0.0004117387   	0.00047178433  	0.0002987901   	0.0005127235   	0.001412958    	0.0009555803   	0.00070741266  	0.00039106506  	0.0007653859   	0.0007084043   	0.0011651709   	0.006394646    	0.0011950206   	0.0014690047   	0.0015551632   	0.0006606797   	0.0021543144   	0.00030293758  	0.00049196405  	0.00192063     	0.0015014148   	0.0011913134   	0.003108553    	0.001209679    	0.0014539236   	0.0010505749   	0.00043245795  	0.0004351007   	0.0011747816   	0.0020741532   	0.0003446784   	0.0021221528   	0.00091385626  	0.0007547811   	0.00036963372  	0.0009679712   	0.0005869086   	0.0015503133   	0.00024075268  	0.00092934223  	0.0014497942   	0.00043371986  	0.0010788903   	0.0005618357   	0.0010222979   	0.0007870824   	0.0008705374   	0.00033686307  	0.00020103094  	0.0008157364   	0.00060196547  	0.0012913609   	0.00058485114  	0.0056823045   	0.0033153163   	0.005598784    	0.0007952581   	0.0009676628   	0.0011342932   	0.00043577954  	0.00015716252  	0.00042266693  	0.0008089513   	0.000400706    	0.0005259359   	0.00096410105  	0.00028832897  	0.0013408329   	0.0009779597   	0.0005797165   	
0.00017292112  	0.00058097945  	0.000570719    	0.00026822745  	0.00042137504  	0.0003402934   	0.00073657016  	0.002132622    	0.00068352825  	0.00022783667  	0.001395483    	0.0004919577   	0.0005245997   	0.0010890085   	0.0001572225   	0.00039549335  	0.00026544018  	3.392702E-05   	0.0008962941   	0.0007278514   	0.0010615935   	0.0010120696   	0.00047653692  	0.00041446075  	0.00056811323  	0.00078913476  	0.0009240967   	8.736954E-05   	0.0006847572   	0.00086121634  	0.0006269202   	0.0013332025   	0.00058999425  	0.0040946375   	0.0011264628   	0.00055112055  	0.0008941085   	0.0015640976   	0.0022732732   	0.0013125868   	0.0010156141   	0.0014022983   	0.0010910712   	0.0005179441   	0.0025118839   	0.0027001128   	0.0006233045   	0.00074006873  	0.00020688554  	0.0011137379   	0.00031635436  	0.0008018755   	0.0014115698   	0.0007882744   	0.0016756892   	0.00047540208  	0.0011637921   	0.00078820833  	0.00087193446  	0.0010192668   	0.00028566975  	0.006308884    	0.0068313368   	0.00050582335  	0.0008484046   	0.001082593    	0.000496576    	0.00021781478  	0.00082828914  	0.00057104917  	0.0009015444   	0.00067176856  	0.00021398572  	0.0008467383   	0.00070318376  	0.001473779    	0.00019572445  	0.0008495785   	0.0008050742   	0.00068376155  	0.00034505295  	0.00094518665  	0.0011563267   	0.0013400633   	0.008354478    	0.0042809164   	0.0027989715   	0.0010885324   	0.0009611828   	0.0013033157   	0.001150058    	0.0017694953   	0.0006818405   	0.000105364146 	0.0005404621   	0.0007145584   	0.0005916548   	0.0007649553   	0.0007696938   	0.0005824451   	
0.00086045376  	0.00025221249  	0.00035654558  	0.00032994905  	0.0011445374   	0.0014602517   	0.00060892146  	0.0002736604   	0.00043936106  	0.0010900074   	0.0017719632   	0.0005677722   	0.00042505164  	0.00026674935  	0.00030638426  	0.0003876822   	0.00013805086  	0.0003615655   	0.0003169453   	0.00084731757  	0.0006700491   	0.0007369823   	0.00031984478  	0.00019475422  	0.00050030823  	0.0003138377   	0.0058086836   	0.0014137701   	0.0019423726   	0.00068033685  	0.0007502723   	0.0003320374   	0.0004935447   	0.00076114986  	0.0019228391   	0.00020507703  	0.0037314373   	0.0015592778   	0.001341207    	0.0007805471   	0.00085064064  	0.000286471    	0.0011181779   	0.0012070526   	0.00083000056  	0.00051195634  	0.0010460275   	0.00030447196  	0.0006469451   	0.00021488372  	0.00039764366  	0.0013489786   	0.00037187143  	0.0005786725   	0.00046858905  	0.00075663865  	0.0006561175   	0.00064797973  	0.00132664     	0.00060357427  	0.0003553818   	0.003742074    	0.0051091886   	0.000640554    	0.0015735322   	0.0004639021   	0.0011037702   	0.0006889888   	0.00019638267  	0.0007056753   	0.00046871798  	0.00065619627  	0.00052351254  	0.00015161285  	0.0005924679   	8.752408E-05   	0.0005013222   	0.00046253114  	0.00038936437  	0.0004448138   	0.0011286112   	0.0011796734   	6.510217E-05   	0.00047469212  	0.007346859    	0.0012989802   	0.0062420894   	0.0010537863   	0.0011880817   	0.0009596246   	0.0008782607   	0.0009139073   	0.00033854056  	0.0002517734   	0.00027769353  	0.0010670118   	0.0001540264   	0.00011402209  	0.0006996517   	0.00057449064  	
0.00061983266  	0.0014994653   	0.0013302277   	0.00050149363  	0.00065392203  	0.00094901206  	0.00086147944  	0.00023013692  	0.0009527664   	0.0005595643   	0.00026361598  	0.00048000342  	0.00031821596  	0.0003904149   	0.0005452975   	5.969877E-05   	0.0010133428   	0.0008469758   	0.0010590248   	0.0010819541   	0.00088321866  	0.0005068942   	0.000618131    	0.0014554644   	0.00018749073  	0.0007677785   	0.0031431147   	0.002939823    	0.0023399075   	0.00073404284  	0.0022000656   	0.00010534241  	0.0008626892   	0.0010614664   	0.00087524723  	0.00070359773  	0.00043558673  	0.0007974235   	0.00042342997  	0.00041651164  	0.00011286075  	0.0007587691   	0.0002571658   	0.0012879947   	0.0005544707   	6.7044464E-05  	0.0010354884   	0.0014843458   	0.0008307874   	0.00058249466  	0.0004862972   	0.0006753826   	0.001594233    	0.0012278677   	0.0006143863   	0.0006623336   	0.00050506066  	0.0009188618   	0.00047318437  	0.00048336847  	0.0009994716   	0.0001937662   	0.0059273075   	0.0062989662   	0.00080707285  	0.00089060626  	0.0010635868   	0.00019705934  	0.0015715301   	0.0006666184   	0.00065772294  	0.001419896    	0.0006155788   	0.0005223185   	0.00032652044  	0.00010061506  	0.0003692647   	0.0009935171   	0.00025159598  	0.0015714243   	0.0012543064   	0.0011360801   	0.00063712685  	0.00057842414  	0.0003452824   	0.009108596    	0.0024402214   	0.0068627642   	0.00093411445  	0.0011097942   	0.00069385074  	0.0007489171   	0.00037472922  	0.00088443427  	0.0005170195   	0.00051337294  	0.00048355825  	0.00046527875  	0.0007803658   	0.0012120897   	
0.00039455213  	0.0015446036   	0.0008148026   	0.00051643554  	0.0007388636   	0.0006572577   	0.0004602434   	0.00094263395  	0.0007513615   	0.0015514524   	0.00077083544  	8.660151E-05   	0.00084900117  	0.0008579516   	0.001619922    	0.00016646076  	0.00048249977  	7.333549E-05   	0.0012649802   	0.00052553165  	0.00064376515  	0.00033307885  	0.000394406    	0.0024045417   	0.0025887243   	0.0029292689   	0.00027922896  	0.0009853087   	0.0011280425   	0.00076670933  	0.00064495084  	0.00077242416  	0.00042791927  	0.00042441356  	0.00055291643  	0.0010291942   	0.0006018512   	0.00057746546  	0.00076261436  	0.0032009084   	0.0024043103   	0.0012929116   	0.00058302184  	0.0005072488   	0.0018408578   	0.0007194815   	0.00064226595  	0.00053155905  	0.000483375    	0.00077131606  	0.0010622406   	0.0002369023   	0.0006304223   	0.0006902591   	0.001140445    	0.00022048764  	0.0012520659   	0.00058167137  	0.0008034305   	0.0006567718   	0.0012534085   	0.00090471044  	0.0010394237   	0.0021216064   	0.0010359513   	0.0010083326   	0.0010786483   	0.00065979885  	0.00020814716  	0.00050634186  	0.00060211786  	0.0004894092   	0.00076376635  	0.0004963762   	0.0010771931   	9.010354E-05   	0.0003175465   	0.00052886846  	0.00032351224  	0.0007313944   	0.00022181243  	0.0009868171   	0.00032661442  	0.0012495506   	0.0006876265   	0.007301128    	0.00061597914  	0.006141615    	0.0019589884   	0.00079838856  	0.0005811834   	0.000575055    	0.0012187816   	0.00074942043  	0.001053232    	0.00035484694  	0.0003821643   	0.0008487753   	0.00018136106  	0.00043237823  	
0.0009200652   	0.00017288918  	0.0005118118   	0.0008250409   	0.000281136    	0.00080113753  	0.0007748149   	0.00024831493  	0.00058770296  	0.0011276316   	8.1277954E-05  	0.0004982058   	0.00037351638  	0.0010520015   	0.001175821    	0.0012711043   	0.0005104281   	0.00063095085  	0.0004669226   	0.0011054213   	0.0006486242   	0.0002822808   	0.0009166319   	0.00440171     	0.0024916113   	0.0015915124   	0.0008069361   	0.0006323622   	0.0009754463   	0.00076810736  	1.1133825E-05  	0.0003342429   	0.00037596788  	0.000327348    	0.00053691986  	0.0010554654   	0.00012312048  	0.0007449582   	0.00064793945  	0.0007788093   	0.005260503    	0.0037771848   	0.0017433113   	0.0010885709   	0.0005522      	0.0008921848   	0.0004685375   	0.000765644    	0.0004431535   	0.00043516103  	0.00025697396  	0.000847404    	0.0010970925   	0.0015213953   	0.0007620753   	0.0011670063   	0.0009209906   	0.00014421127  	0.00041031622  	0.0013262432   	0.0014276066   	0.0006034361   	0.0009910113   	0.00562607     	0.0067423624   	7.67479E-05    	0.0003306459   	0.0014420336   	0.00071328616  	0.0010363241   	0.0011034715   	6.2967665E-05  	0.00062992406  	0.0006030348   	0.000492412    	0.00014814286  	0.0007038109   	0.0007260875   	0.00044736106  	0.0007172107   	0.000854819    	0.00061819726  	0.0003488016   	0.0012633749   	0.00068814185  	0.00055720395  	0.00859348     	0.0015738778   	0.005549228    	0.0003199124   	0.00078457553  	0.00094251765  	0.00059804553  	0.0011013596   	0.00025664637  	0.0010194331   	0.00091893197  	0.00026629353  	0.0008936737   	0.0002081856   	
0.00030594924  	0.00043958856  	0.00046918882  	0.0014973991   	0.0006762219   	0.00017712044  	0.000681463    	0.00088391494  	0.00050204195  	0.0013993062   	0.0010567278   	0.00058657385  	0.00082741363  	0.000778048    	0.0006895798   	0.00066690444  	0.00048332874  	0.0004959095   	0.00062239525  	0.0012312935   	0.0011167536   	0.0011522939   	0.0013783717   	0.007559143    	0.0063396087   	0.0012316852   	0.0006972449   	0.0006855427   	0.00023266698  	0.0007295557   	0.0006625911   	0.00058944174  	0.0006277649   	8.350863E-05   	0.000977205    	0.00071332516  	0.00048100483  	0.00012534251  	0.00022217935  	0.0009860705   	0.0009059821   	0.0005110179   	2.1177593E-05  	0.00091309985  	0.0009398114   	0.0009966535   	0.0013154483   	0.00010502062  	0.0006058545   	0.00066908274  	0.0002659353   	0.0004144206   	0.0011294625   	0.0011216645   	0.0011952433   	0.0011694877   	0.00119915     	0.0009031495   	0.0007502081   	0.0005161562   	0.0009823968   	0.00015135793  	0.00044294857  	0.001108635    	0.0010885027   	0.0031191711   	0.000806211    	0.00018260641  	0.0004428328   	0.0007616076   	0.0007485581   	0.0013897102   	0.0011929175   	0.00022309224  	0.0004342097   	0.0006425904   	0.00020096444  	0.0011162971   	0.000881465    	0.00036101343  	0.001339029    	0.00052531494  	0.0005888433   	0.0005624611   	0.0006582849   	0.00028038607  	0.007679756    	0.0015964032   	0.0019290401   	0.005344785    	0.0005381211   	0.00059523096  	0.00023839032  	0.0008925959   	0.00044252095  	0.00064164924  	0.00044497897  	0.00055278785  	0.00050540594  	0.00057533773  	
0.0004890579   	0.0007683856   	0.00083003164  	0.0006251238   	0.0010608829   	0.0006511402   	0.00076452     	0.0003212295   	0.00070295756  	0.00077321415  	0.00013399468  	0.00025856323  	0.00067670364  	0.0002696775   	0.0008348521   	0.00079911714  	0.00059973734  	0.0017574499   	0.0007298739   	0.00078583095  	0.00033529563  	0.00059916143  	0.00039613745  	0.0029093525   	0.0040077693   	0.006241312    	0.000596934    	0.00072414044  	0.001198083    	0.0013004491   	0.0013070576   	0.0003819446   	0.0009003813   	0.0016134268   	0.0004794806   	0.001080286    	0.0005894815   	0.00065479043  	0.0010958198   	0.00015699837  	0.0014079702   	0.00050432194  	0.0012091872   	0.00053225266  	0.0005445702   	0.00023214417  	0.00045483452  	0.0005528046   	0.00014343661  	0.00032240083  	0.00054548006  	0.00018002313  	0.00035245274  	6.8734065E-05  	0.00046619007  	0.0002661838   	0.00038173908  	0.0007483659   	0.0005393634   	0.00069037185  	0.00040581555  	0.0003421516   	0.0007578244   	0.00017309243  	0.0032847284   	0.004044813    	0.0019238994   	0.0012476669   	0.0010117777   	0.00059708307  	0.00044748472  	0.0007284293   	0.00095303595  	0.00034735625  	5.4007913E-05  	0.00014411857  	0.0001683707   	0.00043259596  	0.0004222275   	0.00028613795  	0.00067405595  	0.00055406487  	0.0003642502   	0.0013417795   	0.0007792034   	0.0017599916   	0.0010384145   	0.005566739    	0.001084448    	0.0058192466   	0.0018243059   	0.000113026035 	0.0004931128   	0.0009703384   	0.0009362311   	0.00062685227  	0.0012963576   	0.00038878233  	0.00037228037  	0.0007079397   	
0.0025107132   	0.008356904    	0.004272365    	0.0009789994   	0.0008508006   	0.0007273447   	0.0008305515   	0.0011474643   	0.0005959511   	0.00053061923  	0.00066751     	0.00048318718  	0.00076219795  	0.0008017867   	0.00036962304  	0.0007764462   	0.00050534774  	0.0005729496   	0.00072361145  	0.00037559457  	0.0005124191   	0.00014841098  	0.00050392584  	0.0060926364   	0.0010276608   	0.0026337688   	0.006477964    	0.00037527134  	0.00083490973  	0.0010718085   	0.00097298785  	0.0010444202   	0.00037316166  	0.0005257979   	0.0003716453   	0.00035301966  	0.00085357967  	0.000401472    	0.0010741663   	0.0011831865   	0.0018865829   	0.00034299897  	0.000627373    	0.0010318613   	0.0010762516   	0.0009640592   	0.0006004173   	0.000766697    	0.00081090257  	0.0010136913   	0.00030649581  	0.0007176066   	0.00014140659  	0.0003748693   	0.00016326684  	0.001561501    	0.00046283248  	0.0005071839   	0.00090372807  	0.0005875818   	0.0009948477   	0.0005828738   	0.00085834495  	0.00029633788  	0.00059203664  	0.0044767135   	0.004886539    	0.0007156332   	0.0005316304   	0.00086777215  	0.00080094126  	0.00087138516  	0.001047827    	0.0001911613   	0.0005859418   	0.00027008486  	0.00028117467  	0.00056627754  	0.00056221924  	0.0007426377   	0.00051862566  	0.0015105241   	0.00077965873  	5.520617E-05   	0.00074591     	0.0005988061   	0.00089984527  	0.00081042625  	0.007365049    	0.002099989    	0.0070325257   	0.0006254333   	0.0004113633   	0.00074209715  	0.0005647647   	0.0014761616   	0.00049433875  	0.00068122544  	0.00019049033  	0.00019190901  	
0.0015747634   	0.0009253905   	0.0019358626   	0.0029759994   	0.00077550055  	0.00062999467  	0.0006591614   	0.00023963595  	0.0005374207   	0.00038895762  	0.0003404566   	0.0003327545   	0.00081314566  	0.0005840764   	0.00048466807  	0.0008822749   	0.00036724444  	0.00090223266  	0.0007450264   	0.0009117375   	0.00096445903  	0.0008480865   	0.00048507896  	0.0005098743   	0.008002209    	0.00044667211  	0.0069223763   	0.0005467302   	0.0009255616   	0.00036703015  	0.0009987843   	0.00040310484  	0.0004522605   	0.0008395648   	0.001020523    	0.0007971674   	0.00092937716  	0.0003940666   	0.0006820451   	0.0012621718   	0.00090715155  	0.00049429334  	0.00042379086  	0.00092981133  	0.000773215    	0.0005006596   	0.00044913223  	0.0006602642   	0.0013761664   	0.0008165066   	0.0005473711   	0.00052053697  	0.0007271852   	0.0010635109   	0.0010618916   	0.0001613627   	0.001567416    	0.0012194285   	0.001117429    	0.00038062202  	0.0016014948   	0.00053361326  	2.3015464E-05  	0.0006590591   	0.0006559895   	0.0031085243   	0.004436971    	0.00090285455  	0.00096640066  	0.0011164137   	0.00023897359  	0.0003924836   	0.001133066    	0.00072619     	0.0010342984   	0.00029063155  	0.0007790922   	0.0007128895   	0.0014771703   	0.0008263321   	0.00058843254  	0.0013111737   	0.0013111096   	0.0011645976   	0.00010087706  	0.0008351645   	0.000368641    	0.000779053    	0.0015282398   	0.0064132814   	0.005476591    	0.00047117943  	0.00057838747  	0.00032608697  	0.00062934076  	0.00085589476  	0.00029348195  	0.00045732546  	0.0005542104   	0.00043122063  	
0.00085210515  	0.0005573139   	0.00240176     	0.0023370741   	0.0008769746   	0.0003789028   	0.00021065307  	0.00091974053  	0.0010761882   	0.000654903    	0.000660659    	0.0010291933   	0.00078123406  	0.0012805206   	0.0003561339   	0.00054328586  	0.0011343491   	0.00026886503  	0.00034012183  	0.0017487493   	0.000719142    	0.00049032905  	0.0010184431   	0.0008282784   	0.0017187473   	0.008486243    	0.0026320866   	0.004808031    	0.0003591239   	0.0011816727   	0.00063403917  	0.0012423929   	0.0008752335   	0.000997171    	0.000121145174 	0.0008197749   	0.0008352874   	0.0004618973   	0.000382496    	0.0010612924   	0.0009139905   	0.00018876202  	0.0005329726   	0.00096688257  	0.00090761797  	0.0003446994   	0.00048416248  	0.001207615    	0.00045412037  	0.0007297284   	0.0001822482   	0.00031985113  	0.0006866786   	0.0011020878   	0.0009833897   	0.00036360702  	0.00046017635  	0.0003647134   	0.0007742513   	0.00037881607  	0.0007287857   	0.00070929364  	0.00034458784  	0.0006804432   	0.0008445522   	0.0013747775   	0.0047642635   	0.0049535767   	0.0015202053   	0.00077826885  	0.0007118214   	0.0002583062   	0.00028740612  	0.0006566618   	0.0009509659   	0.0014212464   	0.0004898729   	0.00051836844  	0.0011665339   	0.0010880147   	0.0005648291   	0.00019372116  	0.0006708097   	0.00038125727  	0.0005342599   	0.0009287043   	0.0011697102   	0.000662545    	0.00097289     	0.006432425    	0.0004929127   	0.0052798633   	0.00037845597  	0.00043124493  	0.0009604172   	7.888689E-05   	0.00034166698  	0.0005895481   	0.00078543887  	0.00067376683  	
0.0006827259   	0.00027632873  	0.00278832     	0.00059620617  	0.0011343774   	0.0010152874   	0.0012494645   	0.00040391815  	0.00047641312  	0.00085074373  	0.0010744085   	0.00021273721  	0.0001510971   	0.00054985733  	0.0003017285   	0.0003534423   	0.00065973133  	0.00042294856  	0.0009655004   	0.00028490645  	0.00027195754  	0.00047843414  	0.0005868268   	0.0006630364   	0.0009395364   	0.0067161694   	0.00095166103  	0.0050611803   	0.00088354887  	0.0012811547   	0.00040907296  	0.00095732906  	0.0009597471   	0.000666946    	0.0010985101   	0.00015191134  	0.0005732646   	0.00055316236  	0.0003609732   	0.00089791726  	0.00030267768  	0.00050835183  	0.0003519409   	0.00090953836  	0.0006257902   	0.0004129293   	0.00020383716  	0.0008855155   	0.00084614125  	0.00072687276  	0.00016949848  	0.0014305457   	0.00085135485  	0.0007426447   	0.0005313447   	0.0006038168   	0.000404086    	0.00037800302  	0.0006815285   	0.00029712328  	0.00025048247  	0.00029658954  	0.0013041903   	0.0010754315   	0.00026507213  	0.00025031556  	0.0010892284   	0.0016019115   	0.0034857702   	0.0011879009   	0.00046496795  	0.0011363326   	0.0007240329   	0.0002199663   	0.00042300028  	0.0005603469   	0.00056515326  	0.00058134936  	0.0002684064   	0.0008443852   	0.0007062728   	0.00026130627  	0.00018397586  	0.0015806238   	0.0005094147   	0.00030385677  	0.00071784726  	0.00036972924  	0.0003535358   	0.0059394026   	0.002534757    	0.0059287827   	0.004102774    	0.00067561225  	0.0008265832   	0.0007238661   	0.0009085928   	0.00037820902  	0.00099264     	0.00036957435  	
0.00027176624  	0.000320582    	0.00062249147  	0.0065088156   	0.005102509    	0.0006542986   	0.00055280013  	0.00016624284  	0.0008136548   	0.00043383683  	0.00034813944  	0.00040029353  	0.00096783496  	0.0010218791   	7.8323385E-05  	0.0006087164   	0.0002752844   	0.00073804223  	0.0004675955   	0.0014367236   	0.0009014689   	0.00048392903  	0.0012409382   	0.00015052754  	0.001796752    	0.0008440329   	0.007687324    	0.0028071376   	0.0063579576   	0.0019058863   	0.0016958105   	0.0010078738   	0.00021329506  	0.00010984028  	0.000514971    	0.0008336864   	0.0005145451   	0.0010087544   	0.00056050037  	0.00050495856  	0.00046106166  	0.00049820123  	0.00027866138  	0.00077006087  	0.00084143266  	0.00066633936  	0.0003394568   	7.063912E-05   	0.00014273054  	0.0015166703   	0.0006824174   	0.0006396276   	0.00021409952  	0.0004887881   	0.00063582265  	0.0008718619   	0.0004231596   	0.0006946543   	0.00083293515  	0.00043410662  	0.0006310256   	0.00045030186  	0.00040357903  	0.0008621164   	0.0008578743   	0.0006765466   	0.0008962681   	0.0006592306   	0.0017362396   	0.0004465133   	0.00085835945  	0.0014963562   	0.00031535616  	0.0006756501   	0.0006827336   	0.0015921623   	9.615485E-05   	0.0006146374   	0.0011613924   	0.00067910354  	0.0005506805   	0.0002835443   	0.00085603545  	0.0017289161   	0.0014702495   	0.00046743793  	0.0010268391   	0.0006255137   	0.0007585348   	0.0011118703   	0.0074302526   	0.0008539484   	0.0013883956   	0.0015363068   	0.0057470347   	0.0009162513   	0.0007879718   	0.0011074819   	0.0003517291   	0.0010656026   	
0.0012560934   	0.0002302323   	0.0007003478   	0.0039569633   	0.0031692223   	0.00079067546  	0.0010319046   	0.00020035701  	0.0006363136   	0.00046429283  	0.0010590411   	0.0011451961   	0.00013035441  	0.0006916178   	0.00074525474  	0.0008828439   	0.0010625536   	0.00067017606  	0.0004823388   	0.0008783529   	0.0004964098   	0.001155382    	0.00034728917  	8.045015E-05   	0.00065843796  	0.00051679567  	0.00660992     	0.0034920233   	0.003344018    	0.0046221754   	0.0006954794   	0.0005326482   	0.001006607    	0.0003342017   	0.0008120911   	0.000688737    	0.00017920269  	0.001352987    	0.00075777416  	0.00035166784  	0.0011644553   	0.00040241537  	0.00043217945  	0.0010343908   	0.001036994    	0.00020715935  	0.00074929895  	0.0004274243   	0.0006364094   	0.00089447707  	0.00037761853  	0.0003211107   	0.0005543532   	0.0011847677   	0.00054051727  	0.0006676924   	0.0012467771   	0.0007273971   	0.00059921935  	0.0012657923   	0.0008481942   	0.00019103072  	0.00045518612  	0.00032796044  	0.00077828154  	0.00040274335  	0.0020595933   	0.00093033037  	0.0038887039   	0.0037387542   	0.0014053679   	0.00075845286  	0.00078623305  	0.0003947423   	0.0006568775   	0.0004105209   	0.00030819615  	0.0001364571   	0.00043783218  	0.00060593296  	0.0007696959   	0.00061444915  	0.0008987089   	0.0014755821   	0.0005750705   	0.00093905785  	0.002156263    	0.00044169876  	0.0010951025   	0.00077736576  	0.00070233183  	0.00033251476  	0.0045469925   	0.0004409994   	0.0008470084   	0.00058947154  	0.0002060563   	0.0026513904   	0.0019760118   	0.00043305274  	
0.00072451006  	0.0011529771   	0.00042715244  	0.00078084815  	0.003790915    	0.0048869513   	0.00070241577  	0.0006324886   	0.0006571395   	0.0007603664   	0.00042038388  	0.00024419348  	0.0007048209   	0.0010752433   	0.0010367375   	0.000737867    	0.0008349332   	0.0008255469   	0.0012187305   	0.00048513577  	0.0017336454   	0.0011073183   	0.0005112352   	0.0007339308   	0.00033765577  	0.0010563958   	0.000187442    	0.008822952    	0.00039755716  	0.007409617    	0.00058755826  	0.0005343335   	0.0002763621   	0.00042562073  	0.00051183306  	0.0006738502   	0.00047017433  	0.0009665079   	0.0012133406   	0.0006743551   	0.0006153669   	0.00040787752  	0.00029185743  	0.00052221393  	0.0005664631   	0.0004910467   	0.0007328339   	0.0004717773   	0.0007881143   	0.00019337452  	0.00079597934  	0.0005733478   	0.0007641751   	0.0009758466   	0.0005994725   	0.0005442435   	0.0011338129   	0.00047167164  	0.00095462584  	0.0005615469   	0.00015816835  	0.00027360106  	0.00026339837  	0.0009910556   	0.0003311586   	0.0013066144   	0.0009815864   	0.0013007693   	0.0037697423   	0.0065059005   	0.00053496857  	0.0009368721   	0.0007615871   	0.0012152523   	0.0008498748   	0.00056951924  	0.00038847726  	0.0006979666   	0.00020367079  	6.393508E-05   	0.0005465582   	0.0012149867   	0.00070300023  	0.0005885045   	0.0010350423   	0.0009240383   	0.0002925912   	0.0008938597   	0.00061547424  	0.00014314424  	0.00034714842  	0.00074242457  	0.0004466184   	0.00059958344  	0.0005115916   	0.000140749    	0.00087632413  	0.0009196748   	0.00064436963  	0.00046995695  	
0.0010402623   	0.00051597116  	0.00053857773  	0.0017803049   	0.0047988645   	0.0004662472   	0.0019583178   	0.0002925707   	0.00040067744  	0.0007442753   	0.0002491273   	0.0009998551   	0.0013421454   	0.0007402181   	0.00018571397  	0.0007665861   	0.0010868711   	0.00028372701  	0.0006948223   	0.0004959404   	0.0005667828   	0.00047407608  	0.0009145599   	0.00041973594  	0.00052579417  	0.00075693266  	0.0003769134   	0.0006339072   	0.008132964    	0.0056151613   	0.0029506877   	0.00044568867  	0.0015038595   	0.00050501205  	0.00021887732  	0.00036090682  	0.00078996626  	0.00094990147  	0.0011309396   	0.00058890425  	0.00042295022  	0.0006081013   	0.001145105    	0.00034854456  	0.0013718848   	0.00073937065  	0.0005732755   	0.0007874852   	0.00029610947  	0.0009261853   	0.00045831074  	0.00055112864  	0.00033203978  	0.00038836425  	0.00064559083  	0.00018721973  	0.00064286566  	0.00054351863  	0.00040796882  	0.0007927222   	0.0017420496   	0.001423405    	0.0010244743   	0.0008201565   	0.00075618085  	0.00107283     	0.0006418837   	0.0022656925   	0.00032934078  	0.0014982483   	0.0017248086   	0.00048090823  	0.00051519094  	0.00062676007  	0.0004822377   	0.000312532    	0.0004436919   	0.0009973905   	0.00089589733  	0.00055437506  	0.00057883037  	0.00048512922  	0.00021850012  	0.0009904713   	0.00039690366  	0.00025612526  	0.00047028146  	0.0009738587   	0.0010667485   	0.0008670296   	0.0015371692   	0.0007647408   	0.0010961096   	0.00013560358  	0.0006394619   	0.00082807883  	0.00040079313  	0.0011263031   	0.0005876203   	0.0005450421   	
0.0005195618   	0.00047672424  	9.601268E-05   	0.00033178928  	0.001411472    	0.0025183866   	0.0049651014   	0.0011637119   	0.00075285335  	0.00048216459  	0.0009740483   	0.00021335161  	0.0014160883   	0.000341596    	0.001488979    	0.00086152443  	0.00055859506  	0.0004277006   	0.00075573893  	0.0008877382   	0.00018314846  	0.0003727556   	0.00044598297  	0.00064642896  	0.0004581558   	0.00020888822  	0.0009083664   	0.0012404881   	0.0060881022   	0.00056504324  	0.006296558    	0.0011755183   	0.00072823756  	0.00010537239  	0.00038283734  	0.0010581724   	0.00066479936  	0.0005071312   	0.00083016267  	0.0012698674   	0.00021770914  	0.00057066773  	0.00063973636  	0.0005503312   	0.00048848084  	0.000200444    	0.00058167573  	0.0011401236   	0.00047192263  	0.0007133087   	0.00072106236  	0.0008758301   	0.00038685236  	0.00062251854  	0.00046760324  	0.0005097044   	0.0011303652   	0.0003951461   	0.001451932    	0.00037580778  	0.00078341726  	0.0010679159   	0.0010832658   	0.00042683084  	0.0007784356   	0.00023985101  	0.00024158794  	0.0018731247   	0.00011246826  	0.006326348    	0.007014246    	3.467992E-05   	0.00049032574  	0.0007382051   	0.00024780584  	0.0007745411   	0.00082184805  	0.00045598703  	0.00055622036  	0.0006288535   	0.0008980851   	0.0010568827   	0.0010095517   	0.0008258855   	5.1448766E-05  	0.0001797186   	0.0007285181   	0.00022986876  	0.00023999003  	0.00019858452  	0.0011920958   	0.0010988474   	0.0013633547   	0.00027795057  	0.0008091434   	0.00095548516  	0.0007850835   	0.0015961105   	0.00044973585  	0.0010866805   	
0.0002992656   	0.0014004769   	0.0011166664   	0.00030335083  	0.00036579845  	0.005861433    	0.003386844    	0.0015807835   	0.0007430094   	0.00017767663  	0.00028050007  	0.00088992773  	3.4697325E-05  	0.0009817294   	0.0005611327   	0.00041664872  	0.00035232116  	0.0003302808   	0.00048225542  	0.00012725488  	0.002015114    	0.00082842185  	0.0012887693   	0.00075969764  	0.0004028867   	9.917583E-05   	0.0007561776   	0.0006707736   	0.00043057193  	0.008522738    	0.0019573881   	0.0052498747   	0.0012796102   	0.000417889    	0.0003290215   	0.00040869287  	0.0008722472   	0.0012776878   	0.0011955656   	0.00062583823  	0.00046906061  	0.0004495723   	0.0005687585   	0.00033544216  	0.00081264565  	0.0008740863   	0.00026614175  	0.0012722779   	0.00081433024  	0.00013464877  	0.0007199243   	0.00089341094  	0.0010714355   	0.00051248143  	0.0017955896   	6.661444E-05   	0.00043807074  	0.00056124316  	0.001171403    	0.00080301426  	0.00070686283  	0.00036807221  	0.001424025    	0.00076127355  	0.00029513173  	0.00081254775  	0.0025613436   	0.00033034102  	0.001280237    	0.005149284    	0.00053087     	0.0010464448   	0.00068573427  	0.0008812579   	0.00038922325  	0.0011121373   	0.0005197348   	0.00010627177  	0.00060156186  	0.0005763039   	0.0009232949   	0.00018180584  	0.00069669494  	0.0008950083   	0.0004090306   	0.0009175213   	0.0009894307   	0.00022857383  	0.0010232198   	0.0004915474   	0.00029125303  	0.0008918995   	0.0013993671   	0.00033866445  	0.00061826623  	0.0009809583   	0.0006989626   	0.000559768    	0.00048759588  	0.0007719198   	
0.000648042    	0.00033146713  	0.00020875887  	0.00065657514  	0.00048582835  	0.00083454704  	0.0047855      	0.0051783314   	0.0008503171   	0.00013955904  	0.00035933708  	0.0014613373   	0.00032552218  	0.00018674965  	0.00023069906  	0.00053221325  	0.00064486335  	0.0012141736   	0.00070632534  	0.0014827201   	0.00087572396  	0.00072574057  	0.0005717221   	8.325288E-05   	0.0008674141   	0.0009569607   	0.000350832    	0.00041167563  	0.00036777393  	0.0010752274   	0.0053505655   	0.006379013    	0.00037986785  	0.00039624335  	0.0002795031   	0.0005369491   	0.0021870846   	0.0010470109   	0.0010929288   	0.0008817681   	0.0004522949   	0.00021958353  	0.00032572902  	0.00057099236  	0.0012673043   	0.00059038424  	0.0006182882   	0.00054572604  	0.0008455499   	0.00044770134  	0.00086791243  	0.0005487722   	0.0002638618   	0.0007787271   	0.00077760965  	0.0011993147   	0.00072374934  	0.000518433    	0.0014845389   	0.00011936582  	0.00040665848  	0.0029611455   	0.0033283886   	0.004999275    	0.0009045743   	0.0012506824   	0.00094128924  	0.00085632235  	0.0009170406   	0.0012422302   	0.00093373004  	0.00075146626  	0.00021180535  	0.0005571665   	0.00036043505  	0.0014787026   	0.00063776487  	0.0011100793   	0.00071826     	0.00039791278  	0.0008915203   	0.0010252191   	0.00067352963  	0.0005576847   	0.0011073776   	0.00043199543  	0.00025167514  	4.5652687E-05  	0.00072942284  	0.0007129154   	0.0007681561   	0.0012851722   	0.00049080845  	0.0015242887   	0.00020449568  	0.0014355123   	0.0010709544   	0.0008770578   	0.00024867765  	0.000793745    	
0.0011164146   	0.00033727576  	0.0004052901   	0.00044503255  	0.0012934484   	0.00070370286  	0.0012799959   	0.0027852764   	0.0040585897   	0.0007463153   	0.000927032    	0.00068039645  	0.0005102077   	0.0007200641   	0.00065597915  	0.00094225304  	0.0010105885   	0.00023085879  	0.00014999394  	0.00071694516  	0.00063536945  	0.00059888454  	0.00032574803  	0.00074911217  	0.0009244466   	0.0013835256   	0.00055858365  	0.0014969711   	0.00023966422  	0.0014293594   	0.006685871    	0.0006048436   	0.005882108    	0.0011118521   	0.0014181759   	0.00086343277  	0.0010814199   	0.00025135052  	0.0008529097   	0.0005069972   	0.0008433306   	0.00048395223  	0.0011503285   	0.00022646303  	0.00095007214  	0.0004988668   	0.00086278416  	0.001076756    	0.00067074405  	0.0004112096   	0.0012258311   	0.00064817036  	0.0012258211   	0.0005662524   	0.0045287865   	0.00011393089  	0.0061303405   	0.00038478244  	0.00077246426  	0.00043021786  	0.00029008003  	0.0004000573   	0.00030239884  	0.001115549    	0.00080542185  	0.0007096084   	0.0011228049   	0.0012105572   	0.00084505463  	0.00092726003  	0.0005029342   	0.00034091625  	0.00037107684  	0.0008311037   	0.0002796423   	0.00095379876  	0.0012876856   	0.00025572357  	0.0012751414   	0.000749072    	0.0007592189   	0.0004519831   	0.00029809118  	0.00045259402  	0.00075921655  	0.0012872836   	0.0010210526   	0.0003470491   	0.000546142    	0.001233553    	0.0007663369   	0.00018727961  	0.0002489297   	0.0006574973   	0.00069591275  	0.00055806845  	0.00062438264  	0.00076982356  	0.0009622806   	0.00054385     	
0.0006059948   	0.0005714924   	0.0006558277   	0.00073022634  	0.00081135513  	0.0005133434   	0.0008778714   	0.006238983    	0.0076662116   	0.0006272345   	0.00063059124  	0.0012092431   	0.000976147    	0.00057619234  	0.0008383307   	0.0007674417   	0.00069665205  	0.0006080647   	0.0012589503   	0.00063474436  	0.0003344471   	0.0011671482   	0.0011331505   	0.0006046611   	0.0009267897   	0.0007106217   	0.00030687483  	0.00031268518  	0.00095213356  	0.001061399    	0.0061037974   	0.00027475535  	0.0011596782   	0.0023764465   	0.0069892323   	0.0008960368   	0.00028597505  	0.0010223709   	0.00027030427  	0.00050156337  	0.0010289679   	0.0007054205   	0.0012385035   	0.0012163403   	0.00060615875  	5.473418E-05   	0.00035240327  	0.005490768    	0.008122781    	0.00077813375  	0.0007321283   	0.00084998214  	0.00028699212  	0.0008036888   	0.0005079526   	0.00035144697  	0.0006352239   	0.0006954093   	0.0013777947   	0.00061617483  	0.00083996163  	0.0011222009   	0.0005732066   	0.00035650504  	0.00030501926  	0.00074570335  	0.00053324     	0.00072950625  	0.0015145345   	0.0004389036   	0.00066235237  	0.0006319122   	0.00073949504  	0.0003909023   	0.0009104075   	0.0017980844   	0.00018219747  	0.0004988829   	0.0005159305   	0.00093802455  	0.00045912922  	0.00040943932  	0.00019383065  	0.0005632366   	0.00024221641  	0.0014991113   	0.0006264383   	0.00016505248  	0.0006518841   	0.00046449504  	0.00049636344  	0.00094451936  	0.0005871514   	0.0011085855   	0.0009919261   	0.0007922937   	0.000686647    	0.00039627834  	0.000342044    	0.0008632892   	
0.0008112526   	0.00069374195  	0.00054869085  	0.00045825113  	0.00074766646  	0.0006971047   	0.000697357    	0.00070723216  	0.00302461     	0.0023126442   	0.0014446472   	0.0008518458   	0.0011354476   	0.0013367755   	0.00033753522  	0.0009616208   	0.00017587435  	0.0005482907   	0.0008124999   	0.0005995191   	0.0016177071   	0.0007743576   	0.0011272418   	0.0011838959   	0.000689054    	0.0008551487   	0.000380293    	0.00010888042  	0.00046124135  	0.0010869481   	0.00071799924  	0.0005970082   	0.0007781501   	0.0034812042   	0.0033326226   	0.0005657859   	0.0008298564   	0.00022064889  	0.0010827988   	0.003313657    	0.0043575875   	0.0017598895   	0.0004778386   	0.0005343726   	0.001207125    	0.00059863384  	0.00078011304  	0.0005672701   	0.000980805    	0.0004907751   	0.0006807409   	2.580329E-05   	0.00044428147  	0.00079171587  	0.00036162385  	0.0006634155   	0.00076410675  	0.000830898    	0.00097262283  	0.00015146073  	0.00062182423  	0.00051201234  	0.0015563343   	0.0004182903   	0.00056973496  	0.00068494433  	0.000579525    	0.0005788901   	0.00021511338  	0.00021928294  	0.0010345984   	0.0010810957   	0.00022994337  	0.0011801386   	0.00013951215  	0.00058752636  	0.0009470142   	0.0010459832   	0.00015854566  	0.00096126605  	0.0012242355   	0.00023977693  	0.00051129266  	0.00077835686  	0.00022284976  	0.0003839233   	0.00036635046  	0.00059702795  	0.00080235605  	0.0008359111   	0.00035296916  	0.0012589532   	0.0012138116   	0.00085145753  	0.00039555164  	0.0012988325   	0.0012471487   	0.0006750535   	0.0003819606   	0.00075390405  	
0.00023886461  	0.0011053112   	0.0007198309   	0.0005868843   	0.00064137403  	0.0005162779   	0.00093226135  	0.0013438539   	0.0037097426   	0.0031316734   	0.0016961982   	0.000260334    	0.0012613618   	0.00014321419  	0.0005998581   	0.00024365235  	0.0008155205   	0.0007581626   	0.00089173246  	0.0002536758   	0.0005806614   	0.00014199383  	0.0009391054   	0.00039609085  	0.00029498356  	0.00020746402  	0.00023643058  	0.0014218237   	0.0005364289   	0.0011215184   	0.00045643267  	0.0005212777   	0.0010752616   	0.0002915384   	0.0010233412   	0.0006946922   	0.00042824305  	0.0009672622   	0.00068289484  	0.0008790588   	0.00036859568  	0.0012547408   	0.00056135067  	0.0013413774   	0.00019253226  	0.0007759648   	0.0011320933   	0.000377156    	0.00015288935  	0.00026107748  	0.00026102934  	0.0006760975   	0.0007697644   	0.00042152122  	0.00075834326  	0.00021709979  	0.0008382125   	0.00088251795  	0.0013483427   	0.00016552208  	0.0007368754   	0.001057472    	0.0007131783   	7.0463946E-05  	0.00038223955  	0.00060941535  	0.00058585074  	0.00032640493  	0.00019985402  	6.6102715E-05  	0.0003833233   	0.00047962982  	0.00056836504  	0.0006008801   	0.000487141    	0.00074241625  	0.0015373458   	0.0006470519   	0.0005906798   	0.000888042    	0.00087982917  	0.0007602552   	6.74304E-05    	0.0010811714   	0.0011106286   	0.0008289727   	0.00062246685  	0.00052913086  	0.00092956243  	0.0018403094   	0.00072945084  	0.0003904899   	0.0007956634   	0.00079130405  	0.000836909    	0.00067067606  	0.00041199362  	0.000588449    	0.0008563926   	0.0003305831   	
0.00056134356  	0.0007094531   	0.00084443286  	0.000783876    	0.0017625238   	0.0008820253   	0.0004223991   	0.0010939754   	0.002208472    	0.001040561    	0.003352759    	0.00077280385  	0.00026882888  	0.00034071034  	0.00047383283  	0.00011078528  	0.0007682484   	0.0005510881   	0.00020400666  	0.0009690901   	0.001155809    	0.0013795949   	0.00055854605  	0.0010309897   	9.022847E-05   	0.00023891349  	0.0016128492   	0.0005783939   	0.0002967062   	0.0014184326   	0.0008616693   	0.00016536759  	0.00089239335  	3.207795E-05   	0.00056100055  	0.0011537342   	0.0005671879   	0.00032565172  	0.00063955726  	0.00043496152  	0.00048803893  	0.00038962899  	0.0011907632   	0.0008635672   	0.00017017132  	0.00081423944  	0.000654332    	0.00026189283  	0.0009490187   	0.0003617215   	0.0003760627   	0.0008877812   	0.001332706    	0.0014545686   	0.00038649104  	0.0007925202   	0.0008238958   	0.00066681625  	0.0008845347   	0.00082231214  	0.0002953624   	0.0006105417   	0.0018353993   	0.000473146    	0.00084627356  	0.0006821667   	0.00050227507  	0.0005467355   	0.0007722828   	0.000304848    	0.0014009585   	0.0003308171   	0.0010800645   	0.000735699    	0.0011853431   	0.0001923487   	0.0005818328   	0.00068415585  	0.00055213727  	0.00013231693  	0.00072177965  	0.00030500247  	0.00052134314  	0.00039767456  	0.0010998995   	0.0003117724   	0.00073624466  	0.000944941    	0.0012079602   	0.00053693797  	0.00071722874  	0.0006215247   	0.00088753016  	0.00047646693  	0.00026280407  	0.0010673298   	0.00057844684  	0.00083467923  	0.00036513022  	0.0004974424   	
0.0006617248   	0.0007733819   	0.00087378087  	0.0008134801   	0.0001785724   	0.0007631382   	0.00052549556  	0.0038059487   	0.0018825597   	0.0027007465   	0.004463811    	0.00031962947  	0.0006255413   	0.0005011025   	0.0006714691   	0.00036323647  	0.0015179999   	0.00061422883  	0.0002860421   	0.00035883515  	0.00021727203  	0.0005843054   	0.00091501337  	0.0006308206   	0.00060495513  	0.00049389177  	0.00055581465  	0.0002616728   	0.0002436385   	0.0010432758   	0.00042714577  	0.0005840907   	0.0011438768   	0.0004954299   	6.155494E-05   	0.0010824074   	0.00024861086  	0.000511325    	0.00014891173  	0.0007511499   	0.00019836423  	0.0003320546   	0.0005207988   	0.0017159916   	0.00034973669  	0.00044006144  	0.000892595    	0.0009489537   	0.0009959195   	0.0004236196   	0.00044647398  	0.0004039323   	0.00027287574  	0.0010244356   	0.001134994    	0.00046978373  	0.00020654526  	0.00026278448  	0.0012260302   	0.00063039106  	0.0007190622   	0.00081018213  	0.0008039416   	0.0015334713   	0.0015830635   	0.00025843302  	0.00045331797  	0.0003129019   	0.00067630125  	0.0009996067   	0.0003396247   	0.0004564096   	0.000845902    	0.0003008749   	0.0008772751   	0.00024134392  	0.00054328033  	0.00010262961  	0.0005821102   	0.00028583882  	0.0012677822   	0.00030295204  	0.00083581504  	0.00046539147  	0.0008681565   	0.0002739345   	0.0002069708   	0.0006864162   	0.00084343116  	0.0010279923   	0.0002325786   	0.0006184539   	0.00079513615  	0.00071696984  	0.0010692221   	0.0011533372   	0.00031471316  	0.00045275997  	0.00038676805  	0.000510302    	
0.00061562925  	0.00041553096  	0.00027482913  	0.0002144572   	0.0010554632   	0.0007823631   	0.00028439643  	0.0013315696   	0.0013015418   	0.0003778546   	0.00044938037  	0.00095610676  	0.00044240517  	0.00052653655  	0.00040814155  	0.0003427754   	0.0002998048   	0.00080856844  	0.00019562432  	0.00023596146  	0.00044645715  	0.001238928    	0.00079188636  	0.0012552795   	9.803626E-05   	0.00072061206  	0.00041823677  	0.00054362457  	0.00030067848  	0.0008339723   	0.00018503603  	0.00066177046  	0.00048959226  	0.00034455047  	0.00051799096  	0.00028307352  	0.0011946157   	0.0006289724   	0.00031282005  	0.000739355    	0.0007199949   	0.0014081966   	0.00048534985  	0.0007333445   	0.000862965    	0.0004698705   	0.00066668243  	0.0008071184   	0.00017259255  	0.00012880772  	0.00081738835  	0.0013205035   	3.3278764E-05  	0.0005699954   	0.00024513272  	0.0009958626   	0.0006747627   	0.0010137033   	0.0009980799   	5.62883E-05    	0.0010873615   	0.0006827571   	0.00070244557  	0.00048043253  	0.00063414266  	0.0006824019   	0.0002012921   	0.0009981095   	0.0009178056   	0.0006242046   	0.00080121995  	0.0012308581   	0.0003983623   	0.0002973036   	0.00063006225  	0.000643604    	0.00044052835  	0.00010284673  	0.00089889736  	0.0005335991   	0.00046474693  	3.779695E-05   	0.00030151787  	0.00024962847  	0.001628841    	0.00094794313  	0.00051225495  	0.0007381367   	0.0013871017   	0.0013519683   	0.00018554884  	0.0009847141   	0.0012673558   	0.0006724827   	0.0002514076   	0.00042588537  	0.0006947089   	0.0007893636   	0.00053957704  	0.0064831013   	
0.0028665161   	0.0013776069   	0.0033001497   	0.003961247    	0.00047750684  	0.00043511039  	6.340734E-05   	0.0005803064   	0.00068942603  	0.0006203365   	0.0002516764   	0.00068278005  	0.0004852494   	0.0010137494   	0.0008469377   	0.0010384751   	0.0006650621   	0.00046248644  	0.0006519588   	0.0010439327   	0.00031532263  	0.0008716629   	0.00048409376  	0.0007222553   	0.0011828155   	0.0003982717   	0.00045824988  	0.00016683755  	0.001359509    	0.0011483772   	0.0011952991   	0.0006409047   	0.00065287284  	7.732478E-05   	0.0014051024   	0.00051498465  	0.00042736784  	0.0018977951   	0.00095206226  	0.00022896077  	0.0006940916   	0.00014623755  	0.0006723807   	0.0009533256   	0.0007258898   	0.00036212278  	0.0004423272   	0.000616159    	0.0003009141   	0.0011257711   	0.001146128    	0.0006068859   	0.0010548487   	0.0007203271   	0.00047396906  	0.00026716437  	0.0010846384   	0.00092155125  	0.000702518    	0.000700491    	0.00040369734  	0.00044276426  	0.00044397154  	0.000733592    	0.0005766595   	0.0003031428   	6.373769E-05   	0.0011621381   	0.00067657884  	0.0008689787   	0.00068053626  	0.0002749094   	0.0013841939   	0.0005707186   	0.00037964218  	0.00047560496  	0.00041978192  	0.00058111304  	0.0007380212   	0.0004055817   	0.0009874649   	0.00061265804  	0.00073372206  	0.00050909724  	0.00027392933  	0.0002929519   	0.00033089632  	0.0003666269   	0.00051696587  	0.001936821    	0.0003706184   	0.00052509207  	0.00070484524  	0.0006599164   	0.00030239005  	0.00085321924  	0.0011345139   	0.0006289563   	0.0008646548   	0.006567019    	
0.0004799267   	0.00081389584  	0.0007629265   	0.001404616    	0.0002404066   	0.0008532662   	0.0004251133   	0.0005555017   	0.00082415005  	0.0005479389   	0.00015441586  	0.0004907739   	0.0003361946   	0.0007012126   	0.0012699458   	0.00026796927  	0.00076143944  	0.00019311355  	0.00087803433  	0.0002720839   	0.0008838793   	0.00036811794  	0.00074361474  	0.00022659785  	0.0011773276   	0.0007811987   	0.0015412853   	0.0003615604   	0.00018206539  	0.00055322447  	0.00050011324  	0.0006640979   	0.0008187246   	0.0009382172   	0.00022898917  	0.0014011986   	0.0007357126   	0.00058407284  	0.00022260168  	0.00061880663  	0.0005001973   	0.0007060779   	0.00020708845  	0.0010734547   	0.0002742071   	0.0007095146   	0.00012103602  	0.00037388282  	0.0001414143   	0.0006206068   	0.00038067254  	0.0013070836   	0.00017835018  	0.00024322896  	0.00040247303  	0.00089806126  	0.00022928268  	0.00081940676  	0.00079590554  	0.0074434034   	0.002331302    	0.00044428074  	0.0001720679   	0.0004979452   	0.004775732    	0.0007133999   	0.00069075765  	0.00015731763  	0.0011104299   	0.0012756198   	0.006579916    	0.0014275173   	0.0011644445   	0.008589221    	0.0009664427   	0.0005913332   	0.0008477163   	0.00073238695  	0.0005721887   	0.00089863304  	0.00092033006  	0.0008100306   	0.00046042338  	0.00050374394  	0.001358729    	0.00063302665  	0.00025310068  	0.0007098093   	0.00041359387  	0.0015147765   	0.0007395733   	0.0006225783   	0.00029564995  	0.0005440884   	0.0007459171   	0.0008424669   	0.0010355674   	0.00091489276  	0.008724782    	0.0015119693   	
0.0003072843   	0.0014380163   	0.0017600445   	0.0005932023   	0.0007751673   	0.0009174659   	0.00060721574  	0.0006111103   	0.00032100998  	0.0008262042   	0.00034907096  	0.00035814042  	0.0009927284   	0.00069805584  	0.00090130384  	0.0007479897   	0.0005620886   	0.0002650494   	0.0007772887   	0.0008144852   	0.00043764766  	0.00065963756  	0.0009462941   	0.0004003421   	0.00019755204  	0.00077755476  	0.00043668717  	0.0005898615   	0.00059484196  	0.00043563926  	0.00049132685  	0.00035389376  	0.00048766893  	8.473698E-05   	0.0007610925   	0.0011857651   	0.0008272086   	0.000978572    	0.00031200558  	0.0011877401   	0.0013023599   	0.00040011076  	0.00037642443  	0.0010565214   	0.00080452993  	0.00014756192  	0.0011738519   	0.0003450973   	0.0012273752   	0.00046810647  	0.001311682    	0.000492081    	0.00089291827  	0.00067797734  	0.0001898191   	0.00023656062  	0.0002799751   	0.0058919904   	0.00047003798  	0.001953536    	0.0006847413   	0.0010862414   	0.0030631456   	0.005437176    	0.0012409784   	0.00012875236  	0.001427376    	0.00073722104  	0.0017268925   	0.00057021284  	0.0013555876   	0.003408136    	0.0010802685   	0.00032526223  	0.0016058446   	0.0014822036   	0.002935727    	0.0036323257   	0.00090522185  	0.00031558576  	0.0010940892   	0.0011674348   	0.00089899637  	0.0015619729   	0.00031005166  	0.00027556033  	0.00018908974  	0.0012383775   	0.0007994768   	0.001191719    	0.0005362308   	0.0005448603   	0.0004220907   	0.0006283749   	0.0002746119   	0.0009537457   	0.00039388737  	0.00027719475  	0.0012636042   	0.008236428    	
0.0010845463   	0.00089095667  	0.00012971464  	0.0007843771   	0.0003774533   	0.0005298213   	0.00072255265  	0.00044733734  	0.001215472    	0.0013525963   	0.00076186296  	0.0004569093   	8.692959E-05   	0.00040807572  	0.0008448239   	0.0013256675   	0.0005304637   	0.00017302275  	0.0012148997   	0.000200543    	0.0004959343   	0.0007494354   	0.0002578269   	0.0006952483   	0.00070885505  	0.0003983894   	0.00016506824  	0.00044743117  	0.00060046266  	0.00043540262  	0.0006272301   	0.00075050717  	0.0009522587   	0.00025008683  	0.0006847228   	0.00051413785  	0.0009216117   	0.0006846243   	0.0008345457   	0.0007030243   	0.0016031874   	0.00072879036  	0.001070816    	0.00041788694  	0.00029929966  	0.0002623707   	2.231874E-05   	0.0004896927   	0.0012511199   	0.0005813755   	0.00037929357  	0.00018903369  	0.0006140972   	0.00045431123  	0.007891291    	0.0004931556   	0.00059737044  	0.00039192665  	0.00115618     	0.002381796    	0.0011512277   	0.0039625345   	0.00046958702  	0.0003705164   	0.0014736846   	0.007199969    	0.0004153422   	0.0007267613   	0.00064066076  	0.00045718893  	0.00034531415  	0.00086967705  	0.0008108788   	0.00018315393  	0.00048120704  	0.00082450616  	0.005051295    	0.0057479916   	0.001497867    	0.0007517029   	0.00049408263  	0.00059735274  	0.0006576986   	0.00088995934  	0.0003197944   	0.0010097314   	0.00028879932  	0.00059985946  	0.00033115302  	0.00075198617  	0.0003984099   	0.0004083431   	0.0008122446   	0.00048878713  	0.00042390454  	0.0005152224   	0.00029735366  	0.0009536516   	0.00092767476  	0.00060695614  	
0.00032136025  	0.00031018612  	0.00056580367  	0.00040989713  	0.0006276761   	0.0005716016   	0.0006393969   	0.00011964239  	0.00058308843  	7.64781E-05    	0.0007631602   	0.0006266146   	0.000674876    	0.0007614441   	0.00032277487  	0.0007922889   	0.0011818691   	0.00020942843  	0.0004929997   	0.0011088841   	0.00023174255  	0.001033146    	0.0011472108   	0.001561949    	0.0011519509   	0.00052664895  	0.00010836518  	0.00032485905  	0.000802047    	0.0010771474   	0.00045429173  	0.0010392834   	0.0006900738   	0.00048180987  	0.0005016622   	0.00048094508  	0.00054135785  	0.0005115902   	0.00010435905  	0.0007331551   	0.0010681056   	0.0010173869   	0.00030473794  	0.00022446779  	0.0007292276   	0.0010427283   	0.0017722385   	0.0056272573   	0.0010329167   	0.001518205    	0.0011576909   	0.0005659824   	0.0013678015   	0.00043772272  	0.00059487217  	0.0026962885   	0.0033020931   	0.000104439816 	0.0045903665   	0.00013854826  	0.001078791    	0.0007155441   	0.0008494693   	0.0011730605   	0.00014213454  	0.00084694143  	0.00041302218  	0.00042630036  	0.00092007767  	0.0009495796   	0.00051485375  	0.0008133028   	0.0006327638   	0.000515385    	0.00039417722  	0.00041785467  	0.0011138353   	0.0014671319   	0.0025772394   	0.00081223017  	0.00072635245  	0.00088301743  	0.0005277933   	0.0013191097   	0.00052652584  	0.00012655531  	0.0006095054   	0.0006370395   	0.00060107355  	0.0006763869   	0.0003465727   	0.0009975578   	0.000765611    	0.0007465138   	0.00076990854  	0.00026236652  	0.00064299215  	0.000998405    	0.0009731877   	0.0005150998   	
0.00034847294  	0.00034560935  	0.0004895557   	0.0006669268   	0.00019336503  	0.001281465    	0.0005455763   	0.00011119724  	0.00064148684  	0.0009053439   	0.00068136223  	0.0008238233   	0.00022972205  	0.00060978957  	0.0010649911   	0.0007619395   	0.00049064035  	0.0007762738   	0.0005643515   	0.00074346474  	0.00019397926  	0.00056346157  	0.0005995663   	0.0013233173   	0.0006314121   	0.0013013028   	0.00054923847  	0.0003360858   	0.0010504266   	0.0013848941   	0.00034569262  	0.00045133074  	0.0009318793   	0.0005356574   	0.0014999376   	0.00038126277  	0.0004490593   	0.00029666518  	0.001204149    	0.0006314926   	0.00038475802  	0.0009442389   	0.009509411    	0.0031453755   	0.00044636836  	0.0019518472   	0.0004970565   	0.00036711636  	0.00038564263  	0.0022423707   	0.0062271436   	0.0014682085   	0.0014658787   	0.0008045695   	0.0011613945   	0.0008104316   	0.00083014386  	0.0002314617   	0.00039725302  	0.00063911243  	0.0010376738   	0.0005769128   	0.0004896953   	0.00047931587  	0.0004573244   	0.00011218165  	0.00064302835  	0.0010398048   	0.00031835763  	0.00021611828  	0.0004239655   	0.0005902785   	0.0016275271   	0.0008780252   	0.00022034862  	0.00021439826  	0.0012742385   	0.0010341816   	0.0024699774   	0.0044063176   	0.00074033317  	0.00089037325  	0.00032544584  	0.000370375    	0.0011539939   	0.0011053924   	0.0006664179   	0.0005601603   	0.00022062982  	0.0010223768   	0.00039838994  	0.0010797      	0.00078727526  	0.0003625242   	0.0004103491   	0.00030462106  	0.0004193476   	0.0009567252   	0.00040421422  	0.00086134387  	
0.000763653    	0.0001232191   	0.00056744704  	0.00044683617  	0.0007292634   	0.0006521142   	0.00047363207  	0.0008241887   	0.00085970224  	0.00073093857  	0.00042798743  	0.0006225839   	0.00030050005  	0.001427952    	0.00030770476  	0.0010673394   	0.00041825624  	0.0003008681   	0.0012197132   	0.00023806725  	0.00041327695  	0.0003376819   	0.0006297651   	0.0006088238   	0.0004233673   	0.000432221    	0.00051123335  	0.0010802093   	0.0004658456   	0.00013677133  	0.00083670014  	0.00020062817  	0.00055769196  	0.00027060788  	0.0006601981   	0.00140906     	0.00075468945  	0.0007643126   	0.0008493501   	0.000767433    	0.0057815146   	0.0019911074   	0.0033301709   	0.0018624056   	0.003441529    	0.00070744444  	0.0014491067   	0.00063882617  	0.0007125429   	0.0010869614   	0.00044490295  	0.0013051004   	0.0011544274   	0.00037762694  	0.0005366957   	0.0011411506   	0.00052118616  	0.001405345    	0.0009094331   	0.0013736187   	0.0001732683   	0.00035056547  	0.0014948883   	0.0008552647   	0.00041464544  	0.00057434523  	0.00053571403  	0.0005677057   	0.000494696    	0.00033848072  	0.0004732324   	0.00033524248  	0.0013163332   	0.00026162565  	0.00046962066  	0.0008316598   	0.0007817301   	0.00063272985  	0.004496231    	0.002537569    	0.00067264994  	0.0012744499   	0.00033361063  	0.0003396803   	0.0004908126   	0.0004982041   	0.00046343295  	0.00074195495  	0.0005234396   	0.00079059065  	0.00053232996  	0.00082920387  	0.00061428495  	0.0009001421   	0.00077122427  	0.0008466901   	0.0005065104   	0.0008376659   	0.0007428842   	0.0007771779   	
0.0006784643   	0.00060641125  	0.000371661    	0.0005453321   	0.00090006687  	0.00046423794  	0.00021461798  	0.0009012586   	0.00062986516  	0.0007304991   	0.0007649717   	0.0006856927   	6.9594025E-05  	0.00041858852  	0.0006237787   	0.001347141    	0.00089227705  	0.001040559    	0.0009986273   	0.00039209618  	8.342731E-05   	0.0005759288   	0.00031209114  	0.000490309    	0.000307525    	0.0005361952   	0.0014060338   	0.00052800943  	7.600695E-05   	0.00067425886  	0.00035343153  	0.0007272635   	0.000570781    	0.00021144045  	0.0007194005   	0.0006716903   	0.0004847284   	0.00044356094  	0.0008979264   	0.008902079    	0.00551882     	0.0012948253   	0.0015111648   	0.00068306184  	0.004807926    	0.0010045903   	0.000355809    	0.0003247267   	0.00048184287  	0.00056339527  	0.000867807    	0.0015414522   	0.0013725527   	0.00044947394  	0.0007565976   	0.0004725002   	0.001202793    	0.00040787025  	0.000795903    	0.000432544    	0.00024211877  	0.00029237126  	0.0003776221   	0.0007576917   	0.00085738464  	0.0006292164   	0.0009526405   	0.0002943269   	0.0008638618   	0.0004488875   	0.0011811274   	0.0010663741   	0.00041364666  	0.001060908    	0.00051425345  	0.001789048    	0.00022698614  	0.0006234306   	0.0005925744   	0.0047005233   	0.005433676    	0.00088036986  	0.0006376708   	0.0006395831   	0.0007606447   	0.00058127375  	0.0009315089   	0.00045285196  	0.000500503    	0.00038253397  	0.0004593301   	0.0007282543   	0.00068800687  	0.0006614367   	0.00065242854  	0.000657552    	0.0004647846   	0.0020863987   	0.0013820628   	0.00052744016  	
0.00054509984  	0.00083401904  	0.00064512045  	0.000866793    	0.0010083526   	0.0005487433   	0.00058552     	0.00015290092  	0.00031971306  	0.0009650345   	0.001015274    	0.0011305629   	7.167403E-05   	0.00043684416  	0.0014362592   	0.00046428523  	0.000472137    	0.00049970794  	0.00058515946  	0.00021044367  	0.0013577596   	0.00077379175  	0.0013780087   	0.0010226083   	0.0006247839   	0.00032690636  	0.00048021448  	0.0002347399   	0.00064979587  	0.0010742643   	0.0005251007   	0.0008084402   	0.00042397264  	0.0010105786   	0.00082578516  	0.00020101288  	0.00040477293  	0.006398382    	0.008427032    	0.0015024757   	0.0033962082   	0.0020077033   	0.0064302767   	0.0006948187   	0.0049615647   	0.0011594002   	0.00028560124  	0.00018175784  	0.0016273586   	0.00047928205  	0.00022962908  	0.0016857216   	0.0010452813   	0.0004455616   	0.00053693407  	0.0006929407   	0.0004395905   	0.0011403265   	0.0011184913   	0.00047705293  	0.00044914495  	0.00092647626  	0.0006283112   	0.00079636124  	0.0012616486   	0.0011374116   	0.0003643339   	0.0005625113   	0.001024682    	0.001034912    	0.00069729524  	0.0007565097   	0.00058184715  	0.00090778415  	0.00087981723  	0.00012264306  	0.0009834185   	0.00070501416  	0.0002284371   	0.000558328    	0.005981988    	0.007325226    	0.0007057195   	0.00075470953  	0.00082430546  	0.0010188697   	0.0005050315   	0.00042905027  	0.00040163426  	0.00069664867  	0.00016810978  	0.00018183856  	0.00077938696  	9.553473E-05   	0.0004621832   	0.00023546841  	0.0013811003   	0.0001482052   	0.00059623044  	0.0004791664   	
0.0006313961   	0.0004241148   	0.0012917279   	0.00039279897  	0.00078079663  	0.0010710374   	0.0006649424   	0.0005126766   	0.0045838505   	0.0028510403   	0.0013147058   	0.0012588777   	0.0020242683   	0.0025811964   	0.004297412    	0.0007371434   	0.0013080266   	0.00013198057  	0.0005506033   	0.0004914525   	0.0006254847   	0.0007425163   	0.00096682314  	0.0010245681   	0.00064007274  	0.0002792105   	0.0009535941   	0.0006241251   	0.00072766864  	0.0007484436   	0.000903586    	0.0012176642   	0.000808636    	0.00037041956  	0.00085151615  	0.00053146953  	0.011743034    	0.002718737    	0.0010175562   	0.0073809205   	0.00065210916  	0.00048354815  	0.00070855796  	0.0010105035   	0.0006226819   	0.00016006193  	0.001152544    	0.0026202172   	0.0013077335   	0.0022299502   	0.00058315456  	0.00028004704  	0.0010327289   	0.00019568723  	0.0003647739   	0.00083444023  	0.000532396    	0.00047204265  	0.0008776755   	0.0012276792   	0.00073903904  	0.0010813328   	0.00063882035  	0.00065523235  	0.0011505623   	0.00021656885  	0.001148663    	0.001081038    	0.0003684611   	0.0008934214   	0.0003675129   	0.0013207584   	0.00066950545  	0.00050550076  	0.0011589961   	0.00075563544  	0.0010723944   	0.0003350433   	0.00035410607  	0.0010092775   	0.005363849    	0.0062834937   	0.00039364662  	0.00037065867  	0.00016991486  	0.0012858266   	0.0012503613   	0.00078906486  	0.0007571149   	0.00029924928  	0.0008486537   	0.00025861184  	0.0020603198   	0.00028819588  	0.00016587619  	0.0010963298   	0.00012975672  	0.00070714357  	0.0010369816   	0.00035425648  	
0.002979132    	0.001364213    	0.0018896305   	0.0015646853   	0.0001521713   	0.0007950562   	0.0015449432   	0.00058252306  	0.0006375372   	0.0006435447   	0.0018970132   	0.0021124585   	0.0012967194   	0.0018744976   	0.0017626334   	0.0023498002   	0.00086757744  	0.0071191997   	0.00093602843  	0.0006845898   	0.00047925446  	0.0011241134   	0.00080388936  	0.0007509876   	0.0008695888   	0.00074528146  	0.0009908408   	0.0016257698   	0.0012055924   	0.00047222723  	0.00035874464  	0.0013170821   	0.000509026    	0.0006145302   	0.0006251986   	0.0008413987   	0.0015940366   	0.0036808972   	0.0036348628   	0.0012473485   	0.0010378504   	0.0007053254   	0.00027859453  	0.00064237945  	0.0008394295   	0.00053708866  	0.0005624442   	0.0008286301   	0.0007894679   	0.00081208884  	0.0022199731   	0.0015958967   	0.0005317336   	0.00056609814  	0.00056086015  	0.00071280607  	0.00067507126  	0.00035528137  	7.249078E-05   	0.0004009113   	0.0009869649   	0.00056552637  	0.00039342404  	0.00020750411  	0.0011810214   	0.0010103169   	0.00025232058  	0.0005846114   	0.0009225588   	0.00051759207  	0.00031915342  	0.0011743959   	0.00066607224  	0.00062850607  	0.00043025948  	0.001205654    	0.0009248402   	0.0010087397   	0.00092780776  	0.0005275719   	0.00025559397  	0.004321213    	0.004701505    	0.00068612775  	0.0004134537   	0.0001912894   	0.0010901807   	0.00022010214  	0.00069973705  	0.00018568017  	0.0009001025   	0.00025458838  	0.000102885126 	0.00051705405  	0.000386326    	0.0007483366   	0.0013737706   	8.6880325E-05  	0.0010973051   	0.00062778144  	
0.00033069134  	0.00042199006  	0.0021142112   	0.0011916986   	0.005808044    	0.002943972    	0.00067639723  	9.035027E-05   	0.00063848903  	0.000600276    	0.00012862276  	0.00092211465  	0.0009807338   	0.0011753725   	0.001346058    	0.0011740428   	0.0015167119   	0.002919903    	0.0062936014   	2.396796E-05   	0.0008257208   	0.00034252836  	0.00069694105  	0.0007902192   	0.00033806358  	0.00064675714  	0.00069760415  	0.00053253566  	0.0004141988   	0.0013749652   	0.0004514274   	0.0009540619   	0.00027313054  	0.0005583407   	0.0004465413   	0.012318294    	0.004856434    	0.0016677534   	0.00693888     	0.005233437    	0.0065927934   	0.0007891649   	0.00018705164  	0.00051803264  	0.0012795299   	0.000400496    	0.00034280692  	0.00047225732  	0.0004305504   	0.00078033184  	0.00027412965  	0.0006000932   	0.0003308865   	0.0014640165   	0.00075675675  	0.0006669363   	0.001502936    	0.0013365368   	0.0004774486   	0.0004931768   	0.00060284213  	0.0007771822   	0.00079321756  	0.00020791912  	0.00017566101  	0.00041600416  	0.00078861625  	0.000796236    	0.00075550226  	0.0011250887   	0.00029075038  	0.00023194763  	0.0005289653   	0.00058413384  	0.00038085374  	0.00034815396  	0.0010940598   	0.00046893646  	0.001576499    	0.00047164853  	0.0013935079   	0.0020510985   	0.0002266878   	0.0055104047   	0.0006255216   	0.00088187604  	0.0012212514   	0.0005113374   	0.00084270985  	0.00021898859  	0.00050726515  	5.613571E-05   	0.0008833789   	0.00043563757  	0.0011024144   	0.0006966712   	0.00026332948  	0.000105707964 	0.0017888969   	0.001270375    	
0.0005456923   	7.84457E-05    	0.00015539679  	0.00014062108  	0.0013345521   	0.0010697154   	0.0010752368   	0.00051072874  	0.00115626     	0.00058384007  	0.00077303796  	0.0009499018   	0.00048329728  	0.00052427314  	0.0011376515   	0.0012561332   	0.0011594093   	0.000593736    	0.0037147396   	0.0037239573   	0.0003417057   	0.00032050614  	0.0009994374   	0.00046890604  	0.0004636413   	0.00012696067  	0.0009736172   	0.000652414    	0.0015770565   	0.0007345497   	0.0005344195   	0.0012407792   	0.0009537865   	0.0009480058   	0.0005138518   	0.012028718    	0.0029934554   	0.0017189571   	0.0013965333   	0.0012169324   	0.000590886    	0.0047822683   	0.0009936731   	0.00019440649  	0.0009881147   	0.0006858646   	0.004290818    	0.0036495696   	0.0014801181   	0.0012452056   	0.0016664552   	0.00039289932  	0.0007645985   	0.00044777748  	0.0005830009   	0.0010049485   	0.00028262814  	0.0007935715   	0.0009880427   	0.0009638054   	0.0006089496   	0.00048332123  	0.00027962684  	0.0010685906   	0.00097295456  	0.0006676917   	0.00023313638  	0.0009913808   	0.0009812731   	0.00029160458  	0.00082847837  	0.00031854952  	0.00086340716  	0.0005142896   	0.00042449252  	0.00052208995  	0.00048912194  	0.0006362431   	0.00061826484  	0.00093098026  	0.00065682415  	0.0011796184   	0.002564871    	0.004356272    	0.00039241448  	0.0009451031   	0.00044551704  	0.00043687588  	0.0001212802   	0.00052080635  	0.00025945416  	0.0006118403   	0.00061528245  	0.0006341946   	0.0015962357   	0.0008920356   	0.0004381505   	0.0015119466   	0.00061389414  	0.001062835    	
0.0011679889   	0.0007039229   	0.00034889337  	0.0008783219   	0.00074465794  	0.00038415575  	0.00060500635  	0.00033649974  	0.00046022038  	0.0006243926   	0.00044088124  	0.00048293956  	0.0012192173   	0.0006655585   	0.0017333201   	0.00038470287  	0.0007529175   	0.0012724109   	0.0021367655   	0.004361419    	0.0009148593   	0.0007195081   	0.0005124139   	0.00037165693  	0.00019295201  	0.0006644714   	3.0246048E-05  	0.0005438894   	0.0012826782   	0.0016284812   	0.0003236111   	0.0012455891   	0.0005006471   	0.00067184435  	0.0007685524   	0.00030753965  	0.0005774526   	0.008348229    	0.008186627    	0.0005754642   	0.0065616337   	0.0016577373   	0.0042811157   	0.0016762499   	0.005570885    	0.004362604    	0.0034200742   	0.00475261     	0.0016464576   	0.00064374326  	0.0007885855   	0.00061915     	0.00050681556  	0.0013690483   	0.0005184445   	0.0004170745   	0.00090194243  	0.00031212595  	0.0011402856   	0.00030465468  	0.0004596137   	0.00042752756  	0.0006128492   	0.0003205737   	0.0004951041   	0.0014708058   	0.0004129225   	0.00027534176  	0.00023290818  	0.0007955996   	0.0011894918   	0.0010654329   	0.0006744496   	0.0005308675   	0.000853426    	0.00070880464  	0.00042317846  	0.00081644976  	0.00053062965  	0.00032984815  	0.0009570475   	0.0003735337   	0.00034796368  	0.00172689     	0.00060245954  	0.00068975205  	0.00050025235  	0.00015473709  	0.0011208921   	0.00041561996  	0.0007816328   	0.00044786127  	0.0010563807   	0.0008183672   	0.0007810245   	0.0007279407   	0.00038225934  	0.0010945068   	0.00097119826  	0.0010029571   	
0.00034277744  	0.0002682522   	0.0005954414   	0.001203789    	0.000336486    	0.000846839    	0.00016887803  	0.0002329486   	0.0008901013   	0.0006955805   	0.00052603043  	0.00049133046  	0.00043146123  	0.001584553    	7.492485E-05   	0.000875272    	0.0005712368   	0.00044523465  	0.001322066    	0.0064221513   	0.0056921863   	0.00094067433  	0.001037045    	0.00024824528  	0.0005523468   	0.0012053602   	0.0010981347   	0.00039726772  	0.0003431828   	0.00035720697  	0.0005511509   	0.0005243205   	0.000710191    	0.00038835994  	0.0006323488   	0.0007493165   	0.0011857181   	0.0007655408   	0.0007337389   	0.00079794065  	0.0007760189   	0.00701275     	0.001128331    	0.0006332412   	0.006562153    	0.0008350449   	0.00042446374  	0.00075987657  	0.00046248487  	0.0007479801   	0.00090459746  	0.0008555229   	0.00088047073  	0.0007108059   	0.00036647037  	0.0004311598   	0.00055799936  	0.0005113289   	0.00013765773  	0.0007164442   	0.00025020025  	0.0010148382   	0.00085868576  	0.00057557266  	0.0009518264   	0.00048651174  	0.00017573027  	0.00065191643  	0.0010471971   	0.00079862546  	0.0009413819   	0.0014023671   	0.00050440064  	0.00018738314  	0.0008604377   	0.00042338957  	0.0007214523   	0.00090399897  	0.000888134    	0.0009977248   	0.0004901823   	0.0005654574   	0.00069643045  	0.0043917866   	0.00562976     	0.0005253488   	0.00048736908  	0.0018441431   	0.0011753303   	0.00053007895  	0.0005026664   	0.0014308419   	0.000110726476 	0.00045069808  	0.0009805302   	2.3239452E-05  	0.0004539086   	0.0010651218   	0.00045155434  	0.00046519353  	
0.0010643534   	0.00061102136  	0.00035010785  	0.00056586985  	0.0009978767   	0.001213645    	0.000118451266 	0.00070448226  	0.0013745438   	0.0012814584   	6.727038E-05   	0.0009940863   	0.000784818    	0.00029258814  	0.0011224063   	0.0008341849   	0.0013628884   	0.00022560955  	0.002184729    	0.005134607    	0.0065511814   	0.00064643007  	0.0005380336   	0.0005420595   	0.00069969014  	0.0012391603   	0.00062766246  	0.00070115033  	0.0005432743   	0.001009805    	0.0011527851   	0.00020243909  	0.00035662646  	0.00032112317  	0.00013923069  	0.00048173475  	0.0010506177   	0.0006703449   	0.00022964751  	0.0005643304   	0.0007123155   	0.00055665814  	0.008765937    	0.0008297708   	0.0027142796   	0.0028548746   	0.00073144364  	0.0007390128   	0.0008519864   	0.00040237783  	0.0008926052   	0.00033650303  	0.00084248063  	0.00059868436  	0.00049702614  	0.001575084    	0.0012741382   	0.00023683616  	0.0010401815   	0.00048104773  	0.00067900546  	0.000691814    	0.00045546866  	0.0014876617   	0.00081711647  	0.0006761892   	0.00012399544  	0.00035875113  	0.00051474513  	0.00032093615  	0.0006324768   	0.0017282909   	0.00017072789  	0.00058129913  	0.00039258253  	0.0006903609   	0.00053881825  	0.00059196906  	0.0002143415   	0.0005780866   	0.000227078    	0.0006603603   	0.0019704788   	0.004845519    	0.00084217853  	0.0061541605   	0.00033193873  	0.00032942984  	0.00053841027  	0.00030042257  	0.001021115    	0.0005101887   	0.0012107916   	0.00060309615  	0.0009570247   	0.0005758612   	0.0011511447   	0.0004929166   	0.0010173984   	0.00068570045  	
0.0010345607   	0.00060958473  	0.0005685216   	0.00073718355  	0.0005841343   	0.00046280774  	0.00083172956  	0.0008816084   	0.00088259135  	0.000348621    	0.0004436845   	0.0019497352   	0.0005381231   	0.00062662165  	0.00053065823  	0.0012575453   	0.0003561034   	0.0009982657   	0.0006045729   	0.000687131    	0.0046203593   	0.0048750257   	0.0008064606   	0.0010312165   	0.0008440241   	0.0002794831   	0.00079945015  	0.0008550428   	0.00057010277  	0.00078826863  	0.0011064848   	0.00046274762  	0.0013853357   	0.0005965312   	0.0006936508   	0.0011911604   	0.0003607314   	0.00062381197  	0.0008084389   	0.0008799691   	0.000927479    	0.0009818426   	0.00045193112  	0.008534192    	0.0013088535   	0.00682533     	0.0014606437   	0.0010543088   	0.00011329593  	0.0003197913   	0.0014234647   	0.0006311187   	0.0012118502   	0.0008791889   	0.00046111006  	0.001068652    	0.0007066585   	0.00050195656  	0.00059837644  	0.000713603    	0.00030691075  	0.00063580886  	0.000846909    	0.00016929147  	0.0006192839   	0.0004527993   	0.0012304808   	0.0007035218   	0.0015289313   	0.0007675089   	0.00095259474  	0.0005626117   	0.0005889962   	0.0011379403   	0.00037154436  	0.0009023526   	0.0006425957   	0.00022233825  	0.0011677042   	0.0007057307   	0.001298289    	0.001337531    	0.001082266    	0.001319706    	0.006106513    	0.0068129795   	0.0008854775   	0.0010609879   	0.00044672514  	0.0005210855   	0.00024738454  	0.001014633    	0.00017158611  	0.00034125816  	0.00048913993  	0.0001977933   	0.0005951584   	0.0008432243   	0.0017341396   	0.00018419613  	
0.0004929319   	0.00074529735  	0.0003402923   	0.0005671584   	0.0011143765   	6.4888045E-05  	0.00074929325  	0.00085049076  	0.00039551995  	0.00083343015  	0.00078575726  	0.000746404    	0.00042944404  	0.00033575777  	0.0011025461   	0.00096607936  	0.0005715134   	0.0003013706   	0.0010753752   	0.00029612627  	0.00013394491  	0.0024360516   	0.00044560886  	0.0004505687   	0.00043615844  	0.0009926225   	0.0003311967   	0.00039338786  	0.00039908296  	0.00085542694  	0.00084742694  	0.0008963263   	0.0008338044   	0.0006397906   	0.00063942856  	0.0009108704   	0.0009267752   	0.00040795648  	0.00025657442  	0.00083326484  	0.0005689164   	0.0005782343   	0.00034856546  	0.0014301062   	0.008632065    	0.0042219614   	0.003822991    	0.000547608    	0.0006526553   	0.0003018018   	0.00016990677  	0.00081540796  	0.00035137436  	0.00043426256  	0.0004975467   	0.0012897911   	0.0010357269   	0.0007294502   	0.00086907274  	0.0004214013   	0.000428434    	0.0016933007   	0.0003195795   	0.0012102635   	0.0005045676   	0.00026630049  	0.0008635088   	0.00051498844  	0.0012081477   	0.00043455887  	0.00077826454  	0.00077837496  	0.00055263133  	0.00059817045  	0.00025981705  	0.00071541476  	0.000435269    	0.0011474595   	0.0004854282   	0.0010588715   	0.00081799924  	0.00029950973  	0.00023293858  	0.00075215456  	0.0009427752   	0.0038059826   	0.0042216014   	0.0014552865   	0.00056749146  	0.0008544761   	0.00022437418  	0.0002260719   	0.00073572586  	0.00018409267  	0.00039905813  	0.0003927925   	8.603784E-05   	0.00021518196  	0.0009791057   	0.00015302238  	
