# www.neaspec.com
# Scan:	 	AFM
# Project:	 	20251007_PS
# Description:	 	
# Date:	 	10/07/2025 10:43:47
# Scanner Center Position (X, Y):	[µm]	49.99	50.01	 
# Rotation:	[°]	0	 	 
# Scan Area (X, Y, Z):	[µm]	5.000	5.000	0.000
# Pixel Area (X, Y, Z):	[px]	100	50	1
# Averaging:	 	1	 	 
# Integration time:	[ms]	5	 	 
# Laser Source:	 	4.5-15 µm nano-FTIR laser
# Detector:	 	R
# Target Wavelength:	[µm]	7.502	 	 
# Demodulation Mode:	 	Fourier
# Tip Frequency:	[Hz]	241,340.500	 	 
# Tip Amplitude:	[mV]	45.700	 	 
# Tapping Amplitude:	[nm]	79.665	 	 
# Modulation Frequency:	[Hz]	0.000	 	 
# Modulation Amplitude:	[mV]	0.000	 	 
# Modulation Offset:	[mV]	0.000	 	 
# Setpoint:	[%]	79.75	 	 
# Regulator (P, I, D):	 	4.206850	8.625812	1.000000
# Tip Potential:	[mV]	0.000	 	 
# M1A Scaling:	[nm/V]	0.426	 	 
# M1A Cantilever Factor:	 	1,000	 	 
# Q-Factor:	 	487.4	 	 
# Version:	 	2.1.11536.0
-0.61337894    	-0.6095272     	-0.60943145    	-0.59583       	-0.6008503     	-0.61564624    	-0.6025467     	-0.60270256    	-0.5837958     	-0.5916226     	-0.6064878     	-0.608081      	-0.60969466    	-0.6064744     	-0.59854925    	-0.62106144    	-0.601238      	-0.62128913    	-0.6094457     	-0.5912406     	-0.5866915     	-0.5987452     	-0.60707986    	-0.6000593     	-0.61444104    	-0.5977591     	-0.5979207     	-0.5978259     	-0.6050875     	-0.6009663     	-0.60503256    	-0.5966271     	-0.6070437     	-0.61617684    	-0.5907735     	-0.59281933    	-0.6109808     	-0.5949239     	-0.5941426     	-0.59171325    	-0.5896796     	-0.60829794    	-0.6043809     	-0.6130457     	-0.59760594    	-0.60138977    	-0.6014574     	-0.5970456     	-0.60498023    	-0.5882585     	-0.5892049     	-0.58728325    	-0.5969422     	-0.60430807    	-0.595387      	-0.59131664    	-0.5983559     	-0.5949594     	-0.60039073    	-0.59341645    	-0.59980917    	-0.5822829     	-0.60289234    	-0.5938231     	-0.5898803     	-0.60616314    	-0.6011678     	-0.5934814     	-0.6035768     	-0.61578196    	-0.5951112     	-0.59639204    	-0.6183147     	-0.59073246    	-0.5785154     	-0.6035946     	-0.62128615    	-0.59142095    	-0.59832275    	-0.60339624    	-0.59905565    	-0.5879778     	-0.59819776    	-0.61544776    	-0.5838311     	-0.6154013     	-0.59124845    	-0.6018693     	-0.6122292     	-0.58917093    	-0.5924581     	-0.61773014    	-0.61079526    	-0.6086589     	-0.5930576     	-0.596143      	-0.58864355    	-0.6014401     	-0.5962671     	-0.598279      	
-0.602609      	-0.58512664    	-0.58376634    	-0.6070018     	-0.5999555     	-0.60634804    	-0.59280396    	-0.6076305     	-0.5867755     	-0.615939      	-0.5921093     	-0.6047292     	-0.60467273    	-0.5909889     	-0.6060507     	-0.5941159     	-0.60340047    	-0.58583343    	-0.6098007     	-0.6083672     	-0.58671343    	-0.61198354    	-0.5874727     	-0.610286      	-0.60771054    	-0.59985626    	-0.6076491     	-0.6022908     	-0.6029227     	-0.5937728     	-0.59758055    	-0.61543185    	-0.5935539     	-0.59739494    	-0.61398804    	-0.6090736     	-0.61002195    	-0.5884951     	-0.6051641     	-0.59082997    	-0.6093492     	-0.5979813     	-0.59430856    	-0.5928895     	-0.59340644    	-0.6112752     	-0.59640074    	-0.6058784     	-0.6125883     	-0.60611296    	-0.6057432     	-0.5991525     	-0.604511      	-0.6083234     	-0.600203      	-0.61621857    	-0.5903525     	-0.60366523    	-0.6025896     	-0.5998755     	-0.5964016     	-0.5867965     	-0.60490066    	-0.5927559     	-0.598467      	-0.5953593     	-0.6022329     	-0.6042264     	-0.5995756     	-0.5925431     	-0.5994348     	-0.5904682     	-0.5869087     	-0.6325128     	-0.60373056    	-0.5994103     	-0.59665716    	-0.60058737    	-0.60026264    	-0.6020836     	-0.6058806     	-0.6077564     	-0.60595137    	-0.5929538     	-0.5997133     	-0.59651923    	-0.6026841     	-0.60965115    	-0.60404074    	-0.5909058     	-0.5989815     	-0.59093386    	-0.6073086     	-0.5996767     	-0.5944457     	-0.60039544    	-0.58898574    	-0.5961919     	-0.5925485     	-0.5938389     	
-0.6022883     	-0.58666927    	-0.59764147    	-0.61083555    	-0.605965      	-0.60121876    	-0.6119802     	-0.60738105    	-0.59782076    	-0.6123457     	-0.5902967     	-0.6072137     	-0.6065117     	-0.6093103     	-0.62360215    	-0.599666      	-0.6066035     	-0.59423685    	-0.59746695    	-0.59992236    	-0.5779081     	-0.5945873     	-0.6087519     	-0.5915463     	-0.595452      	-0.60155976    	-0.61711866    	-0.60898554    	-0.61934304    	-0.5935006     	-0.60160345    	-0.6000233     	-0.60271895    	-0.59751505    	-0.59874773    	-0.59526014    	-0.6051328     	-0.5996351     	-0.60181266    	-0.5873606     	-0.59517014    	-0.59821796    	-0.5800075     	-0.6109794     	-0.62443924    	-0.59356403    	-0.5975549     	-0.60441893    	-0.6060526     	-0.595195      	-0.603602      	-0.5993545     	-0.60897446    	-0.5880696     	-0.5973821     	-0.5950527     	-0.6008154     	-0.60503364    	-0.61028606    	-0.6144725     	-0.5982589     	-0.5975442     	-0.602481      	-0.603719      	-0.6059541     	-0.6085098     	-0.60598814    	-0.60397065    	-0.6036711     	-0.6025356     	-0.5978235     	-0.6114346     	-0.61036205    	-0.59835917    	-0.602205      	-0.5965171     	-0.597173      	-0.60939395    	-0.5987858     	-0.605499      	-0.601068      	-0.5861442     	-0.59570026    	-0.6023177     	-0.6055473     	-0.59118426    	-0.6199511     	-0.5895946     	-0.60494       	-0.60699016    	-0.6084728     	-0.6044631     	-0.6129073     	-0.5991066     	-0.5936823     	-0.6041516     	-0.6170199     	-0.60508424    	-0.60285145    	-0.6054156     	
-0.59732735    	-0.6083962     	-0.5951499     	-0.6040519     	-0.5954171     	-0.60186243    	-0.62008685    	-0.5852759     	-0.6020156     	-0.6072065     	-0.61132693    	-0.59627074    	-0.60582596    	-0.606181      	-0.6102708     	-0.6096568     	-0.5913994     	-0.60149777    	-0.60441285    	-0.61119485    	-0.6021769     	-0.58513427    	-0.6036761     	-0.603443      	-0.5974984     	-0.5911633     	-0.60126984    	-0.6098492     	-0.59820175    	-0.59358203    	-0.59703004    	-0.6046978     	-0.5822333     	-0.6063758     	-0.603967      	-0.6113747     	-0.6096566     	-0.6002673     	-0.6167657     	-0.5919739     	-0.6106304     	-0.6089891     	-0.6053773     	-0.5982547     	-0.599879      	-0.6096182     	-0.6098107     	-0.61840224    	-0.5942044     	-0.5938386     	-0.5962636     	-0.5961692     	-0.6118556     	-0.59659153    	-0.6100816     	-0.6210514     	-0.60476065    	-0.6023835     	-0.59922       	-0.59589624    	-0.6029702     	-0.5987047     	-0.6032446     	-0.60934794    	-0.592819      	-0.6140582     	-0.6227576     	-0.6015062     	-0.6001396     	-0.6123715     	-0.59705746    	-0.60863143    	-0.6058687     	-0.6078817     	-0.5748982     	-0.5970752     	-0.6232566     	-0.60311764    	-0.59497124    	-0.6023611     	-0.6119974     	-0.6028626     	-0.61421263    	-0.6106468     	-0.60469943    	-0.61939514    	-0.58961403    	-0.6137698     	-0.59110993    	-0.6040329     	-0.6122896     	-0.58975816    	-0.6057387     	-0.6064637     	-0.5949482     	-0.59164083    	-0.5988182     	-0.5978038     	-0.59853196    	-0.597157      	
-0.59445894    	-0.60307765    	-0.60248166    	-0.5995223     	-0.6101374     	-0.6051234     	-0.60357267    	-0.60622597    	-0.59348905    	-0.5690477     	-0.60386103    	-0.59457153    	-0.60666424    	-0.5954657     	-0.59857786    	-0.6039552     	-0.59329134    	-0.58116627    	-0.58601916    	-0.6000407     	-0.59450436    	-0.5971184     	-0.596441      	-0.60968864    	-0.6004558     	-0.6069325     	-0.5980247     	-0.6061398     	-0.5926143     	-0.5928228     	-0.59544504    	-0.60899466    	-0.59166753    	-0.5961607     	-0.6065842     	-0.5958898     	-0.5988438     	-0.60656494    	-0.5822237     	-0.5853772     	-0.60286254    	-0.59351504    	-0.6129429     	-0.58883905    	-0.58070034    	-0.6051376     	-0.609409      	-0.603274      	-0.5984808     	-0.61856896    	-0.6095202     	-0.59481287    	-0.59653765    	-0.606121      	-0.6010015     	-0.5954006     	-0.60582393    	-0.6132817     	-0.58453       	-0.5950283     	-0.6129419     	-0.60234076    	-0.59767497    	-0.60539395    	-0.6084368     	-0.60639596    	-0.5891695     	-0.61384475    	-0.6063093     	-0.60060817    	-0.5851334     	-0.60218006    	-0.5997141     	-0.59207153    	-0.58750635    	-0.6037341     	-0.5995897     	-0.6040742     	-0.59629136    	-0.6082293     	-0.60713536    	-0.60102236    	-0.6012726     	-0.60827494    	-0.587235      	-0.59560513    	-0.6035917     	-0.60143095    	-0.6005602     	-0.5893084     	-0.6148412     	-0.6076233     	-0.61213875    	-0.5975856     	-0.61905944    	-0.5996848     	-0.5943308     	-0.5966947     	-0.5965119     	-0.5934474     	
-0.60019493    	-0.6081806     	-0.61222076    	-0.6042914     	-0.5802738     	-0.5911144     	-0.60027564    	-0.58971316    	-0.5975699     	-0.6001744     	-0.5935411     	-0.6113535     	-0.60473627    	-0.61515015    	-0.60150945    	-0.6033873     	-0.61069226    	-0.6037731     	-0.5973773     	-0.5986618     	-0.5935475     	-0.59574795    	-0.6016251     	-0.61164063    	-0.5889907     	-0.60736024    	-0.6073486     	-0.6095571     	-0.5973959     	-0.6020115     	-0.60348237    	-0.59276396    	-0.58564204    	-0.6001971     	-0.5949364     	-0.59538275    	-0.6194346     	-0.61125463    	-0.6035028     	-0.6106431     	-0.5985787     	-0.5961704     	-0.6041754     	-0.61195344    	-0.58830357    	-0.60205394    	-0.6013386     	-0.5933287     	-0.60661876    	-0.60113096    	-0.6030789     	-0.5991617     	-0.61575973    	-0.5888303     	-0.60348547    	-0.60468763    	-0.60734946    	-0.5895908     	-0.60409856    	-0.5926658     	-0.6057357     	-0.60344213    	-0.6098364     	-0.60822654    	-0.5822268     	-0.59904957    	-0.60738385    	-0.5806404     	-0.607249      	-0.61552835    	-0.59785324    	-0.58899814    	-0.59487027    	-0.60628736    	-0.6034992     	-0.5981185     	-0.6058027     	-0.5985114     	-0.60323507    	-0.6027651     	-0.600516      	-0.58229756    	-0.6118988     	-0.5997216     	-0.6020244     	-0.60108185    	-0.6082824     	-0.59665614    	-0.58167964    	-0.59350365    	-0.59881455    	-0.6158751     	-0.5876856     	-0.60100627    	-0.5930207     	-0.6192078     	-0.59583443    	-0.60986054    	-0.58947796    	-0.6088629     	
-0.6030091     	-0.6033834     	-0.607368      	-0.5953659     	-0.5980247     	-0.6112313     	-0.590228      	-0.58825       	-0.6082014     	-0.6016694     	-0.60853744    	-0.6038194     	-0.602244      	-0.60024655    	-0.596342      	-0.5967176     	-0.59997946    	-0.58823395    	-0.58523315    	-0.60048795    	-0.60660744    	-0.5923816     	-0.59962964    	-0.58935994    	-0.58671004    	-0.59614027    	-0.6028743     	-0.6069299     	-0.60709697    	-0.61320186    	-0.60691166    	-0.6076971     	-0.6030885     	-0.599801      	-0.5998206     	-0.60448796    	-0.59060925    	-0.5975546     	-0.60929203    	-0.59639674    	-0.6097094     	-0.6050284     	-0.5962708     	-0.6019399     	-0.61096776    	-0.6104285     	-0.6028708     	-0.5945138     	-0.61126447    	-0.5820272     	-0.6201737     	-0.612656      	-0.59278977    	-0.6134606     	-0.6018375     	-0.6151285     	-0.6015916     	-0.60964274    	-0.57721466    	-0.59340715    	-0.60581046    	-0.60400665    	-0.58423096    	-0.6077995     	-0.5966115     	-0.59620446    	-0.61037004    	-0.62125444    	-0.60063183    	-0.59321046    	-0.59149474    	-0.61431575    	-0.5935154     	-0.6021378     	-0.61486405    	-0.59201306    	-0.609913      	-0.60068315    	-0.59754807    	-0.6018047     	-0.59731716    	-0.5953381     	-0.59898573    	-0.5974887     	-0.6061828     	-0.60222256    	-0.6057583     	-0.5921527     	-0.60250115    	-0.6120245     	-0.6005916     	-0.6030226     	-0.5922837     	-0.60871583    	-0.6151549     	-0.5995669     	-0.5857024     	-0.60867023    	-0.6203179     	-0.62082255    	
-0.60139704    	-0.59663916    	-0.60289866    	-0.5933901     	-0.5934138     	-0.5930189     	-0.6046648     	-0.60563076    	-0.58966154    	-0.59032214    	-0.60834265    	-0.5941665     	-0.6053427     	-0.6152052     	-0.6123913     	-0.59051436    	-0.60734165    	-0.6052637     	-0.6089985     	-0.5897469     	-0.59954363    	-0.5919405     	-0.60175216    	-0.602852      	-0.59609705    	-0.6051766     	-0.59046364    	-0.5988366     	-0.6075108     	-0.5939238     	-0.6089841     	-0.61419106    	-0.6083845     	-0.60256124    	-0.59514457    	-0.594004      	-0.59796846    	-0.5976732     	-0.6096711     	-0.60384583    	-0.59982085    	-0.59193325    	-0.6128496     	-0.5993412     	-0.5669008     	-0.5871972     	-0.6072776     	-0.6159164     	-0.58606637    	-0.6194458     	-0.59004617    	-0.5994628     	-0.6094737     	-0.6102494     	-0.60701454    	-0.60455704    	-0.588621      	-0.60445976    	-0.5777573     	-0.61090684    	-0.5905185     	-0.5966188     	-0.6107338     	-0.6083356     	-0.5965002     	-0.6108409     	-0.60911876    	-0.59399253    	-0.5919445     	-0.5943088     	-0.60234755    	-0.6126957     	-0.60981095    	-0.5962702     	-0.6054796     	-0.5994146     	-0.6019407     	-0.60371935    	-0.5958176     	-0.59698224    	-0.5989634     	-0.5987747     	-0.59459275    	-0.61548644    	-0.6105584     	-0.60401       	-0.60367006    	-0.5984996     	-0.59803367    	-0.6045596     	-0.61037       	-0.5994283     	-0.59244186    	-0.6156936     	-0.58695716    	-0.59243464    	-0.5951098     	-0.60794854    	-0.58070713    	-0.5881259     	
-0.608597      	-0.60239625    	-0.58801556    	-0.5785111     	-0.591399      	-0.5917487     	-0.6057621     	-0.5927042     	-0.61872137    	-0.5885493     	-0.6115326     	-0.59896755    	-0.5975234     	-0.58618003    	-0.60335106    	-0.6043367     	-0.59864247    	-0.59932035    	-0.6112027     	-0.61868143    	-0.6041634     	-0.6108001     	-0.5885032     	-0.5975873     	-0.6002687     	-0.5998483     	-0.59399366    	-0.59830076    	-0.60321444    	-0.59497356    	-0.5967314     	-0.60104823    	-0.58343524    	-0.59022915    	-0.5989837     	-0.5995321     	-0.6067009     	-0.5991756     	-0.6111336     	-0.6059119     	-0.6106721     	-0.5915597     	-0.6329935     	-0.6017927     	-0.61561865    	-0.61178964    	-0.5924232     	-0.5876789     	-0.6017003     	-0.60797703    	-0.60968184    	-0.6065439     	-0.6116745     	-0.6106359     	-0.61203045    	-0.58485174    	-0.5990471     	-0.5876537     	-0.60016674    	-0.6117079     	-0.60212636    	-0.6108663     	-0.59730387    	-0.59996223    	-0.5941817     	-0.6006093     	-0.6072322     	-0.5931912     	-0.5881365     	-0.6056934     	-0.6078402     	-0.6018759     	-0.5990104     	-0.6014431     	-0.5956025     	-0.601934      	-0.60791826    	-0.599627      	-0.61229765    	-0.6040321     	-0.5845018     	-0.59892064    	-0.60068905    	-0.61199397    	-0.5976851     	-0.5930205     	-0.59512496    	-0.6054349     	-0.5964365     	-0.60737866    	-0.58801764    	-0.62179136    	-0.61965203    	-0.61404127    	-0.60614896    	-0.602089      	-0.58534205    	-0.58982176    	-0.61425066    	-0.6164038     	
-0.60856557    	-0.5883445     	-0.61080426    	-0.60904926    	-0.59556144    	-0.5959252     	-0.6164379     	-0.61421645    	-0.6127026     	-0.60339195    	-0.5919069     	-0.6068051     	-0.6034869     	-0.59407425    	-0.5867533     	-0.592368      	-0.6059594     	-0.5981752     	-0.5818249     	-0.60554844    	-0.60453       	-0.60494494    	-0.58580613    	-0.59791994    	-0.6025192     	-0.59794545    	-0.5971958     	-0.60495126    	-0.6037485     	-0.61402094    	-0.6041482     	-0.59430486    	-0.60412186    	-0.59629136    	-0.59334207    	-0.6054734     	-0.61947906    	-0.6092328     	-0.58598876    	-0.6210865     	-0.6191846     	-0.60501623    	-0.6036651     	-0.6013794     	-0.6003973     	-0.6047007     	-0.612334      	-0.6207219     	-0.5933304     	-0.6047512     	-0.593976      	-0.6097463     	-0.6050358     	-0.608163      	-0.611883      	-0.58216184    	-0.59600186    	-0.602916      	-0.6090951     	-0.59517276    	-0.58932215    	-0.5930217     	-0.5890348     	-0.5959966     	-0.6133512     	-0.59653795    	-0.59694326    	-0.5950025     	-0.5912788     	-0.59407157    	-0.60222113    	-0.5952196     	-0.59786576    	-0.6107936     	-0.599808      	-0.61266047    	-0.6085894     	-0.59702754    	-0.596083      	-0.5965547     	-0.6071769     	-0.6104338     	-0.61132646    	-0.59700096    	-0.60497314    	-0.60447264    	-0.61526227    	-0.5828287     	-0.5992027     	-0.60473347    	-0.59187853    	-0.6156189     	-0.583358      	-0.6091032     	-0.59894913    	-0.5901089     	-0.60221356    	-0.6189787     	-0.5989034     	-0.6078195     	
-0.5870967     	-0.5935474     	-0.59722984    	-0.60454047    	-0.5917874     	-0.5860133     	-0.60046923    	-0.58824885    	-0.59970963    	-0.6087117     	-0.59802234    	-0.5987014     	-0.6096907     	-0.60200185    	-0.59238815    	-0.5987414     	-0.6029614     	-0.5997569     	-0.60169977    	-0.60378116    	-0.5903518     	-0.598837      	-0.5991634     	-0.59449923    	-0.61814374    	-0.59671146    	-0.5891519     	-0.5869594     	-0.6073964     	-0.618868      	-0.61415774    	-0.6155298     	-0.5940151     	-0.6038325     	-0.6303853     	-0.6037502     	-0.6177704     	-0.60695076    	-0.58787847    	-0.6155102     	-0.60216767    	-0.6250939     	-0.5946005     	-0.5934185     	-0.58923125    	-0.60887074    	-0.5931793     	-0.58390313    	-0.5953125     	-0.60175216    	-0.60947186    	-0.59265876    	-0.60459924    	-0.5779344     	-0.61488783    	-0.59809184    	-0.62366354    	-0.61981475    	-0.61166656    	-0.6061952     	-0.61395717    	-0.5978091     	-0.60062325    	-0.59736204    	-0.61623204    	-0.61954117    	-0.59761137    	-0.61546594    	-0.6040069     	-0.6012488     	-0.6065514     	-0.60043687    	-0.6080731     	-0.6097586     	-0.5998107     	-0.6114912     	-0.609563      	-0.5960319     	-0.6053476     	-0.60246116    	-0.60143185    	-0.6055458     	-0.6092923     	-0.60025716    	-0.61000973    	-0.58607435    	-0.6050776     	-0.5977076     	-0.58529496    	-0.587894      	-0.58304816    	-0.61488307    	-0.6038638     	-0.61823696    	-0.59548444    	-0.609245      	-0.6165601     	-0.6188193     	-0.5815903     	-0.5841423     	
-0.60016245    	-0.5988705     	-0.58400023    	-0.59517354    	-0.59700584    	-0.5937667     	-0.6046704     	-0.6085197     	-0.5977295     	-0.59701467    	-0.6075022     	-0.6036804     	-0.6057709     	-0.6030719     	-0.6014447     	-0.61135775    	-0.6081844     	-0.61332196    	-0.60347784    	-0.61263907    	-0.5915931     	-0.59599453    	-0.5954368     	-0.5972951     	-0.6014504     	-0.5931635     	-0.6056706     	-0.6229572     	-0.59440535    	-0.614762      	-0.6074705     	-0.59911764    	-0.59847754    	-0.60383105    	-0.6058823     	-0.6009837     	-0.60152197    	-0.59636647    	-0.60997117    	-0.6077634     	-0.60820585    	-0.61257017    	-0.58657324    	-0.6148394     	-0.6032618     	-0.6098343     	-0.5984436     	-0.59735566    	-0.607393      	-0.61155       	-0.5933746     	-0.5925243     	-0.6160665     	-0.6063295     	-0.6168366     	-0.6047595     	-0.5991347     	-0.58055854    	-0.5859885     	-0.6031933     	-0.59701973    	-0.58556145    	-0.60215855    	-0.6060847     	-0.5905818     	-0.5868573     	-0.6051055     	-0.6164124     	-0.59602505    	-0.60218954    	-0.61096686    	-0.59672284    	-0.61003923    	-0.5943817     	-0.5917102     	-0.6251525     	-0.6074323     	-0.6022285     	-0.60735       	-0.5998186     	-0.6059897     	-0.6158215     	-0.5968507     	-0.5916157     	-0.6050871     	-0.60317147    	-0.58560395    	-0.6022483     	-0.5911155     	-0.59404       	-0.5987274     	-0.57730794    	-0.5742882     	-0.57935125    	-0.60392845    	-0.5767526     	-0.5983144     	-0.61494154    	-0.5988806     	-0.6296291     	
-0.6036316     	-0.5973845     	-0.5989416     	-0.60550654    	-0.5959242     	-0.57979023    	-0.60172653    	-0.6054736     	-0.6046858     	-0.60145754    	-0.60005       	-0.5915225     	-0.58835846    	-0.606616      	-0.6073038     	-0.60664517    	-0.6046723     	-0.61199325    	-0.59891325    	-0.5977966     	-0.6245074     	-0.6058934     	-0.5948497     	-0.5874512     	-0.6018146     	-0.60452795    	-0.605431      	-0.59162605    	-0.5908019     	-0.58837223    	-0.5909361     	-0.59059453    	-0.6013727     	-0.5895372     	-0.56842166    	-0.59324104    	-0.6023986     	-0.59686995    	-0.60124743    	-0.6085896     	-0.58535045    	-0.56693554    	-0.5935021     	-0.59464824    	-0.583336      	-0.57570916    	-0.605696      	-0.59667444    	-0.6033078     	-0.61443466    	-0.5883857     	-0.6068723     	-0.6066147     	-0.61482775    	-0.5859313     	-0.5938534     	-0.6122917     	-0.60862076    	-0.59861016    	-0.6018006     	-0.59975743    	-0.5956792     	-0.5985483     	-0.6208848     	-0.60581803    	-0.61659837    	-0.5995175     	-0.58541656    	-0.5944207     	-0.5989017     	-0.5921726     	-0.6117644     	-0.59635556    	-0.58328605    	-0.6129137     	-0.61157054    	-0.5996614     	-0.5906515     	-0.59869206    	-0.6059681     	-0.61258245    	-0.5987133     	-0.6044177     	-0.6044099     	-0.6066133     	-0.6072512     	-0.60741293    	-0.5931201     	-0.6079481     	-0.6201186     	-0.5988729     	-0.61470026    	-0.61228144    	-0.61144555    	-0.6153        	-0.6218911     	-0.5917509     	-0.58786863    	-0.60955435    	-0.624781      	
-0.61415017    	-0.6128662     	-0.60354793    	-0.5971953     	-0.59078264    	-0.5995219     	-0.59670216    	-0.60191       	-0.5984436     	-0.60815585    	-0.60076886    	-0.6011764     	-0.59213465    	-0.5965739     	-0.58771116    	-0.60849196    	-0.6080003     	-0.59886545    	-0.5923624     	-0.60751843    	-0.6019184     	-0.60802937    	-0.6046618     	-0.6025823     	-0.6191817     	-0.59828013    	-0.61669576    	-0.5990423     	-0.57450324    	-0.62838316    	-0.5965702     	-0.59313       	-0.59101105    	-0.5860697     	-0.58935565    	-0.61703265    	-0.6121035     	-0.6089916     	-0.60630435    	-0.59149903    	-0.5999476     	-0.6035678     	-0.5978508     	-0.59498835    	-0.6017759     	-0.6264534     	-0.5896038     	-0.61279964    	-0.621451      	-0.58967143    	-0.6148542     	-0.60390806    	-0.62872386    	-0.6037063     	-0.61182165    	-0.599229      	-0.61401105    	-0.5961698     	-0.5884073     	-0.6286986     	-0.598266      	-0.59031284    	-0.6120765     	-0.6107191     	-0.60673356    	-0.61278224    	-0.5964817     	-0.6001191     	-0.59842455    	-0.59645414    	-0.60609365    	-0.60375357    	-0.59680617    	-0.6003997     	-0.59827703    	-0.5784159     	-0.61148524    	-0.60055625    	-0.6017957     	-0.62146133    	-0.6028918     	-0.60176015    	-0.59988093    	-0.61941326    	-0.60159326    	-0.6033013     	-0.60073173    	-0.59214365    	-0.59041846    	-0.59387964    	-0.61347646    	-0.59367174    	-0.6107088     	-0.62397516    	-0.6066147     	-0.61690223    	-0.6096725     	-0.58963174    	-0.5878566     	-0.58664733    	
-0.6096002     	-0.60432154    	-0.6045616     	-0.6116319     	-0.6035743     	-0.6143002     	-0.60210794    	-0.5929915     	-0.6014929     	-0.59635687    	-0.591441      	-0.5983403     	-0.5829564     	-0.60546947    	-0.6078186     	-0.59039974    	-0.6043358     	-0.60298043    	-0.5959902     	-0.59500074    	-0.5992538     	-0.5960443     	-0.60132015    	-0.6042992     	-0.6091951     	-0.59461766    	-0.5905626     	-0.60288644    	-0.6102873     	-0.60638684    	-0.6273068     	-0.60909826    	-0.61617976    	-0.61253536    	-0.60003936    	-0.5999054     	-0.6038241     	-0.5873593     	-0.610245      	-0.60130394    	-0.5853274     	-0.6121314     	-0.6117416     	-0.6006063     	-0.58441997    	-0.6099155     	-0.59394974    	-0.5991659     	-0.6001016     	-0.58577687    	-0.61877537    	-0.6237632     	-0.5966753     	-0.577687      	-0.6013272     	-0.60960954    	-0.59613097    	-0.6054042     	-0.57599044    	-0.59677166    	-0.59192       	-0.60384977    	-0.58592325    	-0.6048409     	-0.5852578     	-0.5962919     	-0.59527856    	-0.59092206    	-0.59427714    	-0.6002899     	-0.5944511     	-0.60108656    	-0.5895726     	-0.5989211     	-0.6019974     	-0.5951844     	-0.6061735     	-0.59819025    	-0.60012454    	-0.6141363     	-0.5940384     	-0.59007555    	-0.61452556    	-0.5990106     	-0.59321904    	-0.59012765    	-0.603897      	-0.5868227     	-0.602178      	-0.6148995     	-0.5892412     	-0.61593676    	-0.60664326    	-0.60575557    	-0.61019886    	-0.58906525    	-0.59796894    	-0.61059463    	-0.6089641     	-0.61772096    	
-0.609372      	-0.61578184    	-0.59896123    	-0.59293836    	-0.6008266     	-0.590613      	-0.58601725    	-0.595384      	-0.5981941     	-0.6023303     	-0.58573544    	-0.6124283     	-0.60125226    	-0.60147667    	-0.6042062     	-0.6062138     	-0.5797863     	-0.60185766    	-0.5995247     	-0.60806924    	-0.6058847     	-0.6060617     	-0.60578537    	-0.6089401     	-0.61608106    	-0.59522486    	-0.61428326    	-0.62339306    	-0.59325       	-0.6149988     	-0.58787835    	-0.5915799     	-0.5954417     	-0.6047447     	-0.5927463     	-0.59928143    	-0.5830237     	-0.596192      	-0.607119      	-0.59676963    	-0.5954372     	-0.60238373    	-0.6163818     	-0.61993366    	-0.6038488     	-0.5851895     	-0.613148      	-0.61670035    	-0.6110669     	-0.61153805    	-0.5986275     	-0.6033465     	-0.57931876    	-0.59353465    	-0.61903375    	-0.5961911     	-0.5984755     	-0.59596777    	-0.6002887     	-0.5747794     	-0.5924301     	-0.60799336    	-0.59009135    	-0.58934563    	-0.6200716     	-0.6132524     	-0.60577095    	-0.60265565    	-0.6050302     	-0.5987282     	-0.6188241     	-0.5863232     	-0.5987545     	-0.61506164    	-0.60138583    	-0.5948409     	-0.59615785    	-0.5911101     	-0.6096564     	-0.6064768     	-0.59857404    	-0.5943065     	-0.6040441     	-0.6129244     	-0.5955758     	-0.5920054     	-0.6093534     	-0.60208184    	-0.6046127     	-0.598858      	-0.5934614     	-0.615156      	-0.5984452     	-0.5959835     	-0.61363333    	-0.6221918     	-0.58778036    	-0.60587955    	-0.5893972     	-0.61095023    	
-0.59835315    	-0.5986623     	-0.6015674     	-0.6051786     	-0.58542204    	-0.59896016    	-0.59545743    	-0.59747034    	-0.6031349     	-0.5937692     	-0.6057698     	-0.5989375     	-0.6120863     	-0.5932306     	-0.5934496     	-0.6129697     	-0.60676336    	-0.60118866    	-0.604614      	-0.6145025     	-0.6092192     	-0.61332154    	-0.6041452     	-0.5988177     	-0.5979605     	-0.6040077     	-0.6077694     	-0.59230244    	-0.61809635    	-0.59839594    	-0.61409676    	-0.5944267     	-0.60626507    	-0.6105839     	-0.59760135    	-0.6121215     	-0.6211008     	-0.598541      	-0.61487144    	-0.57859665    	-0.61217207    	-0.5906686     	-0.6148125     	-0.5962589     	-0.6069032     	-0.5990795     	-0.5975886     	-0.5804514     	-0.6029769     	-0.6066274     	-0.59973514    	-0.5881022     	-0.60781914    	-0.5900209     	-0.5983859     	-0.60464835    	-0.61127883    	-0.5898706     	-0.6035739     	-0.59711176    	-0.57875997    	-0.60853356    	-0.6159411     	-0.5931841     	-0.59997493    	-0.61644614    	-0.60420567    	-0.60794854    	-0.60367846    	-0.5974346     	-0.5913408     	-0.604012      	-0.62089956    	-0.6134871     	-0.5910508     	-0.5970639     	-0.6121505     	-0.6012623     	-0.60958517    	-0.6177789     	-0.59846604    	-0.5888895     	-0.6081334     	-0.58203834    	-0.5972911     	-0.6132742     	-0.59701526    	-0.60981303    	-0.5905157     	-0.59759116    	-0.60457975    	-0.5911148     	-0.5956091     	-0.61709285    	-0.6138897     	-0.5916191     	-0.5963712     	-0.5905281     	-0.6081073     	-0.5999967     	
-0.61594033    	-0.58064646    	-0.581554      	-0.59785783    	-0.60071313    	-0.6028965     	-0.6054396     	-0.61552364    	-0.6022867     	-0.59586716    	-0.60204566    	-0.6042346     	-0.5934121     	-0.60338944    	-0.5997188     	-0.58343565    	-0.6035189     	-0.5989995     	-0.59426975    	-0.60035115    	-0.59212494    	-0.59902465    	-0.60728       	-0.6119234     	-0.5905389     	-0.6062156     	-0.6128598     	-0.6022991     	-0.5993078     	-0.6015647     	-0.6080633     	-0.6080393     	-0.58970046    	-0.60778785    	-0.6096611     	-0.6063942     	-0.593488      	-0.6079652     	-0.60464674    	-0.59396553    	-0.606444      	-0.6188641     	-0.6021199     	-0.6053324     	-0.59294325    	-0.61192125    	-0.6038025     	-0.60229397    	-0.6115486     	-0.59063727    	-0.60731244    	-0.6029301     	-0.6061936     	-0.6104108     	-0.58697385    	-0.6100519     	-0.60956144    	-0.58906746    	-0.5939357     	-0.5958209     	-0.59828955    	-0.59586877    	-0.5821445     	-0.5884361     	-0.5950494     	-0.60017276    	-0.5974314     	-0.60818917    	-0.59814733    	-0.59116954    	-0.60485417    	-0.60407156    	-0.5908351     	-0.598674      	-0.59747684    	-0.59244895    	-0.60221267    	-0.59886295    	-0.59260684    	-0.5993651     	-0.60169417    	-0.6032586     	-0.60045373    	-0.5925205     	-0.59809166    	-0.6017555     	-0.59421134    	-0.60267013    	-0.6044475     	-0.60428077    	-0.5944966     	-0.59958386    	-0.601919      	-0.5904293     	-0.5960464     	-0.58594507    	-0.62561566    	-0.6008367     	-0.5949965     	-0.6098369     	
-0.61067647    	-0.6067084     	-0.6132703     	-0.59382975    	-0.59311014    	-0.6066957     	-0.6048275     	-0.60478485    	-0.59787714    	-0.61620986    	-0.59511054    	-0.6057236     	-0.6097371     	-0.6078882     	-0.5991504     	-0.6100858     	-0.60436136    	-0.5991203     	-0.60083246    	-0.6204756     	-0.590063      	-0.60301757    	-0.5965819     	-0.6041384     	-0.6046885     	-0.6011138     	-0.591257      	-0.5923261     	-0.5906394     	-0.5971725     	-0.6002296     	-0.586243      	-0.58767104    	-0.5722718     	-0.6057383     	-0.6022203     	-0.6133121     	-0.5872175     	-0.61155343    	-0.6134841     	-0.5921466     	-0.60302603    	-0.62695783    	-0.6063232     	-0.59629315    	-0.60437167    	-0.61228806    	-0.5981303     	-0.59028095    	-0.5969721     	-0.6001469     	-0.6089605     	-0.6146599     	-0.6147375     	-0.6043271     	-0.59213597    	-0.60063803    	-0.60126716    	-0.60203725    	-0.60901856    	-0.60744274    	-0.5984269     	-0.580822      	-0.59607685    	-0.6202993     	-0.62199724    	-0.61235446    	-0.6035161     	-0.5999366     	-0.5930872     	-0.6080778     	-0.5987798     	-0.60194296    	-0.611876      	-0.60187435    	-0.59503514    	-0.6049916     	-0.6130031     	-0.5973492     	-0.608264      	-0.60870785    	-0.6095677     	-0.62042695    	-0.59785205    	-0.60648704    	-0.5988413     	-0.6091932     	-0.5953749     	-0.60699296    	-0.61792296    	-0.58759236    	-0.5919196     	-0.59359604    	-0.6041956     	-0.60899776    	-0.6042726     	-0.6049665     	-0.59841776    	-0.58954155    	-0.62036335    	
-0.61385083    	-0.612561      	-0.5959872     	-0.60207105    	-0.59273636    	-0.6000645     	-0.6018286     	-0.619504      	-0.6081081     	-0.6037357     	-0.591042      	-0.5929674     	-0.5918729     	-0.6036324     	-0.6011863     	-0.6141411     	-0.60320735    	-0.5840566     	-0.5941819     	-0.60130394    	-0.5931189     	-0.59230876    	-0.5880026     	-0.5974317     	-0.61154205    	-0.58953214    	-0.5987793     	-0.5922963     	-0.59968394    	-0.6069695     	-0.59886944    	-0.5871285     	-0.60093564    	-0.60120356    	-0.61060774    	-0.5907116     	-0.5882202     	-0.61462474    	-0.5874636     	-0.6080591     	-0.6265194     	-0.60264796    	-0.60133564    	-0.607636      	-0.61784136    	-0.60915625    	-0.5713495     	-0.61918837    	-0.6236114     	-0.6017304     	-0.6044959     	-0.6119257     	-0.5943954     	-0.58217967    	-0.60397327    	-0.5962848     	-0.5879119     	-0.5956949     	-0.6012949     	-0.5995083     	-0.58137304    	-0.5854577     	-0.60703915    	-0.5959925     	-0.58823013    	-0.5990926     	-0.603408      	-0.60437346    	-0.59730935    	-0.58524054    	-0.5967388     	-0.60134196    	-0.598235      	-0.60082996    	-0.5998248     	-0.6081396     	-0.6083368     	-0.6014825     	-0.5898795     	-0.5957638     	-0.60319644    	-0.60128945    	-0.60236084    	-0.61007625    	-0.6115228     	-0.6021906     	-0.6015022     	-0.61074185    	-0.59637105    	-0.59665847    	-0.59417725    	-0.60015345    	-0.6124181     	-0.6117539     	-0.6061298     	-0.597214      	-0.6050956     	-0.5937024     	-0.5927259     	-0.6029358     	
-0.5946698     	-0.5870772     	-0.59470314    	-0.6007738     	-0.6047343     	-0.6020983     	-0.60204244    	-0.6063642     	-0.597973      	-0.6076821     	-0.59314376    	-0.5962554     	-0.5885329     	-0.5990617     	-0.6014954     	-0.61812335    	-0.59701216    	-0.6014565     	-0.59565675    	-0.5843129     	-0.6016308     	-0.6052073     	-0.6058214     	-0.59524596    	-0.60905963    	-0.60016584    	-0.59608436    	-0.61123705    	-0.5900833     	-0.6150749     	-0.6224105     	-0.6166094     	-0.59902114    	-0.6155163     	-0.5961051     	-0.5862603     	-0.6041368     	-0.5989242     	-0.6049588     	-0.59761       	-0.6080295     	-0.5989597     	-0.60691375    	-0.6011957     	-0.62031984    	-0.6044299     	-0.61663985    	-0.591306      	-0.58871317    	-0.61153543    	-0.5990664     	-0.59664917    	-0.59419656    	-0.61741257    	-0.6298439     	-0.6109476     	-0.60152876    	-0.5956085     	-0.6198813     	-0.5961205     	-0.59386283    	-0.61169827    	-0.6000328     	-0.60125226    	-0.5904657     	-0.5873354     	-0.59638166    	-0.5996628     	-0.60459614    	-0.610541      	-0.6146959     	-0.5964899     	-0.60382146    	-0.6121095     	-0.5909941     	-0.61090076    	-0.5976177     	-0.5954526     	-0.60332996    	-0.6103093     	-0.61167985    	-0.58958256    	-0.6009964     	-0.6054838     	-0.59844667    	-0.60893124    	-0.6066174     	-0.60399914    	-0.6041507     	-0.6081268     	-0.59160906    	-0.59704685    	-0.5919179     	-0.6078788     	-0.6022043     	-0.6000325     	-0.6120089     	-0.5968757     	-0.60644346    	-0.6009354     	
-0.602079      	-0.6107825     	-0.6105752     	-0.6086192     	-0.6056422     	-0.59854996    	-0.5948354     	-0.61501306    	-0.62145674    	-0.60377324    	-0.59536433    	-0.5930275     	-0.6121327     	-0.589792      	-0.6029717     	-0.60266703    	-0.61011803    	-0.59859335    	-0.6111589     	-0.6014989     	-0.5943867     	-0.60880786    	-0.60660917    	-0.58898425    	-0.5996432     	-0.6025806     	-0.6060565     	-0.5893049     	-0.59792125    	-0.61271095    	-0.6010109     	-0.6100526     	-0.6146531     	-0.59244645    	-0.58487993    	-0.5937745     	-0.59558153    	-0.6018778     	-0.6013385     	-0.59270704    	-0.6043583     	-0.60559344    	-0.591704      	-0.6117086     	-0.5894309     	-0.59453636    	-0.60749805    	-0.60470665    	-0.5963556     	-0.61667657    	-0.58408827    	-0.5815275     	-0.6045886     	-0.61236143    	-0.6232408     	-0.6137111     	-0.58384496    	-0.59250975    	-0.61909986    	-0.59346396    	-0.5846227     	-0.5964754     	-0.5994938     	-0.6209497     	-0.5762441     	-0.6159486     	-0.6108302     	-0.6161275     	-0.6105969     	-0.60168386    	-0.5995495     	-0.59187007    	-0.59358793    	-0.5815082     	-0.6011933     	-0.596258      	-0.60739535    	-0.5908873     	-0.60303664    	-0.5880182     	-0.602967      	-0.5943025     	-0.59947246    	-0.5918118     	-0.5991219     	-0.60286057    	-0.61134547    	-0.61196345    	-0.5973721     	-0.60140246    	-0.590163      	-0.60429966    	-0.6037213     	-0.6053298     	-0.5958097     	-0.6064233     	-0.61980534    	-0.61750275    	-0.59366226    	-0.5978415     	
-0.5870564     	-0.58396846    	-0.5929496     	-0.6015301     	-0.5949525     	-0.6020733     	-0.6042679     	-0.5916208     	-0.60298157    	-0.58405995    	-0.58669937    	-0.596364      	-0.61840105    	-0.6044748     	-0.5941486     	-0.6210982     	-0.5881717     	-0.61263674    	-0.6027399     	-0.59875065    	-0.5810923     	-0.6064052     	-0.5906194     	-0.60453874    	-0.5982921     	-0.59622544    	-0.6150645     	-0.59712493    	-0.6139256     	-0.5995505     	-0.6150951     	-0.60440683    	-0.59336066    	-0.5808151     	-0.6273238     	-0.6093093     	-0.60065985    	-0.61465466    	-0.5838545     	-0.58812785    	-0.60088557    	-0.5878691     	-0.60892475    	-0.5914683     	-0.5963533     	-0.6167486     	-0.59158564    	-0.592268      	-0.58831537    	-0.6107091     	-0.6076313     	-0.616365      	-0.59811956    	-0.59851116    	-0.6015138     	-0.6094401     	-0.5934294     	-0.6029695     	-0.61026865    	-0.6259843     	-0.60376453    	-0.5862435     	-0.59658134    	-0.61660725    	-0.5979878     	-0.61873543    	-0.5977365     	-0.5969106     	-0.5732076     	-0.62371117    	-0.5986843     	-0.6064245     	-0.5984899     	-0.6087487     	-0.6055331     	-0.59814817    	-0.5998697     	-0.5981795     	-0.6058995     	-0.59752166    	-0.60782623    	-0.60838556    	-0.5903425     	-0.60198146    	-0.5897795     	-0.60694414    	-0.600883      	-0.59142506    	-0.6014942     	-0.6063039     	-0.59478074    	-0.59179413    	-0.6293771     	-0.60207593    	-0.6171678     	-0.60194665    	-0.60013884    	-0.6039458     	-0.60179883    	-0.6011281     	
-0.5840215     	-0.6207437     	-0.5866495     	-0.5915162     	-0.60533345    	-0.6133183     	-0.6030195     	-0.60530066    	-0.604429      	-0.5994456     	-0.6052784     	-0.60502243    	-0.6263832     	-0.6005424     	-0.61961365    	-0.60448253    	-0.5871535     	-0.5958473     	-0.59672683    	-0.59132636    	-0.602123      	-0.60467064    	-0.6081244     	-0.6014582     	-0.5904609     	-0.61024034    	-0.60567784    	-0.597278      	-0.5985495     	-0.59933305    	-0.59544843    	-0.6022398     	-0.62319815    	-0.5994139     	-0.597455      	-0.59579355    	-0.61301255    	-0.5966631     	-0.5863474     	-0.6242046     	-0.58254635    	-0.5907922     	-0.59848464    	-0.6118858     	-0.59283984    	-0.5987495     	-0.5951322     	-0.598358      	-0.5951458     	-0.6059459     	-0.61093533    	-0.60865545    	-0.59742653    	-0.59591603    	-0.60150105    	-0.6078921     	-0.62691385    	-0.5822604     	-0.6078756     	-0.59480387    	-0.6098629     	-0.602471      	-0.60808164    	-0.61893684    	-0.61152786    	-0.5998933     	-0.6005802     	-0.61086446    	-0.5915459     	-0.59328794    	-0.6081548     	-0.61341035    	-0.60037714    	-0.59653467    	-0.59457713    	-0.60623056    	-0.59448415    	-0.5919809     	-0.60343724    	-0.5983788     	-0.5924057     	-0.5995813     	-0.5924171     	-0.5966722     	-0.5971273     	-0.59389526    	-0.5984255     	-0.60677063    	-0.59893894    	-0.60406405    	-0.599932      	-0.595761      	-0.61565554    	-0.59260803    	-0.607147      	-0.60467726    	-0.6040597     	-0.59691113    	-0.61013705    	-0.6196881     	
-0.61651903    	-0.61063445    	-0.6144859     	-0.6097293     	-0.5908869     	-0.60924804    	-0.60036683    	-0.6119306     	-0.5907537     	-0.59426177    	-0.59721935    	-0.60801214    	-0.5999143     	-0.58919966    	-0.59704745    	-0.59638613    	-0.589441      	-0.6085784     	-0.60315555    	-0.59378207    	-0.6031514     	-0.596679      	-0.600997      	-0.6095735     	-0.6027868     	-0.6039405     	-0.6040071     	-0.60755455    	-0.61133933    	-0.59430575    	-0.5895187     	-0.60262704    	-0.63912916    	-0.6054602     	-0.6053575     	-0.62798554    	-0.58682954    	-0.6035421     	-0.61410004    	-0.58516663    	-0.5920764     	-0.5939498     	-0.5955599     	-0.60133576    	-0.58795893    	-0.61459035    	-0.5912297     	-0.60899603    	-0.61156356    	-0.57989866    	-0.5883587     	-0.59469986    	-0.59108466    	-0.59862274    	-0.593861      	-0.6107771     	-0.5916234     	-0.6025853     	-0.59847856    	-0.6116841     	-0.6017871     	-0.61053646    	-0.6029848     	-0.61359113    	-0.60919625    	-0.5963537     	-0.5997083     	-0.6142025     	-0.61589175    	-0.6123453     	-0.6037869     	-0.5862052     	-0.59722173    	-0.6040086     	-0.5885619     	-0.59742975    	-0.59488076    	-0.61004686    	-0.6119039     	-0.6032252     	-0.59534806    	-0.6034888     	-0.60010874    	-0.60895383    	-0.6119077     	-0.6161788     	-0.5939321     	-0.61080086    	-0.6019069     	-0.6051767     	-0.60908115    	-0.6144636     	-0.5943732     	-0.6004585     	-0.5970794     	-0.606037      	-0.600163      	-0.58204174    	-0.59471166    	-0.5750542     	
-0.6266778     	-0.5927074     	-0.5849272     	-0.5982381     	-0.5872614     	-0.6162063     	-0.6151475     	-0.5924557     	-0.594033      	-0.6137481     	-0.6151529     	-0.58919513    	-0.5951835     	-0.5967726     	-0.60415673    	-0.5970033     	-0.58404493    	-0.6000582     	-0.6114772     	-0.6049171     	-0.5942062     	-0.61828774    	-0.6067312     	-0.60769296    	-0.60152024    	-0.60927856    	-0.5905657     	-0.6030244     	-0.5844222     	-0.59676206    	-0.6006906     	-0.5974411     	-0.6119822     	-0.61917263    	-0.59888965    	-0.6068332     	-0.59390587    	-0.5895376     	-0.6176442     	-0.6244941     	-0.5874225     	-0.60517997    	-0.6226977     	-0.6018332     	-0.58628815    	-0.6020234     	-0.60657257    	-0.605306      	-0.59367883    	-0.60342765    	-0.59606946    	-0.60083705    	-0.61832684    	-0.6051078     	-0.6217053     	-0.6037205     	-0.60638964    	-0.60981584    	-0.60048556    	-0.6215098     	-0.606351      	-0.6068343     	-0.5851717     	-0.59014976    	-0.59599644    	-0.60240436    	-0.6000131     	-0.5956224     	-0.60355765    	-0.598293      	-0.59787166    	-0.59200656    	-0.596613      	-0.6087244     	-0.6203475     	-0.5966506     	-0.6062296     	-0.60240364    	-0.6133317     	-0.5953544     	-0.59838176    	-0.5997181     	-0.606436      	-0.5963597     	-0.5986594     	-0.5883823     	-0.60927975    	-0.5917467     	-0.6014112     	-0.5931858     	-0.5956665     	-0.586476      	-0.60269105    	-0.59756327    	-0.59031165    	-0.5983859     	-0.60468715    	-0.6175977     	-0.59228975    	-0.5870046     	
-0.6001986     	-0.5875657     	-0.5812782     	-0.6082479     	-0.6048839     	-0.58516836    	-0.5922128     	-0.59486717    	-0.6157562     	-0.60822797    	-0.60151       	-0.6118604     	-0.60055494    	-0.61053807    	-0.60956013    	-0.6007342     	-0.6116086     	-0.59257793    	-0.59863526    	-0.6152054     	-0.5989715     	-0.5898516     	-0.59908324    	-0.60257196    	-0.59837997    	-0.61178416    	-0.59802705    	-0.60060406    	-0.6059406     	-0.60484093    	-0.5892304     	-0.6079143     	-0.61909634    	-0.6006263     	-0.6068251     	-0.60356325    	-0.6084139     	-0.6044222     	-0.6136539     	-0.61330354    	-0.6028954     	-0.5942408     	-0.60100216    	-0.58985424    	-0.5856633     	-0.5945013     	-0.6015614     	-0.59578955    	-0.60096645    	-0.6027865     	-0.6099138     	-0.5880369     	-0.6107569     	-0.6002179     	-0.60411704    	-0.6018026     	-0.60086125    	-0.5914069     	-0.5942602     	-0.5992124     	-0.6120532     	-0.58729565    	-0.5860871     	-0.60641986    	-0.5988398     	-0.6041018     	-0.59671724    	-0.60061944    	-0.60775393    	-0.6033443     	-0.60189474    	-0.6025475     	-0.58979905    	-0.6030602     	-0.59640455    	-0.5950309     	-0.59930086    	-0.58396125    	-0.6073097     	-0.6047114     	-0.59381336    	-0.5979333     	-0.59530526    	-0.6182427     	-0.59435743    	-0.60381       	-0.6013869     	-0.5901374     	-0.5954157     	-0.59528255    	-0.6027103     	-0.61004066    	-0.5992022     	-0.6018913     	-0.59821045    	-0.5975181     	-0.5945893     	-0.6170284     	-0.61109465    	-0.6008347     	
-0.59030336    	-0.6037934     	-0.60982263    	-0.5967924     	-0.59937876    	-0.61493665    	-0.60816103    	-0.60041344    	-0.58219266    	-0.5924256     	-0.60267043    	-0.58055955    	-0.61314076    	-0.60569954    	-0.6113411     	-0.607999      	-0.626903      	-0.6032582     	-0.6044011     	-0.59570515    	-0.5963356     	-0.59905875    	-0.60031843    	-0.59513295    	-0.62182343    	-0.60731685    	-0.60264766    	-0.5973247     	-0.6141384     	-0.5984306     	-0.5759081     	-0.59409446    	-0.601544      	-0.5969722     	-0.59710884    	-0.5922066     	-0.59010667    	-0.6019095     	-0.59947747    	-0.60584974    	-0.599465      	-0.6108515     	-0.6032114     	-0.60407716    	-0.58550787    	-0.5971164     	-0.5980451     	-0.6019902     	-0.5953919     	-0.6024761     	-0.6011219     	-0.5946212     	-0.61082244    	-0.5993048     	-0.6045082     	-0.608887      	-0.60597503    	-0.6115561     	-0.6095594     	-0.60535073    	-0.59962696    	-0.60583794    	-0.60874563    	-0.6007788     	-0.5977936     	-0.5991993     	-0.59131795    	-0.5947347     	-0.59702635    	-0.607229      	-0.5910158     	-0.60854864    	-0.5852164     	-0.6008861     	-0.6055396     	-0.5903747     	-0.6094371     	-0.5887368     	-0.6035064     	-0.60487115    	-0.60226274    	-0.59867907    	-0.5991972     	-0.5912763     	-0.5947341     	-0.60329384    	-0.5936621     	-0.6075015     	-0.60632205    	-0.60532355    	-0.6078417     	-0.6299549     	-0.6131966     	-0.60254043    	-0.5981183     	-0.5944922     	-0.6036528     	-0.6034744     	-0.60571903    	-0.5958423     	
-0.59326416    	-0.60416114    	-0.59396386    	-0.58342063    	-0.5995981     	-0.59178734    	-0.61506736    	-0.6008002     	-0.61093044    	-0.59694093    	-0.59533733    	-0.6003369     	-0.60107136    	-0.60688496    	-0.60698324    	-0.5888691     	-0.59619       	-0.60690355    	-0.59986997    	-0.60754544    	-0.602724      	-0.60508114    	-0.6022748     	-0.6076821     	-0.60246956    	-0.603087      	-0.598918      	-0.6070726     	-0.6137384     	-0.6064276     	-0.60276663    	-0.59302175    	-0.59672105    	-0.61611354    	-0.6077087     	-0.609121      	-0.595927      	-0.6146331     	-0.59879804    	-0.6107013     	-0.616538      	-0.5941149     	-0.5924939     	-0.60093904    	-0.60336864    	-0.59513885    	-0.58566445    	-0.60410345    	-0.5976433     	-0.60380745    	-0.5985828     	-0.60813403    	-0.5983896     	-0.6116656     	-0.6037351     	-0.60063255    	-0.5998658     	-0.59696025    	-0.6007198     	-0.6059151     	-0.6016369     	-0.60466635    	-0.6022475     	-0.6133435     	-0.59114313    	-0.6033482     	-0.58306026    	-0.6159893     	-0.6119511     	-0.59235734    	-0.59888554    	-0.6032763     	-0.6213084     	-0.5936521     	-0.6038522     	-0.60706764    	-0.6074431     	-0.59522754    	-0.5861514     	-0.59059227    	-0.5975626     	-0.5979136     	-0.600546      	-0.6097483     	-0.5916208     	-0.59804034    	-0.60391605    	-0.6011024     	-0.5942945     	-0.6057929     	-0.6098586     	-0.59977716    	-0.61040056    	-0.6065737     	-0.61037576    	-0.5941932     	-0.6018412     	-0.59349644    	-0.5836659     	-0.60454553    	
-0.6198292     	-0.6155007     	-0.6195885     	-0.5973625     	-0.58421814    	-0.6060807     	-0.6046256     	-0.6227621     	-0.60181034    	-0.6187766     	-0.59030753    	-0.60505646    	-0.60341555    	-0.6018678     	-0.6015645     	-0.59792244    	-0.60300547    	-0.6020522     	-0.58132035    	-0.6106932     	-0.6089767     	-0.6087192     	-0.61239594    	-0.61336464    	-0.5883078     	-0.60433245    	-0.60220027    	-0.59594584    	-0.6172857     	-0.5958148     	-0.5932198     	-0.5978106     	-0.6033564     	-0.596748      	-0.60743785    	-0.60533285    	-0.5998635     	-0.6137378     	-0.6196498     	-0.6104676     	-0.60386616    	-0.60049266    	-0.601007      	-0.60294443    	-0.6146013     	-0.5983947     	-0.59816945    	-0.5925987     	-0.6087743     	-0.5951716     	-0.59572643    	-0.59123045    	-0.60177374    	-0.5984667     	-0.5993777     	-0.60421574    	-0.61463803    	-0.5904363     	-0.58406895    	-0.6003416     	-0.59300405    	-0.59610367    	-0.6182201     	-0.60487103    	-0.61210537    	-0.5955658     	-0.6039013     	-0.58364177    	-0.6071012     	-0.60171086    	-0.5939058     	-0.5993955     	-0.60418546    	-0.5999229     	-0.6203113     	-0.5864234     	-0.6024147     	-0.6086802     	-0.60253847    	-0.59671223    	-0.61173946    	-0.57104594    	-0.5985532     	-0.6065467     	-0.5994424     	-0.59222704    	-0.60509753    	-0.59981966    	-0.61039644    	-0.59007645    	-0.58752817    	-0.59592956    	-0.599341      	-0.5888386     	-0.59570247    	-0.5911269     	-0.61318606    	-0.590256      	-0.5969815     	-0.60320973    	
-0.5868201     	-0.5783311     	-0.59559673    	-0.6009797     	-0.59495413    	-0.6094548     	-0.60562706    	-0.5972563     	-0.61555624    	-0.60219413    	-0.59082985    	-0.6160788     	-0.5945318     	-0.6019648     	-0.6009421     	-0.5920691     	-0.5996256     	-0.5972609     	-0.58677095    	-0.58702815    	-0.5843022     	-0.5978149     	-0.58713436    	-0.59355384    	-0.59410304    	-0.5941206     	-0.60002035    	-0.5961077     	-0.6162572     	-0.599535      	-0.59699416    	-0.59294826    	-0.60642624    	-0.59914196    	-0.6059865     	-0.5919547     	-0.6048238     	-0.59546036    	-0.6023644     	-0.6063789     	-0.60344076    	-0.6053612     	-0.5826288     	-0.5871558     	-0.60895973    	-0.5957774     	-0.59931326    	-0.60092443    	-0.5938415     	-0.6020558     	-0.6019582     	-0.58775884    	-0.60490847    	-0.59848356    	-0.5833559     	-0.59246886    	-0.5978329     	-0.60427123    	-0.60210323    	-0.60000396    	-0.6069764     	-0.5989141     	-0.6082974     	-0.59413004    	-0.59938884    	-0.6058682     	-0.61877716    	-0.6062813     	-0.6060443     	-0.5995182     	-0.58864546    	-0.606396      	-0.5910994     	-0.59641117    	-0.61000675    	-0.59570205    	-0.60305333    	-0.596009      	-0.60453117    	-0.6167056     	-0.6158897     	-0.59235126    	-0.59932613    	-0.5958031     	-0.5969724     	-0.60958874    	-0.58946836    	-0.5939019     	-0.6041412     	-0.59775716    	-0.6092697     	-0.59710175    	-0.58315676    	-0.593845      	-0.5978651     	-0.59029275    	-0.602481      	-0.60141647    	-0.5935781     	-0.59631073    	
-0.6056056     	-0.61134124    	-0.6083034     	-0.60962975    	-0.60264325    	-0.6002953     	-0.5911999     	-0.6129229     	-0.59486055    	-0.5976858     	-0.61215055    	-0.61038065    	-0.58407044    	-0.60235107    	-0.60846174    	-0.5988309     	-0.60345984    	-0.6049206     	-0.60653174    	-0.59979296    	-0.59943503    	-0.603176      	-0.6058196     	-0.596555      	-0.60373497    	-0.5933926     	-0.61050653    	-0.59665287    	-0.6095422     	-0.60671544    	-0.59988725    	-0.5842058     	-0.60786206    	-0.5982472     	-0.60281295    	-0.5998014     	-0.5803583     	-0.58522886    	-0.61928284    	-0.6149099     	-0.5952512     	-0.59674716    	-0.6052933     	-0.5989432     	-0.60332525    	-0.58357364    	-0.60114515    	-0.5972134     	-0.5916531     	-0.5950968     	-0.5998933     	-0.61996084    	-0.5956264     	-0.6007433     	-0.5827923     	-0.6089584     	-0.59932876    	-0.6009617     	-0.5907651     	-0.60339046    	-0.5925426     	-0.6024833     	-0.5991411     	-0.590706      	-0.6069279     	-0.6141019     	-0.5906868     	-0.59635615    	-0.6107678     	-0.60124946    	-0.60382235    	-0.61157334    	-0.6006497     	-0.6043758     	-0.6094642     	-0.5910014     	-0.5998596     	-0.6080116     	-0.5907194     	-0.5990101     	-0.6050516     	-0.6096423     	-0.5856849     	-0.6052392     	-0.617544      	-0.59589297    	-0.6062299     	-0.6010424     	-0.59559023    	-0.59134775    	-0.598664      	-0.59454596    	-0.5869303     	-0.5983912     	-0.6009098     	-0.5986153     	-0.5939537     	-0.5987371     	-0.60831696    	-0.5914067     	
-0.6012555     	-0.6002633     	-0.6038633     	-0.60429776    	-0.6044918     	-0.6065141     	-0.60979116    	-0.6104877     	-0.5942902     	-0.6101477     	-0.5909417     	-0.5910676     	-0.59566987    	-0.6048704     	-0.58913374    	-0.61488414    	-0.59903103    	-0.601344      	-0.59909713    	-0.6030377     	-0.6079098     	-0.60725456    	-0.59743273    	-0.5899144     	-0.5931928     	-0.5888729     	-0.5915665     	-0.60556686    	-0.59560895    	-0.6042018     	-0.6062279     	-0.6028074     	-0.60852903    	-0.6111575     	-0.6093484     	-0.59138596    	-0.6054125     	-0.6037106     	-0.6054386     	-0.59784865    	-0.6082599     	-0.59806025    	-0.60872835    	-0.6051409     	-0.60225743    	-0.59046215    	-0.6086701     	-0.5942        	-0.5979        	-0.5993008     	-0.6083424     	-0.6087234     	-0.5930514     	-0.6019769     	-0.6005916     	-0.6072385     	-0.5992616     	-0.59308803    	-0.59628844    	-0.6027909     	-0.592238      	-0.6114682     	-0.5973161     	-0.5981402     	-0.5978521     	-0.59920853    	-0.59418726    	-0.59281605    	-0.5992947     	-0.60669816    	-0.5915765     	-0.5962496     	-0.60602474    	-0.61171526    	-0.59848374    	-0.606425      	-0.60227156    	-0.5937562     	-0.6055496     	-0.6126572     	-0.6145049     	-0.6075319     	-0.6148147     	-0.6065706     	-0.5904862     	-0.5962919     	-0.5966212     	-0.5929258     	-0.61270976    	-0.59484804    	-0.6071174     	-0.60474414    	-0.60671157    	-0.5929751     	-0.60493135    	-0.58817196    	-0.6069027     	-0.6044243     	-0.60278463    	-0.5994304     	
-0.6113008     	-0.5918021     	-0.6015388     	-0.6126093     	-0.58979994    	-0.5960389     	-0.60525095    	-0.6122788     	-0.6170378     	-0.59486425    	-0.60569835    	-0.60317606    	-0.59700775    	-0.59163356    	-0.6036192     	-0.5871812     	-0.59150785    	-0.5792324     	-0.60277057    	-0.59264565    	-0.59920937    	-0.6052852     	-0.5975581     	-0.61383224    	-0.5777058     	-0.60066956    	-0.59190494    	-0.6065639     	-0.61136854    	-0.60151523    	-0.59223706    	-0.5934699     	-0.59926254    	-0.6042043     	-0.60223484    	-0.6047494     	-0.5882822     	-0.61728007    	-0.5968524     	-0.5922224     	-0.5871576     	-0.6017263     	-0.5977259     	-0.6028185     	-0.6045445     	-0.59012765    	-0.5887882     	-0.60827833    	-0.59416795    	-0.6048832     	-0.6118033     	-0.6035323     	-0.5867823     	-0.60248804    	-0.58930576    	-0.60071504    	-0.5994695     	-0.62465394    	-0.59203506    	-0.59934324    	-0.60322106    	-0.5916102     	-0.60873836    	-0.59049743    	-0.5954199     	-0.5854831     	-0.5939853     	-0.59733975    	-0.591194      	-0.60036683    	-0.591434      	-0.60417676    	-0.6068139     	-0.60406727    	-0.5938115     	-0.5970497     	-0.5898248     	-0.596032      	-0.6010786     	-0.60561484    	-0.60322094    	-0.5935972     	-0.6191966     	-0.5842744     	-0.59142095    	-0.60752755    	-0.5923031     	-0.59775853    	-0.58742076    	-0.5972841     	-0.5945504     	-0.60984594    	-0.60656464    	-0.6065007     	-0.61497056    	-0.6168964     	-0.59119046    	-0.6022759     	-0.6124557     	-0.612028      	
-0.6053184     	-0.59020454    	-0.5986265     	-0.5950083     	-0.5988518     	-0.5998558     	-0.60735774    	-0.6111266     	-0.59842724    	-0.60346824    	-0.6072037     	-0.5885921     	-0.6058279     	-0.5955281     	-0.60872954    	-0.59790885    	-0.6046841     	-0.6059449     	-0.6063583     	-0.58947825    	-0.61046016    	-0.60784423    	-0.6066774     	-0.6089023     	-0.601414      	-0.60167617    	-0.61991084    	-0.610085      	-0.60181946    	-0.597211      	-0.58830553    	-0.6013707     	-0.5909907     	-0.5992011     	-0.60255724    	-0.6050393     	-0.5996431     	-0.60859126    	-0.59825546    	-0.58339745    	-0.59986836    	-0.60213554    	-0.5988052     	-0.6094324     	-0.60556513    	-0.60067844    	-0.59769136    	-0.59694165    	-0.61417127    	-0.596704      	-0.59058803    	-0.61177737    	-0.59319043    	-0.5991987     	-0.61134595    	-0.59927773    	-0.6072788     	-0.60328513    	-0.5898564     	-0.5926883     	-0.5977713     	-0.62846875    	-0.59548336    	-0.60100645    	-0.60329795    	-0.60345286    	-0.5875657     	-0.5860416     	-0.60826296    	-0.62382746    	-0.6053382     	-0.6165897     	-0.6002246     	-0.60035884    	-0.6073932     	-0.5964283     	-0.6026096     	-0.59087455    	-0.5935771     	-0.602699      	-0.59258544    	-0.60561544    	-0.6029528     	-0.6032871     	-0.6105527     	-0.6198703     	-0.5995656     	-0.5934377     	-0.5952513     	-0.5935395     	-0.5932112     	-0.5993242     	-0.61287403    	-0.59993863    	-0.59191465    	-0.5912568     	-0.58577657    	-0.59577453    	-0.6219243     	-0.6042079     	
-0.6055922     	-0.5999055     	-0.60360014    	-0.5912983     	-0.59430015    	-0.59397256    	-0.59535956    	-0.59783435    	-0.59503895    	-0.5949985     	-0.59559095    	-0.59781337    	-0.5813134     	-0.6139381     	-0.6156415     	-0.59766936    	-0.6094549     	-0.5889123     	-0.60487294    	-0.5995288     	-0.59716487    	-0.5930741     	-0.5849438     	-0.6059768     	-0.6051513     	-0.5940144     	-0.5920816     	-0.604404      	-0.5959246     	-0.5969088     	-0.6103209     	-0.6041508     	-0.6071172     	-0.59919226    	-0.59045684    	-0.5941821     	-0.5962145     	-0.5963531     	-0.60153365    	-0.593145      	-0.59140337    	-0.6033671     	-0.60271233    	-0.5846945     	-0.6031884     	-0.6118176     	-0.6115125     	-0.60936034    	-0.60861564    	-0.60406774    	-0.59919053    	-0.59340537    	-0.6128888     	-0.5916999     	-0.58171487    	-0.59584504    	-0.5810493     	-0.5863428     	-0.6116077     	-0.59261745    	-0.6003006     	-0.6058266     	-0.6061937     	-0.6009661     	-0.60286915    	-0.5923209     	-0.599682      	-0.6101417     	-0.6052592     	-0.59691495    	-0.6188834     	-0.59125435    	-0.5960428     	-0.5930563     	-0.60620326    	-0.5947228     	-0.58488363    	-0.59028894    	-0.59804064    	-0.6059512     	-0.58620834    	-0.6042764     	-0.6112348     	-0.60457873    	-0.60584474    	-0.6064567     	-0.60747176    	-0.59807956    	-0.5951675     	-0.6010014     	-0.60598516    	-0.6052648     	-0.60505205    	-0.6162197     	-0.59944177    	-0.59617084    	-0.5941181     	-0.6012673     	-0.5993842     	-0.5967196     	
-0.59458345    	-0.60533726    	-0.5985845     	-0.5901098     	-0.59201646    	-0.60554093    	-0.5949338     	-0.5938921     	-0.6096366     	-0.6094673     	-0.60498905    	-0.61336523    	-0.61982214    	-0.5943996     	-0.59417367    	-0.61201787    	-0.6081477     	-0.58920336    	-0.6139503     	-0.6152526     	-0.6059207     	-0.6119684     	-0.5910908     	-0.5951007     	-0.59588206    	-0.6010183     	-0.6171999     	-0.60687643    	-0.5988983     	-0.6117521     	-0.58734393    	-0.58489245    	-0.5998101     	-0.6007436     	-0.6016885     	-0.60802823    	-0.59139574    	-0.599965      	-0.60415566    	-0.5980108     	-0.6085262     	-0.6223095     	-0.60174024    	-0.61341864    	-0.592553      	-0.5912643     	-0.6051448     	-0.6057845     	-0.60666084    	-0.6041169     	-0.595883      	-0.5895794     	-0.59842813    	-0.6025847     	-0.5858612     	-0.60743195    	-0.609329      	-0.59627223    	-0.5980367     	-0.6133654     	-0.6042491     	-0.5891998     	-0.61506486    	-0.60796726    	-0.59149194    	-0.61110437    	-0.60192215    	-0.5933869     	-0.6108694     	-0.5811122     	-0.6121686     	-0.5915437     	-0.6050631     	-0.608264      	-0.58783025    	-0.59584606    	-0.5994499     	-0.6118758     	-0.6094607     	-0.6047438     	-0.5893214     	-0.6106495     	-0.60799056    	-0.61062264    	-0.6098547     	-0.60843277    	-0.60313       	-0.59427714    	-0.61456573    	-0.6033336     	-0.59018886    	-0.59655416    	-0.5997243     	-0.6044637     	-0.6037463     	-0.59419227    	-0.60224986    	-0.6040906     	-0.6019991     	-0.60064155    	
-0.5816726     	-0.5911278     	-0.60538113    	-0.5993632     	-0.59400415    	-0.60158557    	-0.597653      	-0.60246396    	-0.599603      	-0.5928933     	-0.5944173     	-0.598349      	-0.5893215     	-0.5997282     	-0.61539996    	-0.6028712     	-0.59296346    	-0.5907727     	-0.60304254    	-0.61046547    	-0.60999644    	-0.5933429     	-0.5974088     	-0.6040331     	-0.6078083     	-0.5950451     	-0.57922053    	-0.5825689     	-0.60044444    	-0.58797324    	-0.60304624    	-0.6028764     	-0.6037631     	-0.60411376    	-0.583586      	-0.59377414    	-0.5979273     	-0.59086525    	-0.60292333    	-0.5987227     	-0.6035794     	-0.61170805    	-0.6125872     	-0.6089717     	-0.5817117     	-0.60724676    	-0.602514      	-0.5982746     	-0.6079699     	-0.59472287    	-0.61223686    	-0.5967817     	-0.6020849     	-0.5908302     	-0.5886606     	-0.59642017    	-0.60650384    	-0.5982506     	-0.59558904    	-0.6104038     	-0.6293347     	-0.6227259     	-0.6065366     	-0.59557295    	-0.60706246    	-0.59224707    	-0.60399723    	-0.605278      	-0.6249716     	-0.59527636    	-0.58402705    	-0.5914239     	-0.6014954     	-0.614927      	-0.60714567    	-0.6109293     	-0.59894216    	-0.60551757    	-0.5993506     	-0.602584      	-0.6094533     	-0.6122983     	-0.60661       	-0.6101222     	-0.5946514     	-0.598117      	-0.5966832     	-0.59295464    	-0.6037004     	-0.606662      	-0.5965625     	-0.5831535     	-0.6000452     	-0.6053846     	-0.58431643    	-0.5963681     	-0.6008426     	-0.6007491     	-0.57389253    	-0.59778297    	
-0.5840595     	-0.59704113    	-0.60493034    	-0.6149075     	-0.6095607     	-0.59645814    	-0.6006345     	-0.59820896    	-0.59077936    	-0.6028769     	-0.59072065    	-0.5967051     	-0.58207536    	-0.58917546    	-0.60286796    	-0.5983533     	-0.5905012     	-0.58413666    	-0.6001171     	-0.5983626     	-0.6009507     	-0.60528946    	-0.5951471     	-0.610351      	-0.6029302     	-0.60261583    	-0.58740705    	-0.60263455    	-0.60787964    	-0.595422      	-0.5925665     	-0.587754      	-0.6005303     	-0.61294127    	-0.58868515    	-0.59519506    	-0.6128108     	-0.6078883     	-0.58592755    	-0.6052816     	-0.5878154     	-0.60088134    	-0.5782063     	-0.59890264    	-0.5808122     	-0.59829617    	-0.5962339     	-0.62209404    	-0.6098043     	-0.5944269     	-0.61888987    	-0.6030599     	-0.5874648     	-0.60519       	-0.6094065     	-0.5916854     	-0.5951266     	-0.61233217    	-0.6162735     	-0.6105626     	-0.5971199     	-0.5770114     	-0.58520144    	-0.5988008     	-0.59771395    	-0.6040586     	-0.60744196    	-0.5968059     	-0.60147953    	-0.60819554    	-0.5897987     	-0.6081384     	-0.599702      	-0.58465374    	-0.5990298     	-0.60331804    	-0.60472345    	-0.59141994    	-0.6094347     	-0.60038006    	-0.6023959     	-0.58812815    	-0.5876675     	-0.59189236    	-0.5961221     	-0.5959235     	-0.60296243    	-0.60754347    	-0.6160471     	-0.5889179     	-0.6027348     	-0.6012281     	-0.6150997     	-0.61108124    	-0.6039501     	-0.60101247    	-0.5971527     	-0.60373497    	-0.58485025    	-0.59173334    	
-0.60574114    	-0.60360754    	-0.6040118     	-0.59335303    	-0.58300567    	-0.6052346     	-0.6121297     	-0.59365726    	-0.6033503     	-0.60459       	-0.6124406     	-0.59597844    	-0.58731985    	-0.60841286    	-0.6007477     	-0.5887617     	-0.5877005     	-0.6148939     	-0.6057203     	-0.617659      	-0.6114458     	-0.59090877    	-0.5997689     	-0.59405446    	-0.59739053    	-0.6002643     	-0.61140364    	-0.60573053    	-0.606262      	-0.6047075     	-0.5911939     	-0.6206541     	-0.5900256     	-0.6013758     	-0.5934824     	-0.6105472     	-0.6068868     	-0.6074052     	-0.6019935     	-0.6005182     	-0.59874094    	-0.61073464    	-0.5985968     	-0.6023362     	-0.60457045    	-0.5918366     	-0.5972905     	-0.60942215    	-0.592096      	-0.5870109     	-0.61363536    	-0.6140816     	-0.58742666    	-0.5915747     	-0.60868466    	-0.5924773     	-0.62479866    	-0.59663075    	-0.5978172     	-0.6008189     	-0.6073429     	-0.5953654     	-0.61509037    	-0.5930873     	-0.6044792     	-0.5933284     	-0.60815626    	-0.5811218     	-0.605395      	-0.5997651     	-0.5992885     	-0.61063427    	-0.60920477    	-0.60888785    	-0.5943747     	-0.5901997     	-0.6000058     	-0.5940896     	-0.6044437     	-0.59829354    	-0.60270333    	-0.60002804    	-0.5942664     	-0.59662783    	-0.61742467    	-0.5964842     	-0.598164      	-0.601925      	-0.5918836     	-0.6169783     	-0.6215264     	-0.6071516     	-0.59913504    	-0.5946982     	-0.59781677    	-0.6128331     	-0.6007495     	-0.582938      	-0.58928114    	-0.60307586    	
-0.58459765    	-0.595318      	-0.60558534    	-0.6089411     	-0.6011802     	-0.6077838     	-0.60269344    	-0.5995201     	-0.59810627    	-0.5993772     	-0.6037731     	-0.59901315    	-0.6139491     	-0.60571504    	-0.59111553    	-0.6214993     	-0.5919284     	-0.6017402     	-0.6097007     	-0.59853214    	-0.591238      	-0.6114679     	-0.59771264    	-0.59966767    	-0.59767437    	-0.6075463     	-0.58915675    	-0.6101981     	-0.6040611     	-0.58718663    	-0.61384296    	-0.5944902     	-0.6093809     	-0.60170436    	-0.6101906     	-0.60171324    	-0.60123503    	-0.59288305    	-0.58469605    	-0.59681803    	-0.5824738     	-0.613935      	-0.5842835     	-0.58825654    	-0.6149914     	-0.58433485    	-0.58615613    	-0.5959418     	-0.5936937     	-0.5809547     	-0.59761626    	-0.59136647    	-0.6077087     	-0.6110202     	-0.60797906    	-0.5860002     	-0.59025836    	-0.59459233    	-0.5839396     	-0.5832975     	-0.59558153    	-0.60776067    	-0.6011954     	-0.60066545    	-0.59895205    	-0.60405034    	-0.6138972     	-0.5979616     	-0.58262223    	-0.5918534     	-0.6021923     	-0.612676      	-0.59496677    	-0.5838938     	-0.60843927    	-0.61514336    	-0.6049236     	-0.60233974    	-0.6124481     	-0.59323573    	-0.6125763     	-0.58905685    	-0.61908567    	-0.60539454    	-0.5871575     	-0.6145905     	-0.6014477     	-0.60343444    	-0.5905981     	-0.59238183    	-0.61591595    	-0.59117615    	-0.59696835    	-0.60112005    	-0.5937108     	-0.6233854     	-0.60056347    	-0.6067625     	-0.5994577     	-0.59926707    	
-0.6069044     	-0.5942124     	-0.5895662     	-0.60080516    	-0.5952493     	-0.5950598     	-0.61294276    	-0.5941769     	-0.60093594    	-0.61706793    	-0.6077175     	-0.6024217     	-0.6065424     	-0.60975844    	-0.5906645     	-0.593657      	-0.6031771     	-0.5923408     	-0.5969037     	-0.59763265    	-0.60351425    	-0.6007517     	-0.6062559     	-0.59663653    	-0.5998672     	-0.5914998     	-0.60463166    	-0.6018629     	-0.6039538     	-0.5912188     	-0.60394377    	-0.6102806     	-0.5993618     	-0.59488046    	-0.59956557    	-0.59319806    	-0.60911417    	-0.57494843    	-0.6092313     	-0.6066521     	-0.60502326    	-0.6093584     	-0.5878119     	-0.5761801     	-0.62219197    	-0.6055004     	-0.6170683     	-0.6064914     	-0.6036732     	-0.5905507     	-0.6282555     	-0.5937802     	-0.5924082     	-0.61619985    	-0.60613275    	-0.5822779     	-0.5883079     	-0.5977548     	-0.600957      	-0.6009991     	-0.603397      	-0.602131      	-0.6058262     	-0.5899883     	-0.59939754    	-0.5964725     	-0.6093515     	-0.593439      	-0.5970043     	-0.6072454     	-0.59597504    	-0.59892434    	-0.601876      	-0.6000335     	-0.5978487     	-0.6037955     	-0.6047399     	-0.5952292     	-0.6043958     	-0.59255075    	-0.58854693    	-0.5980072     	-0.6005842     	-0.59089947    	-0.5948477     	-0.5956044     	-0.59012824    	-0.6041137     	-0.61054456    	-0.6065769     	-0.6018657     	-0.6087563     	-0.61338747    	-0.6039593     	-0.60006136    	-0.6028735     	-0.59749854    	-0.5971015     	-0.6058212     	-0.60782206    	
-0.6033709     	-0.5847934     	-0.60196126    	-0.6098558     	-0.6030162     	-0.6034668     	-0.599396      	-0.5977567     	-0.59141886    	-0.60046995    	-0.59790397    	-0.5722213     	-0.6099067     	-0.60983324    	-0.6059471     	-0.598891      	-0.60284877    	-0.5899897     	-0.59361506    	-0.5938065     	-0.6127474     	-0.5998817     	-0.6177239     	-0.60207945    	-0.6226102     	-0.5945215     	-0.5867972     	-0.6026139     	-0.6013419     	-0.59329545    	-0.59720016    	-0.6040775     	-0.60628366    	-0.60884356    	-0.6116042     	-0.59984016    	-0.60232514    	-0.59067976    	-0.583955      	-0.5934771     	-0.59109867    	-0.60067827    	-0.6175747     	-0.58815026    	-0.6012267     	-0.6242841     	-0.6129729     	-0.5757642     	-0.6069684     	-0.5972072     	-0.5874735     	-0.6273036     	-0.60031116    	-0.60882175    	-0.6232141     	-0.58925545    	-0.6108673     	-0.60534716    	-0.59024286    	-0.60670274    	-0.60278136    	-0.5968131     	-0.6100048     	-0.60607773    	-0.5724668     	-0.5859814     	-0.59515107    	-0.6095145     	-0.5965028     	-0.6067867     	-0.60443044    	-0.61294186    	-0.60489166    	-0.5907231     	-0.60513973    	-0.5841989     	-0.5788151     	-0.62146395    	-0.6037629     	-0.6070144     	-0.60367876    	-0.6112797     	-0.596574      	-0.60690224    	-0.6010674     	-0.60851365    	-0.60026       	-0.61016506    	-0.5989217     	-0.592004      	-0.60925114    	-0.5984616     	-0.59120876    	-0.5988276     	-0.60221297    	-0.6042188     	-0.61467373    	-0.6084756     	-0.6002687     	-0.6045026     	
-0.5867234     	-0.59350103    	-0.60360134    	-0.6083926     	-0.60953265    	-0.6134827     	-0.59007967    	-0.6023252     	-0.60186446    	-0.6135155     	-0.60678875    	-0.60803956    	-0.59166354    	-0.60425997    	-0.5993431     	-0.5930072     	-0.6019514     	-0.6087079     	-0.59682447    	-0.60469645    	-0.60129845    	-0.6018472     	-0.5984952     	-0.6147371     	-0.6048304     	-0.59947455    	-0.60911137    	-0.6081917     	-0.608446      	-0.59141916    	-0.6004226     	-0.60578203    	-0.59797645    	-0.6083253     	-0.60428035    	-0.60703456    	-0.60031235    	-0.5923161     	-0.58090043    	-0.604483      	-0.6190741     	-0.5959934     	-0.59434247    	-0.60092336    	-0.64079297    	-0.58960724    	-0.5767943     	-0.6110707     	-0.58450633    	-0.6039599     	-0.5977372     	-0.60673213    	-0.5885327     	-0.6137818     	-0.60471964    	-0.5871887     	-0.62218404    	-0.5879138     	-0.60546064    	-0.5970722     	-0.5910851     	-0.5854296     	-0.60611355    	-0.60916984    	-0.57610327    	-0.6025399     	-0.59517443    	-0.61203945    	-0.60375184    	-0.6104802     	-0.59950686    	-0.61760867    	-0.6090174     	-0.57541263    	-0.61723804    	-0.6061218     	-0.59312785    	-0.59074414    	-0.6114877     	-0.5951133     	-0.5964557     	-0.61346483    	-0.60030377    	-0.6033077     	-0.59346884    	-0.58957684    	-0.60055864    	-0.60912985    	-0.60692364    	-0.6118008     	-0.59474385    	-0.6132921     	-0.5980493     	-0.60077065    	-0.60469806    	-0.59137666    	-0.599035      	-0.6077751     	-0.5946566     	-0.596564      	
-0.601206      	-0.6135268     	-0.6075672     	-0.5983239     	-0.59536165    	-0.58060163    	-0.6012925     	-0.5911791     	-0.61832976    	-0.6103754     	-0.6121587     	-0.5810674     	-0.6026939     	-0.58415586    	-0.6035881     	-0.6022581     	-0.6209512     	-0.59469384    	-0.59543014    	-0.61260074    	-0.59101427    	-0.5990886     	-0.60308427    	-0.6001223     	-0.5965388     	-0.5886677     	-0.602003      	-0.60504776    	-0.59479284    	-0.6032809     	-0.6038493     	-0.6047745     	-0.5962835     	-0.5952304     	-0.5873824     	-0.60278803    	-0.6136766     	-0.61247337    	-0.60005873    	-0.63528776    	-0.6050289     	-0.6004662     	-0.61751944    	-0.61018133    	-0.60794127    	-0.57631874    	-0.6249891     	-0.6197051     	-0.5872393     	-0.5916087     	-0.58979404    	-0.6087017     	-0.5983201     	-0.61466783    	-0.6113414     	-0.60744524    	-0.601104      	-0.5883966     	-0.59944475    	-0.59078765    	-0.60408723    	-0.5967139     	-0.61403334    	-0.5874973     	-0.60120976    	-0.6052218     	-0.6014344     	-0.58816963    	-0.6042518     	-0.5822146     	-0.5988059     	-0.6079699     	-0.588037      	-0.61047024    	-0.6032159     	-0.6119738     	-0.59209734    	-0.6178515     	-0.6148593     	-0.5978689     	-0.60369873    	-0.6042614     	-0.5935651     	-0.619861      	-0.5887633     	-0.596828      	-0.5867485     	-0.609118      	-0.6009939     	-0.5934572     	-0.60913014    	-0.5768167     	-0.60289985    	-0.6016278     	-0.59744644    	-0.5949141     	-0.60097975    	-0.59929127    	-0.59981334    	-0.6070142     	
-0.6087096     	-0.60795116    	-0.60657316    	-0.60197467    	-0.5965134     	-0.6034197     	-0.60464936    	-0.59874314    	-0.58415896    	-0.59847564    	-0.59059775    	-0.5871847     	-0.5956446     	-0.6099951     	-0.6133411     	-0.6141782     	-0.6157918     	-0.590554      	-0.59750867    	-0.60039765    	-0.5906826     	-0.60487       	-0.6148976     	-0.61002046    	-0.5964475     	-0.60337543    	-0.5973693     	-0.5990134     	-0.60684586    	-0.59055555    	-0.6138401     	-0.5870583     	-0.5929267     	-0.5861278     	-0.611604      	-0.61335766    	-0.6004656     	-0.6141919     	-0.620168      	-0.6079788     	-0.61207044    	-0.6041377     	-0.6076508     	-0.582372      	-0.62057745    	-0.5879961     	-0.58733463    	-0.5952917     	-0.6090956     	-0.6059699     	-0.5855761     	-0.60933983    	-0.59161025    	-0.60249364    	-0.6038478     	-0.59031206    	-0.6083572     	-0.607213      	-0.58821815    	-0.5922133     	-0.6061335     	-0.60074604    	-0.62621653    	-0.6039746     	-0.61666274    	-0.5918794     	-0.5940765     	-0.5980923     	-0.6215203     	-0.59063935    	-0.61901605    	-0.59171706    	-0.59545577    	-0.5964006     	-0.60644114    	-0.6017531     	-0.6138494     	-0.59762406    	-0.60029066    	-0.57754636    	-0.5994022     	-0.5994674     	-0.6258013     	-0.60401404    	-0.61012554    	-0.5900544     	-0.5985902     	-0.6035371     	-0.5806289     	-0.5899882     	-0.5985413     	-0.59938323    	-0.5942515     	-0.5976908     	-0.6077548     	-0.5953907     	-0.60196686    	-0.59390306    	-0.6051564     	-0.60028785    	
-0.61026543    	-0.6028576     	-0.60980576    	-0.60690725    	-0.5996146     	-0.5863815     	-0.6002905     	-0.61003345    	-0.6037882     	-0.5916481     	-0.5973603     	-0.5882139     	-0.60846       	-0.6146954     	-0.6033803     	-0.5857822     	-0.58005077    	-0.58881706    	-0.6106578     	-0.5935252     	-0.6016425     	-0.5940356     	-0.59774       	-0.6074038     	-0.6138591     	-0.5867386     	-0.59968483    	-0.595009      	-0.60988986    	-0.58907956    	-0.615013      	-0.6034099     	-0.59070814    	-0.60083985    	-0.592543      	-0.59630203    	-0.5937005     	-0.5998672     	-0.6044647     	-0.59105635    	-0.6072644     	-0.6126152     	-0.597993      	-0.6070923     	-0.5860938     	-0.6097219     	-0.59079885    	-0.59809834    	-0.6030952     	-0.6019948     	-0.6044191     	-0.60099447    	-0.5941915     	-0.6166208     	-0.5932812     	-0.6139019     	-0.60244256    	-0.6049515     	-0.59406304    	-0.60261303    	-0.59478617    	-0.59997046    	-0.5873634     	-0.5951607     	-0.6061223     	-0.584071      	-0.6040337     	-0.61565936    	-0.5971546     	-0.6038096     	-0.58109957    	-0.5937134     	-0.6170517     	-0.60499924    	-0.6125505     	-0.6237377     	-0.63130325    	-0.63013846    	-0.61812925    	-0.62540615    	-0.59772986    	-0.6010279     	-0.58346146    	-0.5888904     	-0.5922964     	-0.60302126    	-0.604003      	-0.6034541     	-0.6042783     	-0.59532976    	-0.60858244    	-0.61454767    	-0.5897692     	-0.60862863    	-0.5885841     	-0.59477913    	-0.5985821     	-0.5958737     	-0.60629535    	-0.59968436    	
-0.6020402     	-0.60919416    	-0.60105944    	-0.5875954     	-0.6026517     	-0.59420955    	-0.5947825     	-0.5922008     	-0.59003913    	-0.5960618     	-0.5877561     	-0.59687126    	-0.604825      	-0.596618      	-0.58425385    	-0.6029533     	-0.5948248     	-0.5789147     	-0.591399      	-0.6072309     	-0.61112964    	-0.5839144     	-0.6058108     	-0.59951884    	-0.5992463     	-0.61044043    	-0.60745907    	-0.6030174     	-0.61085385    	-0.61049205    	-0.6067307     	-0.5950014     	-0.613495      	-0.59498465    	-0.59813803    	-0.6047776     	-0.6086977     	-0.6100186     	-0.6037499     	-0.60164624    	-0.59806716    	-0.59897846    	-0.6042391     	-0.5987111     	-0.6020223     	-0.6171256     	-0.5856831     	-0.5860739     	-0.6066356     	-0.6013814     	-0.6070945     	-0.590783      	-0.5844589     	-0.59308505    	-0.61284554    	-0.60150516    	-0.5928244     	-0.6100528     	-0.6050604     	-0.59329695    	-0.5850329     	-0.61310697    	-0.5995593     	-0.5898158     	-0.5914995     	-0.607309      	-0.59757537    	-0.60106975    	-0.62468964    	-0.6006272     	-0.6136206     	-0.5945775     	-0.6121707     	-0.58344454    	-0.59494674    	-0.5949393     	-0.5964948     	-0.5940499     	-0.61750406    	-0.6134036     	-0.5983723     	-0.607743      	-0.59916914    	-0.5981397     	-0.60048866    	-0.6059989     	-0.5979213     	-0.5978049     	-0.59626245    	-0.6169054     	-0.5931741     	-0.6022539     	-0.60759926    	-0.58537346    	-0.60763574    	-0.5940475     	-0.598598      	-0.59494483    	-0.6028919     	-0.5955808     	
-0.60452247    	-0.60425466    	-0.6041461     	-0.5789393     	-0.5859616     	-0.60587907    	-0.5960498     	-0.5931998     	-0.59380126    	-0.6116545     	-0.60283935    	-0.60652816    	-0.5970956     	-0.5906046     	-0.6026097     	-0.5953079     	-0.59004056    	-0.6130608     	-0.6087799     	-0.60957384    	-0.5947179     	-0.6010294     	-0.6052691     	-0.5958966     	-0.59784865    	-0.603584      	-0.5965078     	-0.6001858     	-0.59137475    	-0.6062283     	-0.6097464     	-0.6016313     	-0.61099875    	-0.60848945    	-0.60650134    	-0.6058568     	-0.5951218     	-0.5846317     	-0.5994296     	-0.59909344    	-0.5897867     	-0.5957298     	-0.60059255    	-0.60284114    	-0.61119163    	-0.6029979     	-0.5777373     	-0.5858325     	-0.6019795     	-0.598371      	-0.5826738     	-0.61107934    	-0.59674       	-0.5974818     	-0.58902687    	-0.61177015    	-0.61564124    	-0.6007556     	-0.60914636    	-0.5996781     	-0.5761932     	-0.5970737     	-0.6090801     	-0.5998553     	-0.6105511     	-0.61034024    	-0.5987565     	-0.59626865    	-0.61888444    	-0.6066526     	-0.5982979     	-0.60969675    	-0.5890202     	-0.58806646    	-0.58184314    	-0.60012287    	-0.6019797     	-0.60238844    	-0.6029953     	-0.60932744    	-0.5855448     	-0.59863055    	-0.58976567    	-0.5905896     	-0.6078541     	-0.6084104     	-0.5908969     	-0.58768547    	-0.5999578     	-0.6114942     	-0.60483575    	-0.6034329     	-0.59709907    	-0.5954693     	-0.60421944    	-0.61164844    	-0.6038717     	-0.5933665     	-0.5936415     	-0.6036812     	
-0.6022079     	-0.56836617    	-0.5845168     	-0.5912349     	-0.58687913    	-0.593636      	-0.614767      	-0.6048033     	-0.6089769     	-0.57657754    	-0.61057365    	-0.5949301     	-0.6056507     	-0.60788476    	-0.5989886     	-0.570489      	-0.6059821     	-0.6066494     	-0.59894794    	-0.6007296     	-0.60416305    	-0.6099593     	-0.5967389     	-0.6147529     	-0.5919099     	-0.5919337     	-0.5932585     	-0.60174       	-0.6013895     	-0.61276513    	-0.5960891     	-0.5978504     	-0.6102956     	-0.613126      	-0.59981585    	-0.5925437     	-0.61270225    	-0.6083556     	-0.6057528     	-0.60114086    	-0.6064422     	-0.59798396    	-0.5850403     	-0.60028124    	-0.60223275    	-0.59816414    	-0.59620464    	-0.60628927    	-0.59516835    	-0.6019701     	-0.58739394    	-0.5892695     	-0.60517776    	-0.5971532     	-0.60048926    	-0.6256491     	-0.6261823     	-0.5991857     	-0.571095      	-0.6205297     	-0.60819864    	-0.60344666    	-0.59323263    	-0.6006967     	-0.60824364    	-0.5948404     	-0.59923524    	-0.61233157    	-0.5951365     	-0.59040844    	-0.60358304    	-0.6022055     	-0.6012395     	-0.60647774    	-0.59542894    	-0.60894924    	-0.57562214    	-0.59835815    	-0.587281      	-0.61118585    	-0.59721816    	-0.58644015    	-0.5873857     	-0.5938033     	-0.5914816     	-0.58857965    	-0.5956281     	-0.59485805    	-0.6098178     	-0.6065335     	-0.59314024    	-0.59975886    	-0.6037861     	-0.5961504     	-0.6091035     	-0.6095259     	-0.6029898     	-0.5987645     	-0.6049426     	-0.59847146    	
