# www.neaspec.com
# Scan:	 	AFM
# Project:	 	20251007_PS
# Description:	 	
# Date:	 	10/07/2025 10:43:47
# Scanner Center Position (X, Y):	[µm]	49.99	50.01	 
# Rotation:	[°]	0	 	 
# Scan Area (X, Y, Z):	[µm]	5.000	5.000	0.000
# Pixel Area (X, Y, Z):	[px]	100	50	1
# Averaging:	 	1	 	 
# Integration time:	[ms]	5	 	 
# Laser Source:	 	4.5-15 µm nano-FTIR laser
# Detector:	 	R
# Target Wavelength:	[µm]	7.502	 	 
# Demodulation Mode:	 	Fourier
# Tip Frequency:	[Hz]	241,340.500	 	 
# Tip Amplitude:	[mV]	45.700	 	 
# Tapping Amplitude:	[nm]	79.665	 	 
# Modulation Frequency:	[Hz]	0.000	 	 
# Modulation Amplitude:	[mV]	0.000	 	 
# Modulation Offset:	[mV]	0.000	 	 
# Setpoint:	[%]	79.75	 	 
# Regulator (P, I, D):	 	4.206850	8.625812	1.000000
# Tip Potential:	[mV]	0.000	 	 
# M1A Scaling:	[nm/V]	0.426	 	 
# M1A Cantilever Factor:	 	1,000	 	 
# Q-Factor:	 	487.4	 	 
# Version:	 	2.1.11536.0
9.2825575      	9.127449       	9.200035       	9.198646       	9.348071       	9.290031       	9.214013       	9.143336       	9.220842       	9.246449       	9.199119       	9.324438       	9.270401       	9.103178       	9.146977       	9.168053       	9.176807       	9.205948       	9.176726       	9.225432       	9.214779       	9.139504       	8.941361       	9.096747       	9.213781       	9.114199       	9.007077       	9.0403595      	9.171979       	9.14743        	9.037614       	9.09081        	9.052105       	9.276418       	9.010208       	9.116266       	9.183774       	9.217923       	9.068934       	9.330413       	9.194839       	9.247351       	9.154967       	9.234624       	9.226435       	9.178324       	9.0273695      	9.316006       	9.184651       	9.183111       	9.275476       	9.353939       	9.145011       	9.222648       	9.297257       	9.27109        	9.325214       	9.221164       	9.310345       	9.227947       	9.287623       	9.284065       	9.215852       	9.21852        	8.972375       	9.297157       	9.0854025      	9.287179       	9.270192       	9.27066        	9.296197       	9.1260395      	9.103361       	9.127091       	9.209999       	9.379734       	9.313816       	9.248775       	9.128651       	9.389571       	9.301498       	9.179496       	9.34026        	9.415157       	9.661534       	8.981446       	8.323931       	8.2396         	8.133434       	8.116732       	8.258663       	8.195057       	8.3284025      	7.952887       	7.412774       	6.8097754      	6.8120537      	6.767243       	6.7606864      	6.731319       	
9.14078        	9.3285055      	9.202217       	9.212809       	9.251691       	9.295672       	9.156521       	9.148203       	9.187595       	9.217613       	9.165742       	9.152375       	8.942792       	9.115387       	8.996334       	9.001925       	9.364899       	9.162339       	9.310538       	9.272623       	9.12228        	9.12112        	9.117794       	9.053418       	9.1564455      	9.098749       	9.129671       	9.233079       	8.9858055      	9.132052       	9.226607       	9.248665       	9.254673       	9.240893       	9.298653       	9.082129       	9.108277       	9.116955       	9.294621       	9.217256       	9.123386       	9.248458       	9.061396       	9.23337        	9.378438       	9.053888       	9.2142105      	9.125087       	9.141356       	9.213562       	9.111978       	9.167798       	9.210469       	9.202104       	9.146726       	9.065345       	9.231441       	9.254902       	9.340044       	9.149672       	9.230953       	9.300494       	9.281122       	9.312467       	9.265092       	9.403041       	9.124969       	9.1085005      	9.2601795      	9.327728       	9.330225       	9.251708       	9.276185       	9.312106       	9.342767       	9.164345       	9.256844       	9.309304       	9.26532        	9.2396145      	9.389033       	9.384835       	9.438049       	9.442643       	9.517557       	7.9822326      	7.6080236      	7.289936       	6.85652        	6.8338275      	6.5369425      	6.4624724      	6.4767976      	6.4634266      	6.6374726      	6.68524        	6.776852       	6.697411       	6.7334585      	6.6866117      	
9.331163       	9.093521       	9.279886       	9.173394       	9.150605       	9.255398       	9.198734       	9.269296       	9.138476       	9.251526       	9.070798       	9.220333       	9.10227        	9.281841       	9.240454       	9.024055       	9.366876       	9.208647       	9.203195       	9.357537       	9.173843       	9.148474       	9.278522       	9.190063       	9.237069       	9.439823       	9.40032        	9.2836685      	9.174277       	9.335542       	9.0801735      	9.169664       	9.131595       	9.308897       	9.184846       	9.132902       	9.125426       	9.312557       	9.281011       	9.223389       	9.17594        	9.122914       	9.326083       	9.17511        	9.139828       	9.440468       	9.33627        	9.218366       	9.313724       	9.1580515      	9.204437       	9.202717       	9.296051       	9.122302       	9.257004       	9.169026       	9.320167       	9.201454       	9.373027       	9.385002       	9.321065       	9.277449       	9.150557       	9.256032       	9.369333       	9.418907       	9.222525       	9.363061       	9.258873       	9.347573       	9.336615       	9.283782       	9.176667       	9.265748       	9.308722       	9.325221       	9.372356       	9.263778       	9.379523       	9.413884       	9.568247       	9.802362       	8.555678       	7.507289       	6.933106       	6.5776052      	6.463219       	6.5332727      	6.6189117      	6.6404557      	6.529117       	6.752326       	6.537105       	6.6251054      	6.6518006      	6.8021264      	6.798274       	6.6411176      	6.6646957      	6.704315       	
9.253425       	9.241722       	9.127953       	9.214731       	9.073415       	9.172911       	9.271874       	9.183663       	9.03546        	9.24245        	9.243372       	9.320043       	9.160082       	9.433825       	9.217751       	9.184901       	9.349363       	9.158908       	9.071744       	9.082478       	9.23278        	9.180864       	9.167          	9.05319        	9.2995615      	9.334019       	9.198435       	9.264718       	9.43168        	9.222947       	9.099364       	9.137465       	9.1274395      	9.066392       	9.259194       	9.113816       	9.097797       	9.238988       	9.3810835      	9.358216       	9.22567        	9.189434       	9.209455       	9.259748       	9.278906       	9.200904       	9.372328       	9.279402       	9.307546       	9.370186       	9.3546295      	9.305738       	9.318492       	9.267118       	9.38809        	9.166062       	9.200636       	9.426358       	9.312701       	9.282153       	9.398061       	9.275487       	9.376768       	9.25297        	9.343293       	9.282758       	9.448666       	9.235963       	9.451817       	9.465679       	9.221012       	9.1053705      	9.329505       	9.449273       	9.325611       	9.364855       	9.484359       	9.373529       	9.377097       	9.553259       	9.592215       	9.822514       	8.432567       	7.4282937      	7.123232       	6.8374166      	6.435645       	6.6604986      	6.777817       	6.828206       	6.6592393      	6.722555       	6.8489275      	6.9826546      	6.907931       	6.8855424      	6.8789544      	6.915748       	6.8203897      	6.7898607      	
9.277047       	9.304803       	9.307325       	9.364986       	9.327489       	9.282401       	9.2027445      	9.3301525      	9.307163       	9.279483       	9.291957       	9.261688       	9.222633       	9.387289       	9.315137       	9.388533       	9.190008       	9.318685       	9.249067       	9.272817       	9.325338       	9.257684       	9.2193365      	9.086255       	9.297144       	9.315458       	9.570018       	9.291348       	9.507897       	9.255371       	9.354816       	9.399514       	9.506394       	9.286856       	9.256826       	9.339305       	9.312124       	9.340221       	9.535597       	9.299115       	9.396587       	9.34768        	9.489613       	9.32676        	9.39764        	9.45142        	9.4265995      	9.536922       	9.548138       	9.754631       	9.588208       	9.87695        	9.568767       	9.303989       	8.875658       	9.104394       	9.3902         	9.329262       	9.277116       	9.514052       	9.346444       	9.377041       	9.393784       	9.425798       	9.254628       	9.319893       	9.128371       	9.27202        	9.224403       	9.292357       	9.477512       	9.281677       	9.352634       	9.460919       	9.331145       	9.479854       	9.325904       	9.368752       	9.407955       	9.531794       	9.487875       	9.763285       	8.300111       	7.749484       	7.388978       	7.098739       	6.7674875      	6.7415338      	6.6723933      	6.7635803      	6.799566       	6.8606987      	6.826215       	6.8015113      	6.750356       	6.8398385      	6.8297997      	6.8845406      	6.9136524      	6.9095716      	
9.128931       	9.337704       	9.314168       	9.330527       	9.255601       	9.361851       	9.297083       	8.995104       	9.207554       	9.231053       	9.292083       	9.184737       	9.220012       	9.178013       	9.227442       	9.299829       	9.093942       	9.205899       	9.262389       	9.36685        	9.390083       	9.290665       	9.223687       	9.090171       	9.251627       	9.2000885      	9.137743       	9.379049       	9.361249       	9.357053       	9.281044       	9.352947       	9.382571       	9.225161       	9.513404       	9.455719       	9.397795       	9.337269       	9.355681       	9.339173       	9.457615       	9.548495       	9.440969       	9.491011       	9.594768       	9.788842       	9.302652       	9.121268       	8.588329       	8.399421       	8.313734       	8.407376       	8.237629       	8.163703       	8.583154       	8.142801       	8.1154         	8.0659685      	9.1904545      	9.103169       	9.165917       	9.187107       	9.351041       	9.243118       	9.20021        	9.371555       	9.342517       	9.491235       	9.480208       	9.460568       	9.426504       	9.51388        	9.292696       	9.429968       	9.453612       	9.353582       	9.537239       	9.495161       	9.466012       	9.397243       	9.474075       	10.021306      	8.7655525      	8.019872       	7.57968        	7.17976        	6.982267       	6.65029        	6.720291       	6.7468095      	6.8248553      	6.8916025      	6.9668713      	6.846482       	6.8857336      	6.964213       	7.016629       	7.024361       	6.81969        	6.745552       	
9.32669        	9.18405        	9.348792       	9.270841       	9.181944       	9.211433       	9.164771       	9.173679       	9.271861       	9.143512       	9.285388       	9.079796       	9.30087        	9.337093       	9.417467       	9.2854         	9.18649        	9.185184       	9.386631       	9.223996       	9.169714       	9.385668       	9.336357       	9.283545       	9.325558       	9.406912       	9.378655       	9.380531       	9.391923       	9.360354       	9.420569       	9.275743       	9.290554       	9.440141       	9.407374       	9.407551       	9.399122       	9.940015       	9.448308       	9.062888       	8.974354       	8.702236       	8.500653       	8.154809       	8.131938       	8.155367       	8.099681       	8.334165       	7.9251866      	7.620287       	7.1276736      	6.7991576      	6.7841115      	6.63304        	6.6739955      	6.358466       	6.5393133      	6.734123       	7.1081786      	8.481754       	9.243987       	9.283364       	9.380916       	9.285109       	9.297337       	9.430038       	9.317832       	9.352921       	9.324669       	9.347861       	9.363326       	9.495454       	9.516918       	9.398156       	9.404994       	9.444295       	9.270007       	9.567809       	9.474781       	9.54136        	9.441199       	9.516269       	9.638189       	8.254777       	7.8127713      	7.3434668      	6.8434205      	6.7387934      	6.6214123      	6.7722716      	6.7384133      	6.732857       	6.8503146      	6.803558       	6.8194995      	6.916714       	6.862431       	6.6516223      	6.612694       	6.6225524      	
9.278021       	9.404836       	9.355239       	9.211452       	9.341123       	9.251897       	9.286712       	9.192186       	9.127513       	9.240657       	9.383521       	9.272893       	9.432085       	9.430298       	9.463573       	9.2264385      	9.338932       	9.343825       	9.249986       	9.288476       	9.448918       	9.3872175      	9.338535       	9.464314       	9.3310175      	9.242849       	9.415926       	9.409464       	9.564997       	9.50304        	10.01834       	9.248634       	8.937743       	8.644197       	8.360968       	8.184712       	8.190204       	8.287088       	8.247693       	8.30715        	8.290677       	8.070747       	7.187189       	6.7615542      	6.699408       	6.6408696      	6.7017694      	6.696422       	6.680736       	6.731758       	6.7226844      	6.802087       	6.6761813      	6.801688       	6.6971726      	6.5205617      	6.719067       	6.6351404      	7.0689077      	7.1792965      	7.925791       	9.1420355      	9.343131       	9.426997       	9.356749       	9.371264       	9.283119       	9.243777       	9.38612        	9.429806       	9.358604       	9.285365       	9.49724        	9.454809       	9.253531       	9.413412       	9.367521       	9.435971       	9.588471       	9.458306       	9.443203       	9.63842        	10.015706      	9.159433       	7.968917       	7.577974       	7.2527103      	6.881013       	6.7698126      	6.7165017      	6.7425356      	6.816722       	6.7263546      	6.8121905      	6.863519       	6.9229016      	6.7632217      	6.611823       	6.6939397      	6.776453       	
9.20506        	9.338758       	9.247027       	9.235317       	9.310236       	9.395397       	9.366321       	9.277088       	9.370988       	9.219504       	9.180676       	9.2047415      	9.386692       	9.243727       	9.1768875      	9.325235       	9.318524       	9.370275       	9.304316       	9.434436       	9.425814       	9.289431       	9.551151       	9.604679       	9.667628       	9.717483       	8.543964       	8.39122        	8.356547       	8.086843       	8.187257       	8.159737       	8.282387       	8.5742855      	7.7207084      	7.2010164      	6.7427344      	6.7131877      	6.6589637      	6.5307603      	6.5510597      	6.707644       	6.5944066      	6.8380623      	6.7876053      	6.8015947      	6.7222605      	6.720097       	6.892777       	6.7645025      	6.782904       	6.719717       	6.8758817      	6.8983426      	6.902832       	6.801746       	6.748068       	6.617615       	6.9874234      	7.184199       	7.4193006      	8.584407       	9.225319       	9.178993       	9.18862        	9.282294       	9.343562       	9.295821       	9.405673       	9.281683       	9.308002       	9.217652       	9.107749       	9.146519       	9.369372       	9.376565       	9.207258       	9.505073       	9.371387       	9.277728       	9.364067       	9.410984       	9.488603       	9.609729       	8.005676       	7.8115106      	7.194601       	7.091778       	6.8342395      	6.7215085      	6.6502447      	6.7013583      	6.87079        	6.89653        	6.8762136      	6.674522       	6.756603       	6.760186       	6.673661       	6.5162964      	
9.259999       	9.31764        	9.299707       	9.308934       	9.237688       	9.309158       	9.238705       	9.144756       	9.314717       	9.205047       	9.269065       	9.326486       	9.055379       	9.323102       	9.326059       	9.222936       	9.395268       	9.339858       	9.210125       	9.265027       	9.282547       	9.377829       	9.339554       	9.348996       	9.618148       	9.031278       	7.8805346      	7.458116       	7.145118       	6.8239284      	6.799572       	6.514638       	6.493108       	6.65813        	6.7525487      	6.7444572      	6.728356       	6.5793147      	6.6485085      	6.6186814      	6.736547       	6.62125        	6.7613063      	6.727721       	6.831376       	6.752898       	6.8446035      	6.8610344      	6.755645       	6.7274         	6.897353       	6.8527527      	6.8065743      	6.928145       	7.0205417      	6.880775       	6.7363906      	6.8151135      	6.969134       	7.0257254      	7.296567       	7.3792677      	9.238534       	9.308275       	9.245115       	9.366687       	9.292486       	9.250576       	9.310211       	9.413611       	9.235764       	9.325973       	9.321643       	9.266822       	9.383411       	9.276729       	9.359583       	9.253457       	9.226558       	9.541          	9.502201       	9.546709       	9.413561       	9.836887       	9.056992       	7.9759173      	7.709567       	7.187026       	6.9466543      	6.7041306      	6.62452        	6.804387       	6.732517       	6.7312684      	6.7664804      	6.6810837      	6.640682       	6.7363567      	6.8180385      	6.7774944      	
9.275729       	9.300814       	9.190014       	9.176491       	9.449075       	9.356278       	9.331313       	9.283101       	9.373253       	9.341454       	9.398184       	9.272677       	9.35897        	9.362216       	9.224452       	9.288257       	9.321313       	9.297455       	9.305587       	9.502557       	9.542586       	9.728981       	9.108807       	8.089124       	7.225333       	6.744686       	6.5667634      	6.6899877      	6.676814       	6.6978025      	6.7870107      	6.68478        	6.7083745      	6.81999        	6.7374         	6.8163714      	6.852669       	6.902165       	6.726902       	6.6798635      	6.664708       	6.768662       	6.8867583      	6.840506       	6.8054132      	6.923427       	6.8865047      	6.9159384      	7.0021853      	6.872884       	6.924685       	6.900924       	6.8019996      	6.8805876      	6.840643       	6.944586       	6.95282        	6.773959       	6.6972876      	6.9801493      	6.9996104      	7.2832694      	8.417701       	9.350746       	9.599781       	9.300766       	9.536483       	9.38078        	9.430582       	9.53005        	9.487043       	9.381044       	9.431301       	9.407701       	9.33945        	9.505187       	9.355702       	9.447019       	9.508373       	9.37027        	9.326232       	9.466361       	9.525043       	9.805526       	9.846207       	8.31972        	7.776514       	7.334397       	7.194078       	6.8763533      	6.7815547      	6.6843677      	6.780483       	6.7204223      	6.7084894      	6.869764       	6.8604894      	6.8223896      	6.7934217      	6.784669       	
9.255634       	9.393694       	9.313037       	9.402374       	9.363068       	9.340579       	9.3399935      	9.22435        	9.364911       	9.352016       	9.323652       	9.372145       	9.350243       	9.241901       	9.28773        	9.342251       	9.226472       	9.519944       	9.28104        	9.491277       	9.717999       	10.119974      	8.811394       	7.6380005      	7.2479897      	6.942366       	6.7049966      	6.6062903      	6.906389       	6.749923       	6.8808603      	6.9595275      	6.9179296      	6.96273        	6.9328747      	7.1576033      	7.1256094      	7.226056       	7.120524       	6.857587       	6.7336497      	6.85368        	6.809416       	6.814479       	6.7998266      	6.6656895      	6.710505       	6.6407514      	6.732351       	6.8174086      	6.684253       	6.7867875      	6.943614       	6.86877        	6.8542795      	6.7904973      	6.764251       	6.8150682      	6.7006297      	6.6587486      	7.0951877      	7.250091       	7.4454517      	8.86556        	9.259059       	9.257622       	9.242326       	9.440893       	9.464558       	9.4080305      	9.348497       	9.401406       	9.404522       	9.436826       	9.425972       	9.35175        	9.461956       	9.331006       	9.429417       	9.423692       	9.315438       	9.493394       	9.349828       	9.448817       	9.735452       	8.811372       	7.8907185      	7.882781       	7.202472       	7.09866        	6.733089       	6.692167       	6.5363355      	6.6795015      	6.7664137      	6.800041       	6.6783543      	6.736678       	6.7896695      	6.748607       	
9.331508       	9.301873       	9.345094       	9.393864       	9.298587       	9.400474       	9.303937       	9.242921       	9.154595       	9.375217       	9.2586975      	9.461058       	9.367355       	9.3145485      	9.4472275      	9.462809       	9.443346       	9.324138       	9.47149        	9.5009985      	9.721364       	9.930051       	8.690807       	7.938266       	7.4789906      	7.042037       	6.762125       	6.7124543      	6.8660874      	6.7611904      	6.899346       	6.9974227      	6.7594786      	6.7906847      	6.8337893      	6.9531145      	6.800456       	6.903036       	6.7879014      	6.88059        	6.728427       	6.879255       	6.858642       	6.753114       	6.841586       	6.778929       	6.882337       	6.8773494      	6.767239       	6.794906       	6.8067865      	6.8971725      	6.6601176      	6.8561163      	6.8111367      	6.925719       	6.560694       	6.821573       	6.7112923      	6.649379       	6.8336644      	7.070862       	7.3557515      	7.81136        	9.060356       	9.37615        	9.451653       	9.292181       	9.445333       	9.366112       	9.299473       	9.504629       	9.315166       	9.360648       	9.210398       	9.1322365      	9.303813       	9.483784       	9.504079       	9.242709       	9.608146       	9.432334       	9.32687        	9.473614       	9.60587        	9.689887       	8.443817       	7.961725       	7.450249       	7.095635       	6.717563       	6.785705       	6.662796       	6.5936756      	6.7101974      	6.8126273      	6.8402977      	6.880901       	6.80364        	6.840725       	
9.207793       	9.108289       	9.297603       	9.207634       	9.163897       	9.142227       	9.272328       	9.243468       	9.2834215      	9.250294       	9.363752       	9.387037       	9.404092       	9.376733       	9.317481       	9.385913       	9.256297       	9.31862        	9.623168       	9.590727       	9.571264       	9.68027        	9.494093       	8.328798       	7.5526156      	7.3251333      	7.0668883      	6.889052       	6.6775813      	6.7781167      	6.765083       	6.793503       	6.8859344      	6.997507       	6.673791       	6.8481193      	6.821313       	6.813519       	6.7359548      	6.7699537      	6.9320173      	6.6701155      	6.852447       	6.699584       	6.7716613      	6.7705784      	6.862691       	6.6700234      	6.8074355      	6.7385907      	6.77462        	6.8693986      	6.993553       	6.690114       	6.8027253      	6.7946177      	6.7847333      	6.872245       	6.7950525      	6.7406993      	6.693025       	6.986088       	7.0308123      	7.3641944      	8.7792425      	8.977215       	9.500278       	9.138957       	9.355552       	9.314931       	9.292756       	9.289249       	9.34234        	9.371813       	9.215574       	9.273329       	9.306066       	9.38414        	9.273046       	9.271483       	9.522588       	9.432239       	9.285511       	9.32074        	9.389365       	9.398456       	9.669553       	8.433953       	7.849054       	7.161229       	7.024513       	6.9245768      	6.6344047      	6.7122817      	6.622355       	6.753046       	6.7621655      	6.6247516      	6.8209195      	6.733623       	
9.231537       	9.167506       	9.141863       	9.349959       	9.355564       	9.321954       	9.464293       	9.354356       	9.424656       	9.387433       	9.442129       	9.327157       	9.459848       	9.319802       	9.256918       	9.338699       	9.540681       	9.686116       	9.531239       	9.665617       	9.70943        	9.563642       	9.807063       	8.248719       	8.021177       	7.4501777      	7.2297363      	6.9241776      	6.869605       	6.8729925      	6.829183       	6.9782414      	6.9445662      	6.9309673      	6.78722        	6.9185095      	6.871038       	6.723084       	6.7974677      	6.7152443      	6.6663823      	6.7881494      	6.6590285      	6.795091       	6.7626677      	6.566371       	6.6204133      	6.701808       	6.7480884      	6.8774385      	6.8082385      	6.8296795      	6.6060357      	6.713187       	6.8226438      	6.773588       	6.71422        	6.5781093      	6.8338184      	6.722967       	6.486793       	6.7374086      	7.216631       	7.0820374      	7.864949       	9.303811       	9.288037       	9.469301       	9.264443       	9.27917        	9.320501       	9.196864       	9.268101       	9.418675       	9.343748       	9.234507       	9.466626       	9.356661       	9.442179       	9.423969       	9.399919       	9.519207       	9.46033        	9.402496       	9.409809       	9.450447       	9.642568       	9.089229       	8.120319       	7.5960064      	7.3367214      	6.805982       	6.609278       	6.5354033      	6.731441       	6.724682       	6.87287        	6.9743304      	7.0470333      	6.939175       	
7.721144       	8.912227       	9.334526       	9.356049       	9.467642       	9.553409       	9.446429       	9.245059       	9.417618       	9.394412       	9.487288       	9.490275       	9.413747       	9.492419       	9.417081       	9.50522        	9.259603       	9.34078        	9.424716       	9.547181       	9.319892       	9.6381855      	9.566393       	9.581009       	8.156569       	7.643821       	7.2417064      	7.033517       	7.0311985      	6.8870273      	6.797481       	6.8401794      	6.8027835      	6.679729       	6.800364       	6.8221207      	6.7000413      	6.755907       	6.5951405      	6.7509327      	6.7033873      	6.798692       	6.786352       	6.7069516      	6.8466487      	6.5941167      	6.7056565      	6.804776       	6.7480216      	6.6383615      	6.747578       	6.771237       	6.769401       	6.7512674      	6.679094       	6.839899       	6.9339976      	6.7204537      	6.8091555      	6.756789       	6.523538       	6.8506536      	6.937595       	7.0619974      	7.346768       	8.424098       	9.265066       	9.405268       	9.257499       	9.283064       	9.331586       	9.371671       	9.324315       	9.293887       	9.466556       	9.400666       	9.476807       	9.399271       	9.221576       	9.3628435      	9.335724       	9.585488       	9.4360285      	9.336019       	9.501232       	9.28563        	9.582762       	9.749218       	8.823052       	7.6357994      	7.4093         	7.034999       	6.944194       	6.7140727      	6.841989       	6.9376636      	6.9197345      	6.8630877      	6.934351       	6.945343       	
7.419298       	8.467335       	9.370188       	9.313986       	9.4260645      	9.384889       	9.408887       	9.30445        	9.48975        	9.425614       	9.524477       	9.601923       	9.371353       	9.493943       	9.686358       	9.481616       	9.501054       	9.63425        	9.517011       	9.477424       	9.664289       	9.647837       	9.666323       	10.0056305     	8.648187       	7.8304567      	7.4380217      	7.191622       	6.9060225      	6.5537496      	6.7163363      	6.954766       	6.8148565      	6.846651       	6.863192       	6.7347007      	6.5611086      	6.659423       	6.8334026      	6.743054       	6.7716327      	6.852335       	6.695923       	6.6105595      	6.765172       	6.7528048      	6.6290984      	6.7338934      	6.721875       	6.7309165      	6.793545       	6.7337976      	6.79559        	6.654818       	6.9294906      	6.858436       	6.770561       	6.865242       	6.7585635      	6.788013       	6.818988       	6.633682       	6.8430805      	7.151539       	7.1040893      	7.315794       	9.095051       	9.232352       	9.448519       	9.4182825      	9.428132       	9.3025875      	9.312768       	9.50027        	9.438381       	9.334308       	9.538633       	9.320127       	9.468846       	9.369933       	9.393744       	9.482996       	9.521156       	9.275767       	9.493448       	9.560324       	9.544658       	9.696708       	9.265012       	8.200843       	7.555385       	7.362939       	6.9327374      	6.8211355      	6.8613753      	6.885467       	7.004388       	6.9563704      	6.8732595      	6.8422008      	
7.2924438      	7.2985353      	9.059057       	9.30416        	9.277617       	9.201735       	9.458136       	9.432226       	9.342677       	9.441016       	9.517244       	9.388138       	9.430463       	9.606712       	9.528958       	9.308103       	9.405393       	9.541218       	9.620232       	9.615532       	9.657463       	9.611827       	9.510932       	9.884196       	9.366444       	8.250811       	7.625119       	7.291112       	7.1050634      	6.699162       	6.725425       	6.7473464      	6.675429       	6.9056144      	6.7465243      	6.691329       	6.716153       	6.6169877      	6.818811       	6.6377854      	6.622976       	6.6781187      	6.7774878      	6.647549       	6.532633       	6.6922073      	6.7396336      	6.7402043      	6.7498         	6.739896       	6.7737713      	6.5657964      	6.6781316      	6.751421       	6.8079176      	6.809962       	6.7481728      	6.8872514      	6.6969767      	6.704813       	6.788721       	6.693868       	6.726512       	6.698787       	6.969204       	7.2169275      	8.274013       	9.222116       	9.299969       	9.351033       	9.287923       	9.33879        	9.375869       	9.464505       	9.293359       	9.429823       	9.466179       	9.59004        	9.382244       	9.329651       	9.288558       	9.425379       	9.449052       	9.394276       	9.5021715      	9.473776       	9.58192        	9.643686       	9.794274       	8.871185       	7.9541907      	7.4509935      	7.2139907      	7.0056796      	6.8056183      	6.8456407      	6.726726       	6.888919       	6.9315224      	6.910196       	
6.880825       	7.2956653      	7.3074613      	9.064368       	9.248789       	9.241712       	9.254495       	9.388079       	9.470725       	9.463824       	9.338227       	9.491069       	9.411352       	9.444258       	9.156356       	9.382367       	9.239959       	9.408912       	9.528615       	9.526604       	9.508043       	9.452598       	9.481135       	9.534858       	9.819792       	8.801748       	7.9518533      	7.549655       	7.2664866      	7.0890045      	6.8427916      	6.6877894      	6.646825       	6.8281994      	6.532542       	6.7775736      	6.7462573      	6.834573       	6.7806334      	6.7416363      	6.6751394      	6.798118       	6.669847       	6.6543174      	6.7836523      	6.622398       	6.7118487      	6.6906676      	6.662586       	6.89574        	6.742967       	6.6707406      	6.7020874      	6.733923       	6.7511683      	6.625888       	6.8433247      	6.759262       	6.831925       	6.975645       	6.721885       	6.6865773      	6.644446       	7.0439825      	7.1161313      	7.1597137      	7.296598       	8.791315       	9.180991       	9.3481         	9.444406       	9.387381       	9.4209385      	9.436164       	9.513591       	9.230814       	9.326189       	9.217137       	9.539992       	9.474065       	9.400526       	9.414313       	9.311762       	9.460929       	9.565556       	9.568907       	9.556462       	9.373943       	9.554573       	9.464276       	7.874518       	7.7935467      	7.9003077      	7.5066404      	7.1068273      	7.2011156      	7.476917       	7.6000915      	7.828885       	8.035765       	
6.803535       	7.078763       	7.3879914      	8.6490555      	9.342034       	9.306807       	9.368525       	9.363585       	9.4753065      	9.363365       	9.364837       	9.442899       	9.305583       	9.267397       	9.346765       	9.412462       	9.2913475      	9.455678       	9.51979        	9.391847       	9.384178       	9.460631       	9.480708       	9.593195       	9.669035       	9.805357       	8.414482       	7.829166       	7.4557886      	7.171777       	6.915458       	6.769425       	6.6035156      	6.8361487      	6.8088503      	6.780976       	6.7012115      	6.7548504      	6.623289       	6.7105846      	6.5761633      	6.703666       	6.708922       	6.7056684      	6.8471847      	6.6988015      	6.7237773      	6.7508197      	6.826772       	6.660692       	6.715617       	6.7368827      	6.8623624      	6.610364       	6.792689       	6.9564304      	6.8165627      	6.8693395      	6.623502       	6.7922435      	6.802659       	6.685847       	6.6765885      	6.693588       	6.765212       	7.074384       	7.133044       	7.9866095      	9.383165       	9.219158       	9.148194       	9.427875       	9.455319       	9.224641       	9.455937       	9.271068       	9.253615       	9.427845       	9.544961       	9.353083       	9.288612       	9.26799        	9.501755       	9.428399       	9.481271       	9.615946       	9.526135       	9.563815       	9.626048       	9.529949       	9.591076       	10.036178      	9.249248       	9.046425       	8.750947       	9.022025       	9.436705       	9.53204        	9.4618025      	9.389634       	
6.849414       	7.039111       	7.17106        	7.559456       	9.157793       	9.193862       	9.291205       	9.329031       	9.405405       	9.421118       	9.479301       	9.539208       	9.415475       	9.537825       	9.37872        	9.346343       	9.404367       	9.280275       	9.52064        	9.5915         	9.531357       	9.62186        	9.438013       	9.5251665      	9.47959        	9.911834       	9.176272       	8.15399        	7.830263       	7.217419       	6.7843313      	6.7440605      	6.766571       	6.834029       	6.8095713      	6.8317075      	6.785056       	6.760406       	6.765019       	6.669775       	6.7129865      	6.7480226      	6.711413       	6.731067       	6.791278       	6.602247       	6.7513127      	6.723207       	6.7285876      	6.8895946      	6.8314815      	6.8635063      	6.8749         	6.6624007      	6.760698       	6.805836       	6.665073       	6.6770916      	6.790785       	6.8687444      	6.9954376      	6.964424       	6.878744       	6.7986484      	6.691449       	6.992849       	7.0482836      	7.396658       	8.620897       	9.273254       	9.270964       	9.355387       	9.299346       	9.425239       	9.303863       	9.364316       	9.338118       	9.469959       	9.39226        	9.284156       	9.353641       	9.323724       	9.497641       	9.309594       	9.38624        	9.276158       	9.355187       	9.350964       	9.246646       	9.282418       	9.322627       	9.139371       	9.180344       	9.349302       	9.307886       	9.144005       	9.10848        	9.240276       	9.348692       	9.174141       	
6.6423254      	6.927736       	7.2069063      	7.3413987      	8.252388       	9.336111       	9.373051       	9.361798       	9.4129925      	9.442215       	9.486613       	9.440754       	9.401297       	9.334731       	9.41019        	9.53995        	9.528884       	9.415907       	9.501894       	9.334333       	9.39533        	9.748919       	9.539019       	9.429519       	9.629767       	9.572295       	10.041724      	8.649039       	7.9707313      	7.409838       	7.1361814      	7.091071       	6.7492595      	6.786321       	6.755797       	6.85783        	6.8480353      	6.9016356      	6.7720733      	6.7146854      	6.807854       	6.8022532      	6.8660884      	6.8968506      	6.7927885      	6.7457066      	6.7603602      	6.912299       	6.791098       	6.846522       	7.001274       	6.857996       	6.8772497      	6.7671137      	6.7142673      	6.8304057      	6.762538       	6.852729       	6.942013       	6.7780576      	6.909192       	6.8608527      	6.6394486      	6.7902107      	6.8328514      	7.0147586      	7.234011       	7.189877       	7.702404       	9.44854        	9.567642       	9.436698       	9.313902       	9.467621       	9.417981       	9.435579       	9.367627       	9.403188       	9.500449       	9.3517275      	9.342629       	9.5173645      	9.348309       	9.37833        	9.425383       	9.553604       	9.561029       	9.46402        	9.214671       	9.411772       	9.247478       	9.384497       	9.341578       	9.337302       	9.475324       	9.384561       	9.190698       	9.218567       	9.231916       	9.3489065      	
6.562443       	6.9321494      	7.223094       	7.287039       	7.688708       	8.656358       	9.194536       	9.385442       	9.382982       	9.372036       	9.358338       	9.418367       	9.271908       	9.457524       	9.439675       	9.607777       	9.526594       	9.343755       	9.464816       	9.556063       	9.39542        	9.454099       	9.363744       	9.542638       	9.5062475      	9.50511        	9.816209       	9.307778       	7.868776       	7.613833       	7.442223       	6.977246       	6.899305       	6.689923       	6.6155214      	6.733          	6.8016663      	6.8260975      	6.8969774      	6.740033       	6.7125134      	6.8099856      	6.8965282      	6.7865243      	6.727494       	6.6852074      	6.6447554      	6.81361        	6.7618504      	6.7151494      	6.7685943      	6.846396       	6.688779       	6.7325115      	6.745663       	6.620128       	6.773167       	6.850707       	6.9652667      	6.9190016      	7.206726       	7.196801       	7.2870617      	7.176312       	7.3716         	7.4851356      	7.358414       	7.8843336      	7.862622       	9.364835       	9.44292        	9.218483       	9.4481325      	9.310675       	9.338559       	9.27901        	9.374821       	9.272433       	9.476328       	9.501741       	9.316118       	9.397089       	9.443213       	9.219047       	9.294185       	9.471829       	9.409675       	9.302262       	9.269601       	9.287456       	9.3638735      	9.294356       	9.37383        	9.328011       	9.479566       	9.3489895      	9.455315       	9.347455       	9.393627       	9.414522       	
6.8207183      	6.626672       	6.733872       	7.086521       	7.2340426      	8.408141       	9.213001       	9.25761        	9.297994       	9.5036         	9.318701       	9.368109       	9.346687       	9.387564       	9.309523       	9.339769       	9.357811       	9.355308       	9.339668       	9.321568       	9.607263       	9.380747       	9.569809       	9.474347       	9.631972       	9.4749775      	9.404653       	9.899268       	8.819172       	8.031698       	7.3861017      	7.198615       	6.814149       	6.6204967      	6.6870027      	6.7049174      	6.7883263      	7.0347986      	6.6647143      	6.856615       	6.788035       	6.8478203      	6.8665876      	6.792277       	6.8147383      	6.7640257      	6.8053217      	6.7148247      	6.793021       	6.7150335      	6.937303       	6.984285       	7.002827       	7.0366063      	6.906368       	7.2293363      	7.173454       	7.3217177      	7.3050447      	7.544225       	7.7369733      	8.079961       	8.085541       	8.137281       	8.524434       	9.282791       	9.201917       	9.233215       	9.283333       	9.386509       	9.3161545      	9.288913       	9.38965        	9.376349       	9.459613       	9.433797       	9.27163        	9.376087       	9.419201       	9.360132       	9.296161       	9.342439       	9.374101       	9.359505       	9.4528885      	9.425871       	9.376464       	9.418684       	9.337391       	9.4257555      	9.271664       	9.482008       	9.403312       	9.406776       	9.320012       	9.468986       	9.356151       	9.155109       	9.245916       	9.320501       	
6.86148        	6.870041       	6.7793784      	7.116737       	7.0986648      	7.4716716      	9.031953       	9.361248       	9.451712       	9.543853       	9.558747       	9.371814       	9.444106       	9.608845       	9.491634       	9.453924       	9.960218       	9.669224       	9.2181835      	9.305984       	9.354512       	9.325187       	9.335523       	9.217046       	9.589322       	9.570457       	9.613639       	9.677869       	9.964943       	8.489824       	7.698661       	7.290283       	7.1058145      	6.717057       	6.8064337      	6.761898       	6.658491       	6.647223       	6.762118       	6.652553       	6.8613486      	6.762661       	6.7284346      	6.8415046      	6.8778095      	6.962579       	6.9782815      	6.9945507      	7.1358247      	7.2785997      	7.283435       	7.6119323      	7.567174       	7.950196       	8.152178       	8.084518       	8.276699       	8.646311       	8.930947       	9.139262       	9.060945       	9.103601       	9.074831       	9.171685       	9.243828       	9.171124       	9.268365       	9.183453       	9.213403       	9.375784       	9.250633       	9.289711       	9.287311       	9.273002       	9.271697       	9.425182       	9.187828       	9.323662       	9.370777       	9.390993       	9.422481       	9.370034       	9.338323       	9.296385       	9.280476       	9.217057       	9.323763       	9.460018       	9.268676       	9.424813       	9.259208       	9.438543       	9.396954       	9.305048       	9.4295         	9.380746       	9.439286       	9.409871       	9.1861315      	9.10826        	
6.7148223      	6.670353       	6.6675305      	6.9015627      	7.057986       	7.1930523      	7.9183035      	9.256383       	9.329365       	9.217446       	9.267842       	9.189115       	9.314304       	9.398095       	9.378073       	9.42298        	9.3229685      	9.411757       	9.60507        	9.515849       	9.531681       	9.346948       	9.514467       	9.466703       	9.47845        	9.531994       	9.500724       	9.598813       	9.787676       	9.167987       	8.029249       	7.429608       	7.1459384      	7.093147       	6.7412453      	6.786971       	6.699325       	7.140199       	7.126417       	7.224522       	7.237254       	7.2305946      	7.4026856      	7.495537       	7.4844246      	7.5608344      	7.902337       	8.134339       	8.170801       	8.544891       	9.037253       	9.174117       	8.955629       	9.059127       	9.158282       	9.191776       	9.201312       	8.983583       	9.131654       	9.272135       	9.3313465      	9.179269       	9.271613       	9.343184       	9.283007       	9.322408       	9.273788       	9.223732       	9.423981       	9.328619       	9.319167       	9.203444       	9.396299       	9.449501       	9.225794       	9.216206       	9.268744       	9.345568       	9.374547       	9.3084955      	9.290915       	9.345017       	9.366912       	9.468999       	9.310768       	9.43648        	9.216203       	9.325531       	9.365202       	9.25676        	9.400872       	9.288387       	9.25019        	9.401137       	9.121646       	9.229241       	9.246692       	9.368983       	9.55227        	9.305204       	
6.686493       	6.8737216      	6.818677       	6.8010736      	6.9892244      	7.158143       	7.335206       	8.614692       	9.349467       	9.314406       	9.352328       	9.336453       	9.3197775      	9.430427       	9.406663       	9.298626       	9.363171       	9.352763       	9.29534        	9.528948       	9.335098       	9.519764       	9.2253         	9.464253       	9.406855       	9.349231       	9.382071       	9.461776       	9.531496       	10.0095415     	8.163957       	7.8509         	7.87662        	7.679641       	7.1937156      	7.300639       	7.183313       	7.714756       	7.904368       	8.110162       	8.145539       	8.356224       	8.654461       	8.973962       	9.201065       	9.139073       	9.206824       	9.151598       	9.196003       	9.279756       	9.128625       	9.136043       	9.217893       	9.2342825      	9.234146       	9.228337       	9.240555       	9.161237       	9.22935        	9.358954       	9.190661       	9.134969       	9.342394       	9.253904       	9.2692375      	9.183241       	9.299723       	9.363615       	9.385559       	9.23421        	9.259781       	9.231484       	9.24658        	9.387398       	9.287414       	9.345744       	9.4257765      	9.265142       	9.306466       	9.274301       	9.396974       	9.26261        	9.395513       	9.314016       	9.235112       	9.458366       	9.275876       	9.455339       	9.257449       	9.315871       	9.2872095      	9.316879       	9.367451       	9.491954       	9.215554       	9.512877       	9.478197       	9.4117565      	9.300483       	9.119358       	
6.7347713      	6.8837976      	6.79307        	6.757415       	6.6950464      	7.007389       	7.114663       	7.5327344      	9.283774       	9.347636       	9.407471       	9.519655       	9.367965       	9.429999       	9.455277       	9.287504       	9.321561       	9.509256       	9.367271       	9.511348       	9.460679       	9.355113       	9.532806       	9.4353         	9.538925       	9.489304       	9.527708       	9.5624485      	9.501335       	9.771364       	9.888272       	9.9598255      	9.176541       	8.891311       	8.911908       	8.797383       	9.175511       	9.141726       	9.002255       	9.262314       	9.30797        	9.063416       	9.087596       	9.054834       	9.121117       	9.142916       	9.188269       	9.177518       	9.210535       	9.149382       	9.102764       	9.106992       	9.201129       	9.152625       	9.285896       	9.216979       	9.2873955      	9.18327        	9.238722       	9.189228       	9.238557       	9.243943       	9.318706       	9.459527       	9.416035       	9.196125       	9.247909       	9.194488       	9.14506        	9.485858       	9.164781       	9.289363       	9.262344       	9.389833       	9.286331       	9.299509       	9.4490385      	9.174946       	9.34221        	9.386264       	9.38517        	9.274526       	9.37501        	9.274182       	9.395956       	9.280979       	9.355068       	9.38619        	9.230265       	9.176171       	9.309631       	9.406869       	9.334268       	9.405688       	9.364942       	9.412736       	9.483494       	9.470608       	9.411957       	9.300076       	
6.802366       	6.9736013      	6.8602343      	6.8017826      	6.697535       	7.00219        	7.162933       	7.4350615      	7.9744062      	9.217197       	9.417479       	9.2547455      	9.462687       	9.2483015      	9.419199       	9.293005       	9.241369       	9.457223       	9.51122        	9.365198       	9.284124       	9.308751       	9.179598       	9.269815       	9.240653       	9.430358       	9.360094       	9.337229       	9.405438       	9.18941        	9.399797       	9.26428        	9.204817       	9.116261       	9.180095       	9.069004       	9.186239       	9.145796       	9.194343       	8.997142       	9.135823       	9.170867       	9.128204       	9.005117       	8.995965       	9.150814       	9.125742       	9.19444        	9.173916       	9.226681       	9.177812       	9.088077       	9.189207       	9.121322       	9.336821       	9.337196       	9.331064       	9.17479        	9.184292       	9.266587       	9.323754       	9.18103        	9.132244       	9.362318       	9.120632       	9.213938       	9.412998       	9.15395        	9.059516       	9.252181       	9.232612       	9.356595       	9.298437       	9.22121        	9.226489       	9.303741       	9.192729       	9.542961       	9.263766       	9.1768465      	9.343084       	9.188152       	9.245352       	9.304802       	9.268031       	9.1484375      	9.359512       	9.241112       	9.331241       	9.341421       	9.345356       	9.270433       	9.279237       	9.2692795      	9.398583       	9.383758       	9.240764       	9.257852       	9.462641       	9.312253       	
6.7551975      	6.8396635      	6.6840954      	6.8224096      	6.7818403      	7.010287       	7.2688384      	7.2371287      	7.4364944      	9.254293       	9.393148       	9.278617       	9.210737       	9.422261       	9.338136       	9.409351       	9.1858225      	9.251296       	9.441454       	9.328742       	9.271325       	9.340659       	9.385701       	9.327536       	9.358069       	9.309448       	9.398831       	9.393169       	9.256792       	9.350352       	9.216347       	9.407801       	9.276183       	9.373352       	9.342271       	9.360165       	9.183569       	9.196369       	9.3272         	9.248002       	9.346424       	9.267626       	9.310084       	9.377811       	9.151461       	9.257878       	9.168381       	9.316895       	9.403106       	9.188671       	9.270276       	9.317022       	9.250339       	9.280164       	9.125705       	9.223501       	9.317457       	9.279102       	9.229418       	9.123545       	9.295826       	9.306126       	9.342624       	9.235267       	9.366406       	9.22395        	9.312612       	9.341901       	9.282031       	9.3184805      	9.271801       	9.307352       	9.370717       	9.175935       	9.305412       	9.359596       	9.140749       	9.0663595      	9.253594       	9.322581       	9.140818       	9.278955       	9.339107       	9.321718       	9.308711       	9.40112        	9.357819       	9.236002       	9.216654       	9.294268       	9.214199       	9.476146       	9.423598       	9.300286       	9.467673       	9.411697       	9.516056       	9.554155       	10.031908      	9.873408       	
7.3059936      	7.0975943      	7.2316504      	7.300399       	7.113133       	7.350476       	7.4927917      	7.9319844      	8.020561       	8.843973       	9.441253       	9.504733       	9.346595       	9.297061       	9.514758       	9.334458       	9.4449005      	9.451748       	9.341044       	9.461239       	9.306728       	9.333051       	9.433608       	9.231941       	9.334507       	9.442311       	9.300337       	9.215157       	9.131019       	9.358025       	9.286246       	9.195034       	9.415886       	9.191462       	9.1826515      	9.277901       	9.417265       	9.280313       	9.400164       	9.299407       	9.380346       	9.211634       	9.344515       	9.386541       	9.327703       	9.241378       	9.370618       	9.369986       	9.347502       	9.552262       	9.545927       	9.171977       	9.105621       	9.157132       	9.282047       	9.279732       	9.410836       	9.361505       	9.538585       	9.354963       	9.404036       	9.161727       	9.505568       	9.312142       	9.274492       	9.229088       	9.451675       	9.460333       	9.385238       	9.369716       	9.311495       	9.274936       	9.310016       	9.344791       	9.335895       	9.456178       	9.388072       	9.2037115      	9.20692        	9.423515       	9.177046       	9.313895       	9.35508        	9.454878       	9.561879       	9.433842       	9.251852       	9.544992       	9.325851       	9.440925       	9.387084       	9.275947       	9.445707       	9.443565       	9.396357       	9.40429        	9.388507       	9.898736       	10.007021      	9.406138       	
7.7455573      	7.9825106      	8.200903       	8.458903       	8.655754       	8.899015       	9.1858425      	9.134816       	9.406928       	9.329588       	9.397197       	9.346728       	9.312701       	9.445814       	9.254436       	9.31067        	9.35319        	9.415757       	9.457634       	9.394049       	9.27883        	9.341772       	9.368739       	9.412471       	9.251203       	9.509469       	9.269419       	9.366715       	9.297509       	9.259819       	9.367859       	9.162794       	9.238192       	9.21407        	9.484125       	9.44983        	9.270261       	9.366357       	9.251201       	9.303592       	9.212314       	9.344763       	9.30627        	9.410977       	9.320572       	9.281951       	9.3745985      	9.43126        	9.445243       	9.265543       	9.423144       	9.4038515      	9.130422       	9.2255535      	9.403452       	9.34604        	9.497849       	9.252697       	9.321987       	9.422361       	9.446726       	9.318513       	9.363261       	9.34371        	9.337504       	9.357431       	9.180822       	9.296418       	9.250949       	9.388173       	9.426194       	9.389892       	9.447437       	9.328205       	9.459159       	9.53613        	9.373969       	9.458398       	9.480288       	9.30629        	9.462435       	9.338209       	9.5408535      	9.231055       	9.477566       	9.472084       	9.373502       	9.551618       	9.411517       	9.503619       	9.324463       	9.451727       	9.4043665      	9.461146       	9.395618       	9.482934       	9.83695        	9.641203       	8.224393       	7.420395       	
9.036062       	9.109294       	9.160589       	9.218587       	9.111417       	9.137849       	9.440631       	9.410069       	9.301244       	9.397021       	9.350863       	9.384569       	9.250935       	9.397736       	9.476936       	9.340036       	9.464303       	9.327599       	9.367061       	9.447924       	9.321699       	9.326581       	9.353163       	9.333881       	9.255114       	9.309564       	9.483384       	9.37124        	9.293481       	9.326529       	9.34379        	9.477987       	9.300034       	9.459761       	9.259593       	9.297547       	9.526722       	9.406263       	9.388352       	9.276491       	9.228435       	9.193785       	9.322703       	9.369125       	9.424743       	9.356617       	9.3312845      	9.421643       	9.408095       	9.338013       	9.348398       	9.511268       	9.366665       	9.484582       	9.515259       	9.251699       	9.540492       	9.306845       	9.556657       	9.269735       	9.381849       	9.369298       	9.278955       	9.328488       	9.336804       	9.486307       	9.260955       	9.27555        	9.279994       	9.351548       	9.262076       	9.161593       	9.353184       	9.343374       	9.457797       	9.442279       	9.24463        	9.418938       	9.37834        	9.362814       	9.447355       	9.246854       	9.349291       	9.201695       	9.277254       	9.645028       	9.432715       	9.353703       	9.395605       	9.281436       	9.476253       	9.355987       	9.3718605      	9.521892       	9.446843       	9.471699       	9.938335       	9.9239435      	8.756251       	7.896717       	
9.285004       	9.437325       	9.308817       	9.145195       	9.326681       	9.349628       	9.349616       	9.296913       	9.532829       	9.590247       	9.436219       	9.342074       	9.391318       	9.38837        	9.530647       	9.419295       	9.451889       	9.570228       	9.48663        	9.4653845      	9.399753       	9.396648       	9.409989       	9.444763       	9.280144       	9.4311         	9.460005       	9.378066       	9.347078       	9.489201       	9.550458       	9.359092       	9.376049       	9.487149       	9.4934         	9.401005       	9.420963       	9.550788       	9.585717       	9.476277       	9.439878       	9.423343       	9.324915       	9.574836       	9.51681        	9.609091       	9.510426       	9.488437       	9.483673       	9.5787325      	9.604518       	9.575904       	9.690647       	9.634196       	9.618038       	9.584166       	9.726296       	10.021997      	9.037284       	8.480695       	8.595176       	8.890946       	9.265115       	9.689271       	9.600024       	9.625617       	9.739223       	9.6683445      	9.823125       	9.177498       	8.879488       	8.097616       	9.189166       	9.515037       	9.5155115      	9.640922       	9.517398       	9.440766       	9.607994       	9.59143        	9.2156105      	9.436684       	9.629218       	9.516609       	9.42521        	9.47717        	9.506368       	9.281778       	9.4344845      	9.448489       	9.573718       	9.633515       	9.535589       	9.469348       	9.634384       	9.448377       	9.980117       	9.678515       	8.467399       	7.927949       	
9.339391       	9.30679        	9.342644       	9.348136       	9.369819       	9.522819       	9.469581       	9.344806       	9.508761       	9.468518       	9.230614       	9.392916       	9.43515        	9.479675       	9.558325       	9.383845       	9.565539       	9.46549        	9.445772       	9.295717       	9.475567       	9.389508       	9.351226       	9.321173       	9.709845       	9.348333       	9.523169       	9.549433       	9.41588        	9.446837       	9.580013       	9.518687       	9.459158       	9.358365       	9.434664       	9.620724       	9.35919        	9.416797       	9.420617       	9.418166       	9.628841       	9.321032       	9.583607       	9.393494       	9.551127       	9.494573       	9.758986       	9.455494       	9.522886       	9.576314       	9.577112       	9.533          	9.675922       	9.654339       	9.779994       	10.115349      	9.087802       	8.542647       	8.157462       	7.838852       	7.986667       	8.737834       	9.243491       	8.682231       	8.357777       	8.358578       	8.320445       	8.09339        	8.385433       	8.384875       	7.848485       	7.175811       	7.2445397      	7.450829       	7.649988       	7.963354       	9.341434       	9.356061       	9.282836       	9.488155       	9.573073       	9.461304       	9.609723       	9.479633       	9.59739        	9.5488615      	9.59517        	9.51891        	9.53           	9.446919       	9.666931       	9.508024       	9.46562        	9.552705       	9.602492       	9.73893        	9.976217       	9.908272       	9.077486       	8.251335       	
9.2070875      	9.401604       	9.2894945      	9.3451395      	9.376984       	9.344525       	9.383019       	9.28567        	9.276879       	9.547034       	9.329291       	9.385452       	9.303609       	9.346317       	9.290903       	9.534191       	9.459123       	9.405201       	9.485496       	9.35143        	9.439426       	9.394699       	9.404654       	9.485587       	9.421578       	9.256004       	9.589809       	9.533473       	9.237998       	9.261026       	9.560197       	9.378039       	9.403376       	9.457011       	9.455026       	9.47687        	9.407713       	9.418022       	9.478804       	9.467369       	9.336787       	9.5436535      	9.504949       	9.4656925      	9.405755       	9.412337       	9.752636       	9.656363       	9.763774       	9.833764       	9.628518       	9.998931       	9.430105       	8.896031       	8.717092       	8.507457       	8.2388         	8.353389       	8.425467       	8.401767       	8.500868       	8.444113       	8.552972       	7.900122       	7.580002       	7.0641255      	6.7461443      	6.693825       	6.7354107      	6.652767       	6.663611       	6.646767       	6.8105793      	6.733654       	6.9211416      	7.23499        	8.819691       	9.417694       	9.388745       	9.405185       	9.526806       	9.396574       	9.481351       	9.474604       	9.604248       	9.400063       	9.512351       	9.591304       	9.482396       	9.549976       	9.547155       	9.511865       	9.525995       	9.610619       	9.539387       	9.665049       	9.569956       	9.958093       	9.5847025      	8.670028       	
9.374435       	9.203963       	9.341253       	9.394325       	9.372464       	9.295198       	9.4125         	9.269348       	9.354072       	9.526294       	9.333324       	9.279182       	9.326455       	9.406183       	9.46134        	9.428778       	9.332437       	9.432359       	9.4966545      	9.313296       	9.443335       	9.47589        	9.291685       	9.347402       	9.447759       	9.341602       	9.524043       	9.477341       	9.463891       	9.526698       	9.436837       	9.324263       	9.468729       	9.436729       	9.42384        	9.412861       	9.649358       	9.550362       	9.60329        	9.682536       	9.470606       	9.538431       	9.687062       	10.056569      	9.690031       	9.226541       	9.081077       	9.018133       	8.510354       	8.3538475      	8.256772       	8.370381       	8.399238       	8.438204       	8.217583       	7.693913       	7.408352       	6.9595037      	6.70227        	6.803956       	6.6719832      	6.678811       	6.771487       	6.5429726      	6.629463       	6.7883663      	6.6115146      	6.8025494      	6.832175       	6.870424       	6.8526764      	6.729417       	6.886906       	6.755799       	7.07414        	7.113679       	7.3973784      	8.9729595      	9.424176       	9.459893       	9.452464       	9.563194       	9.54502        	9.328913       	9.459856       	9.487815       	9.460172       	9.432773       	9.511442       	9.606302       	9.448767       	9.5178         	9.501719       	9.581932       	9.55301        	9.624312       	9.542711       	9.8749895      	9.652751       	8.943136       	
9.495045       	9.408107       	9.418426       	9.479388       	9.457008       	9.421396       	9.360474       	9.385883       	9.315583       	9.416791       	9.386399       	9.419381       	9.477663       	9.47669        	9.357634       	9.299476       	9.379456       	9.376188       	9.470773       	9.392805       	9.38015        	9.431594       	9.39863        	9.425301       	9.373704       	9.4978075      	9.461624       	9.467616       	9.378045       	9.451311       	9.416998       	9.48811        	9.437416       	9.5063         	9.574993       	9.479632       	9.549818       	9.511789       	9.5983715      	9.700356       	9.767707       	9.800582       	8.391777       	8.4900875      	8.473761       	8.426208       	8.373594       	8.693072       	7.661464       	7.370389       	6.8440127      	6.6721263      	6.457188       	6.605321       	6.597636       	6.7114477      	6.7952075      	6.654805       	6.908349       	6.8216248      	6.7667346      	6.839956       	6.8475676      	6.7787232      	6.799015       	6.854652       	6.8000035      	6.8967237      	6.869262       	7.00886        	7.0043836      	6.7993383      	6.9408426      	6.622166       	6.889624       	7.194285       	7.28609        	7.5579524      	9.156642       	9.376628       	9.454834       	9.453069       	9.462649       	9.542293       	9.444107       	9.2003145      	9.427594       	9.417552       	9.286438       	9.537457       	9.301561       	9.571404       	9.631781       	9.490531       	9.546793       	9.546701       	9.481508       	9.67752        	9.952326       	9.689134       	
9.292141       	9.36876        	9.466211       	9.349462       	9.370607       	9.292484       	9.41218        	9.474098       	9.190201       	9.248562       	9.394082       	9.504485       	9.335882       	9.3655405      	9.381266       	9.336748       	9.347087       	9.385277       	9.409719       	9.373435       	9.303884       	9.280531       	9.429595       	9.323826       	9.413935       	9.391495       	9.41567        	9.547385       	9.439426       	9.311241       	9.5359         	9.410509       	9.231598       	9.44636        	9.303566       	9.503872       	9.406457       	9.330515       	9.606593       	9.645184       	8.300623       	7.3476624      	6.989927       	6.898711       	6.62832        	6.601083       	6.721579       	6.566039       	6.5502787      	6.652339       	6.6074843      	6.6781626      	6.6278505      	6.8631625      	6.8392634      	6.839447       	6.7707133      	6.8603806      	6.9624133      	6.915993       	6.9536376      	6.897072       	6.965846       	6.858167       	6.825061       	6.935931       	6.9514527      	7.06955        	6.855857       	6.8878975      	7.0277553      	6.83136        	6.813681       	6.9285407      	6.81296        	7.099543       	7.1436787      	7.3106427      	8.55536        	9.279993       	9.37407        	9.445619       	9.507084       	9.447735       	9.239917       	9.390591       	9.4109535      	9.601548       	9.485268       	9.468679       	9.499019       	9.521728       	9.503856       	9.687026       	9.559123       	9.495551       	9.640622       	9.536932       	9.879624       	9.786115       	
9.184955       	9.410738       	9.535799       	9.380945       	9.381845       	9.513476       	9.426464       	9.315825       	9.3532715      	9.356148       	9.567319       	9.38797        	9.564968       	9.305419       	9.542664       	9.481486       	9.241808       	9.369745       	9.42923        	9.481206       	9.32808        	9.439684       	9.377904       	9.216256       	9.3350115      	9.551056       	9.567933       	9.430028       	9.383411       	9.533972       	9.614305       	9.34605        	9.416387       	9.394238       	9.559107       	9.586013       	9.523619       	9.9582815      	9.027205       	7.824078       	6.2106566      	5.225596       	5.1359587      	6.4285274      	6.8661184      	6.870883       	6.7767024      	6.7644596      	6.806196       	6.842776       	6.860294       	6.8676224      	6.889917       	7.032966       	6.792733       	6.839617       	6.987243       	7.0550475      	6.8905363      	7.015868       	6.9926863      	6.9153514      	6.91338        	7.0330377      	6.970195       	6.897665       	6.9679375      	7.0364876      	7.0345445      	6.9938397      	6.992151       	6.987401       	6.9606295      	7.029039       	6.8868265      	6.8876953      	7.0739284      	7.1031594      	7.4451604      	9.254128       	9.490562       	9.420801       	9.506841       	9.672231       	9.591466       	9.523561       	9.495415       	9.484575       	9.490017       	9.557584       	9.651801       	9.380146       	9.370924       	9.35823        	9.633867       	9.722345       	9.712139       	9.7184725      	10.069966      	9.916898       	
9.43466        	9.353716       	9.342255       	9.526941       	9.444782       	9.323069       	9.349103       	9.540328       	9.427026       	9.487387       	9.437542       	9.384772       	9.290079       	9.348461       	9.475968       	9.510398       	9.400428       	9.495855       	9.647627       	9.487139       	9.575318       	9.527612       	9.5307665      	9.510763       	9.337871       	9.7233925      	9.47967        	9.390032       	9.4703865      	9.515088       	9.5219965      	9.473062       	9.499612       	9.458798       	9.679321       	9.624723       	9.821281       	7.3418956      	6.8544517      	6.085338       	5.709905       	5.2684135      	5.027564       	5.3523808      	5.2939935      	5.5292344      	6.3967247      	6.927116       	7.0044117      	6.8992615      	6.8777122      	6.8340983      	6.932585       	6.746772       	6.87467        	6.8846397      	6.902851       	6.902566       	6.7737026      	6.920259       	6.8698893      	6.847807       	6.738065       	7.0311427      	6.9128513      	6.9968195      	6.89279        	6.876517       	6.8684483      	6.890917       	6.892626       	6.8725896      	6.81685        	6.89598        	6.8928943      	6.783702       	6.824861       	7.1457415      	7.3012204      	7.632331       	9.535666       	9.477714       	9.494587       	9.517708       	9.571117       	9.552458       	9.526903       	9.643181       	9.475509       	9.65348        	9.497867       	9.439997       	9.470194       	9.681895       	9.439884       	9.731584       	9.691493       	9.685693       	9.693618       	9.915262       	
9.608608       	9.614284       	9.740058       	9.593989       	9.752802       	9.71709        	10.03044       	9.285237       	9.371088       	9.009539       	8.596808       	8.54321        	8.549184       	9.392205       	9.514259       	9.483544       	9.596805       	9.470446       	9.539089       	9.479204       	9.526996       	9.44666        	9.362264       	9.380508       	9.485972       	9.51367        	9.52339        	9.631892       	9.404577       	9.646154       	9.595941       	9.498172       	9.572474       	9.527186       	9.525048       	9.914276       	6.9612336      	5.5989285      	5.426007       	5.165594       	4.9967003      	4.823645       	4.818472       	4.8630486      	4.8445926      	4.7286277      	4.76702        	6.095402       	6.9284854      	6.923987       	6.9960346      	7.022962       	6.7994843      	6.9699645      	6.862332       	6.904579       	6.9518085      	7.099573       	6.827571       	6.9578376      	6.831574       	6.9424763      	6.9221983      	6.752698       	7.0269303      	6.976239       	6.842717       	6.94953        	6.8106217      	6.8614783      	6.9201307      	6.947604       	6.862764       	6.7956705      	6.7638764      	6.8668284      	6.6218343      	6.9581823      	7.094746       	7.3051834      	9.17178        	9.52737        	9.538096       	9.471903       	9.461189       	9.602497       	9.572092       	9.4594965      	9.649428       	9.663941       	9.635825       	9.600041       	9.541267       	9.557072       	9.605565       	9.575311       	9.466103       	9.467334       	9.548375       	9.521506       	
9.270659       	9.044516       	8.856634       	8.5769415      	8.267053       	8.385669       	8.489975       	8.355396       	8.490152       	8.568457       	8.121694       	7.361544       	7.1522527      	7.2230306      	7.5152564      	7.523326       	9.284569       	9.485738       	9.301463       	9.64186        	9.527515       	9.73728        	9.692693       	9.4551115      	9.643832       	9.548343       	9.412643       	9.536827       	9.77601        	9.64533        	9.671425       	9.739839       	9.675046       	9.695788       	9.76078        	9.59724        	6.62294        	5.6072564      	5.045225       	4.9630218      	4.9898353      	4.8969913      	4.9344907      	4.9213967      	4.991285       	5.4474664      	5.2711573      	5.190501       	5.5029545      	6.817478       	6.9360347      	6.806675       	6.7617397      	7.02655        	7.0172935      	7.0205464      	6.876459       	6.809091       	6.8821993      	6.911631       	6.870651       	6.836078       	6.862128       	6.9310617      	6.8719125      	6.8201637      	6.8184714      	6.982655       	7.082607       	6.8769484      	6.834942       	7.0290637      	6.878393       	6.8276486      	6.758503       	6.855973       	6.7771325      	6.789618       	7.0585523      	7.190692       	7.944306       	9.538068       	9.558574       	9.414692       	9.470186       	9.560792       	9.472762       	9.580227       	9.533809       	9.54689        	9.485397       	9.440829       	9.852167       	9.508995       	9.471204       	9.56347        	9.5264225      	9.63297        	9.639638       	9.513221       	
8.32515        	8.474536       	7.8722153      	7.442969       	6.991972       	6.8838577      	6.796268       	6.6371284      	6.7481995      	6.7410817      	6.7333145      	6.7646737      	6.5301557      	6.6652164      	6.9393287      	7.251429       	7.8005214      	9.564149       	9.5402         	9.49324        	9.59565        	9.441731       	9.484519       	9.397188       	9.598354       	9.550448       	9.513078       	9.704936       	9.606532       	9.663718       	9.618087       	9.634221       	9.748652       	9.828615       	9.201947       	7.067225       	6.3119845      	5.4289303      	5.162083       	5.419882       	5.403396       	5.112971       	5.0434475      	4.895576       	5.1942034      	5.868488       	5.532883       	5.146254       	5.5443153      	6.986999       	6.8064055      	6.781909       	6.9837837      	6.873513       	6.832173       	6.9146767      	6.9315853      	6.9320025      	6.861048       	6.871945       	6.9815283      	6.957459       	7.0536084      	6.846479       	6.889584       	6.843089       	6.9346113      	6.6504173      	6.813641       	6.7577386      	6.864062       	6.870231       	6.826178       	6.978538       	7.1049256      	6.7331467      	7.0145874      	6.800593       	7.191736       	7.2611604      	7.49971        	8.144995       	9.631767       	9.505314       	9.433086       	9.579079       	9.680194       	9.611344       	9.775447       	9.720409       	9.623452       	9.563643       	9.669498       	9.472872       	9.563017       	9.52346        	9.509238       	9.698921       	9.671287       	9.488746       	
6.5353117      	6.7976904      	6.837093       	6.7792773      	6.973227       	6.8137503      	6.7585883      	6.832785       	6.7060766      	6.883972       	6.7697315      	6.9046235      	6.852353       	6.705615       	6.858143       	7.186084       	7.3437586      	7.9845366      	9.438004       	9.339809       	9.617265       	9.458679       	9.601377       	9.521677       	9.618863       	9.579184       	9.561622       	9.653781       	9.708903       	9.573717       	9.53624        	9.74666        	9.77453        	9.869147       	9.126314       	6.752152       	6.2267323      	5.9680295      	5.3673153      	5.1718574      	5.4094157      	5.3791566      	5.428655       	5.462665       	5.8000283      	5.9641943      	6.0829525      	5.857689       	6.646908       	6.9673824      	6.8868303      	6.8214293      	6.8543353      	6.7457895      	6.7711954      	6.956167       	6.8699107      	6.940651       	6.8446803      	6.8939886      	6.789048       	6.842692       	6.746881       	6.715028       	6.9104905      	6.9913006      	6.887362       	6.8604183      	6.77281        	6.986488       	6.863701       	6.7803717      	6.798406       	6.9116316      	7.02367        	6.77726        	6.7657275      	6.7066064      	6.808338       	7.1928897      	7.1713586      	7.8541884      	9.335383       	9.335178       	9.475909       	9.605125       	9.623623       	9.477093       	9.290098       	9.482904       	9.59612        	9.499652       	9.629101       	9.620126       	9.483486       	9.556097       	9.671926       	9.598099       	9.580639       	9.44459        	
6.8545885      	6.8223405      	6.859165       	6.9039392      	6.8480496      	6.9154453      	6.929795       	7.131659       	6.9482384      	6.987421       	6.930169       	6.9134116      	6.9582214      	6.8448024      	6.7700047      	7.2406573      	7.2251883      	7.4404984      	8.5566635      	9.71249        	9.522079       	9.6436825      	9.545965       	9.545284       	9.505911       	9.580902       	9.558976       	9.466491       	9.594201       	9.436839       	9.529508       	9.732055       	9.476839       	9.517344       	9.856854       	10.138721      	8.957996       	8.041322       	7.691793       	7.435253       	6.488106       	6.283726       	6.591666       	6.4548316      	6.428015       	6.811575       	7.001502       	7.180694       	6.817619       	6.9323373      	6.964765       	6.8967953      	6.8368683      	6.960161       	6.7575         	6.832177       	6.9283557      	6.9503326      	6.892344       	6.7959123      	6.9033036      	6.86152        	6.793691       	6.856537       	6.780121       	6.8562446      	6.7779307      	6.8418994      	6.9144692      	7.008005       	6.784812       	6.837144       	7.039167       	6.9476233      	7.067602       	6.8722496      	6.9246955      	6.888407       	6.8243413      	6.980812       	7.2969847      	7.364045       	8.636065       	9.329761       	9.411331       	9.345937       	9.583319       	9.313108       	9.468411       	9.585923       	9.438798       	9.4304695      	9.583466       	9.532566       	9.495837       	9.47077        	9.670281       	9.631135       	9.563104       	9.549635       	
6.9084377      	6.938201       	7.0562778      	6.9363003      	7.013489       	6.940522       	7.0714946      	6.860053       	6.953452       	7.200873       	7.0076084      	7.03993        	6.888546       	7.0108037      	6.796646       	6.8567524      	7.173273       	7.401453       	7.7900596      	9.497732       	9.674766       	9.494025       	9.522643       	9.569286       	9.753034       	9.505827       	9.689124       	9.487384       	9.494832       	9.498258       	9.519215       	9.6383095      	9.561164       	9.539049       	9.6702585      	9.667048       	9.5048065      	9.609017       	9.730241       	9.752276       	10.046412      	8.417494       	8.159306       	7.6147976      	7.511805       	7.066808       	6.9525557      	6.82259        	6.7734146      	6.8840895      	6.720395       	6.896813       	6.726596       	6.747044       	6.79903        	6.7558546      	6.7039037      	6.9076514      	6.7628827      	6.8463683      	6.7051635      	6.751149       	6.835024       	6.8647         	6.7803974      	6.9375134      	6.9360547      	6.8383846      	6.762967       	6.9916754      	6.8497624      	6.9672823      	7.032966       	6.8982897      	6.830465       	6.8525467      	6.917637       	7.1081443      	6.825744       	6.715087       	7.1090713      	7.273222       	7.5212684      	8.999907       	9.462305       	9.533847       	9.447389       	9.488771       	9.56041        	9.631551       	9.5584545      	9.613516       	9.480687       	9.524398       	9.645097       	9.630772       	9.570285       	9.541784       	9.733716       	9.727218       	
6.908415       	6.991231       	7.0860944      	6.817822       	6.9473724      	6.938316       	7.1288133      	6.983725       	7.138711       	6.9895473      	6.951998       	6.8061757      	7.0325675      	6.8378615      	6.9427047      	6.860617       	7.1721425      	7.1629605      	7.357679       	8.8965025      	9.45129        	9.48209        	9.426593       	9.460125       	9.557802       	9.273873       	9.390253       	9.695496       	9.555165       	9.520236       	9.482392       	9.472419       	9.565421       	9.446721       	9.531219       	9.462196       	9.397622       	9.545952       	9.567732       	9.675423       	9.702344       	9.661964       	8.248486       	7.794583       	7.3780303      	7.203916       	6.934747       	6.6576996      	6.8068953      	6.789444       	6.8462415      	6.8447804      	6.855346       	6.8328047      	6.8453784      	6.9237375      	6.7130384      	6.775715       	6.7475543      	6.891625       	6.8258176      	6.827508       	6.8078084      	6.9035234      	6.857955       	6.707803       	6.8501263      	6.847137       	6.7964196      	6.9011307      	6.9738545      	6.99098        	6.8559117      	6.898877       	6.916896       	7.0416217      	6.8590393      	6.7891946      	6.8750477      	6.712098       	6.8224373      	7.1682453      	7.506717       	7.493443       	9.3145         	9.442581       	9.422389       	9.4790125      	9.430913       	9.415415       	9.524645       	9.492185       	9.486562       	9.408862       	9.411072       	9.450963       	9.480205       	9.509353       	9.54632        	9.355159       	
6.857214       	6.8880258      	6.9614387      	6.9353027      	6.9559274      	6.8368635      	6.9295053      	6.9455543      	6.938717       	6.8914585      	6.952523       	6.8472652      	6.8669214      	6.85474        	6.807453       	6.780503       	6.6785154      	7.1757174      	7.344869       	7.712689       	9.417861       	9.498104       	9.474439       	9.536542       	9.585304       	9.519282       	9.460713       	9.496941       	9.598684       	9.535898       	9.540085       	9.615178       	9.492697       	9.491882       	9.448941       	9.602088       	9.4457245      	9.493293       	9.265521       	9.560556       	9.583319       	9.82429        	9.351949       	8.026012       	7.602748       	7.1377773      	6.8591723      	6.7048564      	6.716879       	6.844093       	6.847487       	6.8199873      	6.9941483      	6.809597       	6.8800497      	6.855427       	6.91348        	6.782844       	6.7667375      	6.9057336      	6.7396727      	6.825078       	6.795253       	6.8439527      	6.829765       	6.831642       	6.7721457      	6.9383683      	6.8149486      	6.9552355      	6.789123       	6.8079386      	6.9836936      	6.7977657      	6.924024       	6.9032354      	6.939657       	6.7621913      	6.9883018      	6.9115353      	6.79404        	6.9835687      	7.331779       	7.5239778      	8.982663       	9.402443       	9.519536       	9.384215       	9.398531       	9.459084       	9.41844        	9.528498       	9.402264       	9.471587       	9.645491       	9.593357       	9.568049       	9.591575       	9.667527       	9.744338       	
6.869941       	6.9696326      	6.883778       	6.9846706      	6.8243494      	6.819956       	6.919112       	6.9468684      	6.9884996      	6.873206       	6.814932       	7.061797       	7.001029       	6.8652706      	6.8176384      	6.8707156      	6.943785       	6.9400506      	7.0673146      	7.3978953      	8.583752       	9.308054       	9.540088       	9.495127       	9.460265       	9.476325       	9.472408       	9.505282       	9.505686       	9.507789       	9.719348       	9.45587        	9.691295       	9.56821        	9.513372       	9.516987       	9.456127       	9.659035       	9.552504       	9.521353       	9.710283       	9.567911       	9.9901285      	8.851478       	7.7200503      	7.4046297      	7.127312       	6.972061       	6.8080044      	6.806151       	7.036816       	6.962925       	6.73936        	6.75269        	6.816576       	6.8763127      	6.6873827      	6.8834844      	6.835746       	6.781465       	6.93536        	6.899083       	6.8778863      	6.830657       	6.7191844      	6.779894       	6.7778244      	6.770559       	6.886197       	6.8874316      	6.806905       	6.8912034      	7.096626       	6.883358       	6.896775       	7.0581203      	6.958126       	7.024392       	6.929758       	6.7624297      	6.800136       	6.837501       	7.258013       	7.2659965      	7.6939774      	9.417737       	9.551723       	9.557028       	9.469926       	9.530717       	9.689107       	9.458093       	9.553091       	9.736681       	9.67711        	9.559732       	9.522993       	9.5488825      	9.62968        	9.702686       	
