# www.neaspec.com
# Scan:	 	AFM
# Project:	 	20251007_PS
# Description:	 	
# Date:	 	10/07/2025 10:43:47
# Scanner Center Position (X, Y):	[µm]	49.99	50.01	 
# Rotation:	[°]	0	 	 
# Scan Area (X, Y, Z):	[µm]	5.000	5.000	0.000
# Pixel Area (X, Y, Z):	[px]	100	50	1
# Averaging:	 	1	 	 
# Integration time:	[ms]	5	 	 
# Laser Source:	 	4.5-15 µm nano-FTIR laser
# Detector:	 	R
# Target Wavelength:	[µm]	7.502	 	 
# Demodulation Mode:	 	Fourier
# Tip Frequency:	[Hz]	241,340.500	 	 
# Tip Amplitude:	[mV]	45.700	 	 
# Tapping Amplitude:	[nm]	79.665	 	 
# Modulation Frequency:	[Hz]	0.000	 	 
# Modulation Amplitude:	[mV]	0.000	 	 
# Modulation Offset:	[mV]	0.000	 	 
# Setpoint:	[%]	79.75	 	 
# Regulator (P, I, D):	 	4.206850	8.625812	1.000000
# Tip Potential:	[mV]	0.000	 	 
# M1A Scaling:	[nm/V]	0.426	 	 
# M1A Cantilever Factor:	 	1,000	 	 
# Q-Factor:	 	487.4	 	 
# Version:	 	2.1.11536.0
8.173026E-07   	8.1717604E-07  	8.1695896E-07  	8.1673755E-07  	8.168995E-07   	8.173013E-07   	8.174337E-07   	8.174058E-07   	8.1764125E-07  	8.177146E-07   	8.176395E-07   	8.177276E-07   	8.174209E-07   	8.177713E-07   	8.178366E-07   	8.176645E-07   	8.177217E-07   	8.177976E-07   	8.179717E-07   	8.177183E-07   	8.180954E-07   	8.181516E-07   	8.184915E-07   	8.188111E-07   	8.1919234E-07  	8.18914E-07    	8.190043E-07   	8.1891363E-07  	8.1885E-07     	8.184892E-07   	8.1842774E-07  	8.180771E-07   	8.185276E-07   	8.1886395E-07  	8.1853926E-07  	8.182171E-07   	8.1814903E-07  	8.182356E-07   	8.182797E-07   	8.179515E-07   	8.1798794E-07  	8.180715E-07   	8.179597E-07   	8.1824084E-07  	8.185897E-07   	8.183558E-07   	8.1852596E-07  	8.1914743E-07  	8.190525E-07   	8.189711E-07   	8.1865664E-07  	8.18384E-07    	8.186812E-07   	8.188302E-07   	8.188036E-07   	8.182969E-07   	8.1803137E-07  	8.177789E-07   	8.179074E-07   	8.1787044E-07  	8.1810686E-07  	8.1796315E-07  	8.179835E-07   	8.179492E-07   	8.178699E-07   	8.1844314E-07  	8.1874845E-07  	8.1820224E-07  	8.174538E-07   	8.177593E-07   	8.175134E-07   	8.1758685E-07  	8.174509E-07   	8.1746356E-07  	8.1759026E-07  	8.1776204E-07  	8.1770537E-07  	8.17559E-07    	8.1743406E-07  	8.1757986E-07  	8.1755405E-07  	8.175217E-07   	8.179558E-07   	8.179667E-07   	8.1789295E-07  	8.180596E-07   	8.188234E-07   	8.219096E-07   	8.2176575E-07  	8.224601E-07   	8.227349E-07   	8.2253047E-07  	8.225038E-07   	8.226261E-07   	8.236638E-07   	8.27864E-07    	8.3157624E-07  	8.333083E-07   	8.349745E-07   	8.355773E-07   	
8.1857814E-07  	8.184152E-07   	8.1825004E-07  	8.18172E-07    	8.182423E-07   	8.1840847E-07  	8.1846736E-07  	8.185662E-07   	8.1874623E-07  	8.189001E-07   	8.186678E-07   	8.186818E-07   	8.1895195E-07  	8.1909576E-07  	8.1930926E-07  	8.1938526E-07  	8.195564E-07   	8.1919444E-07  	8.1891073E-07  	8.190132E-07   	8.1892557E-07  	8.191374E-07   	8.195661E-07   	8.197596E-07   	8.200334E-07   	8.198462E-07   	8.1949014E-07  	8.196581E-07   	8.197347E-07   	8.1946655E-07  	8.196483E-07   	8.1913356E-07  	8.190088E-07   	8.188452E-07   	8.188905E-07   	8.1908416E-07  	8.192085E-07   	8.19543E-07    	8.1968017E-07  	8.191638E-07   	8.189934E-07   	8.190166E-07   	8.1893427E-07  	8.1888163E-07  	8.1884104E-07  	8.1900487E-07  	8.188366E-07   	8.1955403E-07  	8.1961986E-07  	8.1951754E-07  	8.194865E-07   	8.1950634E-07  	8.19571E-07    	8.1932717E-07  	8.191382E-07   	8.1852113E-07  	8.1824714E-07  	8.1868285E-07  	8.1863396E-07  	8.181542E-07   	8.182206E-07   	8.1858065E-07  	8.1840113E-07  	8.1834423E-07  	8.184075E-07   	8.180734E-07   	8.1818644E-07  	8.182415E-07   	8.1843655E-07  	8.180221E-07   	8.1810316E-07  	8.1814886E-07  	8.180016E-07   	8.1831337E-07  	8.181604E-07   	8.183057E-07   	8.1835213E-07  	8.1828443E-07  	8.1832763E-07  	8.182999E-07   	8.181401E-07   	8.185047E-07   	8.1856183E-07  	8.1873105E-07  	8.187223E-07   	8.190066E-07   	8.2313056E-07  	8.2746595E-07  	8.280796E-07   	8.310593E-07   	8.3360624E-07  	8.356337E-07   	8.364499E-07   	8.368065E-07   	8.3665213E-07  	8.367927E-07   	8.3690855E-07  	8.368656E-07   	8.368177E-07   	8.3696995E-07  	
8.186105E-07   	8.1852056E-07  	8.184186E-07   	8.1848617E-07  	8.188105E-07   	8.188504E-07   	8.1881126E-07  	8.188157E-07   	8.1895297E-07  	8.1894495E-07  	8.1877295E-07  	8.1868683E-07  	8.18746E-07    	8.190781E-07   	8.191101E-07   	8.1903556E-07  	8.1905796E-07  	8.1897E-07     	8.187305E-07   	8.1924384E-07  	8.1901067E-07  	8.189388E-07   	8.198783E-07   	8.200972E-07   	8.201319E-07   	8.198712E-07   	8.192824E-07   	8.196055E-07   	8.1976805E-07  	8.1933587E-07  	8.198951E-07   	8.1980943E-07  	8.1993744E-07  	8.197384E-07   	8.194059E-07   	8.1949617E-07  	8.195928E-07   	8.1971433E-07  	8.1956097E-07  	8.197664E-07   	8.1909775E-07  	8.1906194E-07  	8.19248E-07    	8.192232E-07   	8.1884906E-07  	8.192662E-07   	8.1931006E-07  	8.188546E-07   	8.192981E-07   	8.197169E-07   	8.197226E-07   	8.1963043E-07  	8.19752E-07    	8.196633E-07   	8.1965845E-07  	8.194908E-07   	8.188074E-07   	8.1867285E-07  	8.187524E-07   	8.1888584E-07  	8.1862424E-07  	8.1890664E-07  	8.18596E-07    	8.186184E-07   	8.190753E-07   	8.1882456E-07  	8.187451E-07   	8.1879017E-07  	8.18565E-07    	8.1859775E-07  	8.187534E-07   	8.1884536E-07  	8.1891255E-07  	8.1885946E-07  	8.188839E-07   	8.1873105E-07  	8.189759E-07   	8.18823E-07    	8.1890494E-07  	8.189052E-07   	8.189194E-07   	8.187647E-07   	8.189839E-07   	8.2075115E-07  	8.2634307E-07  	8.322881E-07   	8.359417E-07   	8.37526E-07    	8.375642E-07   	8.373158E-07   	8.374324E-07   	8.3727457E-07  	8.373028E-07   	8.3723546E-07  	8.3716196E-07  	8.3708846E-07  	8.370937E-07   	8.3711944E-07  	8.370871E-07   	8.3728924E-07  	
8.188595E-07   	8.1882376E-07  	8.184823E-07   	8.1841654E-07  	8.186114E-07   	8.186872E-07   	8.1870616E-07  	8.1883053E-07  	8.1890914E-07  	8.191578E-07   	8.189131E-07   	8.1896565E-07  	8.190134E-07   	8.1893046E-07  	8.189201E-07   	8.1927834E-07  	8.1926555E-07  	8.1898054E-07  	8.18953E-07    	8.191201E-07   	8.193279E-07   	8.192937E-07   	8.191452E-07   	8.200968E-07   	8.202761E-07   	8.197747E-07   	8.1947553E-07  	8.192902E-07   	8.1949895E-07  	8.192048E-07   	8.196917E-07   	8.2008165E-07  	8.2011536E-07  	8.2010604E-07  	8.2011485E-07  	8.20188E-07    	8.200628E-07   	8.2002026E-07  	8.199199E-07   	8.198119E-07   	8.19279E-07    	8.1889226E-07  	8.1929596E-07  	8.1932916E-07  	8.1954636E-07  	8.1922684E-07  	8.189508E-07   	8.1896053E-07  	8.192464E-07   	8.19635E-07    	8.1912316E-07  	8.190662E-07   	8.192808E-07   	8.192857E-07   	8.190605E-07   	8.1897815E-07  	8.1894865E-07  	8.191504E-07   	8.19053E-07    	8.1885696E-07  	8.1880256E-07  	8.188583E-07   	8.1867165E-07  	8.1883826E-07  	8.1891335E-07  	8.188782E-07   	8.1894456E-07  	8.18747E-07    	8.187609E-07   	8.1895075E-07  	8.190963E-07   	8.190519E-07   	8.193439E-07   	8.195234E-07   	8.192978E-07   	8.190692E-07   	8.193826E-07   	8.194419E-07   	8.195407E-07   	8.1947724E-07  	8.196031E-07   	8.193784E-07   	8.194074E-07   	8.2200086E-07  	8.279117E-07   	8.320247E-07   	8.3518376E-07  	8.3747057E-07  	8.378314E-07   	8.37458E-07    	8.373643E-07   	8.374552E-07   	8.374022E-07   	8.371573E-07   	8.3730515E-07  	8.371021E-07   	8.3714934E-07  	8.371141E-07   	8.372199E-07   	8.371324E-07   	
8.190296E-07   	8.1895826E-07  	8.190296E-07   	8.189758E-07   	8.1877715E-07  	8.1904767E-07  	8.189163E-07   	8.189541E-07   	8.190489E-07   	8.1884576E-07  	8.1908996E-07  	8.1912935E-07  	8.1916716E-07  	8.1927334E-07  	8.1924634E-07  	8.192596E-07   	8.193431E-07   	8.195768E-07   	8.1934354E-07  	8.1903454E-07  	8.1953374E-07  	8.1953976E-07  	8.1944745E-07  	8.198437E-07   	8.2027805E-07  	8.2035183E-07  	8.199448E-07   	8.1957074E-07  	8.195445E-07   	8.1965675E-07  	8.197341E-07   	8.198354E-07   	8.198025E-07   	8.2002845E-07  	8.200938E-07   	8.204384E-07   	8.201648E-07   	8.201865E-07   	8.2047933E-07  	8.197601E-07   	8.1929227E-07  	8.195243E-07   	8.1943216E-07  	8.1950725E-07  	8.1958484E-07  	8.194887E-07   	8.1922525E-07  	8.193229E-07   	8.191113E-07   	8.193029E-07   	8.193471E-07   	8.1938015E-07  	8.1945524E-07  	8.1938896E-07  	8.196741E-07   	8.1997376E-07  	8.2042123E-07  	8.1686636E-07  	8.1816796E-07  	8.186599E-07   	8.187537E-07   	8.184291E-07   	8.186503E-07   	8.187393E-07   	8.188167E-07   	8.1871605E-07  	8.191147E-07   	8.1933297E-07  	8.194916E-07   	8.1969597E-07  	8.19549E-07    	8.194847E-07   	8.195965E-07   	8.193759E-07   	8.193261E-07   	8.1923395E-07  	8.1932114E-07  	8.19549E-07    	8.1970745E-07  	8.194719E-07   	8.194073E-07   	8.194891E-07   	8.1972246E-07  	8.241434E-07   	8.2755275E-07  	8.296769E-07   	8.325956E-07   	8.3566647E-07  	8.37324E-07    	8.371956E-07   	8.372414E-07   	8.3743254E-07  	8.3733465E-07  	8.3725934E-07  	8.3726405E-07  	8.3708414E-07  	8.372172E-07   	8.371424E-07   	8.3701224E-07  	8.3700314E-07  	
8.1882155E-07  	8.187247E-07   	8.186526E-07   	8.186266E-07   	8.18577E-07    	8.18712E-07    	8.187444E-07   	8.1876146E-07  	8.19133E-07    	8.1904864E-07  	8.187484E-07   	8.1900413E-07  	8.1921786E-07  	8.194532E-07   	8.195322E-07   	8.193972E-07   	8.1948184E-07  	8.196728E-07   	8.196662E-07   	8.196327E-07   	8.192865E-07   	8.1966203E-07  	8.1959075E-07  	8.19813E-07    	8.2008563E-07  	8.204549E-07   	8.199329E-07   	8.195976E-07   	8.1923065E-07  	8.193549E-07   	8.194967E-07   	8.195914E-07   	8.1967784E-07  	8.1968506E-07  	8.1952066E-07  	8.1980954E-07  	8.195494E-07   	8.193478E-07   	8.1978726E-07  	8.1935156E-07  	8.195062E-07   	8.195884E-07   	8.1961684E-07  	8.1971643E-07  	8.193986E-07   	8.1935156E-07  	8.1960604E-07  	8.196972E-07   	8.203721E-07   	8.2181543E-07  	8.225524E-07   	8.240274E-07   	8.2448156E-07  	8.2426465E-07  	8.241817E-07   	8.2417955E-07  	8.2421667E-07  	8.228136E-07   	8.2429466E-07  	8.1816E-07     	8.176496E-07   	8.1874526E-07  	8.1886674E-07  	8.185855E-07   	8.190879E-07   	8.1917364E-07  	8.192937E-07   	8.1925435E-07  	8.194255E-07   	8.193972E-07   	8.1931915E-07  	8.195505E-07   	8.195231E-07   	8.1968875E-07  	8.198253E-07   	8.1941766E-07  	8.19963E-07    	8.1966834E-07  	8.194885E-07   	8.1966874E-07  	8.197176E-07   	8.196414E-07   	8.1963276E-07  	8.2176575E-07  	8.27175E-07    	8.280623E-07   	8.312427E-07   	8.3426903E-07  	8.366554E-07   	8.371981E-07   	8.3730896E-07  	8.372822E-07   	8.3743896E-07  	8.374649E-07   	8.373897E-07   	8.373847E-07   	8.37123E-07    	8.3736427E-07  	8.3726064E-07  	8.3733426E-07  	
8.190812E-07   	8.18946E-07    	8.189335E-07   	8.1894274E-07  	8.1881285E-07  	8.190348E-07   	8.1915124E-07  	8.1911645E-07  	8.191413E-07   	8.189704E-07   	8.192155E-07   	8.193543E-07   	8.1910406E-07  	8.197635E-07   	8.1974633E-07  	8.195021E-07   	8.19329E-07    	8.197402E-07   	8.2000423E-07  	8.1966806E-07  	8.1952936E-07  	8.1964225E-07  	8.1957126E-07  	8.197131E-07   	8.196778E-07   	8.2004823E-07  	8.2017874E-07  	8.1979E-07     	8.1959377E-07  	8.19458E-07    	8.194497E-07   	8.196671E-07   	8.197208E-07   	8.19725E-07    	8.201689E-07   	8.1943864E-07  	8.198889E-07   	8.199112E-07   	8.200003E-07   	8.197674E-07   	8.195833E-07   	8.2033455E-07  	8.2119504E-07  	8.226748E-07   	8.2438214E-07  	8.247163E-07   	8.243368E-07   	8.2436924E-07  	8.242847E-07   	8.2463737E-07  	8.261929E-07   	8.30281E-07    	8.3380655E-07  	8.3588884E-07  	8.372733E-07   	8.378246E-07   	8.38343E-07    	8.379918E-07   	8.363438E-07   	8.342025E-07   	8.27532E-07    	8.1640724E-07  	8.17492E-07    	8.18133E-07    	8.1863675E-07  	8.1887873E-07  	8.189155E-07   	8.1891943E-07  	8.1921917E-07  	8.193201E-07   	8.1920524E-07  	8.190668E-07   	8.1920393E-07  	8.193552E-07   	8.1958484E-07  	8.1961207E-07  	8.195644E-07   	8.194735E-07   	8.1943307E-07  	8.197667E-07   	8.1978123E-07  	8.1967215E-07  	8.200362E-07   	8.2002947E-07  	8.242176E-07   	8.276414E-07   	8.3009724E-07  	8.3381144E-07  	8.366726E-07   	8.379921E-07   	8.3757044E-07  	8.3731453E-07  	8.378763E-07   	8.3746596E-07  	8.372926E-07   	8.3744834E-07  	8.373969E-07   	8.3759386E-07  	8.3741946E-07  	8.3755845E-07  	
8.1912424E-07  	8.1904716E-07  	8.189138E-07   	8.188735E-07   	8.1915954E-07  	8.194115E-07   	8.1897883E-07  	8.191648E-07   	8.193222E-07   	8.192253E-07   	8.193778E-07   	8.1931927E-07  	8.193052E-07   	8.195577E-07   	8.195135E-07   	8.193459E-07   	8.1960474E-07  	8.199693E-07   	8.1985115E-07  	8.199938E-07   	8.1978E-07     	8.195788E-07   	8.197942E-07   	8.198015E-07   	8.1982404E-07  	8.201807E-07   	8.2076974E-07  	8.208251E-07   	8.2049183E-07  	8.204433E-07   	8.203345E-07   	8.2006693E-07  	8.200368E-07   	8.204678E-07   	8.2105737E-07  	8.221733E-07   	8.2370025E-07  	8.247333E-07   	8.245877E-07   	8.245097E-07   	8.244748E-07   	8.2434144E-07  	8.246651E-07   	8.2903955E-07  	8.328752E-07   	8.348156E-07   	8.3566925E-07  	8.3676264E-07  	8.378215E-07   	8.382528E-07   	8.382841E-07   	8.3828934E-07  	8.3829735E-07  	8.382212E-07   	8.380675E-07   	8.37887E-07    	8.38005E-07    	8.38403E-07    	8.3740724E-07  	8.355863E-07   	8.324887E-07   	8.2709846E-07  	8.1861674E-07  	8.1656293E-07  	8.1776267E-07  	8.179516E-07   	8.185293E-07   	8.187122E-07   	8.1864863E-07  	8.1885656E-07  	8.188461E-07   	8.190278E-07   	8.192272E-07   	8.193451E-07   	8.18989E-07    	8.1930875E-07  	8.1931887E-07  	8.192566E-07   	8.19683E-07    	8.193623E-07   	8.193526E-07   	8.1934246E-07  	8.191359E-07   	8.1919313E-07  	8.2093544E-07  	8.263279E-07   	8.284755E-07   	8.3148996E-07  	8.344076E-07   	8.373821E-07   	8.379905E-07   	8.376045E-07   	8.374304E-07   	8.374411E-07   	8.373658E-07   	8.3747307E-07  	8.374517E-07   	8.374852E-07   	8.374723E-07   	8.374084E-07   	
8.1880785E-07  	8.1876624E-07  	8.1861197E-07  	8.1870326E-07  	8.188675E-07   	8.18754E-07    	8.1867194E-07  	8.1893603E-07  	8.1885497E-07  	8.18866E-07    	8.1914357E-07  	8.1892006E-07  	8.1941937E-07  	8.194691E-07   	8.1923224E-07  	8.194874E-07   	8.1961406E-07  	8.1974326E-07  	8.194535E-07   	8.1949423E-07  	8.194522E-07   	8.19323E-07    	8.196393E-07   	8.1947957E-07  	8.197959E-07   	8.1978686E-07  	8.2022893E-07  	8.2238773E-07  	8.2377807E-07  	8.2478374E-07  	8.254483E-07   	8.244634E-07   	8.24833E-07    	8.245461E-07   	8.244074E-07   	8.254025E-07   	8.3012856E-07  	8.340729E-07   	8.357754E-07   	8.359939E-07   	8.3703577E-07  	8.37682E-07    	8.3781083E-07  	8.379828E-07   	8.3803496E-07  	8.384795E-07   	8.382984E-07   	8.3802604E-07  	8.3802536E-07  	8.378397E-07   	8.378707E-07   	8.379589E-07   	8.378262E-07   	8.3780026E-07  	8.3779486E-07  	8.3817605E-07  	8.3806356E-07  	8.3761597E-07  	8.3794043E-07  	8.363873E-07   	8.341483E-07   	8.3033603E-07  	8.2387385E-07  	8.1563695E-07  	8.170247E-07   	8.1773334E-07  	8.180216E-07   	8.182012E-07   	8.186106E-07   	8.187238E-07   	8.18762E-07    	8.190158E-07   	8.189719E-07   	8.192812E-07   	8.1922946E-07  	8.1912486E-07  	8.1934473E-07  	8.1913413E-07  	8.191576E-07   	8.1945495E-07  	8.192358E-07   	8.1935144E-07  	8.1945336E-07  	8.1956586E-07  	8.2024377E-07  	8.2553714E-07  	8.2776165E-07  	8.297274E-07   	8.3299597E-07  	8.356536E-07   	8.373883E-07   	8.377821E-07   	8.3772267E-07  	8.3749467E-07  	8.377252E-07   	8.3759306E-07  	8.378403E-07   	8.3769555E-07  	8.377867E-07   	8.37546E-07    	
8.1934417E-07  	8.1921894E-07  	8.191762E-07   	8.190401E-07   	8.1911077E-07  	8.191715E-07   	8.1931375E-07  	8.1931086E-07  	8.192626E-07   	8.192506E-07   	8.193124E-07   	8.191238E-07   	8.193156E-07   	8.1919745E-07  	8.197747E-07   	8.1961247E-07  	8.196264E-07   	8.19624E-07    	8.19633E-07    	8.193745E-07   	8.1946746E-07  	8.1936554E-07  	8.198899E-07   	8.1996E-07     	8.198116E-07   	8.2011445E-07  	8.201844E-07   	8.2423855E-07  	8.287144E-07   	8.3140947E-07  	8.338124E-07   	8.356788E-07   	8.375674E-07   	8.3849835E-07  	8.386348E-07   	8.3831173E-07  	8.386983E-07   	8.3843327E-07  	8.3835675E-07  	8.3827746E-07  	8.381504E-07   	8.383164E-07   	8.382052E-07   	8.3806043E-07  	8.3808186E-07  	8.382473E-07   	8.3809005E-07  	8.381594E-07   	8.381128E-07   	8.3782965E-07  	8.3774404E-07  	8.379412E-07   	8.377243E-07   	8.376721E-07   	8.3786136E-07  	8.376631E-07   	8.377851E-07   	8.3798625E-07  	8.378527E-07   	8.3696006E-07  	8.3505637E-07  	8.3221755E-07  	8.2760823E-07  	8.1937634E-07  	8.1633726E-07  	8.1714063E-07  	8.1748385E-07  	8.1819434E-07  	8.1846997E-07  	8.187063E-07   	8.186788E-07   	8.186911E-07   	8.191694E-07   	8.1900464E-07  	8.1893967E-07  	8.193349E-07   	8.193107E-07   	8.1938947E-07  	8.193217E-07   	8.193772E-07   	8.1942363E-07  	8.192371E-07   	8.1958285E-07  	8.196391E-07   	8.1951447E-07  	8.211827E-07   	8.2721476E-07  	8.280214E-07   	8.3148245E-07  	8.3460213E-07  	8.373893E-07   	8.380244E-07   	8.3807504E-07  	8.378655E-07   	8.377951E-07   	8.3794794E-07  	8.3772215E-07  	8.378412E-07   	8.377433E-07   	8.3759227E-07  	
8.1932444E-07  	8.1922263E-07  	8.1913544E-07  	8.190778E-07   	8.191797E-07   	8.192936E-07   	8.189928E-07   	8.1918853E-07  	8.191408E-07   	8.192608E-07   	8.1937014E-07  	8.192414E-07   	8.19473E-07    	8.1961855E-07  	8.1955E-07     	8.2008324E-07  	8.1999974E-07  	8.1997337E-07  	8.20216E-07    	8.2045835E-07  	8.205521E-07   	8.2054265E-07  	8.205967E-07   	8.212979E-07   	8.238276E-07   	8.316189E-07   	8.363417E-07   	8.389688E-07   	8.3923663E-07  	8.385535E-07   	8.386353E-07   	8.386574E-07   	8.384197E-07   	8.3850534E-07  	8.383109E-07   	8.3808135E-07  	8.3838444E-07  	8.381081E-07   	8.3797374E-07  	8.3880155E-07  	8.397798E-07   	8.4002045E-07  	8.391585E-07   	8.376291E-07   	8.3492563E-07  	8.359797E-07   	8.377215E-07   	8.3771897E-07  	8.377471E-07   	8.379036E-07   	8.3786455E-07  	8.3790303E-07  	8.3791224E-07  	8.3811074E-07  	8.382395E-07   	8.3804457E-07  	8.3809385E-07  	8.378509E-07   	8.3807055E-07  	8.3810096E-07  	8.3647717E-07  	8.343962E-07   	8.307655E-07   	8.2365807E-07  	8.158728E-07   	8.169749E-07   	8.1758316E-07  	8.1823237E-07  	8.183768E-07   	8.1833764E-07  	8.1873026E-07  	8.1870957E-07  	8.188291E-07   	8.190428E-07   	8.1918876E-07  	8.1919285E-07  	8.1907933E-07  	8.192952E-07   	8.193974E-07   	8.1919853E-07  	8.194974E-07   	8.1945575E-07  	8.194767E-07   	8.196581E-07   	8.196751E-07   	8.1957523E-07  	8.2388254E-07  	8.2746243E-07  	8.2932854E-07  	8.3243634E-07  	8.35173E-07    	8.373627E-07   	8.378077E-07   	8.3764263E-07  	8.379254E-07   	8.377215E-07   	8.377931E-07   	8.3768714E-07  	8.37661E-07    	8.376236E-07   	
8.1932467E-07  	8.1928084E-07  	8.191465E-07   	8.188675E-07   	8.1899344E-07  	8.190158E-07   	8.192219E-07   	8.194069E-07   	8.1938214E-07  	8.1957495E-07  	8.1975946E-07  	8.1972706E-07  	8.197954E-07   	8.198993E-07   	8.2011417E-07  	8.2035535E-07  	8.201991E-07   	8.20311E-07    	8.200081E-07   	8.200182E-07   	8.201907E-07   	8.2049934E-07  	8.20276E-07    	8.2153355E-07  	8.2703775E-07  	8.313939E-07   	8.345259E-07   	8.374901E-07   	8.387064E-07   	8.384498E-07   	8.386857E-07   	8.3854127E-07  	8.384099E-07   	8.3836204E-07  	8.385702E-07   	8.385147E-07   	8.383035E-07   	8.383929E-07   	8.386139E-07   	8.384056E-07   	8.3862955E-07  	8.3807623E-07  	8.3698654E-07  	8.3692123E-07  	8.374913E-07   	8.372518E-07   	8.372997E-07   	8.37541E-07    	8.37848E-07    	8.377416E-07   	8.3697194E-07  	8.374863E-07   	8.377165E-07   	8.3748154E-07  	8.37505E-07    	8.3723825E-07  	8.3744055E-07  	8.3775166E-07  	8.37717E-07    	8.3745937E-07  	8.373886E-07   	8.356063E-07   	8.3376773E-07  	8.295189E-07   	8.212862E-07   	8.1652655E-07  	8.177187E-07   	8.178277E-07   	8.1805615E-07  	8.1829484E-07  	8.188271E-07   	8.1870047E-07  	8.1883957E-07  	8.192974E-07   	8.193401E-07   	8.197086E-07   	8.19473E-07    	8.1927317E-07  	8.196392E-07   	8.194747E-07   	8.194929E-07   	8.1940476E-07  	8.194056E-07   	8.191701E-07   	8.193463E-07   	8.1961673E-07  	8.2113553E-07  	8.268545E-07   	8.2722096E-07  	8.2945303E-07  	8.326524E-07   	8.357682E-07   	8.3730515E-07  	8.3769726E-07  	8.373796E-07   	8.3722404E-07  	8.378728E-07   	8.378655E-07   	8.3756373E-07  	8.37729E-07    	
8.192317E-07   	8.192016E-07   	8.1925276E-07  	8.1932507E-07  	8.1926504E-07  	8.192086E-07   	8.196791E-07   	8.1980613E-07  	8.200444E-07   	8.202389E-07   	8.203034E-07   	8.202903E-07   	8.204664E-07   	8.202186E-07   	8.20585E-07    	8.205864E-07   	8.2036513E-07  	8.200112E-07   	8.203209E-07   	8.205391E-07   	8.206227E-07   	8.204278E-07   	8.204066E-07   	8.223841E-07   	8.282226E-07   	8.299301E-07   	8.3338455E-07  	8.3707226E-07  	8.385193E-07   	8.3857293E-07  	8.383397E-07   	8.3838796E-07  	8.3831503E-07  	8.3838466E-07  	8.384689E-07   	8.3804457E-07  	8.377975E-07   	8.3779634E-07  	8.382752E-07   	8.3839893E-07  	8.386128E-07   	8.3800984E-07  	8.378127E-07   	8.3847726E-07  	8.38336E-07    	8.3792463E-07  	8.384048E-07   	8.38641E-07    	8.378419E-07   	8.367835E-07   	8.378703E-07   	8.379172E-07   	8.381158E-07   	8.3768964E-07  	8.374352E-07   	8.374064E-07   	8.374959E-07   	8.375424E-07   	8.3749705E-07  	8.3758874E-07  	8.378548E-07   	8.367197E-07   	8.3478096E-07  	8.314829E-07   	8.27044E-07    	8.1823936E-07  	8.1664535E-07  	8.1774596E-07  	8.182688E-07   	8.183408E-07   	8.188184E-07   	8.1888066E-07  	8.1904193E-07  	8.190132E-07   	8.1922286E-07  	8.1925026E-07  	8.1942204E-07  	8.196891E-07   	8.194029E-07   	8.1908325E-07  	8.192896E-07   	8.191694E-07   	8.1920473E-07  	8.193528E-07   	8.193486E-07   	8.1938174E-07  	8.1943523E-07  	8.2264586E-07  	8.273989E-07   	8.2831275E-07  	8.314558E-07   	8.34522E-07    	8.37248E-07    	8.3811267E-07  	8.380794E-07   	8.381458E-07   	8.3793935E-07  	8.377666E-07   	8.381184E-07   	8.3798795E-07  	
8.1980795E-07  	8.196505E-07   	8.19674E-07    	8.1989424E-07  	8.1996825E-07  	8.199616E-07   	8.201261E-07   	8.198838E-07   	8.195946E-07   	8.201293E-07   	8.2014753E-07  	8.198834E-07   	8.1992516E-07  	8.201855E-07   	8.2024906E-07  	8.2025446E-07  	8.2037917E-07  	8.204769E-07   	8.2034506E-07  	8.2069255E-07  	8.2056243E-07  	8.2063474E-07  	8.2067993E-07  	8.2142884E-07  	8.251004E-07   	8.286869E-07   	8.3167276E-07  	8.344101E-07   	8.370787E-07   	8.3860994E-07  	8.386765E-07   	8.385897E-07   	8.3856366E-07  	8.385571E-07   	8.3846186E-07  	8.384861E-07   	8.383038E-07   	8.3805884E-07  	8.3831355E-07  	8.380663E-07   	8.381692E-07   	8.382384E-07   	8.3791616E-07  	8.381055E-07   	8.3819253E-07  	8.3824324E-07  	8.3821E-07     	8.378096E-07   	8.378969E-07   	8.3782754E-07  	8.380232E-07   	8.3791434E-07  	8.378903E-07   	8.379126E-07   	8.378503E-07   	8.3798426E-07  	8.378907E-07   	8.3769345E-07  	8.3762797E-07  	8.376664E-07   	8.3782265E-07  	8.3747403E-07  	8.3563083E-07  	8.331445E-07   	8.289516E-07   	8.238167E-07   	8.15589E-07    	8.168033E-07   	8.173963E-07   	8.1805587E-07  	8.186585E-07   	8.187571E-07   	8.1882285E-07  	8.189866E-07   	8.1896474E-07  	8.191909E-07   	8.1910537E-07  	8.19307E-07    	8.193717E-07   	8.193427E-07   	8.194359E-07   	8.194829E-07   	8.192215E-07   	8.193862E-07   	8.1955784E-07  	8.1937094E-07  	8.19656E-07    	8.1983404E-07  	8.2352506E-07  	8.276497E-07   	8.2927636E-07  	8.3226064E-07  	8.355321E-07   	8.374205E-07   	8.37963E-07    	8.3776933E-07  	8.3778775E-07  	8.377426E-07   	8.378851E-07   	8.3789007E-07  	
8.227785E-07   	8.210491E-07   	8.186861E-07   	8.1858076E-07  	8.19219E-07    	8.1953925E-07  	8.194056E-07   	8.195937E-07   	8.198033E-07   	8.198679E-07   	8.2002657E-07  	8.199051E-07   	8.2009433E-07  	8.2034063E-07  	8.203507E-07   	8.202115E-07   	8.202374E-07   	8.2015794E-07  	8.200867E-07   	8.201918E-07   	8.2033733E-07  	8.202408E-07   	8.202922E-07   	8.2056044E-07  	8.2417E-07     	8.2824903E-07  	8.2896577E-07  	8.3240644E-07  	8.3572695E-07  	8.3784636E-07  	8.382934E-07   	8.38098E-07    	8.382108E-07   	8.3827945E-07  	8.3833123E-07  	8.3799324E-07  	8.3827496E-07  	8.3826905E-07  	8.3809886E-07  	8.380495E-07   	8.3814706E-07  	8.3829065E-07  	8.380462E-07   	8.377958E-07   	8.382148E-07   	8.3761586E-07  	8.379508E-07   	8.3776445E-07  	8.3789416E-07  	8.3775865E-07  	8.37741E-07    	8.3765764E-07  	8.3773864E-07  	8.378139E-07   	8.377643E-07   	8.3783857E-07  	8.37881E-07    	8.3776877E-07  	8.377003E-07   	8.378676E-07   	8.380486E-07   	8.3784636E-07  	8.3706914E-07  	8.349015E-07   	8.323401E-07   	8.2646915E-07  	8.167579E-07   	8.167557E-07   	8.1785373E-07  	8.180774E-07   	8.185506E-07   	8.1910656E-07  	8.195341E-07   	8.196438E-07   	8.193176E-07   	8.1854256E-07  	8.192494E-07   	8.193637E-07   	8.194089E-07   	8.194505E-07   	8.1977964E-07  	8.1965004E-07  	8.195768E-07   	8.1988503E-07  	8.1962196E-07  	8.19753E-07    	8.19664E-07    	8.196709E-07   	8.205225E-07   	8.2589463E-07  	8.279674E-07   	8.3095966E-07  	8.3368985E-07  	8.370671E-07   	8.3798074E-07  	8.381106E-07   	8.379126E-07   	8.379693E-07   	8.378011E-07   	8.380055E-07   	
8.312701E-07   	8.3102447E-07  	8.2772874E-07  	8.18961E-07    	8.163855E-07   	8.1771856E-07  	8.1821526E-07  	8.184797E-07   	8.190887E-07   	8.195338E-07   	8.192457E-07   	8.1929255E-07  	8.195742E-07   	8.1986286E-07  	8.1961304E-07  	8.198545E-07   	8.1992084E-07  	8.20226E-07    	8.2012923E-07  	8.198207E-07   	8.200601E-07   	8.1994034E-07  	8.204216E-07   	8.2049365E-07  	8.207144E-07   	8.2509E-07     	8.286249E-07   	8.3116214E-07  	8.340961E-07   	8.370395E-07   	8.382281E-07   	8.3831475E-07  	8.381178E-07   	8.3834544E-07  	8.383157E-07   	8.3837045E-07  	8.383548E-07   	8.381932E-07   	8.3830156E-07  	8.379899E-07   	8.3724484E-07  	8.378228E-07   	8.3794407E-07  	8.3794134E-07  	8.381128E-07   	8.3810005E-07  	8.380899E-07   	8.3788956E-07  	8.3790553E-07  	8.3790326E-07  	8.3776786E-07  	8.377485E-07   	8.3776365E-07  	8.378314E-07   	8.3793117E-07  	8.3819543E-07  	8.379116E-07   	8.3780253E-07  	8.3808186E-07  	8.3785494E-07  	8.381521E-07   	8.378093E-07   	8.377302E-07   	8.361534E-07   	8.343863E-07   	8.3033393E-07  	8.237739E-07   	8.1636455E-07  	8.1703615E-07  	8.177257E-07   	8.1831803E-07  	8.183707E-07   	8.187567E-07   	8.1908865E-07  	8.1911253E-07  	8.192512E-07   	8.192683E-07   	8.1957495E-07  	8.193949E-07   	8.195604E-07   	8.197507E-07   	8.195793E-07   	8.1949617E-07  	8.196052E-07   	8.19588E-07    	8.197188E-07   	8.196879E-07   	8.1973235E-07  	8.1976935E-07  	8.2186443E-07  	8.269646E-07   	8.3001635E-07  	8.3268924E-07  	8.359328E-07   	8.378437E-07   	8.38075E-07    	8.378604E-07   	8.379009E-07   	8.3804434E-07  	8.376192E-07   	
8.320739E-07   	8.318553E-07   	8.297854E-07   	8.211317E-07   	8.1573404E-07  	8.1705633E-07  	8.178101E-07   	8.184492E-07   	8.1875646E-07  	8.1899196E-07  	8.19134E-07    	8.1921905E-07  	8.193077E-07   	8.1944324E-07  	8.1925924E-07  	8.197414E-07   	8.1989026E-07  	8.197583E-07   	8.198819E-07   	8.20007E-07    	8.199066E-07   	8.200873E-07   	8.202249E-07   	8.200403E-07   	8.203435E-07   	8.2282327E-07  	8.2834305E-07  	8.2957763E-07  	8.321115E-07   	8.35361E-07    	8.378097E-07   	8.386147E-07   	8.385366E-07   	8.386431E-07   	8.385481E-07   	8.382663E-07   	8.3830855E-07  	8.3849693E-07  	8.3842764E-07  	8.3802905E-07  	8.381172E-07   	8.380459E-07   	8.381121E-07   	8.3825756E-07  	8.3832236E-07  	8.3809766E-07  	8.379553E-07   	8.380747E-07   	8.380436E-07   	8.3794714E-07  	8.3812506E-07  	8.379442E-07   	8.3794095E-07  	8.378457E-07   	8.379466E-07   	8.383253E-07   	8.3799995E-07  	8.3819725E-07  	8.380566E-07   	8.3793105E-07  	8.379693E-07   	8.3788433E-07  	8.3817076E-07  	8.373828E-07   	8.353233E-07   	8.328163E-07   	8.281164E-07   	8.198187E-07   	8.1620936E-07  	8.1779353E-07  	8.181328E-07   	8.187372E-07   	8.188368E-07   	8.191721E-07   	8.1907547E-07  	8.1918466E-07  	8.192226E-07   	8.191929E-07   	8.192873E-07   	8.19533E-07    	8.195464E-07   	8.193574E-07   	8.1932245E-07  	8.19765E-07    	8.1943176E-07  	8.1955244E-07  	8.19645E-07    	8.196365E-07   	8.197895E-07   	8.204412E-07   	8.249886E-07   	8.2843127E-07  	8.3096114E-07  	8.34335E-07    	8.371757E-07   	8.381181E-07   	8.380151E-07   	8.38041E-07    	8.3796795E-07  	8.378575E-07   	
8.3486884E-07  	8.345378E-07   	8.320461E-07   	8.2452266E-07  	8.1644106E-07  	8.174665E-07   	8.1809293E-07  	8.182089E-07   	8.1847594E-07  	8.188816E-07   	8.190165E-07   	8.19105E-07    	8.1936753E-07  	8.1943256E-07  	8.1952754E-07  	8.194287E-07   	8.19744E-07    	8.1973593E-07  	8.198911E-07   	8.19846E-07    	8.198554E-07   	8.199075E-07   	8.200665E-07   	8.20125E-07    	8.201552E-07   	8.207798E-07   	8.25502E-07    	8.2840864E-07  	8.299824E-07   	8.328658E-07   	8.3607443E-07  	8.380246E-07   	8.3828564E-07  	8.3872345E-07  	8.3839893E-07  	8.383403E-07   	8.385238E-07   	8.3849994E-07  	8.38286E-07    	8.3825654E-07  	8.383607E-07   	8.382271E-07   	8.382642E-07   	8.3819486E-07  	8.383107E-07   	8.3813956E-07  	8.381323E-07   	8.381638E-07   	8.383347E-07   	8.37877E-07    	8.3790445E-07  	8.3789666E-07  	8.378749E-07   	8.3810403E-07  	8.381004E-07   	8.378547E-07   	8.378808E-07   	8.378703E-07   	8.3783783E-07  	8.3811466E-07  	8.380516E-07   	8.3771556E-07  	8.3806293E-07  	8.3789877E-07  	8.370595E-07   	8.3545405E-07  	8.3227764E-07  	8.2498224E-07  	8.1625615E-07  	8.171148E-07   	8.1812436E-07  	8.1820565E-07  	8.186219E-07   	8.190512E-07   	8.187022E-07   	8.1915437E-07  	8.1929346E-07  	8.190342E-07   	8.1911827E-07  	8.1939254E-07  	8.1943125E-07  	8.1921524E-07  	8.197301E-07   	8.1961707E-07  	8.1955034E-07  	8.199535E-07   	8.1952635E-07  	8.196266E-07   	8.198365E-07   	8.1972456E-07  	8.2227166E-07  	8.2789467E-07  	8.2934724E-07  	8.318603E-07   	8.3405945E-07  	8.361495E-07   	8.3716327E-07  	8.363524E-07   	8.355153E-07   	8.354806E-07   	
8.36107E-07    	8.3577964E-07  	8.345107E-07   	8.302651E-07   	8.224718E-07   	8.1614525E-07  	8.177779E-07   	8.185226E-07   	8.1884343E-07  	8.189186E-07   	8.192943E-07   	8.1949975E-07  	8.196929E-07   	8.1970836E-07  	8.197937E-07   	8.196139E-07   	8.1996484E-07  	8.2021995E-07  	8.197447E-07   	8.198951E-07   	8.201939E-07   	8.2008046E-07  	8.20229E-07    	8.202919E-07   	8.2064525E-07  	8.206242E-07   	8.215005E-07   	8.2727627E-07  	8.2852813E-07  	8.312704E-07   	8.3427193E-07  	8.3727525E-07  	8.38269E-07    	8.382006E-07   	8.3873874E-07  	8.387838E-07   	8.3871885E-07  	8.385755E-07   	8.386601E-07   	8.3849665E-07  	8.384232E-07   	8.384915E-07   	8.3847874E-07  	8.3827524E-07  	8.382104E-07   	8.384022E-07   	8.385214E-07   	8.3839865E-07  	8.385964E-07   	8.383737E-07   	8.375585E-07   	8.380078E-07   	8.380653E-07   	8.379846E-07   	8.3772215E-07  	8.3775336E-07  	8.381005E-07   	8.37862E-07    	8.380292E-07   	8.379408E-07   	8.378868E-07   	8.378855E-07   	8.3773386E-07  	8.3803224E-07  	8.376328E-07   	8.3571445E-07  	8.332586E-07   	8.2925993E-07  	8.244078E-07   	8.164646E-07   	8.178087E-07   	8.1810146E-07  	8.1828705E-07  	8.1890767E-07  	8.190113E-07   	8.1928675E-07  	8.193536E-07   	8.1953294E-07  	8.1964345E-07  	8.1963066E-07  	8.1953715E-07  	8.193912E-07   	8.196353E-07   	8.1989697E-07  	8.1974656E-07  	8.1969756E-07  	8.1977566E-07  	8.1976134E-07  	8.196303E-07   	8.1968443E-07  	8.2047706E-07  	8.2641435E-07  	8.277682E-07   	8.2761846E-07  	8.279142E-07   	8.302998E-07   	8.311042E-07   	8.301697E-07   	8.2978517E-07  	8.2871793E-07  	
8.3707096E-07  	8.367369E-07   	8.3558336E-07  	8.3202764E-07  	8.2374703E-07  	8.1636966E-07  	8.174934E-07   	8.184022E-07   	8.1923105E-07  	8.193281E-07   	8.194454E-07   	8.1969637E-07  	8.1989816E-07  	8.19802E-07    	8.197486E-07   	8.199506E-07   	8.20027E-07    	8.200019E-07   	8.2029266E-07  	8.2033523E-07  	8.2011263E-07  	8.200241E-07   	8.200917E-07   	8.2032756E-07  	8.2063093E-07  	8.2082516E-07  	8.207329E-07   	8.234155E-07   	8.2833543E-07  	8.2936094E-07  	8.32346E-07    	8.3569057E-07  	8.3793964E-07  	8.3852166E-07  	8.3860107E-07  	8.384239E-07   	8.3850506E-07  	8.3852365E-07  	8.3837364E-07  	8.3851035E-07  	8.383994E-07   	8.3840155E-07  	8.3845595E-07  	8.383885E-07   	8.385683E-07   	8.3831515E-07  	8.382095E-07   	8.383834E-07   	8.379518E-07   	8.3801467E-07  	8.381828E-07   	8.3802803E-07  	8.3819225E-07  	8.380823E-07   	8.377516E-07   	8.3809135E-07  	8.381528E-07   	8.381944E-07   	8.381441E-07   	8.3807026E-07  	8.380103E-07   	8.378719E-07   	8.3809255E-07  	8.379766E-07   	8.379599E-07   	8.371428E-07   	8.350497E-07   	8.320912E-07   	8.263879E-07   	8.176532E-07   	8.1634084E-07  	8.178926E-07   	8.1819155E-07  	8.1816137E-07  	8.185382E-07   	8.189537E-07   	8.188428E-07   	8.187897E-07   	8.191435E-07   	8.189762E-07   	8.194912E-07   	8.1948554E-07  	8.194684E-07   	8.1953056E-07  	8.191465E-07   	8.190969E-07   	8.1904096E-07  	8.1915323E-07  	8.191808E-07   	8.1917443E-07  	8.1929426E-07  	8.190714E-07   	8.191571E-07   	8.198276E-07   	8.199173E-07   	8.213224E-07   	8.216276E-07   	8.206534E-07   	8.193169E-07   	8.190717E-07   	
8.3792656E-07  	8.376538E-07   	8.367496E-07   	8.3408275E-07  	8.294654E-07   	8.213256E-07   	8.1701893E-07  	8.186232E-07   	8.190462E-07   	8.193067E-07   	8.198296E-07   	8.198539E-07   	8.200857E-07   	8.2017203E-07  	8.20389E-07    	8.201416E-07   	8.2019324E-07  	8.202399E-07   	8.202735E-07   	8.203986E-07   	8.2017857E-07  	8.201765E-07   	8.204054E-07   	8.203675E-07   	8.203949E-07   	8.2070153E-07  	8.207841E-07   	8.211534E-07   	8.256615E-07   	8.2859884E-07  	8.31425E-07    	8.350146E-07   	8.376394E-07   	8.387315E-07   	8.387603E-07   	8.38465E-07    	8.386997E-07   	8.3867695E-07  	8.3882696E-07  	8.386163E-07   	8.3850887E-07  	8.386611E-07   	8.3841866E-07  	8.383637E-07   	8.385177E-07   	8.38503E-07    	8.383415E-07   	8.381841E-07   	8.379983E-07   	8.3827433E-07  	8.3812444E-07  	8.38088E-07    	8.381578E-07   	8.3808675E-07  	8.380435E-07   	8.3824597E-07  	8.378934E-07   	8.381608E-07   	8.3800256E-07  	8.3804366E-07  	8.381693E-07   	8.3797244E-07  	8.3812586E-07  	8.381485E-07   	8.3791554E-07  	8.379692E-07   	8.363318E-07   	8.340311E-07   	8.294641E-07   	8.2361527E-07  	8.160965E-07   	8.1768843E-07  	8.181214E-07   	8.1856626E-07  	8.1883366E-07  	8.1835014E-07  	8.1857524E-07  	8.18891E-07    	8.1882285E-07  	8.1908837E-07  	8.190496E-07   	8.1889345E-07  	8.1895496E-07  	8.189852E-07   	8.192109E-07   	8.1938504E-07  	8.191524E-07   	8.1907507E-07  	8.193129E-07   	8.192475E-07   	8.1927635E-07  	8.19273E-07    	8.192411E-07   	8.191758E-07   	8.193802E-07   	8.1954585E-07  	8.195856E-07   	8.19657E-07    	8.1977385E-07  	8.2033375E-07  	
8.3829656E-07  	8.380746E-07   	8.3758255E-07  	8.3554966E-07  	8.3191867E-07  	8.2590725E-07  	8.170011E-07   	8.181864E-07   	8.185639E-07   	8.188374E-07   	8.194434E-07   	8.196077E-07   	8.195275E-07   	8.198789E-07   	8.200307E-07   	8.200924E-07   	8.200929E-07   	8.2000776E-07  	8.2025736E-07  	8.204113E-07   	8.200281E-07   	8.201212E-07   	8.20308E-07    	8.2059876E-07  	8.205508E-07   	8.2049377E-07  	8.203763E-07   	8.204549E-07   	8.2267957E-07  	8.2779394E-07  	8.297798E-07   	8.328432E-07   	8.359344E-07   	8.3827473E-07  	8.389949E-07   	8.390231E-07   	8.38945E-07    	8.387397E-07   	8.388306E-07   	8.386555E-07   	8.385373E-07   	8.3892945E-07  	8.3876233E-07  	8.3867826E-07  	8.38595E-07    	8.385752E-07   	8.385249E-07   	8.3840627E-07  	8.383539E-07   	8.384313E-07   	8.38314E-07    	8.383298E-07   	8.38207E-07    	8.382141E-07   	8.380244E-07   	8.380662E-07   	8.383327E-07   	8.383103E-07   	8.3784096E-07  	8.379842E-07   	8.383324E-07   	8.379867E-07   	8.38152E-07    	8.3821374E-07  	8.38301E-07    	8.378942E-07   	8.3585286E-07  	8.316117E-07   	8.315594E-07   	8.296254E-07   	8.1943153E-07  	8.156367E-07   	8.1707367E-07  	8.1783764E-07  	8.1809026E-07  	8.1827426E-07  	8.1826033E-07  	8.1842006E-07  	8.186784E-07   	8.1885E-07     	8.188448E-07   	8.190944E-07   	8.188085E-07   	8.1891767E-07  	8.1892364E-07  	8.187924E-07   	8.1895723E-07  	8.1877903E-07  	8.1901464E-07  	8.192452E-07   	8.190407E-07   	8.190599E-07   	8.1939055E-07  	8.19202E-07    	8.1929625E-07  	8.190292E-07   	8.1942864E-07  	8.199288E-07   	8.201575E-07   	8.2008324E-07  	
8.3835914E-07  	8.382993E-07   	8.379438E-07   	8.363484E-07   	8.3326063E-07  	8.2893E-07     	8.22795E-07    	8.169763E-07   	8.183053E-07   	8.1882837E-07  	8.190749E-07   	8.1931694E-07  	8.195514E-07   	8.198328E-07   	8.1994165E-07  	8.200736E-07   	8.2005647E-07  	8.2007074E-07  	8.2035143E-07  	8.203851E-07   	8.2040594E-07  	8.2048587E-07  	8.205354E-07   	8.204598E-07   	8.206865E-07   	8.2060495E-07  	8.207794E-07   	8.2101116E-07  	8.212267E-07   	8.2600076E-07  	8.29004E-07    	8.310787E-07   	8.3378745E-07  	8.3708636E-07  	8.3855525E-07  	8.3874147E-07  	8.3884305E-07  	8.3869134E-07  	8.385785E-07   	8.389433E-07   	8.3868866E-07  	8.3855696E-07  	8.3837466E-07  	8.384051E-07   	8.3865876E-07  	8.3861664E-07  	8.386783E-07   	8.3853297E-07  	8.3869855E-07  	8.385997E-07   	8.38375E-07    	8.3857583E-07  	8.386086E-07   	8.3837733E-07  	8.386486E-07   	8.39108E-07    	8.3822647E-07  	8.3748387E-07  	8.377015E-07   	8.3703424E-07  	8.3700326E-07  	8.3585655E-07  	8.3427364E-07  	8.344495E-07   	8.3430837E-07  	8.334731E-07   	8.301427E-07   	8.284081E-07   	8.293013E-07   	8.2744117E-07  	8.1925197E-07  	8.162623E-07   	8.1730155E-07  	8.178958E-07   	8.1802136E-07  	8.181783E-07   	8.186416E-07   	8.1869206E-07  	8.186554E-07   	8.190473E-07   	8.1906705E-07  	8.190238E-07   	8.190501E-07   	8.191934E-07   	8.1925623E-07  	8.1910207E-07  	8.191778E-07   	8.1916585E-07  	8.19024E-07    	8.190601E-07   	8.192972E-07   	8.194008E-07   	8.192697E-07   	8.190248E-07   	8.193058E-07   	8.1922366E-07  	8.195134E-07   	8.194638E-07   	8.1992965E-07  	8.202127E-07   	
8.381698E-07   	8.383662E-07   	8.383296E-07   	8.3775126E-07  	8.354658E-07   	8.312686E-07   	8.2477345E-07  	8.169051E-07   	8.17774E-07    	8.188824E-07   	8.1895394E-07  	8.1918455E-07  	8.1991396E-07  	8.1996734E-07  	8.2007665E-07  	8.2035433E-07  	8.202846E-07   	8.204182E-07   	8.202956E-07   	8.203737E-07   	8.2084296E-07  	8.205592E-07   	8.204608E-07   	8.2068914E-07  	8.203974E-07   	8.206552E-07   	8.208432E-07   	8.2125933E-07  	8.2098416E-07  	8.222166E-07   	8.278535E-07   	8.293934E-07   	8.322594E-07   	8.353386E-07   	8.381936E-07   	8.390506E-07   	8.39003E-07    	8.38941E-07    	8.3881616E-07  	8.3866723E-07  	8.387433E-07   	8.3866394E-07  	8.385947E-07   	8.3856844E-07  	8.385018E-07   	8.386051E-07   	8.384732E-07   	8.3857515E-07  	8.381128E-07   	8.382275E-07   	8.379336E-07   	8.375658E-07   	8.3734966E-07  	8.3676167E-07  	8.362419E-07   	8.360988E-07   	8.3488E-07     	8.3405E-07     	8.3358003E-07  	8.3300154E-07  	8.312723E-07   	8.2950197E-07  	8.271701E-07   	8.2533217E-07  	8.2498815E-07  	8.238373E-07   	8.216098E-07   	8.1985525E-07  	8.192362E-07   	8.174167E-07   	8.169254E-07   	8.1749045E-07  	8.1808554E-07  	8.180488E-07   	8.1836555E-07  	8.183431E-07   	8.1882877E-07  	8.1885537E-07  	8.1919063E-07  	8.193103E-07   	8.192431E-07   	8.1884224E-07  	8.189951E-07   	8.191282E-07   	8.193226E-07   	8.190881E-07   	8.1921684E-07  	8.19129E-07    	8.193429E-07   	8.192028E-07   	8.192175E-07   	8.195818E-07   	8.195495E-07   	8.1940385E-07  	8.195086E-07   	8.1947076E-07  	8.1975037E-07  	8.196503E-07   	8.201239E-07   	8.2053197E-07  	
8.3853973E-07  	8.384271E-07   	8.384749E-07   	8.3844174E-07  	8.3704987E-07  	8.3410436E-07  	8.297771E-07   	8.211954E-07   	8.180427E-07   	8.192094E-07   	8.195733E-07   	8.19456E-07    	8.202531E-07   	8.2014986E-07  	8.202316E-07   	8.2031164E-07  	8.204744E-07   	8.2051946E-07  	8.2076525E-07  	8.2106504E-07  	8.2110506E-07  	8.2134363E-07  	8.2080726E-07  	8.1897514E-07  	8.1888686E-07  	8.20715E-07    	8.2059904E-07  	8.2090946E-07  	8.211623E-07   	8.208602E-07   	8.235149E-07   	8.289829E-07   	8.308989E-07   	8.3374215E-07  	8.3677594E-07  	8.3893383E-07  	8.392138E-07   	8.3919036E-07  	8.3934555E-07  	8.390864E-07   	8.390685E-07   	8.387799E-07   	8.386306E-07   	8.3891774E-07  	8.3773307E-07  	8.376114E-07   	8.3666475E-07  	8.352922E-07   	8.344794E-07   	8.345805E-07   	8.3327524E-07  	8.327252E-07   	8.318929E-07   	8.3102486E-07  	8.302378E-07   	8.290441E-07   	8.270116E-07   	8.2521893E-07  	8.239024E-07   	8.23196E-07    	8.21377E-07    	8.205218E-07   	8.186311E-07   	8.1712267E-07  	8.1784407E-07  	8.188125E-07   	8.1923577E-07  	8.193251E-07   	8.1902994E-07  	8.1892546E-07  	8.1922366E-07  	8.192586E-07   	8.194478E-07   	8.1957074E-07  	8.1938873E-07  	8.194834E-07   	8.194728E-07   	8.1988264E-07  	8.195858E-07   	8.1969125E-07  	8.196908E-07   	8.1963617E-07  	8.197053E-07   	8.195775E-07   	8.1985206E-07  	8.1991004E-07  	8.1972235E-07  	8.19917E-07    	8.1973747E-07  	8.195225E-07   	8.1987133E-07  	8.1964635E-07  	8.197051E-07   	8.1984064E-07  	8.198569E-07   	8.198564E-07   	8.1983575E-07  	8.199071E-07   	8.2002765E-07  	8.204783E-07   	
8.3879206E-07  	8.385573E-07   	8.385416E-07   	8.3860743E-07  	8.3765946E-07  	8.3518853E-07  	8.3197716E-07  	8.2751535E-07  	8.1909815E-07  	8.1841563E-07  	8.1921075E-07  	8.194095E-07   	8.199557E-07   	8.2001094E-07  	8.2009564E-07  	8.203571E-07   	8.206021E-07   	8.205762E-07   	8.2110535E-07  	8.208404E-07   	8.2074956E-07  	8.209676E-07   	8.2097984E-07  	8.2108215E-07  	8.210974E-07   	8.21195E-07    	8.216082E-07   	8.214474E-07   	8.215405E-07   	8.213881E-07   	8.220715E-07   	8.271467E-07   	8.295161E-07   	8.324991E-07   	8.344987E-07   	8.3686274E-07  	8.3836886E-07  	8.386645E-07   	8.3721017E-07  	8.3657466E-07  	8.3579454E-07  	8.349054E-07   	8.344613E-07   	8.3426033E-07  	8.328271E-07   	8.325487E-07   	8.3063566E-07  	8.2882923E-07  	8.2648654E-07  	8.2529294E-07  	8.239535E-07   	8.219517E-07   	8.2072216E-07  	8.20491E-07    	8.192621E-07   	8.188121E-07   	8.182527E-07   	8.176726E-07   	8.186448E-07   	8.1903005E-07  	8.193065E-07   	8.196611E-07   	8.2006255E-07  	8.200736E-07   	8.201274E-07   	8.2009024E-07  	8.2020836E-07  	8.204284E-07   	8.2056476E-07  	8.199991E-07   	8.197389E-07   	8.202078E-07   	8.2033057E-07  	8.1995626E-07  	8.196987E-07   	8.196177E-07   	8.1982233E-07  	8.198514E-07   	8.19861E-07    	8.19697E-07    	8.2008137E-07  	8.2001344E-07  	8.1997763E-07  	8.2010143E-07  	8.2012644E-07  	8.2011536E-07  	8.198902E-07   	8.1992636E-07  	8.2005835E-07  	8.2016896E-07  	8.2024195E-07  	8.204434E-07   	8.2030283E-07  	8.199121E-07   	8.202285E-07   	8.2027816E-07  	8.2031875E-07  	8.2046375E-07  	8.20539E-07    	8.204565E-07   	
8.388755E-07   	8.3870225E-07  	8.38711E-07    	8.388114E-07   	8.387237E-07   	8.3711615E-07  	8.3504784E-07  	8.30527E-07    	8.225761E-07   	8.1751665E-07  	8.191822E-07   	8.1964197E-07  	8.1991107E-07  	8.2035876E-07  	8.202693E-07   	8.2057164E-07  	8.207931E-07   	8.208535E-07   	8.209718E-07   	8.210338E-07   	8.211235E-07   	8.2101036E-07  	8.2077696E-07  	8.210778E-07   	8.2149785E-07  	8.212234E-07   	8.210826E-07   	8.2098006E-07  	8.213767E-07   	8.2108954E-07  	8.212222E-07   	8.2434474E-07  	8.2924987E-07  	8.2905086E-07  	8.2898185E-07  	8.3084274E-07  	8.329773E-07   	8.328793E-07   	8.3101725E-07  	8.3035064E-07  	8.2875033E-07  	8.267966E-07   	8.2490715E-07  	8.2441613E-07  	8.221334E-07   	8.209391E-07   	8.2029914E-07  	8.192829E-07   	8.182692E-07   	8.1806206E-07  	8.188393E-07   	8.1902374E-07  	8.1927175E-07  	8.202718E-07   	8.2016174E-07  	8.197352E-07   	8.201359E-07   	8.2031727E-07  	8.2005073E-07  	8.2008853E-07  	8.2033165E-07  	8.2033046E-07  	8.2025423E-07  	8.2038457E-07  	8.2043397E-07  	8.2011445E-07  	8.2041777E-07  	8.204301E-07   	8.205256E-07   	8.2050764E-07  	8.2025707E-07  	8.202531E-07   	8.20339E-07    	8.202299E-07   	8.1999775E-07  	8.1999474E-07  	8.2027793E-07  	8.201252E-07   	8.201178E-07   	8.203888E-07   	8.2048E-07     	8.2033984E-07  	8.200847E-07   	8.2007875E-07  	8.201444E-07   	8.204242E-07   	8.202915E-07   	8.204005E-07   	8.1997086E-07  	8.201296E-07   	8.202379E-07   	8.2014174E-07  	8.2031755E-07  	8.2035734E-07  	8.202063E-07   	8.2050343E-07  	8.202355E-07   	8.2033415E-07  	8.205385E-07   	8.204431E-07   	
8.3909276E-07  	8.3900676E-07  	8.39119E-07    	8.392252E-07   	8.3906394E-07  	8.386848E-07   	8.366679E-07   	8.3396293E-07  	8.285002E-07   	8.1865863E-07  	8.1821366E-07  	8.1906086E-07  	8.1955324E-07  	8.198889E-07   	8.201457E-07   	8.204395E-07   	8.2048865E-07  	8.206557E-07   	8.2092606E-07  	8.207518E-07   	8.210122E-07   	8.2114445E-07  	8.2111814E-07  	8.2110085E-07  	8.207961E-07   	8.2091583E-07  	8.2069295E-07  	8.2086706E-07  	8.207863E-07   	8.207733E-07   	8.208543E-07   	8.210574E-07   	8.210692E-07   	8.216342E-07   	8.2160676E-07  	8.2336084E-07  	8.2386E-07     	8.2336237E-07  	8.220378E-07   	8.204254E-07   	8.201013E-07   	8.1752245E-07  	8.185472E-07   	8.198853E-07   	8.2013787E-07  	8.205557E-07   	8.2062826E-07  	8.203279E-07   	8.2057517E-07  	8.206359E-07   	8.206325E-07   	8.207792E-07   	8.2082016E-07  	8.206602E-07   	8.205753E-07   	8.2069994E-07  	8.206437E-07   	8.2052156E-07  	8.2094607E-07  	8.207333E-07   	8.207267E-07   	8.205709E-07   	8.2086973E-07  	8.208129E-07   	8.208712E-07   	8.210224E-07   	8.210006E-07   	8.209467E-07   	8.212845E-07   	8.209916E-07   	8.2081624E-07  	8.204721E-07   	8.2053475E-07  	8.2052355E-07  	8.2042123E-07  	8.206027E-07   	8.2097245E-07  	8.2059347E-07  	8.2072927E-07  	8.207172E-07   	8.2050383E-07  	8.2080237E-07  	8.2063343E-07  	8.208336E-07   	8.205796E-07   	8.205728E-07   	8.2056766E-07  	8.207632E-07   	8.207054E-07   	8.2047063E-07  	8.20955E-07    	8.207354E-07   	8.2055976E-07  	8.208801E-07   	8.210754E-07   	8.209322E-07   	8.2081937E-07  	8.208421E-07   	8.20742E-07    	8.2069903E-07  	
8.391663E-07   	8.3915427E-07  	8.391255E-07   	8.3920116E-07  	8.3927125E-07  	8.392294E-07   	8.3744857E-07  	8.354181E-07   	8.317483E-07   	8.2693685E-07  	8.176045E-07   	8.187189E-07   	8.198546E-07   	8.1997365E-07  	8.201943E-07   	8.2047785E-07  	8.2050104E-07  	8.208521E-07   	8.2083255E-07  	8.2073876E-07  	8.2079777E-07  	8.2082585E-07  	8.208358E-07   	8.2083983E-07  	8.2087195E-07  	8.2071966E-07  	8.208794E-07   	8.20873E-07    	8.2089053E-07  	8.2100513E-07  	8.2113627E-07  	8.211368E-07   	8.208777E-07   	8.211275E-07   	8.211584E-07   	8.213742E-07   	8.2153576E-07  	8.2170527E-07  	8.215882E-07   	8.21746E-07    	8.2172517E-07  	8.217623E-07   	8.2180276E-07  	8.217856E-07   	8.2197124E-07  	8.223156E-07   	8.2229775E-07  	8.2214405E-07  	8.218082E-07   	8.213227E-07   	8.2119357E-07  	8.2117504E-07  	8.212239E-07   	8.214152E-07   	8.2148307E-07  	8.214724E-07   	8.214176E-07   	8.212721E-07   	8.211931E-07   	8.2137507E-07  	8.2132686E-07  	8.2123455E-07  	8.213645E-07   	8.21266E-07    	8.212625E-07   	8.2143526E-07  	8.2141025E-07  	8.214999E-07   	8.2121267E-07  	8.213655E-07   	8.2143123E-07  	8.2087405E-07  	8.2103907E-07  	8.2101747E-07  	8.205866E-07   	8.2091225E-07  	8.208561E-07   	8.2092464E-07  	8.208569E-07   	8.205074E-07   	8.207865E-07   	8.2097546E-07  	8.209034E-07   	8.208371E-07   	8.208494E-07   	8.209371E-07   	8.2080106E-07  	8.2065634E-07  	8.207921E-07   	8.2057835E-07  	8.206729E-07   	8.2072876E-07  	8.205065E-07   	8.20903E-07    	8.207087E-07   	8.205802E-07   	8.206028E-07   	8.2079924E-07  	8.208332E-07   	8.2095625E-07  	
8.3920304E-07  	8.3916666E-07  	8.391756E-07   	8.3907776E-07  	8.386977E-07   	8.3888676E-07  	8.375277E-07   	8.32812E-07    	8.3221596E-07  	8.302316E-07   	8.200577E-07   	8.170758E-07   	8.1852005E-07  	8.190094E-07   	8.194876E-07   	8.1974997E-07  	8.20293E-07    	8.202245E-07   	8.2050644E-07  	8.2031244E-07  	8.2036973E-07  	8.20573E-07    	8.202607E-07   	8.203991E-07   	8.205905E-07   	8.202909E-07   	8.2071034E-07  	8.204967E-07   	8.204104E-07   	8.20576E-07    	8.2061894E-07  	8.205017E-07   	8.2086615E-07  	8.208396E-07   	8.2078765E-07  	8.210444E-07   	8.2081823E-07  	8.211823E-07   	8.2144834E-07  	8.211937E-07   	8.2126513E-07  	8.211055E-07   	8.211769E-07   	8.212825E-07   	8.213206E-07   	8.2144527E-07  	8.2201205E-07  	8.217761E-07   	8.21836E-07    	8.2152883E-07  	8.2119965E-07  	8.2141685E-07  	8.21373E-07    	8.216237E-07   	8.215062E-07   	8.2143214E-07  	8.2148637E-07  	8.214058E-07   	8.2129446E-07  	8.210769E-07   	8.2111995E-07  	8.2138587E-07  	8.2115423E-07  	8.213049E-07   	8.2127514E-07  	8.213214E-07   	8.210829E-07   	8.2157345E-07  	8.2152195E-07  	8.2116594E-07  	8.213999E-07   	8.2113E-07     	8.208916E-07   	8.2101104E-07  	8.2076554E-07  	8.2098893E-07  	8.2115014E-07  	8.208811E-07   	8.208398E-07   	8.2099456E-07  	8.205477E-07   	8.208546E-07   	8.2105737E-07  	8.207925E-07   	8.2093624E-07  	8.2077787E-07  	8.206543E-07   	8.207607E-07   	8.2097995E-07  	8.207422E-07   	8.2081937E-07  	8.2085774E-07  	8.207588E-07   	8.2071904E-07  	8.2084443E-07  	8.2081584E-07  	8.2089474E-07  	8.207305E-07   	8.2093044E-07  	8.21155E-07    	
8.367651E-07   	8.3630573E-07  	8.361174E-07   	8.358385E-07   	8.3485736E-07  	8.343646E-07   	8.3232635E-07  	8.295036E-07   	8.286577E-07   	8.283852E-07   	8.239746E-07   	8.1735027E-07  	8.1833554E-07  	8.187672E-07   	8.192061E-07   	8.1946104E-07  	8.196091E-07   	8.200962E-07   	8.20036E-07    	8.2019136E-07  	8.2019534E-07  	8.203448E-07   	8.204291E-07   	8.202061E-07   	8.2042277E-07  	8.2055993E-07  	8.20342E-07    	8.205713E-07   	8.205665E-07   	8.2042385E-07  	8.2071625E-07  	8.2064423E-07  	8.2065645E-07  	8.208805E-07   	8.2070665E-07  	8.2123245E-07  	8.2101894E-07  	8.210424E-07   	8.21157E-07    	8.213494E-07   	8.213434E-07   	8.2129475E-07  	8.217124E-07   	8.214349E-07   	8.211363E-07   	8.2131146E-07  	8.2117884E-07  	8.214068E-07   	8.211874E-07   	8.210883E-07   	8.214209E-07   	8.211972E-07   	8.211981E-07   	8.215572E-07   	8.216813E-07   	8.21543E-07    	8.2196345E-07  	8.217386E-07   	8.2114485E-07  	8.210432E-07   	8.210362E-07   	8.212059E-07   	8.2092805E-07  	8.210844E-07   	8.210106E-07   	8.2129844E-07  	8.2110205E-07  	8.212276E-07   	8.2128685E-07  	8.21014E-07    	8.2125155E-07  	8.215533E-07   	8.2114923E-07  	8.2097307E-07  	8.2082215E-07  	8.210428E-07   	8.21111E-07    	8.209518E-07   	8.20955E-07    	8.2071165E-07  	8.2079197E-07  	8.2102935E-07  	8.210179E-07   	8.206819E-07   	8.2059995E-07  	8.209904E-07   	8.204961E-07   	8.207704E-07   	8.2088326E-07  	8.2083517E-07  	8.209786E-07   	8.2086876E-07  	8.209143E-07   	8.2115423E-07  	8.212222E-07   	8.2104776E-07  	8.2116406E-07  	8.211203E-07   	8.20985E-07    	8.212551E-07   	
8.308343E-07   	8.301198E-07   	8.2909264E-07  	8.273298E-07   	8.254339E-07   	8.237756E-07   	8.23551E-07    	8.221889E-07   	8.192545E-07   	8.1843626E-07  	8.187803E-07   	8.198436E-07   	8.201482E-07   	8.2055357E-07  	8.204966E-07   	8.2078253E-07  	8.2088445E-07  	8.208158E-07   	8.2111205E-07  	8.208038E-07   	8.206269E-07   	8.2088167E-07  	8.208985E-07   	8.207699E-07   	8.208736E-07   	8.2098535E-07  	8.2078617E-07  	8.208082E-07   	8.2088576E-07  	8.207281E-07   	8.211416E-07   	8.21059E-07    	8.2109307E-07  	8.21495E-07    	8.2143754E-07  	8.2142884E-07  	8.2148495E-07  	8.212597E-07   	8.2116463E-07  	8.2171715E-07  	8.217046E-07   	8.217009E-07   	8.214503E-07   	8.216736E-07   	8.21563E-07    	8.215457E-07   	8.2159255E-07  	8.2149757E-07  	8.215361E-07   	8.216031E-07   	8.2182623E-07  	8.2164615E-07  	8.2140673E-07  	8.216337E-07   	8.223529E-07   	8.22641E-07    	8.2253877E-07  	8.2202064E-07  	8.2153616E-07  	8.2140866E-07  	8.216215E-07   	8.215168E-07   	8.214508E-07   	8.2144476E-07  	8.213882E-07   	8.215181E-07   	8.2165025E-07  	8.2217366E-07  	8.221568E-07   	8.22089E-07    	8.2194185E-07  	8.218385E-07   	8.2174125E-07  	8.211561E-07   	8.211428E-07   	8.210298E-07   	8.209723E-07   	8.209995E-07   	8.209958E-07   	8.2102207E-07  	8.211528E-07   	8.209466E-07   	8.2087706E-07  	8.210457E-07   	8.210739E-07   	8.211777E-07   	8.206041E-07   	8.208655E-07   	8.2107607E-07  	8.2108085E-07  	8.2131146E-07  	8.2109943E-07  	8.212461E-07   	8.2158556E-07  	8.2168924E-07  	8.216114E-07   	8.215326E-07   	8.216205E-07   	8.2158937E-07  	8.2428187E-07  	
8.209785E-07   	8.201598E-07   	8.190067E-07   	8.186066E-07   	8.1935127E-07  	8.2013725E-07  	8.206686E-07   	8.2087325E-07  	8.2097046E-07  	8.20565E-07    	8.2093385E-07  	8.2098614E-07  	8.210957E-07   	8.211562E-07   	8.2104157E-07  	8.211268E-07   	8.209269E-07   	8.2103725E-07  	8.211414E-07   	8.210819E-07   	8.2107204E-07  	8.212124E-07   	8.210782E-07   	8.211987E-07   	8.212172E-07   	8.2144794E-07  	8.2148375E-07  	8.21238E-07    	8.2113166E-07  	8.2131817E-07  	8.214006E-07   	8.214273E-07   	8.215455E-07   	8.2133744E-07  	8.212605E-07   	8.215234E-07   	8.2173545E-07  	8.2164973E-07  	8.215688E-07   	8.216411E-07   	8.223795E-07   	8.223569E-07   	8.223177E-07   	8.2225324E-07  	8.2208317E-07  	8.2165104E-07  	8.214938E-07   	8.2136404E-07  	8.214556E-07   	8.214663E-07   	8.2150075E-07  	8.215663E-07   	8.2144976E-07  	8.2140986E-07  	8.215163E-07   	8.2157993E-07  	8.213061E-07   	8.2161523E-07  	8.2121767E-07  	8.2114155E-07  	8.216376E-07   	8.2101775E-07  	8.2131487E-07  	8.2120863E-07  	8.211344E-07   	8.2106044E-07  	8.2136035E-07  	8.2152894E-07  	8.219887E-07   	8.219725E-07   	8.21767E-07    	8.217595E-07   	8.2187455E-07  	8.214105E-07   	8.2113127E-07  	8.212948E-07   	8.2127025E-07  	8.2105464E-07  	8.214068E-07   	8.214071E-07   	8.2135654E-07  	8.2106993E-07  	8.213858E-07   	8.213776E-07   	8.212829E-07   	8.215689E-07   	8.213387E-07   	8.211238E-07   	8.2165104E-07  	8.2188103E-07  	8.2178707E-07  	8.218528E-07   	8.2174614E-07  	8.2167577E-07  	8.216801E-07   	8.2177024E-07  	8.219236E-07   	8.219647E-07   	8.2198477E-07  	8.232941E-07   	
8.2176786E-07  	8.2177024E-07  	8.215784E-07   	8.214084E-07   	8.216165E-07   	8.2183783E-07  	8.2205366E-07  	8.2180156E-07  	8.2187324E-07  	8.217581E-07   	8.213362E-07   	8.215466E-07   	8.217581E-07   	8.2171215E-07  	8.215252E-07   	8.213384E-07   	8.215534E-07   	8.213233E-07   	8.2137024E-07  	8.217728E-07   	8.214905E-07   	8.21515E-07    	8.217766E-07   	8.2130254E-07  	8.2133727E-07  	8.2197755E-07  	8.215518E-07   	8.215972E-07   	8.2153593E-07  	8.212719E-07   	8.2149273E-07  	8.2162506E-07  	8.215188E-07   	8.216676E-07   	8.2169646E-07  	8.216153E-07   	8.216535E-07   	8.218867E-07   	8.217919E-07   	8.21741E-07    	8.21728E-07    	8.2193185E-07  	8.2227047E-07  	8.2245595E-07  	8.225306E-07   	8.221613E-07   	8.2175103E-07  	8.2173665E-07  	8.218096E-07   	8.216336E-07   	8.219249E-07   	8.216061E-07   	8.215577E-07   	8.216326E-07   	8.215607E-07   	8.2192065E-07  	8.217591E-07   	8.214207E-07   	8.218337E-07   	8.223245E-07   	8.250628E-07   	8.251619E-07   	8.2416267E-07  	8.2097955E-07  	8.18346E-07    	8.194638E-07   	8.197749E-07   	8.1987264E-07  	8.2059483E-07  	8.2090844E-07  	8.2235874E-07  	8.2425726E-07  	8.266728E-07   	8.248025E-07   	8.1847594E-07  	8.195487E-07   	8.1995677E-07  	8.201024E-07   	8.203172E-07   	8.2062166E-07  	8.2077327E-07  	8.208176E-07   	8.210742E-07   	8.211849E-07   	8.212518E-07   	8.2116384E-07  	8.2114565E-07  	8.21262E-07    	8.213359E-07   	8.2141406E-07  	8.2137575E-07  	8.21319E-07    	8.2127883E-07  	8.214791E-07   	8.215015E-07   	8.216568E-07   	8.216143E-07   	8.216058E-07   	8.219681E-07   	8.257062E-07   	
8.2192975E-07  	8.2177655E-07  	8.216708E-07   	8.218099E-07   	8.2180946E-07  	8.218879E-07   	8.21669E-07    	8.218123E-07   	8.221588E-07   	8.222332E-07   	8.218478E-07   	8.217116E-07   	8.2216553E-07  	8.218992E-07   	8.2174995E-07  	8.217472E-07   	8.2171647E-07  	8.216008E-07   	8.216942E-07   	8.2168395E-07  	8.2171573E-07  	8.21495E-07    	8.2158755E-07  	8.2166804E-07  	8.216418E-07   	8.2174614E-07  	8.21568E-07    	8.217857E-07   	8.214951E-07   	8.2137393E-07  	8.216317E-07   	8.2144487E-07  	8.2150103E-07  	8.218082E-07   	8.2167816E-07  	8.215392E-07   	8.2134886E-07  	8.212522E-07   	8.216315E-07   	8.2159454E-07  	8.212632E-07   	8.2156436E-07  	8.2212017E-07  	8.2245265E-07  	8.222412E-07   	8.2221953E-07  	8.220589E-07   	8.2167793E-07  	8.211899E-07   	8.2137217E-07  	8.21446E-07    	8.2148176E-07  	8.215755E-07   	8.2154486E-07  	8.2159573E-07  	8.213892E-07   	8.215061E-07   	8.227699E-07   	8.256458E-07   	8.277355E-07   	8.296061E-07   	8.2991056E-07  	8.2767326E-07  	8.231832E-07   	8.2370605E-07  	8.259096E-07   	8.265119E-07   	8.266611E-07   	8.2682004E-07  	8.265259E-07   	8.2649035E-07  	8.27769E-07    	8.3301006E-07  	8.3409975E-07  	8.325578E-07   	8.31256E-07    	8.290108E-07   	8.1950145E-07  	8.1965953E-07  	8.201358E-07   	8.206434E-07   	8.206556E-07   	8.2076485E-07  	8.209289E-07   	8.2079504E-07  	8.212346E-07   	8.2109443E-07  	8.212179E-07   	8.2119993E-07  	8.211473E-07   	8.2154116E-07  	8.2173875E-07  	8.215617E-07   	8.216657E-07   	8.2174546E-07  	8.2140747E-07  	8.2161654E-07  	8.2167566E-07  	8.217494E-07   	8.22914E-07    	
8.2246873E-07  	8.222992E-07   	8.2214774E-07  	8.219109E-07   	8.2191815E-07  	8.218117E-07   	8.217895E-07   	8.222017E-07   	8.221698E-07   	8.2215195E-07  	8.219988E-07   	8.219653E-07   	8.219675E-07   	8.2208317E-07  	8.218952E-07   	8.218085E-07   	8.2175524E-07  	8.217591E-07   	8.2194595E-07  	8.2177036E-07  	8.216017E-07   	8.216889E-07   	8.216792E-07   	8.215519E-07   	8.216423E-07   	8.214693E-07   	8.219466E-07   	8.217568E-07   	8.2155776E-07  	8.21781E-07    	8.21776E-07    	8.219759E-07   	8.2171863E-07  	8.217696E-07   	8.215604E-07   	8.2164274E-07  	8.2134034E-07  	8.2151996E-07  	8.2157E-07     	8.218137E-07   	8.2199006E-07  	8.2230133E-07  	8.2248306E-07  	8.227162E-07   	8.2217036E-07  	8.221085E-07   	8.224004E-07   	8.222059E-07   	8.221121E-07   	8.2182487E-07  	8.2189575E-07  	8.2185795E-07  	8.219547E-07   	8.2265615E-07  	8.2287835E-07  	8.239072E-07   	8.2498576E-07  	8.2657203E-07  	8.270771E-07   	8.2685443E-07  	8.269974E-07   	8.268578E-07   	8.267327E-07   	8.2673495E-07  	8.27335E-07    	8.3116845E-07  	8.343301E-07   	8.3708767E-07  	8.379796E-07   	8.3852126E-07  	8.3905E-07     	8.4006024E-07  	8.3997287E-07  	8.397986E-07   	8.3878115E-07  	8.3681647E-07  	8.3397333E-07  	8.2589844E-07  	8.185163E-07   	8.197859E-07   	8.211398E-07   	8.2102827E-07  	8.2117435E-07  	8.2124205E-07  	8.2109926E-07  	8.215107E-07   	8.2164456E-07  	8.2140315E-07  	8.214396E-07   	8.215237E-07   	8.21452E-07    	8.2159E-07     	8.2154367E-07  	8.21848E-07    	8.217131E-07   	8.2146124E-07  	8.2156316E-07  	8.217195E-07   	8.2203815E-07  	8.223091E-07   	
8.223929E-07   	8.220839E-07   	8.21912E-07    	8.218577E-07   	8.2215695E-07  	8.2228803E-07  	8.2200177E-07  	8.221614E-07   	8.2276347E-07  	8.228747E-07   	8.225109E-07   	8.2241735E-07  	8.2208555E-07  	8.2243145E-07  	8.222768E-07   	8.221099E-07   	8.221217E-07   	8.225235E-07   	8.22206E-07    	8.2222437E-07  	8.223361E-07   	8.2229263E-07  	8.220499E-07   	8.2221976E-07  	8.221085E-07   	8.22049E-07    	8.2218946E-07  	8.219937E-07   	8.2185716E-07  	8.22117E-07    	8.220525E-07   	8.220453E-07   	8.222388E-07   	8.219016E-07   	8.2228286E-07  	8.220299E-07   	8.2177723E-07  	8.2205355E-07  	8.221682E-07   	8.219882E-07   	8.2219543E-07  	8.2240587E-07  	8.228328E-07   	8.230963E-07   	8.23121E-07    	8.225964E-07   	8.2294963E-07  	8.230525E-07   	8.229898E-07   	8.2511673E-07  	8.26368E-07    	8.2697306E-07  	8.271421E-07   	8.270943E-07   	8.270629E-07   	8.2699233E-07  	8.279888E-07   	8.32158E-07    	8.347039E-07   	8.364141E-07   	8.381133E-07   	8.389748E-07   	8.3956695E-07  	8.3990994E-07  	8.399456E-07   	8.402353E-07   	8.4012134E-07  	8.4024697E-07  	8.400024E-07   	8.400077E-07   	8.401193E-07   	8.402371E-07   	8.403479E-07   	8.4013016E-07  	8.4007405E-07  	8.383597E-07   	8.362235E-07   	8.3261125E-07  	8.2388345E-07  	8.1817444E-07  	8.1944995E-07  	8.199097E-07   	8.2051184E-07  	8.206524E-07   	8.209076E-07   	8.2112837E-07  	8.2123364E-07  	8.213402E-07   	8.2133585E-07  	8.2143924E-07  	8.2126104E-07  	8.2144044E-07  	8.2164E-07     	8.2141435E-07  	8.2126684E-07  	8.2161716E-07  	8.215858E-07   	8.21588E-07    	8.2192224E-07  	8.218812E-07   	
8.225782E-07   	8.2249534E-07  	8.224344E-07   	8.2226705E-07  	8.2224864E-07  	8.221971E-07   	8.223496E-07   	8.2287966E-07  	8.2295253E-07  	8.227631E-07   	8.2302523E-07  	8.2266126E-07  	8.221115E-07   	8.2225836E-07  	8.221151E-07   	8.219099E-07   	8.223868E-07   	8.225054E-07   	8.219535E-07   	8.222951E-07   	8.222615E-07   	8.220467E-07   	8.220415E-07   	8.219957E-07   	8.219396E-07   	8.2207197E-07  	8.2231827E-07  	8.2234834E-07  	8.219074E-07   	8.218966E-07   	8.2204343E-07  	8.2215774E-07  	8.221535E-07   	8.2201336E-07  	8.218007E-07   	8.2198954E-07  	8.2211557E-07  	8.22126E-07    	8.220023E-07   	8.2219947E-07  	8.2233845E-07  	8.220391E-07   	8.2228513E-07  	8.266776E-07   	8.2746504E-07  	8.2693697E-07  	8.2718617E-07  	8.272863E-07   	8.273325E-07   	8.285822E-07   	8.3173893E-07  	8.350398E-07   	8.377102E-07   	8.389509E-07   	8.398018E-07   	8.399712E-07   	8.3985276E-07  	8.4005586E-07  	8.401723E-07   	8.402453E-07   	8.4045195E-07  	8.4018177E-07  	8.400124E-07   	8.403272E-07   	8.399747E-07   	8.3993064E-07  	8.3992103E-07  	8.399445E-07   	8.400308E-07   	8.4003216E-07  	8.400222E-07   	8.3992757E-07  	8.4002227E-07  	8.4004006E-07  	8.4017836E-07  	8.393675E-07   	8.376172E-07   	8.351595E-07   	8.3029363E-07  	8.216283E-07   	8.1870525E-07  	8.1971405E-07  	8.204681E-07   	8.2058745E-07  	8.207926E-07   	8.210732E-07   	8.210837E-07   	8.214511E-07   	8.215355E-07   	8.215011E-07   	8.2160784E-07  	8.215088E-07   	8.2161205E-07  	8.2149006E-07  	8.217635E-07   	8.219968E-07   	8.2184073E-07  	8.2194475E-07  	8.220102E-07   	8.219068E-07   	
8.225409E-07   	8.2240723E-07  	8.2240285E-07  	8.2220396E-07  	8.22065E-07    	8.22074E-07    	8.225681E-07   	8.227303E-07   	8.2287573E-07  	8.229226E-07   	8.223834E-07   	8.222071E-07   	8.2205275E-07  	8.220658E-07   	8.2245305E-07  	8.225233E-07   	8.216872E-07   	8.2211074E-07  	8.2220834E-07  	8.219677E-07   	8.219682E-07   	8.2229053E-07  	8.220372E-07   	8.220073E-07   	8.221595E-07   	8.2208544E-07  	8.220704E-07   	8.224762E-07   	8.223512E-07   	8.2216803E-07  	8.22272E-07    	8.220694E-07   	8.21952E-07    	8.219592E-07   	8.219647E-07   	8.2186807E-07  	8.2215746E-07  	8.2205463E-07  	8.219546E-07   	8.224275E-07   	8.2229315E-07  	8.252346E-07   	8.316616E-07   	8.3569756E-07  	8.372023E-07   	8.384098E-07   	8.3911E-07     	8.3990886E-07  	8.4014573E-07  	8.403017E-07   	8.4013453E-07  	8.4006405E-07  	8.4013084E-07  	8.4023804E-07  	8.4028414E-07  	8.4023196E-07  	8.4013305E-07  	8.4008786E-07  	8.401347E-07   	8.400476E-07   	8.4002676E-07  	8.401435E-07   	8.399341E-07   	8.399116E-07   	8.3982616E-07  	8.3981115E-07  	8.398592E-07   	8.3991165E-07  	8.3977693E-07  	8.3995457E-07  	8.398279E-07   	8.397924E-07   	8.399044E-07   	8.402092E-07   	8.4011174E-07  	8.3982997E-07  	8.3880013E-07  	8.3649473E-07  	8.329401E-07   	8.272931E-07   	8.1819695E-07  	8.1917926E-07  	8.198885E-07   	8.205276E-07   	8.205888E-07   	8.209021E-07   	8.212862E-07   	8.2150245E-07  	8.213232E-07   	8.20904E-07    	8.214475E-07   	8.2128304E-07  	8.21261E-07    	8.211806E-07   	8.21489E-07    	8.215617E-07   	8.2160193E-07  	8.2157493E-07  	8.21372E-07    	8.216647E-07   	
8.2307645E-07  	8.2319957E-07  	8.2322117E-07  	8.228998E-07   	8.22336E-07    	8.224946E-07   	8.228294E-07   	8.226661E-07   	8.229274E-07   	8.230838E-07   	8.228429E-07   	8.2222846E-07  	8.221647E-07   	8.2208425E-07  	8.2218867E-07  	8.2204957E-07  	8.219198E-07   	8.2194657E-07  	8.221882E-07   	8.216526E-07   	8.219106E-07   	8.2218617E-07  	8.221406E-07   	8.2221686E-07  	8.2235005E-07  	8.217947E-07   	8.2204946E-07  	8.222449E-07   	8.22219E-07    	8.220742E-07   	8.2206515E-07  	8.2206304E-07  	8.220275E-07   	8.222746E-07   	8.225091E-07   	8.2238216E-07  	8.225863E-07   	8.227408E-07   	8.224338E-07   	8.2314176E-07  	8.300564E-07   	8.4450267E-07  	8.557973E-07   	8.5558963E-07  	8.47042E-07    	8.3732255E-07  	8.37954E-07    	8.3851916E-07  	8.3884885E-07  	8.390086E-07   	8.3913153E-07  	8.392965E-07   	8.391957E-07   	8.3927176E-07  	8.394729E-07   	8.396615E-07   	8.3940034E-07  	8.3937886E-07  	8.395374E-07   	8.3920264E-07  	8.394674E-07   	8.397568E-07   	8.393679E-07   	8.394854E-07   	8.3941654E-07  	8.392486E-07   	8.389152E-07   	8.39231E-07    	8.39203E-07    	8.3914307E-07  	8.3930274E-07  	8.3949857E-07  	8.392653E-07   	8.395729E-07   	8.395297E-07   	8.3945105E-07  	8.3929604E-07  	8.375841E-07   	8.3550157E-07  	8.318098E-07   	8.2318434E-07  	8.1774476E-07  	8.191963E-07   	8.194408E-07   	8.1974554E-07  	8.204189E-07   	8.209629E-07   	8.20939E-07    	8.2092646E-07  	8.2056573E-07  	8.209719E-07   	8.208926E-07   	8.2112086E-07  	8.2120334E-07  	8.2135097E-07  	8.213913E-07   	8.21197E-07    	8.210844E-07   	8.211591E-07   	8.213477E-07   	
8.2279195E-07  	8.228051E-07   	8.227784E-07   	8.228709E-07   	8.228216E-07   	8.224478E-07   	8.2206867E-07  	8.224081E-07   	8.223164E-07   	8.221713E-07   	8.220097E-07   	8.222627E-07   	8.224043E-07   	8.224405E-07   	8.2220083E-07  	8.2229417E-07  	8.2222624E-07  	8.221773E-07   	8.2217474E-07  	8.2212443E-07  	8.221814E-07   	8.222015E-07   	8.221447E-07   	8.221547E-07   	8.221057E-07   	8.2190843E-07  	8.221E-07      	8.221377E-07   	8.2232606E-07  	8.228172E-07   	8.227084E-07   	8.224517E-07   	8.226754E-07   	8.224206E-07   	8.224674E-07   	8.224887E-07   	8.225371E-07   	8.227246E-07   	8.2830013E-07  	8.372258E-07   	8.467609E-07   	8.53684E-07    	8.604516E-07   	8.625116E-07   	8.596208E-07   	8.584087E-07   	8.5501534E-07  	8.479564E-07   	8.3682113E-07  	8.37114E-07    	8.3768884E-07  	8.381294E-07   	8.3830736E-07  	8.386264E-07   	8.388738E-07   	8.3886437E-07  	8.3887966E-07  	8.388702E-07   	8.386453E-07   	8.388579E-07   	8.389711E-07   	8.389086E-07   	8.389899E-07   	8.389822E-07   	8.3893934E-07  	8.38978E-07    	8.38934E-07    	8.3885806E-07  	8.3892786E-07  	8.389892E-07   	8.3894594E-07  	8.389108E-07   	8.3923095E-07  	8.390314E-07   	8.391173E-07   	8.390295E-07   	8.39034E-07    	8.376819E-07   	8.3567073E-07  	8.3275336E-07  	8.290799E-07   	8.2038906E-07  	8.180622E-07   	8.1936713E-07  	8.196149E-07   	8.200364E-07   	8.204036E-07   	8.205205E-07   	8.206687E-07   	8.2084E-07     	8.2097364E-07  	8.210704E-07   	8.2106317E-07  	8.2075906E-07  	8.211063E-07   	8.208132E-07   	8.206173E-07   	8.2093567E-07  	8.2102144E-07  	8.210414E-07   	
8.2276387E-07  	8.226541E-07   	8.224204E-07   	8.22187E-07    	8.2171687E-07  	8.215096E-07   	8.2221464E-07  	8.226217E-07   	8.2306565E-07  	8.2318763E-07  	8.2419564E-07  	8.249873E-07   	8.2645715E-07  	8.2720703E-07  	8.198144E-07   	8.202105E-07   	8.205465E-07   	8.207277E-07   	8.2101354E-07  	8.214996E-07   	8.217554E-07   	8.218083E-07   	8.2167975E-07  	8.2214774E-07  	8.220981E-07   	8.222308E-07   	8.220874E-07   	8.219279E-07   	8.2219157E-07  	8.222432E-07   	8.222286E-07   	8.221616E-07   	8.221429E-07   	8.2213546E-07  	8.220286E-07   	8.2230844E-07  	8.226082E-07   	8.41012E-07    	8.5131586E-07  	8.5813485E-07  	8.6417293E-07  	8.698515E-07   	8.726949E-07   	8.735325E-07   	8.72861E-07    	8.710898E-07   	8.6883915E-07  	8.6508794E-07  	8.5619405E-07  	8.385489E-07   	8.3507996E-07  	8.362068E-07   	8.3679777E-07  	8.371802E-07   	8.372757E-07   	8.374432E-07   	8.3758505E-07  	8.3770556E-07  	8.377997E-07   	8.3787256E-07  	8.379822E-07   	8.3796334E-07  	8.3809107E-07  	8.3827626E-07  	8.3793833E-07  	8.382309E-07   	8.383274E-07   	8.3847164E-07  	8.3810204E-07  	8.380446E-07   	8.381819E-07   	8.381377E-07   	8.3820674E-07  	8.381789E-07   	8.3834124E-07  	8.383788E-07   	8.382991E-07   	8.3794794E-07  	8.363384E-07   	8.342995E-07   	8.2982797E-07  	8.214184E-07   	8.1764045E-07  	8.186656E-07   	8.1908223E-07  	8.197115E-07   	8.198206E-07   	8.1981335E-07  	8.200742E-07   	8.2017476E-07  	8.202185E-07   	8.2032506E-07  	8.2036064E-07  	8.205641E-07   	8.2053623E-07  	8.20297E-07    	8.2034234E-07  	8.203143E-07   	8.204455E-07   	8.2071875E-07  	
8.2236005E-07  	8.2291325E-07  	8.2316126E-07  	8.239753E-07   	8.2585353E-07  	8.267312E-07   	8.264505E-07   	8.266476E-07   	8.266431E-07   	8.2638417E-07  	8.2665457E-07  	8.2778007E-07  	8.321548E-07   	8.3393064E-07  	8.3319765E-07  	8.319542E-07   	8.301501E-07   	8.2334446E-07  	8.1864164E-07  	8.1986354E-07  	8.202904E-07   	8.2061405E-07  	8.213144E-07   	8.2112274E-07  	8.211242E-07   	8.211836E-07   	8.2071693E-07  	8.2114605E-07  	8.2137626E-07  	8.213178E-07   	8.2128025E-07  	8.2144305E-07  	8.2147665E-07  	8.2133454E-07  	8.215344E-07   	8.2167367E-07  	8.2224375E-07  	8.395292E-07   	8.553522E-07   	8.640394E-07   	8.6843346E-07  	8.702506E-07   	8.71921E-07    	8.7331597E-07  	8.730083E-07   	8.710005E-07   	8.667921E-07   	8.655876E-07   	8.637694E-07   	8.5688316E-07  	8.422703E-07   	8.343898E-07   	8.3589316E-07  	8.3625906E-07  	8.3685563E-07  	8.371361E-07   	8.371968E-07   	8.374158E-07   	8.375174E-07   	8.374771E-07   	8.372802E-07   	8.3761176E-07  	8.3757595E-07  	8.378321E-07   	8.379177E-07   	8.376911E-07   	8.378957E-07   	8.3781583E-07  	8.3789905E-07  	8.3771545E-07  	8.37995E-07    	8.380181E-07   	8.3795896E-07  	8.3806134E-07  	8.382854E-07   	8.379751E-07   	8.380696E-07   	8.379452E-07   	8.375134E-07   	8.3581625E-07  	8.3341394E-07  	8.284205E-07   	8.183322E-07   	8.178774E-07   	8.1902937E-07  	8.189104E-07   	8.19348E-07    	8.198104E-07   	8.199815E-07   	8.197587E-07   	8.1989634E-07  	8.200537E-07   	8.202297E-07   	8.203144E-07   	8.2000605E-07  	8.200542E-07   	8.204133E-07   	8.2040896E-07  	8.2037997E-07  	8.202526E-07   	
8.2579857E-07  	8.2571495E-07  	8.258806E-07   	8.283549E-07   	8.3322385E-07  	8.353928E-07   	8.366318E-07   	8.372519E-07   	8.3849716E-07  	8.3913545E-07  	8.394768E-07   	8.395063E-07   	8.392853E-07   	8.3936584E-07  	8.389745E-07   	8.3706743E-07  	8.3497656E-07  	8.29183E-07    	8.1926964E-07  	8.1866557E-07  	8.194039E-07   	8.1970984E-07  	8.1998826E-07  	8.20434E-07    	8.204731E-07   	8.2061456E-07  	8.2064025E-07  	8.2073234E-07  	8.208507E-07   	8.2073683E-07  	8.209048E-07   	8.209904E-07   	8.20955E-07    	8.2091907E-07  	8.2107664E-07  	8.217456E-07   	8.3727303E-07  	8.4527477E-07  	8.5563437E-07  	8.6103387E-07  	8.617762E-07   	8.617206E-07   	8.660033E-07   	8.685345E-07   	8.683135E-07   	8.648407E-07   	8.6006435E-07  	8.614174E-07   	8.6287224E-07  	8.578445E-07   	8.425074E-07   	8.3422304E-07  	8.3574736E-07  	8.3648223E-07  	8.369557E-07   	8.37265E-07    	8.3721704E-07  	8.3733806E-07  	8.374312E-07   	8.374663E-07   	8.375329E-07   	8.378272E-07   	8.3771516E-07  	8.377611E-07   	8.379782E-07   	8.379241E-07   	8.3808595E-07  	8.3808317E-07  	8.380485E-07   	8.38163E-07    	8.378653E-07   	8.379061E-07   	8.380161E-07   	8.3811966E-07  	8.3776445E-07  	8.3790604E-07  	8.379926E-07   	8.38235E-07    	8.37643E-07    	8.35884E-07    	8.336952E-07   	8.3007325E-07  	8.265369E-07   	8.174723E-07   	8.174308E-07   	8.186934E-07   	8.189319E-07   	8.193136E-07   	8.1960263E-07  	8.195E-07      	8.1935605E-07  	8.194E-07      	8.199602E-07   	8.196299E-07   	8.1949264E-07  	8.201026E-07   	8.198486E-07   	8.202603E-07   	8.203622E-07   	8.203132E-07   	
8.3827223E-07  	8.3851535E-07  	8.38496E-07    	8.38628E-07    	8.3884896E-07  	8.3895384E-07  	8.387374E-07   	8.3915E-07     	8.39049E-07    	8.3880946E-07  	8.392922E-07   	8.3943087E-07  	8.392626E-07   	8.392835E-07   	8.39241E-07    	8.3809766E-07  	8.362703E-07   	8.336483E-07   	8.2880484E-07  	8.188551E-07   	8.1880086E-07  	8.196746E-07   	8.2004E-07     	8.201234E-07   	8.2041436E-07  	8.2033637E-07  	8.20778E-07    	8.2076974E-07  	8.20731E-07    	8.210841E-07   	8.207525E-07   	8.2102514E-07  	8.211677E-07   	8.210695E-07   	8.2120675E-07  	8.2251745E-07  	8.36959E-07    	8.4721546E-07  	8.500738E-07   	8.57979E-07    	8.617811E-07   	8.588097E-07   	8.5781664E-07  	8.600616E-07   	8.594893E-07   	8.568979E-07   	8.5351644E-07  	8.517668E-07   	8.5248666E-07  	8.467679E-07   	8.35637E-07    	8.3612974E-07  	8.3684137E-07  	8.375565E-07   	8.376285E-07   	8.376516E-07   	8.3789666E-07  	8.3765934E-07  	8.3789814E-07  	8.38004E-07    	8.3795476E-07  	8.381417E-07   	8.3820976E-07  	8.3813603E-07  	8.3796465E-07  	8.381672E-07   	8.3824114E-07  	8.3791053E-07  	8.380505E-07   	8.381809E-07   	8.379969E-07   	8.383466E-07   	8.3824665E-07  	8.381626E-07   	8.3830776E-07  	8.3815723E-07  	8.382395E-07   	8.3844577E-07  	8.384236E-07   	8.374506E-07   	8.3575526E-07  	8.3324784E-07  	8.2752337E-07  	8.18596E-07    	8.187822E-07   	8.1937475E-07  	8.1928687E-07  	8.1950174E-07  	8.1978317E-07  	8.1988895E-07  	8.2005255E-07  	8.1999684E-07  	8.2011485E-07  	8.2029345E-07  	8.1980636E-07  	8.19997E-07    	8.1999804E-07  	8.200172E-07   	8.2014475E-07  	8.2012906E-07  	
8.394274E-07   	8.3934174E-07  	8.391455E-07   	8.389438E-07   	8.391406E-07   	8.391986E-07   	8.393373E-07   	8.39282E-07    	8.3940427E-07  	8.392583E-07   	8.3924544E-07  	8.395326E-07   	8.3929046E-07  	8.393117E-07   	8.394002E-07   	8.391534E-07   	8.374364E-07   	8.3516505E-07  	8.3084626E-07  	8.2498633E-07  	8.175567E-07   	8.1876175E-07  	8.1937884E-07  	8.198237E-07   	8.200446E-07   	8.203299E-07   	8.205737E-07   	8.206385E-07   	8.207814E-07   	8.207686E-07   	8.2085404E-07  	8.208917E-07   	8.2092504E-07  	8.209054E-07   	8.207586E-07   	8.2111137E-07  	8.2111086E-07  	8.231338E-07   	8.2907496E-07  	8.329004E-07   	8.367862E-07   	8.4397453E-07  	8.45359E-07    	8.46135E-07    	8.462059E-07   	8.473235E-07   	8.436131E-07   	8.403194E-07   	8.36303E-07    	8.374668E-07   	8.379895E-07   	8.3818946E-07  	8.38376E-07    	8.3851336E-07  	8.386675E-07   	8.386379E-07   	8.386405E-07   	8.385541E-07   	8.385471E-07   	8.386473E-07   	8.388962E-07   	8.386128E-07   	8.3856946E-07  	8.386608E-07   	8.3857896E-07  	8.386157E-07   	8.3886533E-07  	8.3859277E-07  	8.38518E-07    	8.385864E-07   	8.386341E-07   	8.3859595E-07  	8.386097E-07   	8.387705E-07   	8.386545E-07   	8.384335E-07   	8.38609E-07    	8.387085E-07   	8.3865586E-07  	8.385769E-07   	8.372698E-07   	8.3533246E-07  	8.321987E-07   	8.2521484E-07  	8.18012E-07    	8.1897633E-07  	8.1965146E-07  	8.201126E-07   	8.2048626E-07  	8.206274E-07   	8.202419E-07   	8.201353E-07   	8.204348E-07   	8.203731E-07   	8.202937E-07   	8.201978E-07   	8.205527E-07   	8.205409E-07   	8.202908E-07   	8.2057386E-07  	
8.394384E-07   	8.393988E-07   	8.3917286E-07  	8.391422E-07   	8.3920924E-07  	8.3917706E-07  	8.3931843E-07  	8.393011E-07   	8.3934725E-07  	8.3935635E-07  	8.395048E-07   	8.39441E-07    	8.394081E-07   	8.39477E-07    	8.3947356E-07  	8.3948703E-07  	8.3814336E-07  	8.3619494E-07  	8.3359424E-07  	8.2912493E-07  	8.2019784E-07  	8.1864005E-07  	8.194817E-07   	8.201435E-07   	8.2025605E-07  	8.205139E-07   	8.206341E-07   	8.2079913E-07  	8.2080857E-07  	8.209857E-07   	8.20994E-07    	8.2114474E-07  	8.212366E-07   	8.2108187E-07  	8.2117134E-07  	8.211371E-07   	8.2122824E-07  	8.2130856E-07  	8.2133846E-07  	8.2146585E-07  	8.2149734E-07  	8.215407E-07   	8.262011E-07   	8.299226E-07   	8.298001E-07   	8.329439E-07   	8.3589606E-07  	8.3834504E-07  	8.3972145E-07  	8.397762E-07   	8.394881E-07   	8.393425E-07   	8.3952045E-07  	8.391569E-07   	8.393844E-07   	8.394209E-07   	8.3905434E-07  	8.392783E-07   	8.391954E-07   	8.38996E-07    	8.391852E-07   	8.392238E-07   	8.389512E-07   	8.389752E-07   	8.390812E-07   	8.3913505E-07  	8.390275E-07   	8.3925903E-07  	8.3899846E-07  	8.3936214E-07  	8.393443E-07   	8.3854167E-07  	8.3871964E-07  	8.3891393E-07  	8.389935E-07   	8.389146E-07   	8.3895765E-07  	8.3896447E-07  	8.3903365E-07  	8.390268E-07   	8.3878746E-07  	8.3705123E-07  	8.3501214E-07  	8.305558E-07   	8.224541E-07   	8.1769343E-07  	8.192705E-07   	8.1935997E-07  	8.1968636E-07  	8.201724E-07   	8.202033E-07   	8.200471E-07   	8.2005437E-07  	8.2005016E-07  	8.205596E-07   	8.2016385E-07  	8.2042015E-07  	8.2065696E-07  	8.204474E-07   	8.204913E-07   	
8.395247E-07   	8.394333E-07   	8.392995E-07   	8.393092E-07   	8.393041E-07   	8.3919724E-07  	8.3947657E-07  	8.3944855E-07  	8.3929575E-07  	8.3935515E-07  	8.3954296E-07  	8.393249E-07   	8.3960293E-07  	8.396932E-07   	8.395192E-07   	8.397414E-07   	8.3948925E-07  	8.37716E-07    	8.35683E-07    	8.318336E-07   	8.23952E-07    	8.1785026E-07  	8.194067E-07   	8.198815E-07   	8.2016015E-07  	8.2059887E-07  	8.2065054E-07  	8.2104634E-07  	8.2103395E-07  	8.208113E-07   	8.2092873E-07  	8.2127605E-07  	8.213716E-07   	8.2131453E-07  	8.212271E-07   	8.2118896E-07  	8.213518E-07   	8.215043E-07   	8.21479E-07    	8.2135637E-07  	8.21905E-07    	8.2183806E-07  	8.2216224E-07  	8.2657743E-07  	8.300924E-07   	8.312367E-07   	8.341023E-07   	8.370401E-07   	8.3904104E-07  	8.3958287E-07  	8.39182E-07    	8.397523E-07   	8.3956013E-07  	8.3933054E-07  	8.39428E-07    	8.39317E-07    	8.3959173E-07  	8.396011E-07   	8.395963E-07   	8.3932485E-07  	8.39064E-07    	8.393487E-07   	8.392043E-07   	8.392765E-07   	8.3923453E-07  	8.3914506E-07  	8.3935953E-07  	8.3902563E-07  	8.39091E-07    	8.391285E-07   	8.390633E-07   	8.3901875E-07  	8.3908503E-07  	8.3922066E-07  	8.391091E-07   	8.390112E-07   	8.39007E-07    	8.3917587E-07  	8.3916194E-07  	8.391484E-07   	8.3888045E-07  	8.37854E-07    	8.3585024E-07  	8.325556E-07   	8.287964E-07   	8.2045085E-07  	8.1822753E-07  	8.192599E-07   	8.196244E-07   	8.198997E-07   	8.201049E-07   	8.200544E-07   	8.206841E-07   	8.2086467E-07  	8.2062024E-07  	8.208316E-07   	8.2089235E-07  	8.210853E-07   	8.209664E-07   	8.209063E-07   	
8.394597E-07   	8.3945594E-07  	8.3927165E-07  	8.392369E-07   	8.393528E-07   	8.3938767E-07  	8.3969337E-07  	8.3940023E-07  	8.39743E-07    	8.397522E-07   	8.397302E-07   	8.3993115E-07  	8.3972446E-07  	8.39539E-07    	8.3971463E-07  	8.403206E-07   	8.4022207E-07  	8.391752E-07   	8.373176E-07   	8.3442444E-07  	8.294893E-07   	8.2017584E-07  	8.181874E-07   	8.195812E-07   	8.2030954E-07  	8.205892E-07   	8.211187E-07   	8.2117435E-07  	8.210935E-07   	8.2105447E-07  	8.214202E-07   	8.215137E-07   	8.2140417E-07  	8.214743E-07   	8.21498E-07    	8.216287E-07   	8.2171704E-07  	8.215695E-07   	8.2177604E-07  	8.218069E-07   	8.2186017E-07  	8.219601E-07   	8.220215E-07   	8.224706E-07   	8.2776984E-07  	8.3062275E-07  	8.332766E-07   	8.3646677E-07  	8.392481E-07   	8.4007655E-07  	8.3981024E-07  	8.400019E-07   	8.3992694E-07  	8.396849E-07   	8.397878E-07   	8.396535E-07   	8.3992853E-07  	8.3955706E-07  	8.396519E-07   	8.396099E-07   	8.397108E-07   	8.397928E-07   	8.3964204E-07  	8.3958224E-07  	8.3972344E-07  	8.39428E-07    	8.3949567E-07  	8.3957593E-07  	8.3943087E-07  	8.39449E-07    	8.392586E-07   	8.392643E-07   	8.3917035E-07  	8.3927057E-07  	8.395886E-07   	8.396025E-07   	8.393195E-07   	8.392149E-07   	8.39399E-07    	8.392879E-07   	8.395153E-07   	8.390449E-07   	8.3719715E-07  	8.3513333E-07  	8.3128674E-07  	8.2426385E-07  	8.1731383E-07  	8.1912805E-07  	8.1973724E-07  	8.198464E-07   	8.2005795E-07  	8.20256E-07    	8.205832E-07   	8.2062775E-07  	8.2062263E-07  	8.205825E-07   	8.207288E-07   	8.2061007E-07  	8.206433E-07   	8.2056005E-07  	
8.4005137E-07  	8.399933E-07   	8.3957434E-07  	8.3943405E-07  	8.396264E-07   	8.397487E-07   	8.399223E-07   	8.3953046E-07  	8.399928E-07   	8.398047E-07   	8.3999544E-07  	8.4017137E-07  	8.3980467E-07  	8.40192E-07    	8.3995127E-07  	8.401022E-07   	8.4007655E-07  	8.3999475E-07  	8.387165E-07   	8.367148E-07   	8.339104E-07   	8.2691395E-07  	8.1872724E-07  	8.1998365E-07  	8.2075576E-07  	8.2117185E-07  	8.21197E-07    	8.211067E-07   	8.2133056E-07  	8.21823E-07    	8.2172437E-07  	8.2153304E-07  	8.2158095E-07  	8.2174563E-07  	8.217868E-07   	8.217409E-07   	8.2219424E-07  	8.2172926E-07  	8.2182174E-07  	8.22081E-07    	8.220854E-07   	8.220246E-07   	8.2160057E-07  	8.2205213E-07  	8.236239E-07   	8.293433E-07   	8.31716E-07    	8.3445303E-07  	8.3738826E-07  	8.396814E-07   	8.402989E-07   	8.3998435E-07  	8.4014584E-07  	8.400644E-07   	8.401276E-07   	8.400276E-07   	8.3973754E-07  	8.3956854E-07  	8.39828E-07    	8.399203E-07   	8.3964443E-07  	8.3983593E-07  	8.397393E-07   	8.396836E-07   	8.3958923E-07  	8.3976715E-07  	8.39816E-07    	8.3948106E-07  	8.3960555E-07  	8.394761E-07   	8.3946077E-07  	8.394782E-07   	8.3964176E-07  	8.396527E-07   	8.3947015E-07  	8.3943155E-07  	8.394368E-07   	8.3938824E-07  	8.394606E-07   	8.3949436E-07  	8.3938636E-07  	8.396034E-07   	8.389037E-07   	8.367583E-07   	8.3431104E-07  	8.287493E-07   	8.2025883E-07  	8.1816603E-07  	8.1893165E-07  	8.193262E-07   	8.1973565E-07  	8.196011E-07   	8.197523E-07   	8.2029754E-07  	8.202305E-07   	8.202267E-07   	8.205751E-07   	8.203785E-07   	8.2042544E-07  	8.203628E-07   	
