# www.neaspec.com
# Scan:	 	AFM
# Project:	 	20251007_PS
# Description:	 	
# Date:	 	10/07/2025 10:43:47
# Scanner Center Position (X, Y):	[µm]	49.99	50.01	 
# Rotation:	[°]	0	 	 
# Scan Area (X, Y, Z):	[µm]	5.000	5.000	0.000
# Pixel Area (X, Y, Z):	[px]	100	50	1
# Averaging:	 	1	 	 
# Integration time:	[ms]	5	 	 
# Laser Source:	 	4.5-15 µm nano-FTIR laser
# Detector:	 	R
# Target Wavelength:	[µm]	7.502	 	 
# Demodulation Mode:	 	Fourier
# Tip Frequency:	[Hz]	241,340.500	 	 
# Tip Amplitude:	[mV]	45.700	 	 
# Tapping Amplitude:	[nm]	79.665	 	 
# Modulation Frequency:	[Hz]	0.000	 	 
# Modulation Amplitude:	[mV]	0.000	 	 
# Modulation Offset:	[mV]	0.000	 	 
# Setpoint:	[%]	79.75	 	 
# Regulator (P, I, D):	 	4.206850	8.625812	1.000000
# Tip Potential:	[mV]	0.000	 	 
# M1A Scaling:	[nm/V]	0.426	 	 
# M1A Cantilever Factor:	 	1,000	 	 
# Q-Factor:	 	487.4	 	 
# Version:	 	2.1.11536.0
0.40692964     	0.51555634     	0.49318507     	0.42056146     	0.35526747     	0.413308       	0.4576766      	0.3880841      	0.4158309      	0.40963152     	0.42383218     	0.5152417      	0.32832742     	0.4952842      	0.41815516     	0.38708904     	0.42176154     	0.3846719      	0.38663822     	0.46272403     	0.4176982      	0.50761783     	0.47547013     	0.36660945     	0.38283506     	0.47994673     	0.33501664     	0.46634802     	0.420814       	0.40352508     	0.39271462     	0.5600274      	0.37009892     	0.44568098     	0.45633817     	0.42345068     	0.46356863     	0.53447837     	0.38242328     	0.3623801      	0.42848185     	0.4123333      	0.4242015      	0.39204255     	0.45926887     	0.47749949     	0.36265185     	0.3477372      	0.37158683     	0.57356155     	0.45625865     	0.4212681      	0.36880448     	0.35889062     	0.39658606     	0.39262566     	0.37219736     	0.42296663     	0.3619389      	0.52634215     	0.44196168     	0.52227944     	0.3615536      	0.36183158     	0.4496125      	0.3868788      	0.38633478     	0.51652306     	0.42926177     	0.33380032     	0.45153084     	0.4097267      	0.40526423     	0.3948282      	0.43834937     	0.41682944     	0.3069176      	0.5029668      	0.50348395     	0.4603922      	0.38897198     	0.4289812      	0.31036896     	0.44659057     	0.4083823      	0.4273265      	0.310973       	0.34661075     	0.32528743     	0.18349855     	0.288577       	0.23436485     	0.27540165     	0.33526185     	0.26834542     	0.2985326      	0.24529254     	0.16431637     	0.13109477     	0.21646897     	
0.2799773      	0.4487107      	0.45739132     	0.43616506     	0.3393092      	0.43816295     	0.4268251      	0.43365243     	0.48254964     	0.39157513     	0.3720232      	0.33791745     	0.43723348     	0.39191663     	0.3832075      	0.3805985      	0.35478568     	0.41771        	0.41344702     	0.41460264     	0.35771284     	0.39564782     	0.49206954     	0.46289724     	0.35356548     	0.40289348     	0.42395845     	0.4236353      	0.4030368      	0.41681856     	0.5280798      	0.36191642     	0.41548404     	0.43549287     	0.35363567     	0.36304083     	0.38786396     	0.37161174     	0.45019957     	0.38684863     	0.3710512      	0.42002591     	0.46703812     	0.42711857     	0.42156294     	0.34653324     	0.4809468      	0.34333375     	0.3911991      	0.42786202     	0.35709092     	0.48491257     	0.42351347     	0.42570174     	0.33735248     	0.5180383      	0.463209       	0.4570316      	0.44710007     	0.4503211      	0.384737       	0.43985847     	0.52393574     	0.3974501      	0.42133072     	0.44667256     	0.445783       	0.38407913     	0.4127422      	0.423894       	0.37655228     	0.4402483      	0.39058506     	0.3401233      	0.45673665     	0.40412363     	0.38239336     	0.42151728     	0.39486632     	0.42708436     	0.5257378      	0.36885607     	0.32041734     	0.4368874      	0.42723987     	0.4804483      	0.23411217     	0.27752256     	0.26893592     	0.18938565     	0.1644423      	0.20691662     	0.15921658     	0.2322433      	0.21470639     	0.171505       	0.14271712     	0.17649786     	0.22521877     	0.10376609     	
0.4028888      	0.4729961      	0.46187514     	0.38859636     	0.40048826     	0.40453586     	0.37356907     	0.37439027     	0.38915443     	0.5630089      	0.46941078     	0.41516635     	0.46775442     	0.46594742     	0.4219695      	0.33983207     	0.48354438     	0.49435005     	0.4065585      	0.45558968     	0.4098557      	0.4756165      	0.3065818      	0.44887114     	0.3084354      	0.4416543      	0.31511402     	0.40545207     	0.39774445     	0.41978663     	0.25371423     	0.37690988     	0.2944637      	0.36913207     	0.39740646     	0.39166757     	0.42679906     	0.48640406     	0.38299233     	0.37124074     	0.40602356     	0.53654546     	0.3816471      	0.46500927     	0.35575074     	0.47131792     	0.4290648      	0.5365722      	0.4208908      	0.45277804     	0.4181967      	0.41744012     	0.4221206      	0.54177064     	0.53022665     	0.4179593      	0.48308185     	0.35041094     	0.4984677      	0.47790402     	0.37698713     	0.365135       	0.39944106     	0.38110495     	0.4158383      	0.4812117      	0.36963        	0.42705426     	0.42637396     	0.42984876     	0.5117521      	0.4606773      	0.4280852      	0.43348795     	0.38063627     	0.43231836     	0.543418       	0.55223686     	0.40347096     	0.4550508      	0.5159653      	0.5197667      	0.40506205     	0.33823478     	0.20473868     	0.21231756     	0.2574204      	0.23016495     	0.23018569     	0.24466532     	0.16258146     	0.14269786     	0.1571194      	0.2154162      	0.13920139     	0.1386736      	0.22892235     	0.120106205    	0.14583439     	0.21394278     	
0.4036863      	0.33102384     	0.347234       	0.4178853      	0.45021453     	0.42594072     	0.507191       	0.3458834      	0.36244264     	0.41849187     	0.41556597     	0.3543484      	0.43143582     	0.4110613      	0.3559208      	0.42689422     	0.42071941     	0.4829851      	0.5317927      	0.35307527     	0.5111386      	0.50141835     	0.38132468     	0.42999017     	0.5330277      	0.44650486     	0.32676968     	0.37085143     	0.44546252     	0.3318999      	0.39680555     	0.44177195     	0.47580817     	0.4201735      	0.47420487     	0.41542974     	0.3636693      	0.3424743      	0.42173484     	0.3526666      	0.31891012     	0.42833304     	0.42153022     	0.3194923      	0.48183608     	0.45544437     	0.39300722     	0.3944685      	0.3483008      	0.4568038      	0.39938274     	0.4782286      	0.44178241     	0.49426365     	0.3979879      	0.47251353     	0.44971922     	0.4449012      	0.35719335     	0.42656744     	0.50952804     	0.44490027     	0.45893526     	0.3577036      	0.34038013     	0.46588418     	0.3723917      	0.43555203     	0.2846426      	0.42462802     	0.4279023      	0.45569965     	0.532756       	0.43653724     	0.4384849      	0.35978        	0.41801548     	0.42173618     	0.3336005      	0.38650072     	0.35883778     	0.44305998     	0.4144212      	0.33080965     	0.27142602     	0.15355304     	0.15140447     	0.24769865     	0.19076952     	0.23633097     	0.14682212     	0.16133866     	0.15746073     	0.13911481     	0.18493111     	0.20964281     	0.16310853     	0.10040947     	0.20866817     	0.16795534     	
0.43223307     	0.38444045     	0.47909167     	0.33773476     	0.36787155     	0.3672638      	0.3531377      	0.37251642     	0.39724723     	0.4480832      	0.4730533      	0.37432262     	0.4005551      	0.44045895     	0.4542022      	0.41469115     	0.5237741      	0.5331838      	0.33706465     	0.3682914      	0.5526201      	0.34140956     	0.43332756     	0.43020135     	0.30822346     	0.30987716     	0.408657       	0.367628       	0.3953025      	0.32574663     	0.46787706     	0.45049492     	0.46167225     	0.386662       	0.30221587     	0.42446107     	0.43167615     	0.30962074     	0.30526635     	0.43426675     	0.39174852     	0.37676725     	0.53715974     	0.391374       	0.48542127     	0.38872525     	0.38895482     	0.50223756     	0.44728935     	0.48838317     	0.45268503     	0.42977428     	0.47639352     	0.4477972      	0.53589964     	0.40265405     	0.4045654      	0.41266298     	0.4918266      	0.543029       	0.39991054     	0.41456336     	0.42334664     	0.44177142     	0.3989189      	0.3795873      	0.3493113      	0.36292717     	0.48735592     	0.49437815     	0.49312982     	0.46425253     	0.46718547     	0.4399534      	0.49672723     	0.4909393      	0.46499482     	0.3943504      	0.5014868      	0.50027233     	0.34467497     	0.4227837      	0.46033633     	0.122702435    	0.192963       	0.24506658     	0.19265193     	0.13166802     	0.19998695     	0.10013147     	0.14814179     	0.18996559     	0.19113763     	0.15346822     	0.2765355      	0.29840758     	0.1757433      	0.12955527     	0.23601325     	0.18059042     	
0.44137153     	0.44890848     	0.43185833     	0.4691943      	0.49329874     	0.3560426      	0.44917434     	0.31126422     	0.3876502      	0.43159327     	0.42626345     	0.40821162     	0.48616847     	0.4080678      	0.38347238     	0.3956611      	0.38966906     	0.3989794      	0.3429756      	0.47879174     	0.38504696     	0.43702802     	0.39091852     	0.39802215     	0.39520586     	0.4209095      	0.39598274     	0.35956        	0.43533853     	0.4818847      	0.3938467      	0.3893621      	0.3924125      	0.4913312      	0.42646703     	0.39932472     	0.43328556     	0.45840594     	0.50738174     	0.34927177     	0.35273647     	0.44177714     	0.5080604      	0.44362268     	0.3739464      	0.42216408     	0.3923799      	0.49183932     	0.32091358     	0.38919714     	0.30913067     	0.3816141      	0.20141788     	0.23611145     	0.2681172      	0.12511808     	0.30907884     	0.3215788      	0.31145975     	0.57128227     	0.5801189      	0.47942612     	0.3638341      	0.31356215     	0.4920403      	0.51037985     	0.49978814     	0.4046053      	0.4785471      	0.40958443     	0.53248614     	0.375573       	0.48316702     	0.4756612      	0.42828313     	0.46902642     	0.36364287     	0.46778622     	0.5307425      	0.34358373     	0.3734254      	0.42263585     	0.41322377     	0.2841158      	0.2833437      	0.28342295     	0.17655984     	0.1719457      	0.14556077     	0.19045669     	0.121513754    	0.19719763     	0.18379709     	0.094864585    	0.20741986     	0.1696649      	0.14273903     	0.15438099     	0.07298167     	0.09444884     	
0.4439738      	0.45042798     	0.38264564     	0.4325039      	0.42622414     	0.35548356     	0.4798493      	0.38816518     	0.4353567      	0.49011898     	0.44523147     	0.43939346     	0.47982332     	0.42392752     	0.35771242     	0.40296665     	0.46620473     	0.39548278     	0.44713157     	0.3922149      	0.4438714      	0.38718933     	0.4316814      	0.42206106     	0.43950614     	0.36074924     	0.5070123      	0.47706497     	0.5234099      	0.4571715      	0.4723075      	0.35019162     	0.35424677     	0.47214505     	0.30216706     	0.5395263      	0.48768038     	0.41945785     	0.3689394      	0.5311634      	0.42366612     	0.47368637     	0.32977185     	0.26219243     	0.22697087     	0.2966139      	0.36383897     	0.33766067     	0.40879008     	0.27136478     	0.2942746      	0.27561432     	0.15907618     	0.15297644     	0.15361404     	0.22960113     	0.17087865     	0.10543676     	0.23829712     	0.20195025     	0.39375526     	0.4439463      	0.52851796     	0.4642172      	0.47749448     	0.40260124     	0.43649915     	0.3824031      	0.48823646     	0.4816279      	0.43024164     	0.43538383     	0.45723537     	0.43536362     	0.47129565     	0.41962105     	0.43875816     	0.3351245      	0.5220907      	0.29467365     	0.45434347     	0.43307847     	0.35634357     	0.3474472      	0.17326774     	0.23479284     	0.2796132      	0.22168821     	0.1304732      	0.13025583     	0.09008872     	0.14375901     	0.23674032     	0.21428008     	0.178909       	0.20670035     	0.18035583     	0.16953543     	0.26643917     	0.0937788      	
0.49290568     	0.46650884     	0.38357317     	0.3093877      	0.47713226     	0.5459294      	0.5219727      	0.385695       	0.35586217     	0.39881343     	0.39860478     	0.42661357     	0.44080868     	0.46583402     	0.4600824      	0.35896245     	0.51448464     	0.4182803      	0.42710006     	0.4729232      	0.43495372     	0.4967848      	0.4090177      	0.3112863      	0.32777917     	0.31750697     	0.28020775     	0.33658382     	0.40861672     	0.4323572      	0.412545       	0.5802502      	0.47730896     	0.46821782     	0.3278185      	0.3582069      	0.2893941      	0.27136293     	0.38260338     	0.2277663      	0.26447287     	0.3212111      	0.20156887     	0.31171435     	0.26310462     	0.20673248     	0.14805883     	0.25997537     	0.2871444      	0.1294846      	0.18324287     	0.12808807     	0.11909546     	0.15884334     	0.12958357     	0.1332874      	0.1385103      	0.2297575      	0.12168493     	0.20015407     	0.28816807     	0.29029876     	0.46987614     	0.47665602     	0.47342464     	0.4251775      	0.5216203      	0.37697113     	0.4157957      	0.39966458     	0.48873305     	0.45653027     	0.42298788     	0.47900894     	0.4376961      	0.42487726     	0.47257686     	0.44249022     	0.55743915     	0.35512063     	0.4765794      	0.4741446      	0.4085212      	0.4491869      	0.25515676     	0.29352778     	0.31785494     	0.27741018     	0.24336791     	0.19061182     	0.120835155    	0.14297098     	0.17528148     	0.18360667     	0.10533314     	0.2042658      	0.19782223     	0.17996761     	0.1850499      	0.20653367     	
0.36268938     	0.33606073     	0.39532325     	0.4455841      	0.50300866     	0.41798443     	0.38666654     	0.43929166     	0.4371239      	0.42477155     	0.45024198     	0.5124684      	0.32607397     	0.427929       	0.33649528     	0.40229896     	0.47861925     	0.50920117     	0.38126034     	0.39021596     	0.362547       	0.43796498     	0.3532431      	0.45983347     	0.48409897     	0.41406804     	0.3572405      	0.30965602     	0.31621805     	0.28690386     	0.45653602     	0.32653695     	0.23072307     	0.25080207     	0.25864312     	0.26951516     	0.1920023      	0.2273369      	0.17810231     	0.2130484      	0.16318464     	0.20187475     	0.1734329      	0.18178181     	0.122167796    	0.21981391     	0.15949005     	0.16201523     	0.13859467     	0.16884093     	0.26386416     	0.15263723     	0.1698476      	0.19774678     	0.12584786     	0.21440099     	0.17534435     	0.26542315     	0.23205231     	0.16595611     	0.19813071     	0.35509047     	0.5063979      	0.45305645     	0.38969982     	0.5045724      	0.5467709      	0.35097736     	0.3834722      	0.46395773     	0.3825207      	0.40567887     	0.39199176     	0.4224134      	0.4786459      	0.52876985     	0.3832514      	0.42211506     	0.36973596     	0.34911403     	0.4562704      	0.38130876     	0.3436236      	0.4706618      	0.4302948      	0.211332       	0.22384243     	0.28086224     	0.12527        	0.17033456     	0.074508354    	0.14782473     	0.23425514     	0.21934655     	0.08787687     	0.14217538     	0.078972295    	0.15030316     	0.13101615     	0.22515462     	
0.457617       	0.4437554      	0.3924223      	0.41163215     	0.45549193     	0.46947947     	0.41614413     	0.4259105      	0.4744463      	0.4716541      	0.47743574     	0.49954066     	0.3953496      	0.3685004      	0.32907522     	0.4105896      	0.33775488     	0.41047338     	0.52423364     	0.39671463     	0.45259497     	0.46190414     	0.34613457     	0.4010081      	0.37020478     	0.4628863      	0.44763625     	0.21108589     	0.24476738     	0.10808901     	0.17342813     	0.16770558     	0.19967565     	0.19131203     	0.17185996     	0.1344637      	0.224086       	0.11196068     	0.15346433     	0.16501315     	0.24493288     	0.27558947     	0.044521015    	0.1961217      	0.10700613     	0.17972313     	0.190248       	0.070388466    	0.24188149     	0.12631327     	0.16130823     	0.1880793      	0.15819046     	0.19523197     	0.11080527     	0.20563513     	0.21267861     	0.3012416      	0.15763146     	0.12433012     	0.22021614     	0.26582944     	0.18672374     	0.511701       	0.44524825     	0.51142466     	0.45948133     	0.43223685     	0.5249771      	0.36285105     	0.4935772      	0.4812862      	0.4283685      	0.3911773      	0.3684666      	0.3794368      	0.45088485     	0.3430597      	0.3636589      	0.35600182     	0.43861455     	0.45731872     	0.25605097     	0.46135876     	0.38960427     	0.346849       	0.16519277     	0.15256229     	0.1188994      	0.17893626     	0.15551984     	0.2359043      	0.17208257     	0.17553428     	0.12299485     	0.22368631     	0.22493532     	0.2898341      	0.23160467     	0.14739898     	
0.36088073     	0.4407951      	0.37208897     	0.35297555     	0.43396518     	0.37002838     	0.46533546     	0.47434303     	0.44772974     	0.4376112      	0.391457       	0.41432667     	0.40971208     	0.43749422     	0.42462304     	0.41057646     	0.37436664     	0.42699012     	0.36885485     	0.3840695      	0.29742655     	0.3459493      	0.36799207     	0.35750908     	0.33764148     	0.144196       	0.17630406     	0.17415787     	0.08778999     	0.21247944     	0.15419209     	0.12195291     	0.13823465     	0.12564243     	0.16453978     	0.27953586     	0.16131683     	0.042755593    	0.12606043     	0.17132396     	0.17290388     	0.3279773      	0.25657028     	0.14044029     	0.13133319     	0.18267442     	0.28844056     	0.19792971     	0.16522205     	0.16783656     	0.18943416     	0.21731864     	0.2746707      	0.2436979      	0.09473064     	0.18237194     	0.19705608     	0.21519272     	0.19262561     	0.18271013     	0.17561844     	0.3139245      	0.17198034     	0.42527106     	0.44006613     	0.5173253      	0.4344392      	0.503997       	0.45952561     	0.4995325      	0.38662252     	0.390412       	0.37239587     	0.4322138      	0.4217354      	0.4708183      	0.43672368     	0.4994355      	0.4383229      	0.4671741      	0.42526796     	0.28553706     	0.36986408     	0.32347685     	0.3228228      	0.46891585     	0.22918187     	0.20666906     	0.23834139     	0.23853312     	0.13596173     	0.22374836     	0.11605601     	0.14021365     	0.20189907     	0.24139558     	0.16512074     	0.18804108     	0.14340821     	0.17369124     	
0.4882836      	0.40768465     	0.37574556     	0.29219216     	0.4085441      	0.40077364     	0.37574476     	0.36415744     	0.522334       	0.3404614      	0.39673087     	0.56722236     	0.39653164     	0.55820537     	0.4323445      	0.4114279      	0.5530014      	0.4055603      	0.49325657     	0.36813346     	0.3407658      	0.42129564     	0.34102753     	0.28338808     	0.28835553     	0.12070504     	0.08354837     	0.12546298     	0.107508406    	0.23806244     	0.18996394     	0.16980503     	0.32343078     	0.18192671     	0.18261762     	0.1354369      	0.06900956     	0.105833046    	0.17258501     	0.20287466     	0.1688434      	0.19665955     	0.19003001     	0.09521711     	0.205364       	0.1438393      	0.08740476     	0.17772418     	0.07722219     	0.17550227     	0.22611132     	0.13188292     	0.14687352     	0.16771227     	0.14070925     	0.17971492     	0.19487247     	0.12072334     	0.23826523     	0.20122069     	0.2116405      	0.14263913     	0.22703758     	0.2838281      	0.43817168     	0.5018261      	0.55582625     	0.52787566     	0.53259516     	0.47031647     	0.50461847     	0.37517902     	0.3235815      	0.38549656     	0.3971376      	0.382487       	0.44010368     	0.48189586     	0.51076394     	0.39054286     	0.4599955      	0.5362412      	0.43632576     	0.4650845      	0.43213755     	0.3696953      	0.4325442      	0.203255       	0.2665036      	0.30377224     	0.14718325     	0.21105291     	0.15123737     	0.1367292      	0.114437185    	0.09593675     	0.19745721     	0.19106637     	0.2358766      	0.2387247      	
0.48635486     	0.47084212     	0.4026785      	0.3768211      	0.45147532     	0.42101908     	0.41860962     	0.4376442      	0.30537865     	0.41698796     	0.38444847     	0.38824105     	0.4979389      	0.43836412     	0.43531275     	0.38759458     	0.3512684      	0.49529913     	0.37101626     	0.29827258     	0.44507378     	0.39350814     	0.35240364     	0.3343727      	0.31114447     	0.15755579     	0.15192793     	0.22740862     	0.19455296     	0.23259582     	0.22941194     	0.20128193     	0.21290724     	0.21996161     	0.097522944    	0.19776586     	0.19090785     	0.09677148     	0.1376128      	0.24771081     	0.20662668     	0.16083466     	0.07468484     	0.18440104     	0.11634264     	0.07992377     	0.21235783     	0.2838713      	0.2250367      	0.19305901     	0.059562422    	0.15007532     	0.0873205      	0.24643211     	0.28467116     	0.17848678     	0.1568789      	0.3062496      	0.18049294     	0.14059286     	0.20167108     	0.23744583     	0.09826751     	0.16963796     	0.2320282      	0.63371766     	0.39144245     	0.47273886     	0.40930173     	0.38544303     	0.4425839      	0.48670468     	0.49021554     	0.41981596     	0.5045967      	0.30387548     	0.434274       	0.3772816      	0.46098924     	0.3744742      	0.45746458     	0.47472376     	0.43468112     	0.37348253     	0.39696205     	0.42455313     	0.489228       	0.29016417     	0.2545215      	0.1288864      	0.21895882     	0.18931265     	0.2634939      	0.14352004     	0.12524812     	0.20169865     	0.19891638     	0.056773935    	0.20326217     	0.13024133     	
0.34622365     	0.4313072      	0.49641138     	0.39499524     	0.41169629     	0.43734148     	0.34098804     	0.41222203     	0.37216175     	0.46186045     	0.555193       	0.5167967      	0.38919264     	0.4126938      	0.38341668     	0.4027303      	0.49075323     	0.5250317      	0.3853857      	0.35280806     	0.46673307     	0.36119595     	0.44849637     	0.44149765     	0.305611       	0.2702682      	0.2568761      	0.25879762     	0.22007407     	0.09561613     	0.2127838      	0.10235475     	0.17079957     	0.15390424     	0.13335639     	0.27661833     	0.060306683    	0.1316132      	0.23447579     	0.080933325    	0.15079197     	0.15207437     	0.14408465     	0.26046035     	0.16225171     	0.10022097     	0.12226755     	0.16018882     	0.17073704     	0.06718481     	0.13232523     	0.150293       	0.1526934      	0.21491675     	0.07171933     	0.20324221     	0.28501517     	0.15043971     	0.12912317     	0.24772687     	0.22728226     	0.13862182     	0.1541817      	0.2635388      	0.2442717      	0.37601233     	0.50133187     	0.36394212     	0.4596926      	0.42117342     	0.51179767     	0.49793932     	0.48386866     	0.43911442     	0.4349232      	0.46435508     	0.50265086     	0.47037324     	0.41864273     	0.43186513     	0.3811497      	0.4495632      	0.4417733      	0.49478123     	0.34251645     	0.40963706     	0.3714579      	0.35298628     	0.26910818     	0.3821527      	0.18028665     	0.21815194     	0.17101923     	0.16670418     	0.15834302     	0.20333189     	0.03190025     	0.19407625     	0.18599492     	0.20859493     	
0.35348344     	0.40169        	0.4970585      	0.47331136     	0.39636317     	0.48402238     	0.4810147      	0.39106703     	0.48086494     	0.39021575     	0.35886648     	0.47356287     	0.47523227     	0.3977635      	0.4852281      	0.5000161      	0.4269954      	0.36708462     	0.4300305      	0.34538165     	0.4392118      	0.5734691      	0.36987615     	0.4262541      	0.18958037     	0.25345957     	0.19926026     	0.1858154      	0.15578832     	0.21507986     	0.2330364      	0.07625401     	0.053496618    	0.2472338      	0.18190177     	0.261788       	0.21285644     	0.1785774      	0.20970622     	0.066571705    	0.121973686    	0.22191945     	0.16062711     	0.19368155     	0.19292988     	0.09355204     	0.19946773     	0.13300902     	0.09415523     	0.12956437     	0.024862478    	0.20691754     	0.22144052     	0.2534184      	0.20494847     	0.089306615    	0.23785499     	0.23262896     	0.17111455     	0.25408602     	0.23270863     	0.22858435     	0.2766982      	0.16060598     	0.22171918     	0.22430292     	0.47654507     	0.36354348     	0.4023549      	0.48041114     	0.391694       	0.38565534     	0.42573425     	0.46500343     	0.45217758     	0.519583       	0.4327745      	0.47906277     	0.50342184     	0.4116103      	0.44510847     	0.50297505     	0.55730027     	0.37812585     	0.50417054     	0.4019477      	0.50895834     	0.4002766      	0.3919863      	0.36227828     	0.30146912     	0.102791       	0.074544035    	0.22460903     	0.13607733     	0.14686407     	0.13556036     	0.15218724     	0.19763355     	0.19970971     	
0.28771067     	0.24677244     	0.36393636     	0.51455665     	0.4591729      	0.53391296     	0.34873453     	0.50559473     	0.44309953     	0.5800448      	0.43073797     	0.46913904     	0.35889122     	0.5414754      	0.38662463     	0.4444645      	0.47445562     	0.4016953      	0.4321794      	0.46610773     	0.45313188     	0.46235523     	0.47506848     	0.45608363     	0.34242088     	0.2618122      	0.25246066     	0.229691       	0.2411812      	0.17067812     	0.13354698     	0.2316097      	0.12734573     	0.23285861     	0.16346        	0.11084582     	0.1794165      	0.11523317     	0.14374712     	0.25459197     	0.23605411     	0.12977597     	0.18475294     	0.09806652     	0.1157998      	0.19162145     	0.17299697     	0.065873265    	0.06850968     	0.14514512     	0.08665573     	0.09380848     	0.19740568     	0.1322114      	0.14826839     	0.24482347     	0.20057036     	0.18683918     	0.05628518     	0.084589824    	0.12639298     	0.1730105      	0.19600242     	0.21759681     	0.20047998     	0.34989533     	0.37061563     	0.47715744     	0.49780658     	0.46405244     	0.44689795     	0.375218       	0.41549844     	0.3544083      	0.49628845     	0.30655012     	0.47074556     	0.36880156     	0.4518445      	0.48511595     	0.46092042     	0.5169109      	0.44753456     	0.43322784     	0.47889638     	0.47371608     	0.41491836     	0.44411752     	0.3222493      	0.3878477      	0.27163333     	0.25867411     	0.25407764     	0.21410929     	0.112058654    	0.1400958      	0.15850848     	0.1678349      	0.15038173     	0.28400436     	
0.1473811      	0.21111196     	0.32541475     	0.5318873      	0.5609217      	0.56389046     	0.52125126     	0.39069483     	0.45044163     	0.49525058     	0.42121133     	0.5468023      	0.5605242      	0.35677752     	0.37669188     	0.4432396      	0.47900647     	0.52966845     	0.417767       	0.51399076     	0.4216579      	0.4519067      	0.3702917      	0.4421188      	0.45059642     	0.4211154      	0.37056544     	0.20789765     	0.24989185     	0.21191391     	0.21137665     	0.19820957     	0.14358884     	0.1907967      	0.21430115     	0.24215725     	0.21291415     	0.21102516     	0.08640702     	0.14851576     	0.13985248     	0.13732852     	0.2700077      	0.14460267     	0.10092148     	0.14491165     	0.1662261      	0.119429685    	0.1836925      	0.20634949     	0.20868313     	0.12621894     	0.23066413     	0.16537425     	0.21760723     	0.16966037     	0.09942546     	0.22663783     	0.1526829      	0.18585396     	0.24658488     	0.20322467     	0.102998994    	0.18731293     	0.09909821     	0.12262152     	0.18397601     	0.44960707     	0.45688924     	0.5171486      	0.4519674      	0.36572003     	0.4644986      	0.3831754      	0.45927176     	0.41080815     	0.43808776     	0.56978244     	0.53371376     	0.43779427     	0.44051802     	0.46705678     	0.44376457     	0.42839956     	0.5560632      	0.43804887     	0.4550468      	0.48986107     	0.5107099      	0.33158535     	0.24482481     	0.17008653     	0.2366737      	0.20853251     	0.27874142     	0.12315702     	0.18375564     	0.2032962      	0.18158315     	0.21215937     	
0.17062716     	0.24023668     	0.20437077     	0.49857172     	0.4779726      	0.4274406      	0.4474834      	0.44624254     	0.50575095     	0.4855451      	0.46074948     	0.4827325      	0.49620748     	0.45981032     	0.5589578      	0.44246015     	0.43112722     	0.3930609      	0.4365078      	0.4201289      	0.41444027     	0.35678965     	0.43321812     	0.45702308     	0.3367759      	0.35855624     	0.24609317     	0.34707198     	0.2431729      	0.13864404     	0.25274846     	0.25075877     	0.1805399      	0.22994328     	0.18849096     	0.1315944      	0.266991       	0.12511593     	0.18172957     	0.20237929     	0.18513478     	0.14910059     	0.0730732      	0.1979804      	0.18236299     	0.19344732     	0.14522204     	0.13385889     	0.18293324     	0.19045155     	0.04892518     	0.24527715     	0.15673016     	0.09644751     	0.046801552    	0.17727223     	0.18724318     	0.13330567     	0.19654278     	0.151255       	0.17284882     	0.18962981     	0.21612002     	0.16379377     	0.20723808     	0.27854395     	0.29104453     	0.40581092     	0.44840536     	0.40982336     	0.45893112     	0.410808       	0.4646677      	0.432045       	0.41923863     	0.48697555     	0.48172057     	0.43729585     	0.53345305     	0.49413425     	0.42678002     	0.47325704     	0.5464144      	0.40087688     	0.48813877     	0.3815081      	0.35166615     	0.38461053     	0.3909137      	0.5022804      	0.35868025     	0.19417101     	0.19013037     	0.22511353     	0.25099358     	0.15576711     	0.052110188    	0.28196326     	0.1599038      	0.24271058     	
0.14710876     	0.19305794     	0.16412435     	0.2640854      	0.45821556     	0.45235467     	0.4901506      	0.4314528      	0.44327375     	0.3658972      	0.44336367     	0.41679186     	0.5572059      	0.42253911     	0.3933708      	0.5059062      	0.6069082      	0.42812598     	0.40487078     	0.428073       	0.37167937     	0.44612083     	0.44503617     	0.42741537     	0.3765785      	0.28865877     	0.24765614     	0.22256123     	0.24444897     	0.23725073     	0.16379999     	0.09254961     	0.20873968     	0.1601055      	0.14594387     	0.19665581     	0.17836405     	0.13589284     	0.23266543     	0.058173068    	0.20131463     	0.14914216     	0.116597       	0.13911471     	0.16745898     	0.16300558     	0.08002682     	0.1807832      	0.15589379     	0.031987287    	0.26099554     	0.21940747     	0.13939632     	0.14701895     	0.15345672     	0.0748183      	0.11823348     	0.047392007    	0.2106247      	0.12024239     	0.14046238     	0.12316147     	0.13578394     	0.12608889     	0.109549545    	0.29921418     	0.18064386     	0.29585674     	0.43135306     	0.45732063     	0.5398575      	0.41216487     	0.46362957     	0.47517946     	0.41564623     	0.43555966     	0.47383767     	0.40896267     	0.35562053     	0.39064437     	0.40541694     	0.39893925     	0.39162886     	0.403121       	0.5618143      	0.38665208     	0.40886834     	0.40809602     	0.5371136      	0.461382       	0.42167583     	0.3135801      	0.16698039     	0.28632373     	0.20049205     	0.2568932      	0.0933314      	0.22536778     	0.15184854     	0.23041955     	
0.08599111     	0.15167412     	0.23276411     	0.24394204     	0.34800866     	0.5416637      	0.4286836      	0.45920068     	0.4738019      	0.41367662     	0.5131191      	0.36170837     	0.398448       	0.46634242     	0.50651294     	0.50486773     	0.48403487     	0.5343992      	0.37293646     	0.435612       	0.4608454      	0.42586973     	0.46361622     	0.4182997      	0.41746473     	0.49191353     	0.49084648     	0.32954723     	0.2248002      	0.2672272      	0.1248053      	0.11974001     	0.16278486     	0.18934838     	0.18892531     	0.15706687     	0.2316488      	0.18445218     	0.18626462     	0.10005698     	0.0999841      	0.27450767     	0.1941233      	0.07151159     	0.15947445     	0.06562732     	0.15337932     	0.14074318     	0.20587969     	0.14216113     	0.09436157     	0.21397081     	0.15072657     	0.121941745    	0.3233964      	0.16021273     	0.16038941     	0.08185055     	0.13426045     	0.16926798     	0.25192717     	0.13455395     	0.054089252    	0.2246788      	0.24103399     	0.22682743     	0.18307212     	0.19908942     	0.3859726      	0.42319328     	0.5496101      	0.45882657     	0.5061078      	0.5061797      	0.4310678      	0.48981813     	0.3513368      	0.36909363     	0.5211976      	0.44977483     	0.52306294     	0.3592529      	0.3762362      	0.36061618     	0.43122017     	0.47428745     	0.40090302     	0.39756763     	0.40097284     	0.5702291      	0.41039407     	0.43521956     	0.43053725     	0.34924462     	0.327629       	0.3101419      	0.3883407      	0.34266514     	0.45732456     	0.36067235     	
0.18490781     	0.181845       	0.22889611     	0.23116307     	0.2638482      	0.45564324     	0.53395325     	0.4527679      	0.53138375     	0.45093942     	0.38388565     	0.46453753     	0.45747772     	0.4138257      	0.4310155      	0.4134585      	0.459733       	0.40873906     	0.45801994     	0.37647557     	0.46450073     	0.46791884     	0.5527502      	0.43246552     	0.3631186      	0.45442268     	0.3881674      	0.35936642     	0.35742846     	0.2393839      	0.25869477     	0.15347652     	0.20257054     	0.24639097     	0.223222       	0.20367831     	0.10303142     	0.2167096      	0.21366304     	0.17725864     	0.16433546     	0.12470425     	0.14259031     	0.093514524    	0.09157578     	0.19872752     	0.15590146     	0.19407904     	0.10298132     	0.11978528     	0.09652899     	0.12899105     	0.25737104     	0.16188213     	0.19035737     	0.18926898     	0.18986098     	0.08048433     	0.14884008     	0.1944549      	0.27114055     	0.1217699      	0.27648315     	0.09226523     	0.15645741     	0.1621227      	0.24650675     	0.20041129     	0.25310522     	0.3824784      	0.5020674      	0.3778743      	0.38032883     	0.45702305     	0.4147176      	0.41870835     	0.4757279      	0.53860986     	0.32044926     	0.45132482     	0.37422395     	0.5511224      	0.3906869      	0.40671238     	0.4516505      	0.3954125      	0.45178774     	0.41051927     	0.44011176     	0.43162474     	0.33254573     	0.311459       	0.4171172      	0.47894108     	0.38884732     	0.3360472      	0.38178942     	0.48081306     	0.39393163     	0.4330618      	
0.17312565     	0.23941942     	0.25968555     	0.19005163     	0.34414482     	0.4071468      	0.576539       	0.6040348      	0.33611125     	0.46707422     	0.5150994      	0.4577862      	0.5170275      	0.48206052     	0.4549915      	0.42228037     	0.45657262     	0.43744233     	0.37356716     	0.43437737     	0.4086907      	0.39372686     	0.45080587     	0.4222356      	0.4675765      	0.46930623     	0.42014915     	0.27826384     	0.36936435     	0.27082306     	0.27349034     	0.18374576     	0.18135941     	0.29175255     	0.20476508     	0.071388066    	0.2356501      	0.26284537     	0.107243076    	0.08964988     	0.15491667     	0.15921451     	0.13666455     	0.1657084      	0.2140061      	0.21657889     	0.044242866    	0.11602247     	0.18371285     	0.122582644    	0.16252737     	0.089672156    	0.15561593     	0.09304006     	0.1692207      	0.16810623     	0.1530684      	0.09303948     	0.18359914     	0.17188807     	0.2165373      	0.029935537    	0.20310771     	0.19011399     	0.18385005     	0.15404195     	0.25111684     	0.21641032     	0.2822938      	0.37537125     	0.51901835     	0.36776608     	0.3606255      	0.4367368      	0.45318455     	0.43811798     	0.4160557      	0.50520724     	0.45218745     	0.41918737     	0.5008562      	0.41506404     	0.41994387     	0.4670259      	0.41278276     	0.33798182     	0.43994832     	0.50435764     	0.5046997      	0.42290154     	0.5060974      	0.490656       	0.45015645     	0.366747       	0.49108425     	0.40909705     	0.55610776     	0.46499538     	0.40418187     	0.4086124      	
0.16088922     	0.252529       	0.22599052     	0.20542426     	0.20431945     	0.2240699      	0.435946       	0.45053595     	0.4414376      	0.39429706     	0.4566697      	0.5804305      	0.31384724     	0.40276355     	0.4880428      	0.45648167     	0.3574465      	0.5026644      	0.43609652     	0.4937913      	0.4038442      	0.5272387      	0.4250777      	0.42555305     	0.34969476     	0.47067794     	0.48678192     	0.39326525     	0.4713143      	0.20148046     	0.22547607     	0.10003884     	0.21904396     	0.15665007     	0.1383253      	0.12686935     	0.3115284      	0.17883617     	0.22047967     	0.23387371     	0.06799757     	0.23829642     	0.16855384     	0.25497848     	0.14798352     	0.17475986     	0.13009557     	0.053209163    	0.20472874     	0.21890819     	0.17375559     	0.26043117     	0.27511087     	0.16518041     	0.14249143     	0.13314076     	0.13415025     	0.20221703     	0.2019065      	0.1453975      	0.2128682      	0.14103368     	0.19790712     	0.12579949     	0.17013729     	0.1744204      	0.21160786     	0.16315098     	0.19059223     	0.21779943     	0.47508913     	0.48285484     	0.4510346      	0.5019403      	0.41139928     	0.4717701      	0.49830988     	0.33579758     	0.5657139      	0.53880095     	0.52140987     	0.286868       	0.3959325      	0.52148783     	0.5360462      	0.43477556     	0.43402526     	0.37185198     	0.4918557      	0.49911508     	0.3569273      	0.4826766      	0.33066615     	0.41408625     	0.4159307      	0.4218891      	0.55099326     	0.41522068     	0.4249945      	0.27523282     	
0.19043969     	0.16343005     	0.13525833     	0.102629855    	0.16261055     	0.24982747     	0.35287166     	0.40292203     	0.4824457      	0.4673688      	0.5372566      	0.35482523     	0.39558852     	0.43798956     	0.4051929      	0.3979265      	0.2904263      	0.31970695     	0.46148142     	0.40569353     	0.44409683     	0.5039634      	0.4420084      	0.39567745     	0.44742954     	0.39658913     	0.43710575     	0.44024426     	0.4041368      	0.21435495     	0.210593       	0.25085816     	0.22520268     	0.16701044     	0.13029464     	0.17570138     	0.17749114     	0.20016155     	0.13046665     	0.16942881     	0.22107895     	0.2034334      	0.119821414    	0.27825078     	0.19092996     	0.15608086     	0.049097437    	0.08632114     	0.15081047     	0.19363783     	0.13782543     	0.2811533      	0.2262018      	0.14325927     	0.15692167     	0.21452521     	0.2386664      	0.22628255     	0.19037077     	0.13681301     	0.26763237     	0.28687245     	0.19623885     	0.28347984     	0.38978174     	0.3330868      	0.38689935     	0.3097273      	0.46797588     	0.49544442     	0.41386554     	0.44066864     	0.49121702     	0.5163729      	0.46367666     	0.45602104     	0.5601945      	0.450376       	0.4005597      	0.45605725     	0.50263524     	0.41905916     	0.41906452     	0.49142826     	0.4703485      	0.3935574      	0.44672033     	0.54374236     	0.41245586     	0.39475563     	0.49954492     	0.42186865     	0.45167664     	0.46306103     	0.34363958     	0.45101        	0.44695288     	0.46892002     	0.4842023      	0.48301157     	
0.16337024     	0.18641372     	0.099793576    	0.1290532      	0.23610622     	0.20991059     	0.25700125     	0.4731574      	0.41606268     	0.40301636     	0.52722955     	0.5091582      	0.47657475     	0.31092483     	0.49874166     	0.4268626      	0.48270094     	0.42860138     	0.40908802     	0.4784953      	0.41766393     	0.48495418     	0.435986       	0.5494688      	0.57180095     	0.4949628      	0.45007578     	0.48701212     	0.3510865      	0.36891338     	0.33665398     	0.24626109     	0.2378195      	0.15023309     	0.17784244     	0.11764531     	0.34418076     	0.18538313     	0.14165841     	0.13617252     	0.19962081     	0.19810028     	0.14229345     	0.1554292      	0.1959166      	0.12891616     	0.18572174     	0.14286603     	0.2058072      	0.26395532     	0.21923374     	0.2849509      	0.15964471     	0.1270776      	0.21660432     	0.2757878      	0.26364744     	0.35578746     	0.23112221     	0.2797755      	0.42128292     	0.39531568     	0.40901887     	0.4208465      	0.5042878      	0.4413445      	0.4486668      	0.38692135     	0.44183818     	0.4316304      	0.35196266     	0.49694976     	0.57742256     	0.55722475     	0.50205076     	0.45125705     	0.41508576     	0.48524243     	0.42597553     	0.3594339      	0.428555       	0.42086816     	0.43077663     	0.45991448     	0.43396205     	0.37122563     	0.4249128      	0.32756615     	0.5374611      	0.51686656     	0.34443486     	0.44966802     	0.45830014     	0.5019049      	0.46708667     	0.45666903     	0.46083564     	0.3666534      	0.39049074     	0.43645397     	
0.13251385     	0.19358642     	0.22621071     	0.19326548     	0.2535169      	0.20127232     	0.21066073     	0.31809685     	0.3463755      	0.4513216      	0.5324293      	0.43866757     	0.39586335     	0.53381115     	0.4076902      	0.43462977     	0.46023363     	0.46992755     	0.43678886     	0.50449705     	0.45484516     	0.3818202      	0.49887386     	0.36074838     	0.36017686     	0.425454       	0.47566473     	0.38356912     	0.36293173     	0.35438704     	0.4368675      	0.28068507     	0.28383234     	0.23472482     	0.18314897     	0.14389364     	0.27790773     	0.1401772      	0.1310642      	0.23009983     	0.19469282     	0.14269312     	0.1240359      	0.20502229     	0.20087881     	0.27041084     	0.38209718     	0.24621081     	0.15664296     	0.32266447     	0.2880872      	0.3429639      	0.3987568      	0.27920708     	0.39026627     	0.45839676     	0.5100199      	0.43701568     	0.51294976     	0.41861397     	0.46982965     	0.4344218      	0.4683696      	0.44889474     	0.41445586     	0.45584422     	0.39294446     	0.5179209      	0.41656038     	0.5638171      	0.4068736      	0.43093255     	0.37560973     	0.41563544     	0.3979422      	0.43837887     	0.47912207     	0.4664704      	0.3558384      	0.39498028     	0.459508       	0.40255368     	0.37202728     	0.43549412     	0.4219172      	0.47926912     	0.5120309      	0.38934574     	0.47234637     	0.37169373     	0.4063939      	0.382532       	0.55381083     	0.41737562     	0.41586718     	0.4194821      	0.45513403     	0.45564187     	0.45812136     	0.44476956     	
0.14883439     	0.22063799     	0.20882395     	0.11665972     	0.14603339     	0.17019023     	0.1821909      	0.30613753     	0.45616677     	0.47794566     	0.46407503     	0.44494578     	0.40995222     	0.5209835      	0.39657006     	0.48894638     	0.4330633      	0.5343134      	0.4090297      	0.4186797      	0.48991424     	0.49194792     	0.450838       	0.42065442     	0.4354995      	0.45893034     	0.39727828     	0.49326319     	0.4069262      	0.40942714     	0.4037937      	0.22911105     	0.25244915     	0.24931452     	0.22946163     	0.20094395     	0.14647917     	0.08835115     	0.19069752     	0.17034894     	0.18673645     	0.3028958      	0.27675974     	0.29200184     	0.39750758     	0.3043276      	0.41841993     	0.43664205     	0.429104       	0.50814813     	0.38017726     	0.4508959      	0.3351845      	0.3708996      	0.32390663     	0.4517397      	0.41871643     	0.5099097      	0.46886        	0.4391714      	0.43632752     	0.5123921      	0.40493843     	0.36697188     	0.43182886     	0.39142704     	0.39421445     	0.408842       	0.46800512     	0.5461241      	0.3564613      	0.48581854     	0.43873596     	0.47068623     	0.4267212      	0.4482371      	0.36950564     	0.44388384     	0.5072485      	0.36422467     	0.41000575     	0.43300733     	0.46160895     	0.40410018     	0.40696874     	0.4833078      	0.40888435     	0.5685176      	0.43051773     	0.43857118     	0.39504603     	0.51115644     	0.40078363     	0.41825646     	0.45164952     	0.3765734      	0.41685766     	0.4359878      	0.4036246      	0.43875167     	
0.20699029     	0.23090124     	0.18543993     	0.16532457     	0.19822702     	0.11238043     	0.20281792     	0.15017416     	0.26893127     	0.5568624      	0.5245111      	0.50236434     	0.48969433     	0.40503407     	0.42137823     	0.41063118     	0.54315823     	0.4332692      	0.45489588     	0.45271483     	0.3529983      	0.44013593     	0.3770593      	0.36428457     	0.46828285     	0.45150587     	0.42064512     	0.3805046      	0.44271386     	0.39547008     	0.47870344     	0.3720775      	0.42082387     	0.4423089      	0.4533766      	0.34857792     	0.37224436     	0.3822254      	0.44620633     	0.50517124     	0.40919626     	0.54347634     	0.39949945     	0.44462448     	0.30235806     	0.46669877     	0.5233834      	0.5111942      	0.51456016     	0.28722122     	0.4287751      	0.46190187     	0.4921169      	0.36959246     	0.43720418     	0.45570794     	0.31814277     	0.4779387      	0.38573894     	0.4039469      	0.42936778     	0.4488325      	0.31809092     	0.4605475      	0.3937505      	0.40134308     	0.39474508     	0.4497203      	0.47072998     	0.45700294     	0.44512582     	0.35019618     	0.4023329      	0.35357282     	0.41201818     	0.4113581      	0.41022176     	0.4245595      	0.3618237      	0.43416318     	0.4690706      	0.3458905      	0.4380901      	0.43813556     	0.41579017     	0.5063427      	0.4222267      	0.46417773     	0.49658552     	0.297831       	0.47350025     	0.53736985     	0.368241       	0.4372612      	0.39210916     	0.39547083     	0.36904526     	0.5147092      	0.5118243      	0.41245708     	
0.20889844     	0.12284305     	0.19061586     	0.17624572     	0.15427448     	0.1356235      	0.18589401     	0.27762666     	0.29741073     	0.36347973     	0.5456168      	0.44633064     	0.43182978     	0.4506619      	0.49100184     	0.48320204     	0.4424373      	0.386613       	0.4204142      	0.44439313     	0.38616428     	0.38982713     	0.32473996     	0.43508697     	0.46994326     	0.4414305      	0.44493407     	0.3547607      	0.39906976     	0.4523756      	0.5172856      	0.41590264     	0.46376833     	0.43196213     	0.51589596     	0.36950085     	0.4104293      	0.37882143     	0.36849725     	0.3683161      	0.44319513     	0.45712265     	0.39914754     	0.3941553      	0.40091553     	0.29950655     	0.4147149      	0.3306791      	0.3656546      	0.40450647     	0.54532415     	0.5856848      	0.3054997      	0.37716153     	0.37891063     	0.43633595     	0.47777078     	0.48966223     	0.50492144     	0.41760454     	0.35777342     	0.37451306     	0.39760396     	0.4086999      	0.4528262      	0.38469023     	0.33502364     	0.3849721      	0.3906108      	0.42450038     	0.3704057      	0.34653318     	0.5084203      	0.33590254     	0.40316063     	0.42862707     	0.45000705     	0.41485775     	0.45851627     	0.46579513     	0.44480792     	0.49097317     	0.3747683      	0.43928865     	0.3869082      	0.35976455     	0.34964284     	0.44938004     	0.3455173      	0.35642323     	0.35321087     	0.43903083     	0.39941832     	0.4846761      	0.4460377      	0.24720937     	0.34439692     	0.4043361      	0.5016938      	0.41994822     	
0.119687386    	0.14795107     	0.13696812     	0.19614509     	0.19421391     	0.17949113     	0.19239523     	0.2464834      	0.18818891     	0.19740142     	0.4301593      	0.5589785      	0.41818926     	0.5163673      	0.45191115     	0.48280686     	0.58843213     	0.43076044     	0.44108742     	0.52676326     	0.43227696     	0.42996895     	0.52372396     	0.5404015      	0.4620079      	0.51047665     	0.3233352      	0.4948623      	0.36634904     	0.47165415     	0.42494583     	0.49772257     	0.51572734     	0.39544415     	0.38691533     	0.42490634     	0.5601258      	0.4654785      	0.4276122      	0.44108203     	0.48152733     	0.43273473     	0.4285098      	0.45009086     	0.5647378      	0.43603355     	0.4678079      	0.425669       	0.4576455      	0.4700504      	0.4154068      	0.49625608     	0.366755       	0.39369684     	0.44334415     	0.3673917      	0.3234142      	0.420522       	0.42009544     	0.42062065     	0.4818158      	0.4330657      	0.4102664      	0.3894224      	0.4028912      	0.41441745     	0.39096317     	0.3922263      	0.50460845     	0.41021398     	0.2841381      	0.38828012     	0.45347887     	0.42292652     	0.44941542     	0.43912533     	0.48569873     	0.56270874     	0.42537215     	0.46640614     	0.42850548     	0.40327513     	0.48563007     	0.4937567      	0.48973116     	0.46655074     	0.46287623     	0.44282204     	0.45998877     	0.53190696     	0.3878092      	0.40236974     	0.41597593     	0.5532215      	0.4249289      	0.38098824     	0.5121025      	0.45530635     	0.4350581      	0.5211891      	
0.091054484    	0.13987692     	0.16449219     	0.22408113     	0.15460841     	0.21220316     	0.31852672     	0.18466705     	0.25178432     	0.31132433     	0.44906878     	0.5419559      	0.4879118      	0.42093134     	0.55094177     	0.36579043     	0.47559133     	0.5038631      	0.44469842     	0.4329011      	0.46636587     	0.4671549      	0.5288292      	0.45518082     	0.49528676     	0.5414466      	0.4512176      	0.48762906     	0.38733456     	0.4330698      	0.52155524     	0.49129242     	0.39961973     	0.42801574     	0.47009203     	0.41561872     	0.42178866     	0.51411605     	0.3970218      	0.3835118      	0.4796923      	0.38569626     	0.3615435      	0.4505116      	0.4769216      	0.35554215     	0.453903       	0.5140477      	0.5465301      	0.49861795     	0.5343077      	0.5087383      	0.4849598      	0.47265366     	0.4753763      	0.36961287     	0.43311694     	0.4546003      	0.4148957      	0.48225865     	0.39912722     	0.40038502     	0.46652034     	0.43542624     	0.48127872     	0.43759564     	0.45104438     	0.49399608     	0.4611936      	0.46581832     	0.4531241      	0.43822354     	0.49339157     	0.46520174     	0.46723822     	0.4229556      	0.5202843      	0.40125227     	0.37366322     	0.35138434     	0.32750994     	0.49802715     	0.5462514      	0.4019184      	0.36126968     	0.40360406     	0.50069463     	0.47730064     	0.4669688      	0.30210143     	0.4807151      	0.46176034     	0.36862102     	0.3623513      	0.32632053     	0.30468524     	0.2956285      	0.4342073      	0.49416107     	0.3969519      	
0.23206456     	0.33932763     	0.26502308     	0.36594984     	0.3031893      	0.38347846     	0.4300603      	0.44119814     	0.47174355     	0.5400108      	0.36616832     	0.47738102     	0.45148775     	0.4981856      	0.40005824     	0.35575742     	0.4743205      	0.48012322     	0.50085557     	0.530543       	0.5295805      	0.40744218     	0.52434283     	0.40048027     	0.412362       	0.41102576     	0.4073538      	0.38464516     	0.41950524     	0.414624       	0.37946776     	0.50221545     	0.48713243     	0.30840617     	0.3747746      	0.3719323      	0.45050237     	0.43207616     	0.41339225     	0.29756176     	0.39731097     	0.30052325     	0.4564071      	0.44690496     	0.5893523      	0.415453       	0.33979982     	0.5045451      	0.3806936      	0.40187123     	0.43883985     	0.42712793     	0.39691377     	0.4184328      	0.33383974     	0.38733688     	0.36450887     	0.38699603     	0.411673       	0.4789257      	0.41421956     	0.37013683     	0.4977142      	0.45835567     	0.55291504     	0.42595413     	0.3559556      	0.46299425     	0.46461326     	0.4734804      	0.37121442     	0.44272983     	0.31746352     	0.44566154     	0.5211057      	0.49300697     	0.44939983     	0.49891064     	0.38655078     	0.34070095     	0.46158114     	0.5027242      	0.45526507     	0.47465026     	0.44593593     	0.4430801      	0.5392329      	0.39723465     	0.53332525     	0.46945116     	0.49767226     	0.40367702     	0.3767046      	0.4381712      	0.44693637     	0.4784822      	0.34108737     	0.4179698      	0.31975478     	0.2783047      	
0.35003397     	0.44165397     	0.46184036     	0.49137083     	0.47532576     	0.46452886     	0.4430886      	0.5307641      	0.49458364     	0.42794853     	0.45398033     	0.5135998      	0.44532287     	0.40245014     	0.48156762     	0.5062038      	0.5872655      	0.40550518     	0.43559685     	0.5274069      	0.43550378     	0.5691313      	0.4966066      	0.48796454     	0.4008902      	0.3518934      	0.34995976     	0.3400888      	0.4975165      	0.48854133     	0.4043419      	0.5285726      	0.3826925      	0.38816503     	0.4133321      	0.43931323     	0.53058827     	0.35974604     	0.5781117      	0.43348834     	0.39480072     	0.45897943     	0.3105957      	0.38507876     	0.481367       	0.49434274     	0.32325256     	0.45190373     	0.43239677     	0.3911712      	0.42951658     	0.3593297      	0.43305206     	0.39894322     	0.37634096     	0.38395688     	0.40004048     	0.35973832     	0.46284086     	0.46105182     	0.36428446     	0.43483984     	0.35665688     	0.45536393     	0.44465104     	0.41399696     	0.3650481      	0.47474286     	0.4309283      	0.48692822     	0.42550763     	0.27928403     	0.40110824     	0.47862238     	0.40171033     	0.42603916     	0.50398195     	0.39128396     	0.39466876     	0.31497496     	0.36896285     	0.46444806     	0.35888472     	0.39688903     	0.4195703      	0.42655215     	0.36277238     	0.40844116     	0.45359436     	0.5043084      	0.3226474      	0.47448692     	0.45004186     	0.27331963     	0.45545018     	0.35840046     	0.41889036     	0.46078485     	0.5075709      	0.3323545      	
0.39829603     	0.41967893     	0.4098917      	0.46334845     	0.44156316     	0.4571116      	0.43411857     	0.46665886     	0.5169537      	0.49911645     	0.30727223     	0.42136583     	0.44565567     	0.48339882     	0.53690666     	0.41435146     	0.37415302     	0.46364793     	0.47415248     	0.43280727     	0.5151826      	0.43145216     	0.46751004     	0.5325517      	0.47289535     	0.41386524     	0.42387182     	0.38977033     	0.41098192     	0.4258436      	0.45804963     	0.29709488     	0.4343475      	0.36086348     	0.42265612     	0.50704443     	0.51046693     	0.37417516     	0.4623105      	0.36673713     	0.4029862      	0.406275       	0.42013812     	0.42738935     	0.4566821      	0.43797073     	0.36572385     	0.38727444     	0.4793885      	0.41906956     	0.50911313     	0.3533728      	0.3901464      	0.45085308     	0.5005756      	0.40494663     	0.40383393     	0.43073544     	0.5075776      	0.34732163     	0.37219214     	0.34190485     	0.4281655      	0.5197029      	0.4877825      	0.5307878      	0.4784166      	0.48225683     	0.43945065     	0.46360505     	0.21774426     	0.46153188     	0.29724175     	0.44314194     	0.48389748     	0.5779995      	0.3582121      	0.49605507     	0.4375451      	0.41671053     	0.43480453     	0.4087048      	0.42394727     	0.52683985     	0.44805172     	0.4532065      	0.4375917      	0.44855902     	0.6103433      	0.45032352     	0.46027914     	0.4889626      	0.4133065      	0.43329224     	0.42190534     	0.4559253      	0.39373627     	0.46535432     	0.47624475     	0.2887431      	
0.46326178     	0.45567846     	0.44810164     	0.42713624     	0.51754224     	0.5329017      	0.38069618     	0.44728574     	0.47171527     	0.34075242     	0.46252203     	0.49263448     	0.43025118     	0.45905834     	0.35809463     	0.40725154     	0.41238186     	0.56371427     	0.46901333     	0.49052206     	0.47483316     	0.487827       	0.54857        	0.47606966     	0.3888318      	0.47960693     	0.46621478     	0.3413454      	0.46655816     	0.4607067      	0.53966975     	0.4026267      	0.55529135     	0.50012237     	0.471659       	0.41145682     	0.4380673      	0.3900992      	0.45621532     	0.36592984     	0.51222384     	0.36007217     	0.481761       	0.45401913     	0.3854016      	0.47141844     	0.47141793     	0.47301945     	0.4513602      	0.4531875      	0.5384427      	0.52119476     	0.48327658     	0.51792294     	0.48561335     	0.48047563     	0.3822311      	0.388969       	0.35802355     	0.2905303      	0.2847431      	0.2723074      	0.32620475     	0.3937721      	0.34523055     	0.28636748     	0.26300538     	0.2628323      	0.2275165      	0.24152283     	0.37513068     	0.33831382     	0.19937266     	0.21523495     	0.21573439     	0.22648704     	0.37428078     	0.5266524      	0.51469165     	0.42108777     	0.46814755     	0.41548944     	0.44377333     	0.50666016     	0.5358464      	0.48086548     	0.48308417     	0.50711375     	0.5035663      	0.4860499      	0.5094369      	0.3537668      	0.3577681      	0.4591544      	0.46828422     	0.45749602     	0.41868556     	0.4733191      	0.5474154      	0.39713234     	
0.455609       	0.52834743     	0.53039193     	0.43779543     	0.46032453     	0.41363662     	0.3676598      	0.4908518      	0.50274503     	0.62778383     	0.4556453      	0.45846328     	0.46391222     	0.50852996     	0.34879196     	0.49270475     	0.3624187      	0.43130767     	0.5226404      	0.3983353      	0.4420613      	0.41156262     	0.41166505     	0.52810705     	0.54076666     	0.43922257     	0.36053208     	0.46339333     	0.48398817     	0.4701277      	0.4170827      	0.36853215     	0.41237238     	0.46142346     	0.48317313     	0.4546833      	0.4830451      	0.5057703      	0.4732913      	0.49064142     	0.47486538     	0.38977054     	0.37872642     	0.4295134      	0.55287385     	0.528956       	0.4783858      	0.43301448     	0.41440782     	0.40609804     	0.47389635     	0.4257098      	0.47747597     	0.38137814     	0.45876196     	0.41344512     	0.36841872     	0.31594467     	0.33479723     	0.4092205      	0.31073985     	0.36993468     	0.32095942     	0.26988843     	0.27372542     	0.2991023      	0.19666591     	0.22136754     	0.36652204     	0.25572228     	0.16658673     	0.103895195    	0.09424479     	0.19069998     	0.18197283     	0.24145703     	0.27666417     	0.2942589      	0.48190033     	0.39786327     	0.40318975     	0.4790835      	0.41375634     	0.54519707     	0.5176715      	0.5080008      	0.4904825      	0.4036141      	0.5245884      	0.44595256     	0.40293556     	0.3502191      	0.33844575     	0.48362702     	0.44042614     	0.4521432      	0.4473637      	0.47846863     	0.48176965     	0.48943722     	
0.4654723      	0.4064288      	0.47591183     	0.4238477      	0.45466268     	0.44618794     	0.49946755     	0.5583905      	0.45246765     	0.3589462      	0.41029733     	0.3880575      	0.49608636     	0.42813608     	0.4743427      	0.48143914     	0.48765376     	0.4187495      	0.4928476      	0.46771786     	0.43330908     	0.34086964     	0.4700457      	0.36253053     	0.25772122     	0.3910455      	0.32440045     	0.37636262     	0.45886275     	0.36306557     	0.45737508     	0.5449057      	0.5057071      	0.45705268     	0.41143063     	0.43539333     	0.44956285     	0.3578374      	0.40166578     	0.50687593     	0.5412624      	0.30576167     	0.315762       	0.3634323      	0.46827015     	0.42233858     	0.3397623      	0.43855882     	0.38182196     	0.33783862     	0.35179394     	0.354601       	0.4146883      	0.24729432     	0.3413425      	0.39540246     	0.3511485      	0.2941012      	0.19437413     	0.13629074     	0.23851413     	0.08744856     	0.09853035     	0.2365146      	0.13751045     	0.07042928     	0.15150386     	0.11565779     	0.21541715     	0.16780259     	0.2111227      	0.1600407      	0.23398797     	0.079061896    	0.12808982     	0.22746226     	0.21721101     	0.2567021      	0.6096648      	0.41386002     	0.5762211      	0.5026622      	0.49743208     	0.47870925     	0.45201996     	0.506392       	0.33698004     	0.5185547      	0.44497514     	0.50859636     	0.4655078      	0.51031154     	0.54283786     	0.53038555     	0.37678492     	0.43982854     	0.4567775      	0.52626765     	0.46511546     	0.39923123     	
0.46020743     	0.3806761      	0.4109617      	0.45886096     	0.4776844      	0.50675243     	0.41807488     	0.45214462     	0.2900187      	0.42231        	0.49850643     	0.38072047     	0.37851292     	0.45839882     	0.4431053      	0.40347543     	0.4179895      	0.35846695     	0.46999094     	0.29566783     	0.46020195     	0.50606984     	0.45311692     	0.45358664     	0.47817016     	0.40515402     	0.39134043     	0.45570716     	0.445497       	0.47400916     	0.40160745     	0.51761955     	0.3530182      	0.48326883     	0.39072755     	0.4357578      	0.44148812     	0.48151797     	0.46997574     	0.3957475      	0.4314353      	0.43356916     	0.39773738     	0.2977004      	0.26483586     	0.36198604     	0.36001462     	0.29830402     	0.30467185     	0.32447532     	0.22572942     	0.3522474      	0.22632995     	0.17725438     	0.22513038     	0.15861174     	0.12678076     	0.1397468      	0.15025796     	0.1792768      	0.08622144     	0.14027175     	0.15087083     	0.14351526     	0.10603308     	0.1777624      	0.14449646     	0.1639564      	0.12860174     	0.20297047     	0.2708672      	0.14786415     	0.116575986    	0.10605042     	0.1570947      	0.22916043     	0.17219989     	0.19389644     	0.255188       	0.57875204     	0.36027083     	0.46976113     	0.41440067     	0.5284787      	0.3893361      	0.44021177     	0.43673936     	0.511485       	0.422519       	0.4540353      	0.44433603     	0.44127586     	0.4426096      	0.40575558     	0.39438793     	0.35558906     	0.44148636     	0.42358765     	0.37934282     	0.4147126      	
0.37573612     	0.36989364     	0.41178071     	0.4555699      	0.43088403     	0.43386704     	0.37409174     	0.45476955     	0.40216556     	0.3780349      	0.3682501      	0.42513198     	0.45335874     	0.418214       	0.44629914     	0.4629385      	0.42318395     	0.37658963     	0.34767956     	0.4093019      	0.53405696     	0.4075648      	0.47227818     	0.3997845      	0.3375151      	0.35561883     	0.4429854      	0.3377926      	0.50808793     	0.33044896     	0.4693791      	0.46535882     	0.26318973     	0.47357434     	0.4939242      	0.52367884     	0.4412555      	0.3916156      	0.4337266      	0.41673276     	0.44737417     	0.31111997     	0.29423952     	0.1815792      	0.20916012     	0.07080572     	0.22619976     	0.116842836    	0.2150775      	0.12520373     	0.12958694     	0.14103852     	0.25503623     	0.11117989     	0.07568136     	0.25096735     	0.16819763     	0.18239523     	0.274388       	0.16940422     	0.18037918     	0.12144119     	0.097545125    	0.17262757     	0.09019024     	0.19150214     	0.14427665     	0.24183719     	0.35471737     	0.12371155     	0.22049129     	0.12789196     	0.08082092     	0.28757423     	0.17382166     	0.15934196     	0.27647847     	0.21677229     	0.24776945     	0.4553956      	0.3752286      	0.4605439      	0.48666173     	0.34227827     	0.4999069      	0.4653677      	0.5075994      	0.45403662     	0.41493365     	0.42627826     	0.4273557      	0.4720569      	0.51339185     	0.4710767      	0.4163954      	0.50245667     	0.39550886     	0.47121188     	0.4524585      	0.41553164     	
0.5301133      	0.44605154     	0.4008447      	0.42715168     	0.36794248     	0.31662858     	0.5346642      	0.33408192     	0.32188934     	0.46808684     	0.4960258      	0.44609553     	0.46154344     	0.40500417     	0.4226543      	0.45310494     	0.42216653     	0.40689167     	0.42996293     	0.4481795      	0.35963172     	0.47166908     	0.46918154     	0.41156104     	0.4982857      	0.34329227     	0.5207214      	0.39541408     	0.37902203     	0.40819067     	0.4273219      	0.48483035     	0.5133995      	0.423364       	0.49810687     	0.51513493     	0.40204567     	0.43265685     	0.5258228      	0.41941348     	0.16594414     	0.08176127     	0.06293998     	0.13203657     	0.2977554      	0.25303727     	0.081698425    	0.20281023     	0.21147917     	0.1049086      	0.20693044     	0.22705229     	0.20645823     	0.15064485     	0.27880356     	0.11146475     	0.07273762     	0.25426808     	0.19660291     	0.20532428     	0.1742334      	0.18717769     	0.10523908     	0.16196513     	0.1291083      	0.071656026    	0.1279794      	0.1980485      	0.20357694     	0.19276327     	0.24174312     	0.19785361     	0.061399918    	0.15089248     	0.1311014      	0.17936616     	0.24923067     	0.22697096     	0.22739083     	0.19745551     	0.545496       	0.49836475     	0.54071975     	0.3921872      	0.4872113      	0.49428365     	0.34043217     	0.40490806     	0.40062982     	0.33468333     	0.48948625     	0.46021283     	0.45869476     	0.31854942     	0.4931828      	0.3605536      	0.45837268     	0.4830915      	0.38033897     	0.50754225     	
0.40688708     	0.47505245     	0.45149517     	0.36967447     	0.4486483      	0.4561389      	0.4218114      	0.4822231      	0.5110036      	0.50764257     	0.4306909      	0.44768015     	0.48800397     	0.35120326     	0.5814214      	0.39449787     	0.43248287     	0.48698035     	0.42862624     	0.44098085     	0.40160024     	0.34460062     	0.40809852     	0.41763008     	0.48573577     	0.32654613     	0.38702264     	0.4401166      	0.3444209      	0.37845212     	0.47606117     	0.3590919      	0.4864247      	0.4203726      	0.4507669      	0.48939434     	0.3256141      	0.49561003     	0.25316983     	0.21036911     	0.057061993    	0.20044367     	0.12180716     	0.09247621     	0.10514299     	0.17720953     	0.23968346     	0.25530502     	0.18674658     	0.16928191     	0.2648313      	0.1486951      	0.050626952    	0.2602597      	0.16263212     	0.2264584      	0.20178685     	0.169248       	0.14727852     	0.19383413     	0.23342517     	0.20844476     	0.19256265     	0.19886515     	0.124168545    	0.026098464    	0.13455878     	0.19138435     	0.17233132     	0.22673948     	0.22422776     	0.19467205     	0.1992982      	0.13456355     	0.09240731     	0.16753313     	0.1557135      	0.22437876     	0.14783072     	0.25685847     	0.28007174     	0.47725984     	0.4311236      	0.4795081      	0.44976988     	0.50306726     	0.46679953     	0.55743855     	0.4400238      	0.61918825     	0.45637342     	0.46358404     	0.40517378     	0.46957195     	0.5604634      	0.41018134     	0.49527487     	0.45032609     	0.43857765     	0.37635103     	
0.37078905     	0.3845796      	0.34037814     	0.41027948     	0.4257379      	0.36955726     	0.35092318     	0.42437273     	0.4222429      	0.30825058     	0.39320293     	0.35399407     	0.32299435     	0.36253095     	0.62006265     	0.39310116     	0.47878212     	0.5408346      	0.48332602     	0.4810243      	0.5532338      	0.4607892      	0.4539857      	0.49056557     	0.5265995      	0.48671076     	0.5609696      	0.34406573     	0.46907073     	0.53512794     	0.4932225      	0.48991624     	0.45079017     	0.5601667      	0.45451486     	0.5325605      	0.3960593      	0.08826673     	0.14478314     	0.074201055    	0.22333898     	0.114024445    	0.24331392     	0.12274938     	0.16837078     	0.16851048     	0.10335035     	0.0944998      	0.1776516      	0.12690485     	0.16991991     	0.1316474      	0.23871222     	0.1779634      	0.18166183     	0.13469069     	0.15454428     	0.24534823     	0.19938967     	0.18553436     	0.21867786     	0.2132597      	0.16356598     	0.31320876     	0.17686065     	0.25327086     	0.04201222     	0.24955639     	0.1067146      	0.22809337     	0.19785583     	0.15810664     	0.24271236     	0.20906316     	0.20039904     	0.22979932     	0.18861635     	0.17613514     	0.26693368     	0.20859031     	0.2591514      	0.46113607     	0.39636377     	0.40670937     	0.54827553     	0.47842962     	0.4468816      	0.40205386     	0.49038073     	0.45287687     	0.4133582      	0.45093945     	0.51961195     	0.4920537      	0.5754485      	0.48960677     	0.4825676      	0.61105067     	0.5449523      	0.4202585      	
0.37401834     	0.39628556     	0.4157398      	0.30270195     	0.34017155     	0.33346495     	0.23030446     	0.30270037     	0.4034054      	0.3380363      	0.2795592      	0.25726148     	0.2166037      	0.22984272     	0.26508358     	0.29274997     	0.20620792     	0.41993955     	0.47121602     	0.50177145     	0.4576624      	0.46885395     	0.5065924      	0.4750581      	0.3653834      	0.463305       	0.5072039      	0.40868005     	0.4278265      	0.45312595     	0.48768497     	0.41318217     	0.4633937      	0.43730015     	0.4604914      	0.5109645      	0.3157467      	0.18290865     	0.10643983     	0.1527679      	0.12777318     	0.27387834     	0.166519       	0.19118494     	0.17126855     	0.11365478     	0.16604573     	0.079253174    	0.24883935     	0.072355755    	0.15027735     	0.12962192     	0.23468955     	0.19246821     	0.1911222      	0.15008718     	0.20409366     	0.19261427     	0.20508125     	0.114795044    	0.21553916     	0.23440301     	0.14124043     	0.30227837     	0.2731156      	0.16897291     	0.108791776    	0.15102471     	0.1823259      	0.13930315     	0.29782695     	0.26638725     	0.20227164     	0.12520704     	0.14586124     	0.23952493     	0.21426536     	0.19671576     	0.20692015     	0.13672034     	0.1722191      	0.27670857     	0.5457306      	0.44220877     	0.45674157     	0.54214126     	0.45828253     	0.40480238     	0.59995645     	0.5775864      	0.49082726     	0.43828252     	0.44267765     	0.46207166     	0.4585114      	0.5089058      	0.44388825     	0.44995683     	0.45413697     	0.4491386      	
0.33646515     	0.2748752      	0.33290514     	0.26186776     	0.15705968     	0.2014556      	0.21265393     	0.31484133     	0.17408144     	0.13857111     	0.19175892     	0.1434034      	0.20577785     	0.14366116     	0.265132       	0.23597059     	0.15949984     	0.30563924     	0.5032026      	0.5227205      	0.4565508      	0.4469285      	0.47345012     	0.5154767      	0.4812697      	0.40213308     	0.584304       	0.52168196     	0.3917087      	0.4791154      	0.4235088      	0.47790998     	0.52888703     	0.42094815     	0.60957325     	0.40451202     	0.25070673     	0.1304532      	0.10147397     	0.11720427     	0.11550827     	0.10017203     	0.15937917     	0.14142376     	0.10306585     	0.24293873     	0.15735652     	0.1928442      	0.2182834      	0.1469327      	0.24867594     	0.1381167      	0.15602161     	0.18442917     	0.20181045     	0.18089247     	0.1548607      	0.11309885     	0.18282226     	0.10956853     	0.2335166      	0.11874817     	0.12741151     	0.2127192      	0.17783171     	0.1238841      	0.11374819     	0.16440757     	0.12257611     	0.15740886     	0.20787337     	0.20394604     	0.15329565     	0.15074089     	0.19574696     	0.24923538     	0.13307881     	0.18945216     	0.20078693     	0.15393429     	0.13646393     	0.20456798     	0.41609454     	0.568988       	0.4706955      	0.5333468      	0.5225781      	0.42422244     	0.4263216      	0.5748712      	0.5341603      	0.5707989      	0.4988495      	0.43175012     	0.46584296     	0.48801216     	0.44675803     	0.40711308     	0.4431797      	0.4489001      	
0.09630982     	0.18393357     	0.15923265     	0.19200449     	0.1316711      	0.17609268     	0.21228828     	0.21491854     	0.26293924     	0.27126896     	0.16415037     	0.13385318     	0.26050776     	0.15454651     	0.10138712     	0.2660503      	0.20978166     	0.2527736      	0.39594847     	0.5160132      	0.40847138     	0.47711632     	0.37704843     	0.48527706     	0.45604837     	0.5670121      	0.43677217     	0.396118       	0.48119745     	0.3933391      	0.47559124     	0.46021992     	0.45282188     	0.51759076     	0.44174317     	0.36146522     	0.22209549     	0.13099398     	0.09387246     	0.11660338     	0.20100237     	0.19231713     	0.07313356     	0.06627101     	0.15440828     	0.1280242      	0.13812862     	0.1421268      	0.25790545     	0.27326855     	0.09541073     	0.23173031     	0.20633873     	0.18190391     	0.10020702     	0.14557466     	0.15489888     	0.08841827     	0.19620492     	0.115767956    	0.20096713     	0.18925874     	0.15479031     	0.12328687     	0.07818285     	0.13492937     	0.19694178     	0.15276271     	0.21720849     	0.182542       	0.12156275     	0.17492945     	0.20530653     	0.17612879     	0.20015574     	0.15731943     	0.12788917     	0.23179872     	0.23368746     	0.13649835     	0.14487772     	0.2224974      	0.18041007     	0.44981354     	0.61827743     	0.32692432     	0.40821642     	0.42800054     	0.4870438      	0.48858246     	0.4349962      	0.36780414     	0.4496879      	0.3644968      	0.56768054     	0.48108256     	0.53444505     	0.4790735      	0.45545745     	0.523737       	
0.16988601     	0.18396036     	0.22881278     	0.25714472     	0.24335605     	0.20882699     	0.13095964     	0.05888956     	0.20791687     	0.076683216    	0.21509293     	0.18560524     	0.26774594     	0.25038847     	0.08168607     	0.17389618     	0.118068494    	0.19947444     	0.33729607     	0.3401833      	0.59943134     	0.5404933      	0.6176562      	0.41173694     	0.46263382     	0.45892856     	0.5214846      	0.4329831      	0.45196363     	0.26640913     	0.40851745     	0.6156069      	0.3822884      	0.50758815     	0.5008457      	0.31469026     	0.3344248      	0.32229504     	0.17140557     	0.21892291     	0.22910477     	0.14078923     	0.14017011     	0.16112666     	0.22140262     	0.06724488     	0.22275679     	0.1466318      	0.16919656     	0.12781912     	0.21740308     	0.14996526     	0.20621073     	0.1845072      	0.21468945     	0.1340401      	0.22592835     	0.10366219     	0.19938752     	0.1137949      	0.26324138     	0.17157789     	0.060749564    	0.20185024     	0.14548078     	0.25056455     	0.24934533     	0.13620149     	0.19939771     	0.15569237     	0.056324083    	0.1263583      	0.18708304     	0.13832884     	0.2681681      	0.12497373     	0.19817261     	0.13655567     	0.2769129      	0.24307455     	0.26142243     	0.20317434     	0.324838       	0.4061242      	0.39453498     	0.49931198     	0.4645276      	0.55893314     	0.4762315      	0.4371782      	0.45489404     	0.39001334     	0.41351032     	0.41497728     	0.4875839      	0.55066115     	0.41089675     	0.4919614      	0.55729365     	0.49167594     	
0.15921411     	0.10431763     	0.11631758     	0.06966475     	0.13443993     	0.13131247     	0.09706727     	0.13649356     	0.049803525    	0.19087495     	0.10681986     	0.15616666     	0.14182791     	0.19806014     	0.23055983     	0.17818612     	0.16675057     	0.11344203     	0.2945797      	0.26968327     	0.555041       	0.47052974     	0.4275711      	0.4849227      	0.5504969      	0.58967143     	0.551626       	0.48597506     	0.46633384     	0.4355828      	0.5682383      	0.5606078      	0.5019112      	0.58484465     	0.47658926     	0.40862215     	0.58758336     	0.55096096     	0.45955202     	0.51910466     	0.42968372     	0.29206625     	0.22570008     	0.28631142     	0.11033921     	0.18769999     	0.24889244     	0.27891144     	0.23536415     	0.17773435     	0.14909028     	0.18403392     	0.19918755     	0.19053689     	0.124603465    	0.2563614      	0.08807533     	0.2400654      	0.21597753     	0.20601554     	0.17379437     	0.28604865     	0.15385018     	0.084483474    	0.121295005    	0.15710115     	0.08507612     	0.19494215     	0.18121766     	0.13922809     	0.016432194    	0.22723614     	0.31447896     	0.06432692     	0.089880265    	0.23533615     	0.14380558     	0.10133863     	0.17354941     	0.22279796     	0.31399345     	0.10822586     	0.21608385     	0.34675938     	0.43202427     	0.42764336     	0.4356913      	0.55420154     	0.49177226     	0.4194365      	0.47352365     	0.4670427      	0.42188483     	0.5134958      	0.46210927     	0.4079467      	0.41122267     	0.46875384     	0.45990112     	0.38569257     	
0.18778488     	0.2403701      	0.14729777     	0.18295613     	0.17609257     	0.2594029      	0.15714595     	0.11014886     	0.096278965    	0.16151233     	0.15822183     	0.19510351     	0.20283861     	0.20913568     	0.22092097     	0.20664053     	0.16418412     	0.2185993      	0.13135214     	0.27810565     	0.4452392      	0.41445303     	0.5023801      	0.44068453     	0.423414       	0.41576248     	0.43193164     	0.48849434     	0.4316063      	0.4493935      	0.4427153      	0.51705885     	0.44582206     	0.477082       	0.46423864     	0.5376431      	0.5225007      	0.43159264     	0.41716745     	0.3906324      	0.29697993     	0.38447842     	0.405415       	0.27658734     	0.27875346     	0.16193005     	0.101180956    	0.23371151     	0.13151892     	0.12235119     	0.17858586     	0.16120802     	0.12145223     	0.17447002     	0.22474253     	0.14464754     	0.19866334     	0.23653096     	0.1696262      	0.07413073     	0.16886768     	0.13167903     	0.23543493     	0.18178706     	0.18638077     	0.071279995    	0.19370227     	0.10252033     	0.17295161     	0.2097595      	0.14312436     	0.26454723     	0.20928062     	0.14182022     	0.23801117     	0.21306792     	0.14093979     	0.179257       	0.15884134     	0.18196069     	0.1402069      	0.1578037      	0.19171219     	0.30216706     	0.16571075     	0.48723912     	0.44743696     	0.5083094      	0.3864307      	0.40206054     	0.4076151      	0.38985038     	0.34152797     	0.53459567     	0.39508995     	0.46151897     	0.41764826     	0.44221142     	0.46343765     	0.5223556      	
0.14941992     	0.24974279     	0.27923197     	0.17221224     	0.14651565     	0.20549819     	0.16487616     	0.17191432     	0.12036362     	0.188097       	0.0961626      	0.17441319     	0.23917803     	0.19840014     	0.117504165    	0.15497741     	0.20187223     	0.23288894     	0.2098726      	0.26252228     	0.29370353     	0.5970847      	0.39662048     	0.47001147     	0.4498174      	0.56082535     	0.4780043      	0.4806923      	0.44965896     	0.43347228     	0.54675454     	0.4344134      	0.4899267      	0.4544665      	0.42604032     	0.49294788     	0.5287386      	0.5190563      	0.39545324     	0.3345307      	0.47362953     	0.35992867     	0.31231597     	0.3576895      	0.29051375     	0.16466784     	0.16422002     	0.1252458      	0.17284831     	0.1208581      	0.17431855     	0.19395672     	0.1762549      	0.22363488     	0.21309693     	0.17149483     	0.27864444     	0.05761209     	0.1082445      	0.2522978      	0.16730157     	0.14182742     	0.27814874     	0.1266409      	0.16227476     	0.15078577     	0.104527794    	0.18625079     	0.16024579     	0.1623192      	0.1704726      	0.12175723     	0.23232917     	0.16280708     	0.1373809      	0.17767003     	0.109886914    	0.10978133     	0.22359674     	0.27745825     	0.20948222     	0.18763658     	0.21398029     	0.2137492      	0.20597878     	0.3982479      	0.5209645      	0.4738563      	0.44974327     	0.45105353     	0.49184453     	0.5034593      	0.49034005     	0.51551193     	0.495119       	0.4124011      	0.35211828     	0.36664104     	0.4355679      	0.43944424     	
0.10515546     	0.2532621      	0.21984279     	0.16990113     	0.20038614     	0.18281755     	0.2222271      	0.21471062     	0.15822175     	0.23755895     	0.19925359     	0.28961986     	0.25574803     	0.1435046      	0.10716127     	0.1738625      	0.14943573     	0.17695816     	0.19633256     	0.16746755     	0.27150014     	0.39230657     	0.5108258      	0.4506136      	0.46927738     	0.50085384     	0.39100745     	0.5279132      	0.39478254     	0.37121117     	0.49659467     	0.51239586     	0.5563782      	0.39576975     	0.46567813     	0.5116149      	0.5153587      	0.42555743     	0.41544798     	0.45740813     	0.34744558     	0.39493987     	0.4623239      	0.40715286     	0.23884827     	0.31178823     	0.17161746     	0.19776815     	0.17441322     	0.16923882     	0.12242535     	0.18242641     	0.17891903     	0.119087204    	0.09097224     	0.12541983     	0.11926038     	0.09125704     	0.123631835    	0.25636864     	0.18429486     	0.12785947     	0.26035658     	0.27402356     	0.20617443     	0.21278602     	0.10748066     	0.20222364     	0.22961603     	0.07806523     	0.187414       	0.23210506     	0.19749807     	0.15213713     	0.18951316     	0.08969935     	0.101809576    	0.22980744     	0.19397388     	0.17999335     	0.14825276     	0.13910227     	0.18560594     	0.2066559      	0.20127964     	0.41043484     	0.5317359      	0.4620811      	0.37767342     	0.5322457      	0.5224367      	0.44209084     	0.46905372     	0.4602848      	0.4813463      	0.44530314     	0.51639223     	0.38637674     	0.42364928     	0.41534927     	
