# www.neaspec.com
# Scan:	 	AFM
# Project:	 	20251007_PS
# Description:	 	
# Date:	 	10/07/2025 10:43:47
# Scanner Center Position (X, Y):	[µm]	49.99	50.01	 
# Rotation:	[°]	0	 	 
# Scan Area (X, Y, Z):	[µm]	5.000	5.000	0.000
# Pixel Area (X, Y, Z):	[px]	100	50	1
# Averaging:	 	1	 	 
# Integration time:	[ms]	5	 	 
# Laser Source:	 	4.5-15 µm nano-FTIR laser
# Detector:	 	R
# Target Wavelength:	[µm]	7.502	 	 
# Demodulation Mode:	 	Fourier
# Tip Frequency:	[Hz]	241,340.500	 	 
# Tip Amplitude:	[mV]	45.700	 	 
# Tapping Amplitude:	[nm]	79.665	 	 
# Modulation Frequency:	[Hz]	0.000	 	 
# Modulation Amplitude:	[mV]	0.000	 	 
# Modulation Offset:	[mV]	0.000	 	 
# Setpoint:	[%]	79.75	 	 
# Regulator (P, I, D):	 	4.206850	8.625812	1.000000
# Tip Potential:	[mV]	0.000	 	 
# M1A Scaling:	[nm/V]	0.426	 	 
# M1A Cantilever Factor:	 	1,000	 	 
# Q-Factor:	 	487.4	 	 
# Version:	 	2.1.11536.0
0.00037464176  	0.0016521458   	0.0005957408   	0.0007969411   	0.002901044    	0.0007070795   	0.0010804752   	0.00066953927  	0.0013120804   	0.0013352877   	0.0011548869   	0.002088786    	0.0004608826   	0.0018839488   	0.0019031779   	0.00045059307  	0.0020896508   	0.0017997031   	0.0011280284   	0.0016153745   	0.0010570292   	0.00022005294  	0.0009587434   	0.0028852401   	0.00037003524  	0.0012244097   	0.0010676305   	0.000335663    	0.0012652898   	0.001271181    	0.0018692      	0.0008825575   	0.0010307916   	0.0010163886   	0.0011338161   	0.00027943484  	0.0014681647   	0.001085205    	0.0014090978   	0.00092808146  	0.001093022    	0.0016190197   	0.00019021126  	0.0009691436   	0.0013799805   	0.0018847083   	0.0009770376   	0.002314046    	0.0020829109   	0.0018701105   	0.0023199657   	0.00053170667  	0.0009213248   	0.0007854692   	0.0004764308   	0.0009856465   	0.0024826718   	0.0014571957   	0.0019684806   	0.00036953558  	0.00048532625  	0.00069987227  	0.0025344691   	0.0027547432   	0.0012692331   	0.0029211852   	0.0010691064   	0.00043029778  	0.00073019176  	0.0007930758   	0.0008300035   	0.00027474732  	0.0015032999   	0.0007675498   	0.0018088144   	0.001456169    	0.0011289567   	0.0010221214   	0.001961066    	0.001789279    	0.00037800128  	0.0005431949   	0.0009620072   	0.00022586042  	0.0013429624   	0.00031541716  	0.0011864225   	0.0009099533   	0.003361593    	0.00032766684  	0.0008515309   	0.0012163281   	0.00095015357  	0.0021118186   	0.0006567275   	0.00052250805  	0.0014834694   	0.00036422594  	0.0025655807   	0.0006234465   	
0.0011997779   	0.0015867355   	0.0007517031   	0.001153914    	0.00035668272  	0.00015502708  	0.00050851883  	0.00080213544  	0.0014905104   	0.0020754016   	7.747462E-05   	0.0017584068   	0.0012231548   	0.00047356897  	0.001791625    	0.00039102643  	0.0016419246   	0.0022771559   	0.00030668286  	0.001254687    	0.0003839674   	0.0019250575   	0.0012676314   	0.0009305554   	0.0023500847   	0.0010428014   	0.0010202399   	0.00035994136  	0.0014411237   	0.0011435318   	0.00064314425  	0.001580547    	0.0012042718   	0.0016879818   	0.0010340713   	0.0012747955   	0.0005243608   	0.0011697854   	0.001317687    	0.00036834035  	0.0012625465   	0.002085359    	0.001786054    	0.002522681    	0.00053475687  	0.0005703484   	0.0011195203   	0.00041426765  	0.00077970204  	0.0006130031   	0.0014601671   	0.0004603065   	0.00054510596  	0.0009597315   	0.002746166    	4.8556547E-05  	0.0018190121   	0.0014164177   	0.00066546217  	0.0015880266   	0.0005459413   	0.0017419028   	0.0011074211   	0.0005364285   	0.0013848294   	0.002008253    	0.00042737892  	0.0011942053   	0.0018475335   	0.0011138216   	0.0014046709   	0.00033676825  	0.001192484    	0.001644571    	0.0003383008   	0.0003955612   	0.0014448037   	0.00085650635  	0.0023806146   	0.0019995486   	0.0010070367   	0.0025967925   	0.0009771157   	0.0011187169   	0.002052919    	0.0004762158   	0.00041751494  	0.0017409824   	0.0013298296   	0.0009956426   	0.0012728368   	0.0013040723   	0.0018894766   	0.00040084412  	0.00086260535  	0.0002412002   	0.0019711559   	0.0026292899   	0.0009801835   	0.0016009255   	
0.0009235321   	0.001037048    	0.00366118     	0.0006150834   	0.00016111841  	0.0012450673   	0.0021870849   	0.0025681234   	0.002589885    	0.0009891774   	0.0023243574   	0.0011416244   	0.0034237602   	0.002069352    	0.001355048    	0.0010288511   	0.0015081849   	0.0015817146   	6.362048E-05   	0.0015472021   	0.00085300877  	0.0019095304   	0.0012528353   	0.00054026063  	0.0014580375   	0.0015612697   	0.0005410349   	0.0011940423   	0.0012727557   	0.00026986352  	0.0007999317   	0.0018730378   	0.0007576812   	0.0014925302   	0.0005967968   	0.0011820007   	0.0021678351   	0.0008347674   	0.0025845123   	0.0024305002   	0.0014083165   	0.0025608568   	0.0011912703   	0.00018943378  	0.0015649444   	0.00020850028  	0.0019520723   	0.000820747    	0.00086960447  	0.0010888868   	0.0022757205   	0.0016466744   	0.00086457207  	0.0012469927   	0.0011805354   	0.0024709038   	0.0017925337   	0.0028480615   	0.00082357274  	0.0009900687   	0.00069648284  	0.0010381386   	0.0014442594   	0.0017617873   	0.0016502739   	0.00051763613  	0.001057917    	0.0015593107   	0.00021111133  	0.0020919694   	0.0019501284   	0.0006170828   	0.0026223313   	0.0020238184   	0.000965565    	0.00093798444  	0.0008920666   	0.00093417283  	0.0012331996   	0.0011662433   	0.0010411368   	0.0013110578   	0.002798879    	0.00029501168  	0.0020853032   	0.0022070522   	0.001111624    	0.00096366304  	0.0022826614   	0.0030030815   	0.0035280653   	0.0027390937   	0.0005908071   	0.0011035913   	0.00038070846  	0.0013216988   	0.0025432908   	0.0008554976   	0.0017212175   	0.0006323214   	
0.0017395417   	0.0020434065   	0.00073983753  	0.0020610976   	0.004525067    	0.0007946449   	0.00042806246  	0.0010512904   	0.0010888607   	0.0020764654   	0.0019233966   	0.0011046634   	0.00077730935  	0.0007523537   	0.0015570169   	0.0013588369   	0.0026807988   	0.00061304914  	0.0019800756   	0.0011106615   	0.0019758325   	0.0011630467   	0.0021837999   	0.0010764017   	0.0013026457   	0.0009609057   	0.0008022505   	0.00050070137  	0.00073728396  	0.0013436016   	0.0012265254   	0.0001731258   	0.0009565993   	0.0019735377   	0.0016619212   	0.00016323333  	0.0011777091   	0.0023958783   	0.000394926    	0.0015445275   	0.00048676302  	0.00047373498  	0.0006184266   	0.0005934784   	0.00010068586  	0.0003915103   	0.00081199204  	0.0029727865   	0.0018924779   	0.0029991027   	0.00069350714  	0.00072325615  	0.0024271149   	0.0018365935   	0.0025665448   	0.00072920753  	0.0006429938   	0.0014297602   	0.0015855269   	0.0006243326   	0.0007716853   	0.0010644152   	0.0024901729   	0.00079389894  	0.0012460079   	0.0014152308   	0.00090777676  	0.0024596853   	0.0007890598   	0.0007107031   	0.00029818126  	0.0023926476   	0.001875254    	0.0022552302   	0.0013140516   	0.0010173965   	0.0006310229   	0.00088251114  	0.0011327816   	0.001553846    	0.0006371321   	0.0012158917   	0.00047800495  	0.0028388696   	0.0019951283   	0.00020756095  	0.00065815466  	0.00057919265  	0.0011360773   	0.0017857396   	0.0005690246   	0.0006505647   	0.0011823953   	0.0004518588   	0.0014941787   	0.00096958666  	0.0012317796   	0.00059749134  	0.001172123    	0.0011652375   	
0.001546136    	0.0038528482   	0.0007590776   	0.0033759065   	0.0010678723   	0.00039588514  	0.0010626644   	0.00081908214  	0.0017269233   	0.0008282432   	0.0029454257   	0.0012318667   	0.0022196432   	0.0009829217   	0.0017426122   	0.000377887    	0.0016393051   	0.0024146747   	0.0008791558   	0.00210192     	0.001189169    	0.0006480699   	0.003061181    	0.0018716804   	0.0016481499   	0.0013921397   	0.0021389006   	0.00047940086  	0.002368346    	0.0010305755   	0.0015261435   	0.0012900907   	0.0007930553   	0.0017722799   	0.0019218944   	0.00105885     	0.003233967    	0.0014153443   	0.001520032    	0.0013931945   	0.0041280063   	0.0015428243   	0.001982628    	0.0010418011   	0.0012084779   	0.0033676692   	0.0009978814   	0.0017601415   	0.00087644055  	0.0012115808   	0.0011481035   	0.0026042182   	0.0021320125   	0.0015460079   	0.00197705     	0.002791604    	0.0010027444   	0.001165526    	0.000501879    	0.001649057    	0.0013303303   	0.00030687233  	0.0006452402   	0.002125666    	0.0014125289   	0.0003079893   	0.0016342018   	0.0021449428   	0.001352878    	0.00037412034  	0.00013795478  	0.0022629783   	0.0004635978   	0.0013943233   	0.0010370782   	0.00036957354  	0.0025312598   	0.001815175    	0.0021953834   	0.0017542006   	0.0013531975   	0.0025613375   	0.002307022    	0.00068658346  	0.0012690056   	0.0012907143   	0.00052035623  	0.0012321747   	0.0018307032   	0.00025418162  	0.00040195504  	0.0014049293   	0.00046675262  	0.0019262121   	0.00021593354  	0.0015576223   	0.001782124    	0.00063751126  	0.0008110807   	0.0013243214   	
0.00088068924  	0.0014121636   	0.0010265639   	0.0021661127   	0.0021263764   	0.001176987    	0.000852401    	0.00060801726  	0.0032851403   	0.00030344937  	0.00044983515  	0.0005372429   	0.00090343645  	0.0011175371   	0.0006312635   	0.0007932199   	0.00054981344  	8.1397055E-05  	0.0012115021   	0.0017502977   	0.0007654311   	0.00078193186  	0.0014279123   	0.0015431684   	0.00042385102  	0.0010397302   	0.00045085934  	0.0011410004   	0.0011620494   	0.0014684882   	0.0030711656   	0.0008637339   	0.0019529396   	0.0014319187   	0.0012537687   	0.0010990897   	0.00218145     	0.00045857564  	0.0020621824   	0.0009948201   	0.0009221793   	0.00040044932  	0.0014042848   	0.00088651484  	0.0028953236   	0.0012844389   	0.0027702865   	0.0024750824   	0.0012989572   	0.00068597344  	0.0013314906   	0.00044785722  	0.0029036182   	0.002265919    	0.0018615482   	0.0013403122   	0.0007766081   	0.0013124587   	0.0019809867   	0.0011819013   	0.00014773122  	0.0009798694   	0.0007686661   	0.0014646972   	0.0020713052   	0.0021048952   	0.0015821517   	0.0006732031   	0.0014341364   	0.0020523274   	0.0011127802   	0.0016409174   	0.0028869114   	0.0011190177   	0.001155155    	0.0016513546   	0.0011075501   	0.0032717257   	0.00071543973  	0.002170368    	0.0010450641   	0.0005206164   	0.0008060513   	0.0015557056   	0.0026438439   	0.0010731239   	0.0014201809   	0.0013082963   	0.00046491702  	0.0015270289   	0.00017175487  	0.0014102554   	0.0019786924   	0.0014380733   	0.0011980045   	0.0007649604   	0.00084503164  	0.000717231    	0.0018453406   	0.0010397454   	
0.0020754216   	0.000998746    	0.004129876    	0.0028624854   	0.0017262726   	0.0021120585   	0.0025653935   	0.0020196624   	0.0025258288   	0.00036217997  	0.002680826    	0.0007417937   	0.0026160432   	0.0019017755   	0.00023034184  	0.0011725033   	0.0019681898   	0.0016451428   	0.00040279832  	0.0017042534   	0.00017001235  	0.0014671473   	0.001708014    	0.00037442948  	0.0016669718   	0.0011099579   	0.0014593255   	0.0016173326   	0.0017100823   	0.001145546    	0.002533189    	0.0006522019   	0.00041981155  	0.0033038377   	0.0012194696   	0.0011424655   	0.00066615996  	0.0016247055   	0.0028973804   	0.0020792608   	0.0013988548   	0.0007812967   	0.0007707683   	0.00056062074  	0.0016121082   	0.0011202162   	0.0021110922   	0.0014139127   	0.0020284022   	0.0013379266   	0.00042318256  	0.00078023784  	0.0019994718   	0.0013783778   	0.0012907364   	0.0019552452   	0.0015388011   	0.0012573852   	0.0023090607   	0.0033676687   	0.0009331172   	0.0021089364   	0.000860394    	0.0018079142   	0.0012682002   	0.00023931086  	0.0019784756   	0.00093222474  	0.00072764716  	0.0012307368   	0.0013127998   	0.0005512992   	0.0004261307   	0.00075097044  	0.0012949479   	0.00016299353  	0.0011064244   	0.002404462    	0.002259697    	0.0011634278   	0.0008543144   	0.0010166094   	0.0028224452   	0.0007031673   	0.002058001    	0.0010666256   	0.0032991401   	0.0031986833   	0.0011199776   	0.001953392    	0.0011362795   	0.002134792    	0.0022536553   	0.0005227891   	0.00042533784  	0.0007545569   	0.0008339315   	0.0012523856   	0.0023340012   	0.0006929825   	
0.001597882    	0.0019662257   	0.0010276906   	0.00224577     	0.0008724239   	0.0010534124   	0.0014574528   	0.0006929505   	0.0018672408   	0.0012067853   	0.001251974    	0.00131498     	0.00037810445  	0.0018393906   	0.0027444751   	0.0007559646   	0.0024075608   	0.001911731    	0.0005044177   	0.0019504903   	0.0021852267   	0.0006385814   	0.0005522853   	0.0017491225   	0.00052794296  	0.00040315298  	0.0008056225   	0.003205782    	0.00016629096  	0.0011480125   	0.0016690991   	0.0013074665   	0.0012549099   	0.002979421    	0.0015357874   	0.0011841386   	0.001230083    	0.0015338259   	0.0025698903   	0.00087585865  	0.0015157143   	0.002761823    	0.0041474467   	0.0022606333   	0.00073156523  	0.0009757649   	0.0017348378   	0.002587391    	0.0025025413   	0.0009142422   	0.00080053345  	0.00022273848  	0.00033710428  	0.0013538989   	0.001295395    	0.0012130926   	0.0011394968   	0.0047307364   	0.00068992004  	0.0010541161   	0.0012920373   	0.00071848417  	0.0042024483   	0.0010530814   	0.0010458516   	0.0009772838   	0.0013159105   	0.00079760246  	0.00018530538  	0.0021731898   	0.00066092925  	0.0013217147   	0.000829147    	0.000990366    	0.0010812541   	0.0010730075   	0.0013288053   	0.000808332    	0.00068038027  	0.0011391327   	0.0023368287   	0.0006453565   	0.0036827717   	0.0020118332   	0.0010112736   	0.0010225887   	0.00028758135  	0.002638921    	0.0012207467   	0.00087885774  	0.00079425593  	0.00069758797  	0.0013963432   	0.0015658756   	0.0014462096   	0.0014990888   	0.0015443247   	0.0012370719   	0.00019580967  	0.0021091439   	
0.00246438     	0.0009308644   	0.0020561286   	0.00065799605  	0.0013403533   	0.0008596913   	0.0015652168   	0.0017434245   	0.002200339    	0.00045958633  	0.0014036208   	0.0022246488   	0.0021168545   	0.00045769938  	0.0014200155   	0.0005041803   	0.00064793444  	0.0005029175   	0.00029931043  	0.00055859657  	0.0009288664   	0.002033578    	0.0010481445   	0.00069353526  	0.0021599033   	0.0013109983   	0.0021593084   	0.0014442481   	0.0015423028   	0.0016943199   	0.0008924781   	0.00070410135  	0.0018585693   	0.0015666265   	0.00029698655  	0.0005677134   	0.001352471    	0.0022027441   	0.00088528     	0.0017168187   	0.0012942846   	0.0016805134   	0.0009550497   	0.0015713471   	0.0020612685   	0.00047159343  	0.0011251443   	0.0015961553   	0.00094349793  	0.00085868477  	0.0006640957   	0.0008613438   	0.0027045922   	0.0006808322   	0.0018259851   	0.0010539413   	0.00066816877  	0.0010522907   	0.0018157024   	0.0013250489   	0.0015406638   	0.0020842722   	0.00026397206  	0.0006099236   	0.00033408246  	0.0006765826   	0.0017924436   	0.0011613873   	0.00012738557  	0.0007346519   	0.0006763294   	0.0015413382   	0.0011904504   	0.001256408    	0.00033043683  	0.0016214631   	0.0012289855   	0.0012582731   	0.00097496086  	0.0021289592   	0.0006407006   	0.0017970848   	0.0012611457   	0.0030296727   	0.002593848    	0.0011928276   	0.0005107138   	0.0010000913   	0.0005486982   	0.00066238083  	0.0018405911   	0.00038752687  	0.00080357795  	0.0013117198   	0.0015899796   	0.001256746    	0.0013942574   	0.00087007985  	0.0010933371   	0.00064206624  	
0.0015152175   	0.0010506543   	0.0008892151   	0.0017625474   	0.0012301132   	0.002496014    	0.0028355715   	0.001211367    	8.3722596E-05  	0.0010485066   	0.0010900932   	0.0010842796   	0.00045423026  	0.0026638934   	0.00045760127  	0.003738579    	0.0035731858   	0.0026180104   	0.0013366521   	0.0033290265   	0.0008388891   	0.00089998276  	0.00047434974  	0.0007762341   	0.0014340784   	0.0025014211   	0.0012483409   	0.0005903561   	0.0009717558   	0.00014943175  	0.0016092851   	0.002279822    	0.0016363194   	0.00090793427  	0.001965026    	0.002290733    	0.0023856394   	0.002430499    	0.0013501873   	0.0009993005   	0.000944474    	0.0019411293   	0.0010907945   	0.0014191614   	0.00057146064  	0.0019443965   	0.0017034559   	0.0005865166   	0.00151126     	0.0032794448   	0.0006201167   	0.0024907761   	0.0029860032   	0.0019126105   	0.002456481    	0.0011298171   	0.000911971    	0.0019607022   	0.0017501939   	0.00092328124  	0.0019816177   	0.0011296513   	0.0017574093   	0.0012349542   	0.0014346736   	0.0011628349   	0.004570653    	0.00049164385  	0.0011289117   	0.0005412915   	0.0010189156   	0.00034257094  	0.0013922193   	8.286384E-05   	0.00025075322  	0.00081486243  	0.00029642048  	0.0011091045   	0.0010563328   	0.000723021    	0.0023081745   	0.0015810522   	0.00053763756  	0.0024610765   	0.00120795     	0.0018141618   	0.0017819315   	0.0018114476   	0.00076255045  	0.0010976912   	0.00056475925  	0.0011361234   	0.0006046634   	0.00073542993  	0.00047085984  	0.00075891754  	0.0012625537   	0.0006938156   	0.0011930006   	0.0016625442   	
0.0023341894   	0.0017428208   	0.0018016382   	0.0016800893   	0.0007420213   	0.00017567801  	0.00041697655  	0.0009547796   	0.0023750064   	0.0017321524   	0.00087829283  	0.0006859471   	0.001896864    	0.0012977868   	0.002234296    	0.001008052    	0.0010836987   	0.00023344839  	0.0013923391   	0.0017608373   	0.0035924104   	0.0011980685   	0.0008491556   	0.0006048109   	0.0006592844   	0.0027047344   	0.00057170616  	0.0007543285   	0.00071246905  	0.002711196    	0.0018459435   	0.00032107564  	0.0009645855   	0.0004110021   	0.0016641546   	0.00021522008  	0.0019516944   	0.003474137    	0.0015162737   	0.0022314477   	0.00014094585  	0.0012188099   	0.0009685617   	0.0015705342   	0.0004031328   	0.00052478747  	0.0018927946   	0.0018543584   	0.0010732199   	0.0019424583   	0.00077719527  	0.0032740105   	0.0017766544   	0.0015142405   	0.002882576    	0.0010197391   	0.0027705804   	0.001286182    	0.0006486549   	0.00090698374  	0.0012791634   	0.0010392288   	0.0024657452   	0.0010124253   	0.0004971593   	0.0008683951   	0.0024981992   	0.00080481987  	0.0012906451   	0.0013255486   	0.0017586024   	0.0027364248   	0.0018150669   	0.00010095548  	0.001779273    	0.0016716201   	0.0021800213   	0.0021538276   	0.00045588784  	0.0026143536   	0.0008829907   	0.00040367094  	0.0048769056   	0.0013332983   	0.00095589395  	0.0014808667   	0.0014780927   	0.00025325362  	0.0021297114   	0.0010300159   	0.0018773418   	0.0024350137   	0.000443878    	0.0012619148   	0.0007839569   	0.0009919703   	0.0004853691   	0.00031302255  	0.00022177512  	0.0023405368   	
0.0009631348   	0.0012809898   	0.0027682802   	0.0010760379   	0.000469914    	0.0007520732   	0.00039046005  	0.0009085444   	0.00052020367  	0.0010439552   	0.0009158511   	0.0028156294   	0.0014085941   	0.0021640083   	0.0012123513   	0.0014838574   	0.0021790324   	0.0014487999   	0.003081975    	0.0006419451   	5.1699066E-05  	0.0007786146   	0.0036222474   	0.00083471957  	0.0008803532   	0.0021740575   	0.0013304817   	0.0006202525   	0.00093936553  	0.0013987226   	0.0027330078   	0.00044268186  	0.00042874855  	0.001980668    	0.000786855    	0.00026151474  	0.0005593714   	0.0020538399   	0.0015263231   	0.0013661121   	0.0007033929   	0.0018547483   	0.0010071493   	0.0004761011   	0.0011678627   	0.0011762129   	0.0027535777   	0.0023489662   	0.00067467085  	0.0022976818   	0.0013173481   	0.0010956052   	0.0013319309   	0.002485533    	0.00090175425  	0.0014575919   	0.0025470273   	0.0011437221   	0.00016380643  	0.0014882445   	0.001139407    	0.0005187235   	0.0021953916   	0.00019094847  	0.002686655    	0.0028120966   	0.0001740734   	0.0009653287   	0.00015759238  	0.00039444488  	0.0021115295   	0.0008966963   	0.0019322997   	0.0022664005   	0.00025076626  	0.0013823863   	0.00031501203  	0.0009853246   	0.00010768423  	0.0005980223   	0.0008815089   	0.0008790722   	0.0037784865   	0.0011822693   	0.0017203434   	0.0012919718   	0.0013333466   	0.003801045    	0.002702534    	0.00044533663  	0.0020508359   	0.0006198768   	0.00077644014  	0.0010021074   	0.0014754047   	0.002030529    	0.0012679809   	0.0012866923   	0.0001933562   	0.00053271285  	
0.0032937243   	0.0026631986   	0.0011155108   	0.00067924155  	0.0016991484   	0.0007833122   	0.0005357967   	0.0008829672   	0.0009611337   	0.0031956448   	0.0016079844   	0.00015182904  	0.0014978213   	0.0037060825   	0.0023416674   	0.00035777164  	0.0009878228   	0.0012272127   	0.0012440742   	0.00081442104  	0.0015410014   	0.0020803164   	0.0015336323   	0.0020941307   	0.0016767206   	0.0012337158   	0.0017221778   	0.00083919603  	0.0008870572   	0.0010476842   	0.0014254323   	0.0007920048   	0.0016632901   	0.00076857785  	0.00078031915  	0.00077411166  	0.0021048493   	0.0007159596   	0.0014543682   	0.0012575715   	0.0019200314   	0.0011076388   	0.0006990526   	0.00071272807  	0.0025137283   	0.0011990088   	0.0014177804   	0.0013573471   	0.0011810716   	0.00071387395  	0.0011563402   	0.00061808026  	0.0010254856   	0.0011961819   	0.0011426234   	0.0008000565   	0.0010104325   	0.0004578702   	0.0010920813   	0.00079683616  	0.0007232579   	0.0007895914   	0.00021983885  	0.0021173721   	0.0023577504   	0.0020491444   	0.00018597605  	0.0013699332   	0.0007594046   	0.0019436445   	0.000911071    	0.0014552847   	0.00074904633  	0.0010888693   	0.001392775    	0.0013203452   	0.0010254987   	0.0003399933   	0.00061044435  	8.77261E-05    	0.0014990632   	0.00059377437  	5.351492E-05   	0.00051017466  	0.0011097265   	0.0015810797   	0.0004412823   	0.002134924    	0.000110573215 	0.0004749547   	0.0018900861   	0.0008594688   	0.001266532    	0.0017564428   	0.00075410533  	0.0009102972   	0.00037888135  	0.0014007129   	0.00020392328  	0.00030758439  	
0.0018954544   	0.0007306431   	0.0016062263   	0.0017327365   	0.0021352083   	0.0010670096   	0.0019638853   	0.00065109076  	0.0023871143   	0.0008006274   	0.0027044711   	0.0023256426   	0.0009187653   	0.0005366159   	0.00025566958  	0.0015641551   	0.00138444     	0.0019057109   	0.00073169864  	0.0006531372   	0.0004302413   	0.0013760567   	0.002570035    	0.0015030949   	0.0021276877   	0.0017645266   	0.0013514437   	0.0007086698   	0.0014596466   	0.002018219    	0.0009595647   	0.00023515358  	0.00073016755  	0.001334512    	0.0005599056   	0.0011481653   	0.00074633874  	0.0010879342   	0.00028379753  	0.001657366    	0.0016237563   	0.0013769581   	0.0011100515   	0.000120146564 	0.0016732735   	0.0012760996   	0.002690908    	0.0019582878   	0.0011739006   	0.0036121083   	0.0007870939   	0.0018960617   	0.0008387379   	0.0005972436   	0.0014946111   	0.0011038132   	0.0015607163   	0.0010173887   	0.0013661532   	0.0005498752   	0.0014079021   	0.0008058838   	0.00033646752  	0.002683648    	0.0018206337   	6.8768786E-05  	0.0008510075   	0.0004908286   	0.0009843559   	0.0008707384   	0.00039908048  	0.0017787106   	0.0015994621   	0.001968244    	0.0013899923   	0.0012364617   	0.0007613224   	0.0022896186   	0.0001669462   	0.0018358437   	0.0014792671   	0.0016414488   	0.0017865376   	0.0009644905   	0.0010775155   	0.00061099365  	0.0001227001   	0.0017156686   	0.002885932    	0.0030607658   	0.0019598894   	0.00042123874  	0.0020832005   	0.0023234007   	0.001946183    	0.0017899047   	0.0013559767   	0.0011900492   	0.0034091757   	0.0014783628   	
0.0006473682   	0.0006699765   	0.0005827215   	0.0011067825   	0.0010803621   	0.002264568    	0.0005637624   	0.0010984218   	0.0014895137   	0.00093173736  	0.00030961225  	0.000705429    	0.0014478904   	0.0007884942   	0.00079445646  	0.0007574266   	0.0009453529   	0.00036457775  	0.00097575085  	0.0017116946   	0.00040390962  	0.00069203513  	0.001040438    	0.000713017    	0.00304618     	0.0007740826   	0.00037518027  	0.0007998073   	0.001834949    	0.00174388     	0.00043751663  	0.0007025684   	0.0008656298   	0.00054850377  	0.0002895813   	0.00028713138  	0.0027722516   	0.0025279033   	0.0012067257   	0.0017648314   	0.00050791213  	0.00017296083  	0.0014262623   	0.0026988217   	0.0016438635   	0.00062042853  	0.00019084394  	0.0007594032   	0.0007035494   	0.000748439    	0.0006490735   	0.0015935051   	0.001066408    	0.0005623742   	0.00014979552  	0.00048414525  	0.00087933015  	0.00026767873  	0.0016669387   	0.00041278583  	0.0014325794   	0.001238983    	0.0019899048   	0.0020303028   	0.0011597842   	0.0005977949   	0.0012777895   	0.0013930376   	0.00028078543  	0.000690537    	6.269049E-05   	0.0008670065   	0.0009734921   	0.00062002504  	0.0017483023   	0.0008187625   	0.00027620298  	0.00044517778  	0.0003236347   	0.0005544879   	0.00024809616  	0.0025124636   	0.0003355364   	0.00042248223  	0.0018192403   	0.0009065994   	0.0024405373   	0.0018843149   	0.0012221012   	0.00093119143  	0.00083337625  	0.0023582405   	0.0020858352   	0.0004998284   	0.0016301721   	0.0011273772   	0.0016565355   	0.0010561413   	7.366704E-05   	0.00025114248  	
0.0011546396   	0.0016316706   	0.00037179902  	0.00025173803  	0.00095774524  	0.0011736475   	0.0030110604   	0.0010958537   	0.002699741    	0.0010312612   	0.000954291    	0.0005705333   	0.0019298643   	0.00042288346  	0.0023405978   	0.0008267687   	0.00062390807  	0.0009422895   	0.002302423    	0.0010676269   	0.00037747377  	0.0014082395   	0.0013178905   	0.0016087376   	0.0016994933   	0.0005885562   	0.0006776445   	0.0008511511   	0.0013543613   	0.0016456521   	0.0008124192   	0.0012885672   	0.0007435342   	0.0014751477   	0.0013192411   	0.0004842491   	0.0010893305   	0.00097547227  	0.00031814413  	0.001262559    	0.0022881194   	0.0024844836   	0.0011613119   	0.0011256699   	0.00045318     	0.0006704856   	0.00059898733  	0.000658979    	0.0011038029   	0.0015228202   	0.0015780558   	0.0022425947   	0.00040711122  	0.0008908235   	0.0012538369   	0.00055750506  	0.0017464885   	0.00041848046  	0.00068530807  	0.0011501446   	0.00012658037  	0.0009179266   	0.0025489714   	0.0016018461   	0.0031733986   	0.00018664905  	0.0003622499   	0.00036808336  	0.0003314626   	0.0008989271   	0.0011708717   	0.0006710691   	0.0009733899   	0.0007350939   	0.0016353067   	0.0017132729   	0.0005337623   	0.0009554462   	0.0010550416   	0.00025680568  	0.0009643706   	0.0019669477   	0.0011306674   	0.0011500784   	0.00049063796  	0.0024393953   	0.001321568    	0.0010973825   	0.0018410003   	0.00056384545  	0.0008166462   	0.001531706    	0.001302027    	0.00079529284  	0.00040235813  	0.0010923279   	0.0005300777   	0.0015742294   	0.0025670775   	0.00027519916  	
0.0005681662   	0.00054972095  	0.0016398218   	0.0014404596   	0.0019967968   	0.0012560785   	0.0014745949   	0.0039070398   	0.0011175398   	0.0010199492   	0.00026344846  	0.0002723779   	0.0009218084   	0.000509422    	0.0009413437   	0.00037253948  	0.0007195631   	0.0010714758   	0.00011818175  	0.00075699884  	0.002665962    	0.00068444194  	0.0025275971   	0.0008261566   	0.001198687    	0.002112984    	0.00065871095  	0.0012951343   	0.0015614026   	0.002101192    	0.0010547317   	0.0011111018   	0.0015356954   	0.0008178222   	0.0013501571   	0.0022720587   	0.0011004324   	0.00080011575  	0.0012419985   	0.0010272369   	0.0028142314   	0.0028829027   	0.001163992    	0.0018185651   	0.0009216928   	0.0017720126   	0.0016397052   	0.0007238187   	0.0011374734   	0.0017316163   	0.0015535684   	0.0019136202   	0.0018823888   	0.00094567356  	0.00046876012  	0.00050934375  	0.00094936613  	0.00080677116  	0.0027045105   	0.0011156386   	0.0017324837   	0.0017413192   	0.0004924491   	0.0016491843   	0.0007104084   	0.002958438    	0.0042932765   	0.0016069284   	0.0007700922   	0.0015070947   	0.0015620566   	0.00085290236  	0.0016096204   	0.0010430461   	0.0028244965   	0.0018686145   	0.0009709333   	0.00091577723  	0.0006104671   	0.000563494    	0.0017530444   	0.0006448655   	0.0004171571   	0.0012219915   	0.0005821898   	0.00068256835  	0.00077787926  	0.0034695757   	0.0036731497   	0.00439438     	0.0013366635   	0.0029118883   	0.000705332    	0.0011135062   	0.0010463438   	0.00043756596  	0.0016578975   	0.0005215582   	0.0005292688   	0.001834053    	
0.0010884326   	0.00093889935  	0.00083422207  	0.0014067749   	0.00053461693  	0.00011800405  	0.0015571734   	0.0009205332   	0.0011055602   	0.0023432863   	0.0009856104   	0.0009825776   	0.0012333093   	0.001062522    	0.00037225962  	0.0016885224   	0.000769737    	0.003286146    	0.0020131804   	0.0011056217   	0.0010581812   	0.0013096128   	0.00090427895  	0.0012494506   	0.0019939116   	0.0034365621   	0.0004411551   	0.0002579262   	0.00062279875  	0.00031085103  	0.000295268    	0.0017987628   	0.0008745391   	0.0030095302   	0.0013504707   	0.00089421205  	0.001819103    	0.0018896062   	0.00041865095  	0.0027912878   	0.0007620994   	0.0018250408   	0.00094736536  	0.0006667124   	0.0008443653   	0.0009682212   	0.00072150683  	0.00042347328  	0.0007203071   	0.0022651344   	0.0006586947   	0.0005875838   	0.001923612    	0.0011431689   	0.00039963017  	0.00055475737  	0.0007745908   	0.001785923    	0.0015196622   	0.0013181445   	0.0010921158   	0.0017596418   	0.00044264563  	0.001558808    	0.0035294595   	0.002520497    	0.0022418124   	0.0009711177   	0.00044044148  	0.0021122862   	0.00092870055  	0.0010002113   	0.00038914479  	0.0021582635   	0.0017566158   	0.00055333617  	0.0019626783   	0.0015207275   	0.0004956946   	0.0031689538   	0.0009895621   	0.002432308    	0.0009441261   	0.001486161    	0.0010985447   	0.0008222834   	0.0012254467   	0.00044020265  	0.00077881827  	0.0019948108   	0.0035203814   	0.0016260615   	0.0017779524   	0.0025231424   	0.0016408184   	0.0014605407   	0.00082870806  	0.00096197356  	0.0016506676   	0.0003952898   	
0.00068180985  	0.0020185416   	0.00091387046  	0.005850367    	0.0014775933   	0.00088024     	0.002439321    	0.0018761676   	0.0003045534   	0.0016843512   	0.0018791493   	0.0007596778   	0.00154422     	0.0018651654   	0.0006210294   	0.00038737396  	0.0008853926   	0.0011979159   	0.0016911745   	0.00017794254  	0.0012740965   	0.0005920013   	0.0009463827   	0.00015425304  	0.00041537327  	0.002007274    	0.004332331    	0.0011366415   	0.0012137024   	0.0014792385   	0.0007791657   	0.0008264974   	0.00063537323  	0.0016558621   	0.0012671018   	0.0019013172   	0.0014642865   	0.0006035358   	0.0014537278   	0.0015831287   	0.0015353982   	0.0012933097   	0.0010667999   	0.0032122429   	0.0018716728   	0.0011375862   	0.0011873877   	0.00073028484  	0.0008928522   	0.0013462802   	0.0019696397   	0.0014571662   	0.00056711305  	0.0009972518   	0.0013440715   	0.0011700816   	0.0010131887   	0.001114106    	0.0013448551   	0.00041519283  	0.00032409525  	0.00039002494  	0.0011031472   	0.0016632535   	0.0017377379   	0.0016089331   	0.0020379638   	0.0012644067   	0.0016439464   	0.0014294119   	0.0018217168   	0.0020864329   	0.00079314027  	0.0025287345   	0.0012027653   	0.00094284647  	0.00057785737  	0.0008827343   	0.00093770504  	0.0013489206   	0.001481548    	0.0009849685   	0.0011049431   	0.00075015443  	0.0015440531   	0.00096086925  	0.0012232091   	0.00080965454  	0.0011742125   	0.0018518213   	0.0019251785   	0.0015794514   	0.001215146    	0.0014367726   	0.00069305237  	0.0013366804   	0.0010668292   	0.0010542026   	0.0009834064   	0.0017834152   	
0.0015045796   	0.00046918372  	0.0039670677   	0.0004500469   	0.0009926005   	0.0013131489   	0.00063174235  	0.0014078121   	0.0013377641   	0.00042527754  	0.0017833784   	0.00073684147  	0.0007640389   	5.7682944E-05  	0.0017761015   	0.0010178601   	0.0019781243   	0.00027684023  	0.00089557096  	0.0006207307   	0.0007989503   	0.0018545992   	0.00032332522  	0.0010733778   	0.001944502    	0.0025148748   	0.0021853645   	0.0015625628   	0.0018204772   	0.0015886738   	0.00023518041  	0.0012711792   	0.0010535417   	0.0005137255   	0.0017433644   	0.0009123734   	0.0018746948   	0.0007189445   	0.0005572492   	0.0011777674   	0.00024636407  	0.00054685236  	0.0013522175   	0.0013479799   	0.0013074687   	0.0008795388   	0.0012667064   	0.0011714422   	0.0012297841   	0.0004557005   	0.0015577307   	0.0006643969   	0.0021256132   	0.001418051    	0.0024131543   	0.0014533434   	0.0006253059   	0.00094358716  	0.00071444816  	0.0021930458   	0.0013348855   	0.0015526942   	0.0020382397   	0.00046484347  	0.00018755766  	0.0013428081   	0.0027688774   	0.002562005    	0.0021787859   	0.0009393791   	0.004257022    	0.002227808    	0.0013596116   	0.0009793416   	0.00037412232  	0.0009741376   	0.0015808376   	0.00050051196  	0.0024126447   	0.0010699271   	0.0007148381   	0.00071184966  	0.00084304484  	0.000998953    	0.0010087385   	0.00035278764  	0.000992706    	0.0027099997   	0.0022968706   	0.0018422848   	0.0008817272   	0.0017463414   	0.0032505165   	0.0004372071   	0.0012243614   	0.0015537      	0.0009120927   	0.0016859218   	0.0021233477   	0.0021836953   	
0.00216389     	0.0009520891   	0.0022269797   	0.0014863557   	0.0014950894   	0.0014551637   	0.0005060676   	0.0012457058   	0.0006312816   	0.0007796062   	0.00028457414  	0.00094778417  	0.002558776    	0.0007103376   	0.0019487254   	0.0017686934   	0.001462706    	0.001299844    	0.0019512778   	0.0007561069   	0.0010691774   	0.0018177192   	0.0006375593   	0.00080087344  	0.00032033803  	0.0019632739   	0.0010862484   	0.0029092822   	0.0032103208   	0.000902885    	0.0012265674   	0.0023801345   	0.001127028    	0.0002763577   	0.0011957691   	0.000672425    	0.0017289007   	0.0011499973   	0.0016413071   	0.0015636857   	0.0011387926   	0.0010873029   	0.0008500378   	0.0018546539   	0.0016607705   	0.0022419726   	0.0010917609   	0.00035672655  	0.002079678    	0.0009131211   	0.00046543003  	0.0012813957   	0.0004239041   	0.000102008526 	0.00056117657  	0.0007373965   	6.6337525E-05  	0.00075719174  	0.0004570381   	0.0005584168   	0.000262819    	0.0009279851   	0.0010282787   	0.00060274184  	0.00078926305  	0.0012751675   	0.0013983931   	0.0012960205   	0.0036810474   	0.00044455475  	0.0008609206   	0.0012467962   	0.00035127916  	0.0023420337   	0.0008734587   	0.00069051713  	0.001372887    	0.00094123743  	0.0016363391   	0.0011090576   	0.0008772118   	0.0011136384   	0.0018056427   	0.00092937436  	0.0013923821   	0.0017874365   	0.0010957838   	0.0010515634   	0.00023663958  	0.0015798601   	0.00041523873  	0.001312793    	0.0024308786   	0.0002511318   	0.0014898399   	0.00092191057  	0.0023748872   	0.0020134158   	0.00097557926  	0.00089153316  	
0.0014093117   	0.0012042356   	0.0009375524   	0.0015300123   	0.0009546605   	0.0003062837   	0.0001933931   	0.0016730523   	0.000112357426 	0.001138004    	0.0010491983   	0.001569758    	0.0023918115   	0.0007321122   	0.001261694    	0.0014672937   	0.00077467406  	0.0024527812   	0.0007900503   	0.0008061221   	0.0009960023   	0.0009578428   	0.00055624056  	0.000909481    	0.000468931    	0.0013097748   	0.0028531633   	0.00092045724  	0.002837719    	0.0014381962   	0.00028613338  	0.00017748817  	0.0009837564   	0.0012271713   	0.00024596052  	0.0008801355   	0.0009671272   	0.0022643998   	0.0012319962   	0.0009935509   	0.00042832596  	0.0011817178   	0.0002688034   	0.0002522402   	0.0025979152   	0.004091872    	0.0021417604   	7.370962E-05   	0.0027874615   	0.00029410416  	0.0006513542   	0.00096663914  	0.0015182465   	0.000832788    	0.0014868294   	0.0013427595   	0.0016975305   	0.0012170325   	0.0029304435   	0.0023057645   	0.0027785148   	0.0019281189   	0.001875766    	0.00073905353  	0.0012752771   	0.00045420547  	0.0008338144   	0.0018216276   	0.0012270294   	0.00077530695  	0.0018407061   	0.002222995    	0.0021313743   	0.0013362226   	0.00095614133  	0.0010179231   	0.0005703767   	0.0020024718   	0.0013115255   	0.00085002196  	0.0015967408   	0.0014526851   	0.000711629    	0.00052455324  	0.0020160032   	0.0023516305   	0.0005583455   	0.0012876261   	0.0008017558   	0.0019466139   	0.0020012287   	0.00032918694  	0.0011803722   	0.00037910897  	0.001057158    	0.0029349788   	0.0024239777   	0.0012902939   	0.0012832868   	0.0010553183   	
0.0027057615   	0.0023667463   	0.0013732208   	0.0030548836   	0.0011878723   	0.0019244528   	0.001475599    	0.00015217612  	0.0011619461   	0.00052539475  	0.0013341497   	0.0006360912   	0.0002262683   	0.0014410008   	0.00083708257  	0.0017114391   	0.001519112    	0.0019937176   	0.00081258576  	0.0008503372   	0.0006186477   	0.0011864998   	0.00097361434  	0.0012551433   	0.0010159683   	0.00034664996  	0.0020529777   	0.0002757261   	0.002613694    	0.0012746485   	0.00046919688  	0.0003022326   	0.0034353985   	0.00133912     	0.0013102092   	0.0012613394   	0.0008500894   	0.00278548     	0.0019235819   	0.0021337376   	0.0011086077   	0.0013599821   	0.00094064843  	0.0003993019   	0.00053977745  	0.0014427339   	0.0017001886   	0.0007269786   	0.00082438503  	0.00062731997  	0.0017550953   	0.0014508598   	0.001769064    	0.001108691    	0.0009624608   	0.00030625338  	0.001910073    	0.00072557083  	0.00071203895  	0.0015269453   	0.0024183863   	0.0010438807   	0.0009703209   	0.0008201503   	0.0007191587   	0.0010623646   	0.00046432693  	0.001576026    	0.004525058    	0.0019605057   	0.00029740922  	0.00044087274  	0.0024578809   	0.0015148509   	0.0010941573   	0.00033875057  	0.0027324636   	0.0016462572   	0.0017681995   	0.00041531664  	0.0011987323   	0.0015539447   	0.001226805    	0.0014847189   	0.0005623917   	0.0012363915   	0.0024041408   	0.0007326701   	0.00084484945  	0.0012262253   	0.001490292    	0.0009938878   	0.0014185358   	0.0009400716   	0.0019905278   	0.002205993    	0.000788604    	0.0018065822   	0.0015768963   	0.00212736     	
0.0008177781   	0.0015058864   	0.0021418897   	0.0005623208   	0.0021853235   	0.004564074    	0.0018896011   	0.0031354448   	0.0012194802   	0.0010728986   	0.0013891668   	0.0011001242   	0.0014934071   	0.0015338252   	0.00066485757  	0.0010742531   	0.0008919823   	0.00084682705  	0.0012434718   	0.00257714     	0.0007275273   	0.0008864785   	0.00059079984  	0.00082003925  	0.001337518    	0.0014530963   	0.00039520944  	0.0006412826   	0.0013273718   	0.0020709515   	0.0011392331   	0.0015563101   	0.0007748208   	0.001012845    	0.0005836744   	0.00076228956  	0.0016531947   	0.000879565    	0.0008410688   	0.00015543136  	0.00061991886  	0.0008404727   	0.00027059682  	0.0012577671   	0.002174984    	0.002737428    	0.0017328467   	0.00038036756  	0.0022660028   	0.002056731    	0.0021864285   	0.0015579856   	0.00020841905  	0.00038830106  	0.0015775383   	0.0004997025   	0.00059218856  	0.0006685279   	0.00074398774  	0.0017839577   	0.0007467753   	0.0017724137   	0.000610046    	0.0006438951   	0.0016864191   	0.00096479384  	0.0017197186   	0.0014985162   	0.00022556235  	0.0017125554   	0.0016635107   	0.0016038326   	0.00028058974  	0.00047943418  	0.0017812911   	0.00080933206  	0.0007316996   	0.0004236642   	0.0019893865   	0.00033891056  	0.00081287534  	0.002474658    	0.0027245746   	0.00077817607  	0.00058423425  	0.0005142508   	0.00047651553  	0.0014996683   	0.0008002307   	0.001830464    	0.002342133    	0.002507799    	0.0002600875   	0.0011904034   	0.0014359527   	0.0015753849   	0.0024188005   	0.0013077917   	0.0008515174   	0.0010999534   	
0.0016883942   	0.0019826835   	0.0015021549   	0.0010489678   	0.0019372525   	0.0023258172   	0.0026873725   	0.0013193638   	0.0021411632   	0.0016525585   	0.0011194939   	0.0014189045   	0.0018031453   	0.0013190754   	0.0020102037   	0.0006544294   	0.0006004375   	0.0020219814   	0.00084349693  	0.000654703    	0.0006767031   	9.3615774E-05  	0.00015041821  	0.0017006357   	0.00073016377  	0.0008142642   	0.0017695726   	0.00035805829  	0.0020885963   	0.0017091444   	0.00050520094  	0.0011601872   	0.0018697554   	0.0019443361   	0.0016282621   	0.00078245223  	0.0008695349   	0.00014783716  	0.0011431791   	0.001024165    	0.0005901411   	0.0015188021   	0.0018374226   	0.00080629584  	0.0011289627   	0.0012383036   	0.0019593257   	0.001139371    	0.00094606326  	0.00024459543  	0.0010856312   	0.0011046175   	0.0013261116   	0.001676218    	0.0023249018   	0.0014689539   	0.0032961615   	0.0018658754   	0.001418682    	0.0021827566   	0.00059601676  	0.0016731531   	0.0009981191   	0.0007477309   	0.0015906943   	0.0019822847   	0.00094862573  	0.0005670538   	0.002200131    	0.0012068058   	0.0007727544   	0.001803973    	0.0007503264   	0.0019107243   	0.0015330063   	0.0009219874   	0.00063246465  	0.001078307    	0.00056055223  	0.00075273233  	0.0025097528   	0.0006042078   	0.0012698609   	0.0015646289   	0.00018050314  	0.0019435607   	0.0016651615   	0.00023006949  	0.0010808591   	0.0009205088   	0.0015155891   	0.0023402018   	0.00081970333  	0.00043663938  	0.00069908187  	0.001912316    	0.0005063552   	0.0013014262   	0.0022796905   	0.0017399711   	
0.00072416256  	0.00051535     	0.0012688553   	0.0035091047   	0.0019547753   	0.00069921813  	0.0038665861   	0.0019525671   	0.001399094    	0.001040149    	0.000511249    	0.0011207775   	0.00070804055  	0.0010582147   	0.0005651415   	0.0015411567   	0.001150476    	0.0015731998   	0.0027802463   	0.0012628676   	0.0009224854   	0.0022997078   	0.0021712624   	0.0001740533   	0.0015928287   	0.00016618056  	0.0014950964   	0.0014030035   	0.0014139275   	0.0006209378   	0.0007953694   	0.0017208896   	0.0015883665   	0.0023511164   	0.00018222851  	0.00012505024  	0.00030687673  	0.0008787492   	0.0019099172   	0.000657383    	0.0010501423   	0.0023475161   	0.0010551682   	0.0012740451   	0.0009983709   	0.0025726913   	0.0006940263   	0.00035426093  	0.0016215504   	0.002615328    	0.0017967223   	0.001527454    	0.0014704348   	0.0016662186   	0.0013711415   	0.0003143272   	0.003437316    	0.002056496    	0.0010733297   	0.001133102    	0.0012198427   	0.0018843457   	0.00017603468  	0.0006019461   	0.0010311414   	0.0010988025   	0.000701601    	0.00036227592  	0.00062867155  	0.0011916874   	0.00054067833  	0.0009852467   	0.00039862902  	0.001130839    	0.00063012855  	0.0020074006   	0.00041119053  	0.001716477    	0.0007131179   	0.0017316537   	0.0007489355   	0.0019425014   	0.0003110936   	0.0015272029   	0.0008487625   	0.0012997598   	0.0026151077   	0.0035603102   	0.001046751    	0.001343064    	0.0013777621   	0.0013763576   	0.0022047306   	0.0020149087   	0.0013135648   	0.00084726705  	0.000955144    	0.0006704664   	0.0014734104   	0.0010394275   	
0.0007040994   	0.000587683    	0.0010791364   	0.0013981822   	0.001197764    	0.0013500229   	0.0019612738   	0.0035581957   	0.00073096924  	0.0013950247   	0.0012980663   	0.0006654606   	0.0008125981   	0.0013679987   	0.0012052377   	0.0021032772   	0.0013243867   	0.00057565805  	0.0009316669   	0.0009044518   	0.0006534902   	0.0034481094   	0.0015359925   	0.0009298215   	0.000937727    	0.0023653666   	0.00037392514  	0.0002954484   	0.0009821486   	0.0026309497   	0.0009739868   	0.00082370976  	0.00209862     	0.00094490795  	0.00019552858  	0.0010054507   	0.0016223562   	0.0012607678   	0.00070156524  	0.0010740333   	0.00040378454  	0.0011007362   	0.0015106621   	0.0013021033   	0.0011139194   	0.0008163957   	0.0015654328   	0.0016902171   	0.0012426852   	0.0005102874   	0.0016754884   	0.000897026    	0.0024857922   	0.00020406443  	0.0016011656   	0.00041782425  	0.0009794538   	0.0005752357   	0.0020712167   	0.003721964    	0.00035592518  	0.0012542353   	0.0012716579   	0.001002155    	0.0012601477   	0.00076140783  	0.002782563    	0.00042523787  	0.00081698626  	0.00024990184  	0.00066191313  	0.00064155867  	0.0020909607   	0.0013716744   	0.0012689452   	4.613619E-05   	0.000953919    	0.0011478554   	0.0006738247   	0.00027715723  	0.0018757734   	0.0014474874   	0.001619304    	0.00211632     	0.00089663337  	0.00054551853  	0.001134543    	0.0014952096   	0.0015772482   	0.0007509459   	0.0022134832   	0.0003552369   	0.0007868011   	0.00070504466  	0.001592946    	0.0016659129   	0.00051384786  	0.0004249937   	0.0017400754   	0.0020527479   	
0.00080862734  	0.0023318413   	0.0007321463   	0.000624702    	0.0012999738   	0.0014107074   	0.0026129768   	0.003543719    	0.0011558697   	0.0002025315   	0.0007611224   	0.003248689    	0.0016044771   	0.0009797275   	0.0014063554   	0.0008400825   	0.0022504835   	0.0016829055   	0.00055095414  	0.0017337509   	0.00052787614  	0.0004871629   	0.0021479207   	0.0017726311   	0.0010123345   	0.000596541    	0.0011082372   	0.0008398667   	0.001268098    	0.0007110967   	0.0024638327   	0.0021346258   	0.0029999425   	0.0020091275   	0.0004431422   	0.0021519687   	0.0010432639   	0.00050434395  	0.0016787241   	0.0013623425   	0.00077234197  	0.0006360764   	0.0011523409   	0.001245548    	0.0013345061   	0.0012994843   	0.0005031655   	0.003110061    	0.0010335791   	0.00049828866  	0.0011130723   	0.00037632187  	0.00083389116  	0.0013590008   	0.0017772046   	0.0008407708   	0.0013442312   	0.00027200527  	0.0011885707   	0.00046171682  	0.0004258009   	0.0012137172   	0.00027101758  	0.0011347776   	0.0006709585   	0.0015743442   	0.00073815236  	0.0018309281   	0.0012916819   	0.00063549523  	0.001565609    	0.0010792975   	0.0012346988   	0.0006265828   	0.0005934689   	0.0008571378   	0.0003145997   	0.00020192626  	0.003573948    	0.0009082851   	0.00075105304  	0.0015472746   	0.00080457213  	0.0020450808   	0.0013898311   	0.0003539444   	0.0013941479   	0.0006783982   	0.0016373575   	6.933906E-05   	0.0012631732   	0.0017158838   	0.00047438557  	0.0021203689   	0.000441912    	0.0022493645   	0.0008110855   	0.0006452465   	0.00053738663  	0.0004129404   	
0.00014603908  	0.0012031936   	0.001955557    	0.0009931086   	0.00051600643  	0.0005582958   	0.0035968414   	0.0012181196   	0.0031646038   	0.0032537112   	0.002348308    	0.0016475709   	0.0034288845   	0.002590625    	0.00063164247  	0.0014077931   	0.000549442    	0.001186263    	0.0013649133   	0.00039196506  	0.00088832044  	0.002941903    	0.0036774336   	0.001960464    	0.0010238871   	0.0007401      	0.0020808256   	0.0024298849   	0.0008363174   	0.0009587732   	0.0010459917   	0.0009355768   	0.00043525497  	0.00030373043  	0.0006407421   	0.0013893939   	0.0014539625   	0.0005203636   	0.0020461497   	0.0001801061   	0.000842234    	0.00059139874  	0.0006666627   	0.00032490716  	0.0007531602   	0.0006585267   	0.0008718603   	0.00047067035  	0.0008156821   	0.0011754036   	0.0014462125   	0.0021737206   	0.0004425001   	0.0020238357   	0.00037391647  	0.0014966337   	0.0025817296   	0.00085001317  	0.002417264    	0.0014079974   	0.0013035933   	0.0018372347   	0.00063643046  	0.00047741763  	0.002241479    	0.0013185347   	0.0011008914   	0.0025620996   	0.0024502787   	0.0012077637   	0.0019248653   	0.0008817778   	0.0020407455   	0.001378101    	0.0019468087   	0.0022583178   	0.00328246     	0.00048628828  	0.0013889347   	0.0013787389   	0.0012389605   	0.0008419415   	0.0009930925   	0.0014081019   	0.0007527216   	0.00063751155  	0.0019702697   	0.00063651655  	0.0010311753   	0.0022981449   	0.0018925514   	0.00062649144  	0.0011425252   	0.00044770451  	0.0008678337   	0.00027532596  	0.0003379763   	0.00092040893  	0.0011986042   	0.0013062435   	
0.0012895812   	0.0011813794   	0.0007691335   	0.0006021124   	0.0008354595   	0.0012808092   	0.0008915777   	0.0011666814   	0.0029292803   	0.0015560089   	0.00068284915  	0.001424561    	0.0007356556   	0.00037177306  	0.00067151926  	0.0007056363   	0.00071319815  	0.0010259172   	0.00154138     	0.0012378303   	0.0009825344   	0.0011952781   	0.0019253112   	0.0008928467   	0.000683085    	0.0006642267   	0.0016716205   	0.002962004    	0.0001401935   	0.0017252547   	0.0017823296   	0.00034727986  	0.0011343451   	0.00047637144  	0.0014502503   	0.0019105313   	0.0019537031   	0.0014431205   	0.0008664838   	0.0020559279   	0.0006257488   	0.0006808186   	0.00018593164  	0.0012971362   	0.0026462136   	0.0016845997   	0.0007878927   	0.0020752866   	0.0016057036   	0.0003619543   	0.0014916508   	0.0018951865   	0.0013061336   	0.0010542154   	0.0003205377   	0.0011492418   	0.0012339714   	0.0005259348   	0.0013783884   	0.0014634442   	0.0015090407   	0.0015377966   	0.00019518784  	0.0014896634   	0.00038698452  	0.0005868737   	0.0018007028   	0.00089140795  	0.0007809728   	0.00063217065  	0.0012919081   	0.0022492046   	0.00070600316  	0.0006250613   	0.0015589371   	0.0014623478   	0.001044807    	0.0003421527   	0.0024738354   	0.0003757518   	0.0014513682   	0.0022451328   	0.00030545495  	0.000110764246 	0.00029497882  	0.000739482    	0.0012571785   	0.0012089234   	0.0008062404   	0.00044085344  	0.00094182516  	0.0013735722   	0.00030637643  	0.0010062292   	0.00235494     	0.002729515    	0.0014562852   	0.00052302564  	0.0034667973   	0.0014669925   	
0.0008391515   	0.0023228005   	0.0016165399   	0.00020584367  	0.0013091025   	0.0015280816   	0.0017314003   	0.0008781766   	0.00043534665  	0.0032561645   	0.00033331476  	0.0007364494   	0.00078984513  	0.0013020284   	0.00040373264  	0.00061158504  	0.0011713691   	0.00225433     	0.001360349    	0.0004246483   	0.0010487107   	0.00094884826  	0.0028024702   	0.0008739607   	0.0013483277   	0.0030522381   	0.0016096677   	0.0020798426   	0.0020192782   	0.0007043759   	0.0016740621   	0.00093720626  	0.0008863528   	0.002043833    	0.002573372    	0.0026336191   	0.00043786404  	0.0019917025   	0.001337129    	0.0024215127   	0.002683668    	0.0017659898   	0.0006561005   	0.0027453068   	0.001797538    	0.0016200097   	0.0025200476   	0.0014947916   	0.0012139936   	0.00084095326  	0.00019292458  	0.002281845    	0.0014027434   	0.0011274674   	0.0018511338   	0.0007569135   	0.0029428806   	0.00087810133  	0.00021278077  	0.00069681485  	0.0008815162   	0.0007401397   	0.00087204494  	0.0011778413   	0.0006482366   	0.0007513292   	0.0021098438   	0.0005993034   	0.0017864134   	0.00024673715  	0.000993192    	0.0011407519   	0.0009165413   	0.0012219187   	0.00056960393  	0.00083148864  	0.0011142951   	0.0007427808   	0.0004998408   	0.0007970282   	0.0005912105   	0.0008361924   	0.0011715554   	0.0026542554   	0.001696961    	0.0016288139   	0.0009783377   	0.0013830641   	0.0011105818   	0.0012817115   	0.00033163125  	0.0013799778   	0.00045565798  	0.0020608471   	0.00017168283  	0.0016784633   	0.00050028786  	0.0007277936   	0.0018087258   	0.0018457613   	
0.0028067084   	0.0011156888   	0.0016199843   	0.0013130377   	0.0009218355   	0.0025872397   	0.0010494709   	0.001577593    	0.00021398324  	0.0023409696   	0.0014958819   	0.0007597295   	0.0016504534   	0.00035882476  	0.00090464886  	0.0016647642   	0.0013680395   	0.0008905128   	0.001543847    	0.004125034    	0.0005199625   	0.001373559    	0.0013604164   	0.0012298622   	0.001599916    	0.0009974212   	0.0014754068   	0.002971066    	0.0035116589   	0.00044111043  	0.0036400252   	0.0017493141   	0.0013132434   	0.0010007718   	0.0012579269   	0.0007074629   	0.0013333516   	0.0008265262   	0.0006915667   	0.0010692449   	0.0009228834   	0.0007424703   	0.0032593445   	0.0016917569   	0.0010279724   	0.0011703426   	0.0022308326   	0.0017992249   	0.0003731577   	0.0002709576   	0.00035456114  	0.00084171194  	0.0012049123   	0.00094349723  	0.0014832555   	0.0008638083   	0.0012334123   	0.001480164    	0.00043568283  	0.00070879527  	0.001641359    	0.002218424    	0.00016343158  	0.0011495729   	0.0024035065   	0.0012693434   	0.0020469362   	0.0006782027   	0.0015148857   	0.00076390285  	0.0016228046   	0.00081633095  	0.0027722889   	0.003282348    	0.0018231467   	0.000623512    	0.0021665427   	0.0010799125   	0.0017994902   	0.0017330011   	0.0011489177   	0.0018461032   	0.00046564767  	0.00012738747  	0.0012389502   	0.0011857083   	0.000103219594 	0.0019657733   	0.0008832343   	0.00080133515  	0.0031067175   	0.0009222505   	0.00020672176  	0.0015862616   	0.0012088702   	0.001491063    	0.0005624871   	0.0018676616   	0.0013378784   	0.0011317241   	
0.00057678757  	0.0006427183   	0.0006972586   	0.0011562234   	0.00068576337  	0.0016218864   	0.0013966346   	0.0019578608   	0.00045697397  	0.0015672981   	0.0020630208   	0.0018810431   	0.0010168005   	0.0006449194   	0.0011736184   	0.0021608535   	0.001327925    	0.0019340356   	0.0006181072   	0.0024987208   	4.2340525E-05  	0.0015879138   	0.00069174275  	0.0008569711   	0.0012455554   	0.0019284177   	0.001328097    	0.0015895944   	0.00066823064  	0.0016532606   	0.0014909141   	0.0011717234   	0.0022606046   	0.0012440926   	0.0017385402   	0.001703095    	0.002083586    	0.0012069438   	0.0030212037   	0.0002165172   	0.001572607    	0.0016889952   	0.0013064521   	0.0016449313   	0.0020859651   	0.0015844083   	0.0007522986   	0.00064161356  	0.0019694802   	0.001357387    	0.0012979021   	0.0020681599   	0.0011516775   	0.00051831076  	0.0003578591   	0.0008272658   	0.0002958088   	0.0007521135   	0.0010147402   	0.0013996031   	0.000962723    	0.00020863822  	0.0012746421   	0.0010186802   	0.00088307535  	0.0005764389   	0.00041504376  	0.000735207    	0.00027012362  	0.00066541845  	0.0027317388   	0.00058168155  	0.0007027477   	0.0016029659   	0.00082396506  	0.002673808    	0.0012645298   	0.0017971089   	0.0029842046   	0.00018787992  	0.001371839    	0.000748629    	0.00023949583  	0.00080328697  	0.0027925195   	0.00027019053  	5.3650612E-05  	0.0011742658   	0.00045957995  	0.0004810034   	0.0008754075   	0.0006971702   	0.00030891728  	0.00050864066  	0.00085789827  	0.00072685996  	0.00068143784  	0.00031841625  	0.0009015566   	0.0016008953   	
0.00051229686  	0.001198683    	0.0010571134   	0.0024456885   	0.001058519    	0.0012519917   	0.0015744481   	0.0005707019   	0.0010474008   	0.0011414725   	0.0010863      	0.0005554463   	0.0017733978   	0.0028860131   	0.0023172547   	0.0009964928   	0.00031221888  	0.00071209425  	0.0008596947   	0.0011170849   	0.0011345735   	0.0016107915   	0.00040441912  	0.0010015785   	0.0005498609   	0.0007454816   	0.001080356    	0.0006323714   	0.0008386841   	0.0011930518   	0.002865452    	0.0018806246   	0.0026791468   	0.0020372416   	0.0009834025   	0.0013251031   	0.0006895072   	0.0010415278   	0.0011957977   	0.0022996243   	0.0013212741   	0.0010762623   	0.00012756448  	0.00042201896  	0.0014745044   	0.0013242897   	0.0020372984   	0.0011916559   	0.0005985184   	0.00071414834  	0.0009533732   	0.000709595    	0.00063460553  	0.00020343263  	0.0015151078   	0.0014813903   	0.0010122798   	0.0018121022   	0.00030695173  	0.0020614166   	0.001337198    	0.0008807049   	0.0021978      	0.0022228507   	0.0005464265   	0.0015961073   	0.0023745575   	0.0003965645   	0.00062574033  	0.001758527    	0.00068696367  	0.0020402744   	0.0009212297   	0.0014942978   	0.001443309    	0.00026916715  	0.0018751924   	0.0013023799   	0.0010903832   	0.001417625    	0.00055892084  	0.00048348642  	0.00081800914  	0.0012119353   	0.0010474429   	0.0011190572   	0.0014101665   	0.00180839     	0.0022107102   	0.001293196    	0.0014274854   	0.0013636805   	0.0010941278   	0.0006451814   	0.0009153068   	0.0029624177   	0.00091576297  	0.0013666076   	0.00040388142  	0.0009034456   	
0.0015709182   	0.0015247337   	0.0006427418   	0.00017681063  	0.00037553295  	0.0006760006   	0.0012681677   	0.0006971166   	0.0013880173   	0.0012933164   	0.0018962021   	0.00075195247  	0.001065979    	0.00030530686  	0.0008485401   	0.00053670217  	0.00077067595  	0.0012191822   	0.0013049473   	0.0010734544   	0.00024404823  	0.0006423884   	0.0010330604   	0.0008975891   	0.001906818    	0.0014144686   	0.0016323077   	0.0005485101   	0.00062677806  	0.001282951    	0.0005769401   	0.00028952016  	0.00021664843  	0.0014330028   	5.3434007E-05  	0.0014794118   	0.0015577273   	0.001236322    	0.0007342031   	0.0015839814   	0.0027007144   	0.0004201507   	0.0013031095   	0.0018171378   	0.00065057096  	0.0025103823   	0.0030145696   	0.00090557535  	0.0017035787   	0.0016597116   	0.0012803396   	0.00024867547  	0.00024788396  	0.0009890491   	0.0011220934   	0.00090997573  	0.0017729708   	0.003028616    	0.0014777232   	0.00128533     	0.0009650685   	0.002305898    	0.0005427231   	0.0018276352   	0.00039212086  	0.0012017877   	0.0014563935   	0.002173428    	0.0009811199   	0.0026413153   	0.0026911278   	0.0010060201   	0.0027099838   	0.0009871253   	0.002793196    	0.0016306117   	0.0016707066   	0.0017399034   	0.00065132073  	0.0020309726   	0.0013434752   	0.0011260988   	0.0005887744   	0.0012084952   	0.0012127988   	0.0020762682   	0.0018363452   	0.0013136128   	0.0010024635   	0.00127284     	0.0019651353   	0.00046828543  	0.0014262823   	0.00074758305  	0.001714608    	0.000922977    	0.0028954071   	0.0017266973   	0.0014705408   	0.0023183832   	
0.0020478787   	0.00076733343  	0.0010737053   	0.0014794141   	0.00068981096  	0.0019543818   	0.0006272553   	0.00086616207  	0.00037671096  	0.0027055605   	0.0013233308   	0.0023390353   	0.0027802046   	0.0024716612   	0.00012038758  	0.002172439    	0.0013620625   	0.0012049599   	0.00062882283  	0.0012322332   	0.0008368106   	0.0011145347   	0.00050620706  	0.0016766272   	0.0020446335   	0.00055274763  	0.0006941149   	0.0009504362   	0.00037271227  	0.00084840175  	0.0008909174   	0.002109441    	0.0017715942   	0.0005076552   	0.00073301524  	0.0020256848   	0.0021223756   	0.0010907608   	0.0020743299   	0.000613846    	0.0008204843   	0.0006710916   	0.00046151236  	0.0023146262   	0.00064618414  	0.0016672224   	0.00065245904  	0.0005588062   	0.0021236916   	0.002390971    	0.0010428792   	0.0022579848   	0.0014619291   	0.00022077556  	0.00068852556  	0.00031191818  	0.0014805978   	0.0011431121   	0.0016888491   	0.00043093876  	0.0016333712   	0.0030029886   	0.0009905879   	0.0015883583   	0.0008191668   	0.0006087366   	0.0015925514   	0.0005818704   	0.00043757024  	0.0018760272   	0.0024143164   	0.0005429227   	0.00049690664  	0.001320423    	0.0019640184   	0.0024612804   	0.0034997426   	0.0019677274   	0.00094800926  	0.00050838984  	0.0012005371   	0.0010449403   	0.0019723875   	0.0011978899   	0.00068957836  	0.0006062375   	0.00063729385  	0.00042029985  	0.0002831719   	0.0021808883   	0.00076788076  	0.0019915781   	0.0011058775   	0.0008184426   	0.0007564244   	0.0017597525   	0.00073076907  	0.0013220091   	0.0015081514   	0.0007267209   	
0.003088966    	0.0021406643   	0.0017608162   	0.0011328832   	0.00090647454  	0.0003252497   	0.0011978273   	0.0006979696   	0.0030607646   	0.00034748766  	0.00035415316  	0.00089274696  	0.0003639293   	0.0014806072   	0.00062636595  	0.00128045     	0.0014554209   	0.00077026983  	0.0005555364   	0.0014378367   	0.0014141061   	0.00041210794  	0.0005204613   	0.0014667615   	0.0029188325   	0.0015599554   	0.000951847    	0.0010602726   	0.0016399641   	0.000801174    	0.001691621    	0.0006991239   	0.00021465961  	0.0008255543   	0.0014753576   	0.00036078377  	0.0009609669   	0.0019407955   	0.0003163751   	0.002428825    	0.0016781131   	0.001196279    	0.00083513086  	0.0009409724   	0.0013308963   	0.0005741921   	0.00078241335  	0.0003924814   	0.0009643841   	0.0023340033   	0.0020674972   	0.00022108947  	0.0011462715   	0.0008789997   	0.0012000655   	0.0027907712   	0.0022833005   	0.0018740104   	0.0019828493   	0.0018601433   	0.0013472396   	0.001589663    	0.0006694983   	0.0017331797   	0.0015960512   	0.0028695643   	0.0027099072   	0.00020096246  	0.00090662926  	0.0005621188   	0.0013159435   	0.0009211236   	0.0017359726   	0.0012575986   	9.949521E-05   	0.0018467043   	0.0018905053   	0.0021437167   	0.00084628235  	0.00016186561  	0.0009154123   	0.0009775979   	0.0006975886   	0.00022734728  	0.0017896506   	0.0010717342   	0.00070100225  	0.0010165166   	0.00070500793  	0.00020982411  	0.00059643545  	0.0011312122   	0.0004249524   	0.0017972387   	0.0009328608   	0.0023226275   	0.00080356     	0.000565915    	0.0009800992   	0.0007166184   	
0.0015956494   	0.00056224444  	0.0001990387   	0.0010052036   	0.0010852983   	0.0013289588   	0.00080067717  	0.0022809238   	0.0008851961   	0.0004943595   	0.0015682232   	0.0030895034   	0.0011309906   	0.00023928528  	0.0017708138   	0.0022985826   	0.00067002943  	0.001532881    	0.0012157419   	0.0019119739   	0.0014973627   	0.0022139037   	0.00080057967  	0.0014291405   	0.0011468811   	0.001912103    	0.0005277309   	0.00044869407  	0.0010151558   	0.0011684259   	0.001103553    	0.0012491265   	0.001901489    	0.0021709416   	0.0014308686   	0.0021055648   	0.00068135554  	0.00231103     	0.00059946533  	0.0029196416   	0.000978758    	0.00089778483  	0.0021716745   	0.0012830709   	0.0005950557   	0.0008930928   	0.00073632423  	0.0017215771   	0.0006887683   	0.0014996519   	0.0007064534   	0.0006239069   	0.00062717224  	0.000968449    	0.00045571077  	0.00043274925  	0.0010877239   	0.0007339516   	0.0011467951   	0.00045520268  	0.0013437149   	0.00085632695  	0.0008923273   	0.00071314734  	0.0016899817   	0.0004264112   	0.0012414188   	0.0018455222   	0.00081730203  	0.0036873976   	0.0014360615   	0.0011219733   	0.000860572    	0.0009312116   	0.00184577     	0.002003943    	0.0020432465   	0.0016281753   	0.0016842819   	0.0017009251   	0.0008855417   	0.003783625    	0.0027739147   	0.0018266795   	0.002056784    	0.0006545989   	0.00059135834  	0.0014442726   	0.0010181471   	0.00062926655  	0.0020310169   	0.0013452417   	0.0010166119   	0.002845228    	0.00026242004  	0.00087521697  	0.0013435191   	0.0026254095   	0.0010556127   	0.0012127903   	
0.001327941    	0.0011374532   	0.001502069    	0.00049338443  	0.0011766569   	0.0013682755   	0.0004910829   	0.00024862608  	0.0025050654   	0.0013740888   	0.00213869     	0.0027441783   	0.0007786372   	0.00057263     	0.00087591994  	0.0013946036   	0.00077995664  	0.00031127027  	0.0011716831   	0.0007997042   	0.0012593098   	0.0004132578   	0.002271338    	0.0012870162   	0.0006230146   	0.0017342851   	0.0021438852   	0.0012023553   	0.0014780023   	0.0015459806   	0.0008557255   	0.0008438146   	0.0007911572   	0.0003422066   	0.00204263     	0.0016731803   	0.0010136521   	0.0010448622   	0.0003248839   	0.00473406     	0.0024147157   	0.0016999126   	0.0011919052   	0.001803403    	0.00069534493  	0.0007982669   	0.00067909784  	0.003597492    	0.0012927939   	0.0008927469   	0.0008132491   	0.0006915655   	0.00097247155  	0.0014965198   	0.0010059181   	0.0015471245   	0.00146418     	0.00042499148  	0.0017758611   	0.000836205    	0.00030987224  	0.0017997441   	0.0014466281   	0.002996509    	0.0035961145   	0.0016943995   	0.00038477115  	0.0017395952   	0.00039717543  	0.0027476384   	0.0026270775   	0.001213569    	0.0026622203   	0.0036784427   	0.0019731934   	0.0009402605   	0.001814188    	0.0026709458   	0.0023466453   	0.0021228183   	0.0012376242   	0.001046068    	0.001635708    	0.0008627024   	0.0016168829   	0.00096577255  	0.00054271164  	0.0026577467   	0.00079708616  	0.0020725098   	0.0031540873   	0.0011063535   	0.003319066    	0.0028999164   	0.0007830163   	0.0016183285   	0.0016339237   	0.00090548984  	0.0006955801   	0.0019891835   	
0.0019949856   	0.0011479474   	0.0011500876   	0.0011316078   	0.0006486964   	0.0010376403   	0.001908099    	0.0017815952   	0.00038152758  	0.0018270046   	0.00081408647  	0.00071216456  	0.00090584473  	0.00058257295  	0.00038648845  	0.0015614938   	0.00090655236  	0.0014303897   	0.0011604154   	0.0009633374   	0.002651789    	0.00066951156  	0.0014618329   	0.0009955716   	0.0006905136   	0.0008935311   	0.0010175685   	0.0012862792   	0.0003769538   	0.00074756786  	0.00080602645  	0.0018902516   	0.0033056685   	0.0006424412   	0.0020435553   	0.0032693818   	0.0013078175   	0.0008509805   	0.0010401868   	0.00037607495  	0.0016381925   	0.0011194876   	0.0028241985   	0.0020364507   	0.00091657654  	0.0002683669   	0.0008576307   	0.0011349143   	0.0011337056   	0.0009843833   	0.00076024735  	0.0016130888   	0.0006110724   	0.0013422311   	0.00073514535  	0.0028193071   	0.0010202231   	0.00053272885  	0.00037563025  	0.0012858008   	0.0014680959   	0.00073846674  	0.00036096928  	0.0020389915   	0.001184452    	0.0010798471   	0.0021035252   	0.00014768665  	0.0012806094   	0.000116658935 	0.003077166    	0.0027338928   	0.0012578903   	0.0015648489   	0.0029806015   	0.0004036257   	0.00064076285  	0.00092627335  	0.002292228    	0.004589596    	0.0017456856   	0.001973989    	0.0010551552   	0.000995367    	0.0025873717   	0.0013551606   	0.0008933411   	0.00043811288  	0.0015464376   	0.00024213728  	0.0011671374   	0.0030056492   	0.0006391783   	0.00019214822  	0.0012084224   	0.0017557341   	0.0012651386   	0.0013212636   	0.001888018    	0.0019535443   	
0.0019209972   	0.0019987717   	0.0010420227   	0.0010622193   	0.0014681986   	0.0020363305   	0.001949678    	0.0011541203   	0.0008943195   	0.00057607883  	0.0020318097   	0.0031237649   	0.0024555204   	0.0016783573   	0.0016706702   	0.002168069    	0.00063900946  	0.0015253711   	0.00092337007  	0.0009337092   	0.00077592244  	0.0018655539   	0.002261969    	0.002043944    	0.0006412281   	0.0010561234   	0.0017111086   	0.0011455676   	0.0013496171   	0.0010156475   	0.0021600595   	0.0014770674   	0.002079909    	0.0018788773   	0.0015875405   	0.00059709785  	0.00071447     	0.00088607246  	0.001958722    	0.0016342795   	0.00052372855  	0.000800366    	0.00076841377  	0.0013763929   	0.0025706347   	0.0016083074   	0.0011279549   	0.0004428464   	0.0008830129   	0.00016294672  	0.0014907008   	0.0021385842   	0.0011673879   	0.0005966434   	0.0006977236   	0.00030755106  	0.0013453391   	0.0012438452   	0.001448358    	0.00054383057  	0.0012512715   	0.000964407    	0.0016024925   	0.0006078549   	0.002234858    	0.00016342211  	0.002137622    	0.0015559007   	0.0006016993   	0.00034376132  	0.0016787014   	0.002291972    	0.0018248989   	0.0017942148   	0.000260688    	0.0034933928   	0.0009153828   	0.0027956858   	0.0019404006   	0.0016996376   	0.0025699413   	0.002070519    	0.000613827    	0.0012916627   	0.0022618703   	0.001462355    	0.00074494217  	0.0021038968   	0.002251679    	0.00091150944  	0.0007648393   	0.00049745984  	0.0005698278   	0.00027593586  	0.0014052066   	0.00045057325  	0.00152133     	0.0004938908   	0.0019819385   	0.0011740576   	
0.0020512317   	0.0015478682   	0.0005553004   	0.0004145973   	0.0003184116   	0.0014922626   	0.0021633501   	0.00079247117  	0.0007545126   	0.0012805877   	0.0023274915   	0.0008452446   	0.00110254     	0.0027767282   	0.0010545709   	0.0024432584   	0.0007240425   	0.0027776065   	0.0037263138   	0.0022247874   	0.0008740002   	0.0017027223   	0.00052907394  	0.003273665    	0.003375318    	0.0016472717   	0.0017926678   	0.001300577    	0.00017956451  	0.0012581417   	0.0010821443   	0.00058404607  	0.0016745315   	0.0011704883   	0.0010321105   	0.001198242    	0.0004678379   	0.0012854355   	0.0022302924   	0.0013312171   	0.00055968016  	0.0012188182   	0.0015198747   	0.0018463087   	0.0017738314   	0.0016980172   	0.0011034221   	0.0014166272   	0.001346208    	0.0022675802   	0.0020296203   	0.0027305458   	0.0025018295   	0.0014134463   	0.0011998855   	0.0012421593   	0.0004000837   	0.0021245664   	0.001272636    	0.00045822037  	0.00049540005  	0.000960375    	0.0010503448   	0.0010469026   	0.0011007198   	0.0034312643   	0.0025254865   	0.0015586831   	0.0005007403   	0.00031387093  	0.0010239028   	0.00094000134  	0.0027356      	0.000649582    	0.00077922357  	0.0006565554   	0.001094529    	0.0020681222   	0.0009844856   	0.0007067137   	0.001078573    	0.0017110741   	0.0036442752   	0.004298391    	0.0018017706   	0.0010289868   	0.0013180673   	0.0008651359   	0.0008102882   	0.0013570489   	0.0015894166   	0.0017442222   	0.002093014    	0.000110422545 	0.0014980389   	0.00066022313  	0.0018003407   	0.001493044    	0.00013263007  	0.00024378291  	
0.0019126227   	0.0016782673   	0.00028663405  	0.0029191559   	0.0020316395   	0.0010972696   	0.0008153513   	0.0007999462   	0.0015657725   	0.0024291617   	0.0008624571   	0.00050034     	0.0016077444   	0.00065244996  	0.0013748395   	0.0002454101   	0.0010856524   	0.0011676658   	0.000846612    	0.0004792289   	0.00090267794  	0.002075471    	0.00044685684  	0.00017792868  	0.0016620253   	0.0016023199   	0.0010697872   	0.00093630305  	0.0005716487   	0.0013651216   	0.0006154134   	0.0021877189   	0.000843826    	0.0017137639   	0.0028511465   	0.0011206511   	0.0010249298   	0.0011519267   	0.002264537    	0.0015453957   	0.0011812202   	0.0022582854   	0.00066548766  	0.00055027916  	0.0025277853   	0.0017826164   	0.0016409373   	0.00084202085  	0.0010652125   	0.0010242105   	0.0023759196   	0.00098871     	0.0006048086   	0.001317372    	0.0011729102   	0.0019418895   	0.0017787031   	0.00039086066  	0.00072590006  	0.0011433506   	0.001300757    	0.0011164941   	0.0025179896   	0.0008940493   	0.001090018    	0.0003031584   	0.0022646496   	0.00030769728  	0.0006565496   	0.0011950601   	0.0014979688   	0.0004949567   	0.0017377208   	0.000985417    	0.00048724693  	0.001114018    	0.0013701037   	0.0017987271   	0.0020218787   	0.002754419    	0.002517069    	0.0008121704   	0.00096674095  	0.0007649496   	0.00028099772  	0.0017945486   	0.0021734661   	0.0026622782   	0.0028579275   	0.00048283068  	0.0021867773   	0.0014598074   	0.0013434229   	0.00032952163  	0.00048541944  	0.00059101     	0.0013712406   	0.0022626456   	0.00055362325  	0.0022234675   	
0.0012395922   	0.0023061265   	0.0034802728   	0.00092698244  	0.0014388269   	0.0025713674   	0.0006801179   	0.0011626203   	0.0024713648   	0.0006090827   	0.0011343881   	0.0008318906   	0.0014341641   	0.0021806841   	0.0013262659   	0.0015954665   	0.0044739153   	0.0005706728   	0.00038651732  	0.0010886932   	0.00047964772  	0.0008809931   	0.0003697693   	0.0016100137   	0.0014012761   	0.0028652947   	0.0019663768   	0.0014813227   	0.0020070171   	0.0018602451   	0.001688687    	0.0019862107   	0.0015083443   	0.0018746393   	0.0012037896   	0.001621032    	0.00071228837  	0.0021831447   	0.0008682018   	0.0033394524   	0.00068402616  	0.0023199732   	0.0011769482   	0.00062319584  	0.00066475006  	0.0019615246   	0.0010630785   	0.0032084596   	0.0017429343   	0.0025482436   	0.0011630055   	0.0006152202   	0.0011426869   	0.0005632011   	0.0008951272   	0.00031768455  	0.0012399702   	0.0007939491   	0.0013341976   	0.000554758    	0.0032997583   	0.0021053199   	0.00041936227  	0.00081220665  	0.0010743048   	0.0009505037   	0.0030003139   	0.0003945858   	0.0015300532   	0.0019087949   	0.0006765672   	0.0005833615   	0.0009190817   	0.0021568793   	0.00028353956  	0.0011820084   	0.00013337687  	0.00074855075  	0.0037369183   	0.00027757458  	0.0012132033   	0.0014256309   	0.00083540054  	0.0010413234   	0.0005208008   	0.0009369145   	0.0012646558   	0.0029616538   	0.0024490394   	0.00065016036  	0.00086091855  	0.0026018724   	0.0016457122   	0.0020969026   	0.001197021    	0.0033368627   	0.0029632214   	0.00041582953  	0.0048965486   	0.0010345832   	
0.00070750073  	0.00025120328  	0.0015359143   	0.0006443786   	0.00052846     	0.001159976    	0.00064166     	0.0005744704   	0.0009278527   	0.00021118911  	0.0013583353   	0.0007899378   	0.0016665928   	0.0023597984   	0.0013086123   	0.00069962075  	0.0014997342   	0.0012164086   	0.0010223624   	0.001404568    	0.0006604353   	0.0008175195   	0.002159551    	0.0013641978   	0.0013131124   	0.0019587663   	0.0013772936   	0.0008530158   	0.0009827582   	0.001263156    	0.0019748528   	0.0007617671   	0.0003366664   	0.0015684812   	0.0023061752   	0.00035603333  	0.0014131806   	0.0013603688   	0.0027780968   	0.0007024723   	0.0013417164   	0.00047046132  	0.00093973434  	0.0007080537   	0.0018611513   	0.0017873693   	0.002449209    	0.0016151522   	0.0006155462   	0.0010477308   	0.0013679017   	0.0017442245   	0.0011107444   	0.00097167375  	0.00028799602  	0.0019842042   	0.0007100519   	0.0010391428   	0.0013298818   	0.001153636    	0.001197572    	0.0015259716   	0.0003488243   	0.0006213912   	0.00064514787  	0.0007712399   	0.0020762952   	0.001276299    	0.00045067037  	0.001008923    	0.002176705    	0.003151158    	0.0012732609   	0.0025380403   	0.00028089414  	0.0009157971   	0.0005557996   	0.0017717187   	0.00013558543  	0.0005118424   	0.0022129174   	0.0029438646   	0.0013598277   	0.0013803614   	0.0005581324   	0.0007685571   	0.0009837279   	0.0025326607   	0.0019824018   	0.00049153896  	0.0009213985   	0.0004718787   	0.0009655477   	0.0007659797   	0.001049592    	0.0005225893   	0.00062765804  	0.0009696449   	0.0009876445   	0.0004096011   	
0.0002652566   	0.002720677    	0.0020507376   	0.0027884522   	0.0010797941   	0.001699455    	0.00035775913  	0.0012594764   	0.0005488086   	0.0020019196   	0.0022403263   	0.0002822619   	0.0026554689   	0.002026119    	0.0014169412   	0.00036271047  	0.0006022533   	0.0031190652   	0.0025373674   	0.0010505514   	0.00080804597  	0.0012066342   	0.0011019954   	0.0001617397   	0.0014650909   	0.00091608404  	0.0008094535   	0.0020152389   	0.000527452    	0.0011563984   	0.002087939    	0.00053801946  	0.0016143321   	0.00052314095  	0.0011257427   	0.0019712918   	0.00058096653  	0.0012067037   	0.0012117722   	0.00055661     	0.00033701147  	0.0006603148   	0.0019536125   	0.003029597    	0.0011389201   	0.0007144038   	0.00064907095  	0.003067908    	0.002437911    	0.0018168187   	0.00053593045  	0.00090560265  	0.0026272198   	0.0024025587   	0.00083543884  	0.0023702895   	0.0002839877   	0.001978688    	0.0009805701   	0.0005612231   	0.0009857955   	0.0012755407   	0.0005595018   	0.0017365124   	0.0007857075   	0.0008553394   	0.00034419209  	0.0017953732   	0.0012549561   	0.0002835496   	0.0018460691   	0.00093714544  	0.001041374    	0.00039399377  	0.0007803096   	0.00034304752  	0.001092488    	0.0022574635   	0.0012566275   	0.0016960172   	0.0007330701   	0.0027101054   	0.0011730946   	0.002796236    	0.00092645927  	0.001701407    	0.00040048332  	0.0010762882   	0.0015964234   	0.0016185623   	0.00058458303  	0.0013806904   	0.0011359996   	0.0005582399   	0.001957398    	0.0032790026   	0.0026293779   	0.0010451825   	0.0028128454   	0.0007234367   	
0.0003192635   	0.0013919085   	0.0009832863   	0.0012245319   	0.0008299077   	0.00048096813  	0.0018641787   	0.0014219336   	0.00059978926  	0.00031241192  	0.00020696194  	0.0025843547   	0.0018242644   	0.0012812368   	0.0010799292   	0.00068353215  	0.0032935205   	0.0028819265   	0.0041230205   	0.0023279744   	0.001833385    	0.0011837272   	0.0007308716   	0.0010782835   	0.00073719816  	0.001315592    	0.0008022442   	0.00077184965  	0.0005409113   	0.0010773235   	0.00068800215  	0.0016140309   	0.000738393    	0.0008913615   	0.002472928    	0.002124938    	0.0017029344   	0.001716478    	0.00060359435  	0.0009095284   	0.0012417105   	0.0004477437   	0.001081616    	0.00061422156  	0.0014375364   	0.0016201258   	0.0026378203   	0.0008627819   	0.0018382797   	0.0025651283   	0.00093572476  	0.0010067304   	0.0021565643   	0.0006718622   	0.0027204857   	0.0006664889   	0.00059873104  	0.001184885    	0.0015138136   	0.0023320436   	0.0013148956   	0.0012764306   	0.0014110313   	0.0018869597   	0.0022557264   	0.0010461005   	0.0005669019   	0.0024012332   	0.0017972148   	0.0033375977   	0.0009890913   	0.0006091714   	0.00090994313  	0.0016941923   	0.0016574997   	0.0011635576   	0.0021160555   	0.00047768306  	0.0009946814   	0.002381836    	0.0027545644   	0.00085529     	0.0021512287   	0.002457915    	0.0004620666   	0.00064840534  	0.0013372778   	0.0010381208   	0.0013531625   	0.0018323986   	0.0019825539   	0.00022213865  	0.0016885737   	0.0036825873   	0.0016081769   	0.0001892339   	0.0018029205   	0.0010296513   	0.0012757037   	0.001658747    	
0.0007671102   	0.000102690494 	0.0015733083   	0.0016470352   	0.00158551     	0.0017303436   	0.0006339443   	0.00030608696  	0.0021257987   	0.00064759736  	0.0010910281   	0.0009449723   	0.00044184286  	0.0015004989   	0.0007697252   	0.0007921295   	0.0009961878   	0.0027475082   	0.00239997     	0.0027721068   	0.0018996557   	0.0006045214   	0.0013354385   	0.0010955486   	0.00047902684  	0.000615426    	0.0004851514   	0.0009836595   	0.0006885007   	0.0009579153   	0.0015178085   	0.00026230954  	0.0014443176   	0.0012994604   	0.0011621804   	0.0014992518   	0.0013446825   	0.0008854387   	0.0014958492   	0.0019158282   	0.0011987712   	0.0016361004   	0.0023306713   	0.0016585197   	0.0016383437   	0.0025317885   	0.00078750897  	0.0008280606   	0.000986536    	0.0016512244   	0.0014673008   	0.0019681742   	0.0001772258   	0.0004906615   	0.0016408204   	0.0019446996   	0.0005966442   	0.0004676875   	0.00046386055  	0.0010695357   	0.0005210511   	0.0011507302   	0.0004308751   	0.0009706238   	0.0023395      	0.00056079146  	0.002348549    	0.0028841756   	0.0012299775   	0.0011069903   	0.00045438262  	0.00026726504  	0.003625745    	0.002783023    	0.000738338    	0.00052313047  	0.0007144885   	0.001944172    	0.0001047421   	0.0010567809   	0.0004825044   	0.001233372    	0.0020798566   	0.001905031    	0.0011507476   	0.0016405045   	0.00015548542  	0.0008553942   	0.00055246946  	0.00052512926  	0.0014672122   	0.0009923335   	0.0009210136   	0.00236413     	0.0014528246   	0.0010194151   	0.0018720275   	0.001502687    	0.0008193034   	0.00035680248  	
0.0004921498   	0.0015052957   	0.002217819    	0.0016242618   	0.0004569197   	0.0027657587   	0.00087562087  	0.0007689369   	0.00088751223  	0.002668782    	0.00038766384  	0.0004958047   	0.0014620741   	0.001516855    	0.0012088707   	0.00067882333  	0.001409666    	0.0007909996   	0.0012732857   	0.003409357    	0.0011879429   	0.002016846    	0.0021375504   	0.0006535907   	0.0018416899   	0.0013612527   	0.00025253269  	0.0004109071   	0.0016052447   	0.0005509623   	0.0020731806   	0.0024919673   	0.0011598577   	0.0022552072   	0.0011302715   	0.0011075434   	0.0013528803   	0.0007060332   	0.00063622236  	0.00064714585  	0.0028007266   	0.0018572588   	0.0004929419   	0.0004976757   	0.0019086206   	0.00034767165  	0.0016020341   	0.0026485142   	0.00043378485  	0.0014365842   	0.0018588938   	6.212969E-05   	0.002241071    	0.003517327    	0.0013560766   	0.0008976931   	0.0011879437   	0.00011941501  	0.0019932173   	0.0015333215   	0.0014033398   	0.00090540777  	0.0006711794   	0.00017745237  	0.0005942758   	0.0019459225   	0.0014803463   	0.00052677555  	0.0009927005   	0.0011661485   	0.000371419    	0.0007718422   	0.00018806514  	0.001522793    	0.0009369117   	0.0020290366   	0.0028639722   	0.0021160974   	0.002740606    	0.0004949872   	0.0015694301   	0.0005332984   	0.0012658711   	0.0017382349   	0.0021811693   	0.0021778762   	0.0012660057   	0.0012550382   	0.0005068497   	0.0011692634   	0.00013644224  	0.0008138311   	0.0009929737   	0.0020713117   	0.0022053919   	0.001799149    	0.001769165    	0.00083896564  	0.00076960184  	0.0011677803   	
0.00052935904  	0.001969867    	0.0012073711   	0.0015164987   	4.8624977E-05  	0.0006167296   	0.0005501808   	0.0015498308   	0.00069048087  	0.0008196493   	0.0006928783   	0.0011221005   	0.0007070977   	0.0011151709   	0.0010584815   	0.0011887286   	0.0031742956   	0.0016538632   	0.0016207031   	0.0009149639   	0.0032729276   	0.0018953754   	0.00064437196  	0.0007694832   	0.0011464015   	0.0019210422   	0.0012700573   	0.0005864755   	0.0016171105   	0.0011472659   	0.000731535    	0.00071780494  	0.0022845443   	0.0019294575   	0.002013657    	0.0012766444   	0.0019375107   	0.00279004     	0.00017348643  	0.0008230543   	0.0020510056   	0.0009805568   	0.0003590074   	0.0014991335   	0.00046666228  	0.0016601178   	0.0016862998   	0.00090277597  	0.00035446158  	0.0010891601   	0.00014888373  	0.0006581677   	0.0008545409   	0.0016775499   	0.0023205678   	0.0006542417   	0.0008553598   	0.0006061277   	0.00078597176  	0.00038968073  	0.00026021773  	0.00038753598  	0.00040877986  	0.0014955006   	0.0008242173   	0.0013589286   	0.0010436135   	0.0007360185   	0.00041678688  	0.0009463295   	0.00060596195  	0.0008623764   	0.00087989954  	0.0016660853   	0.0016407629   	0.0011033512   	0.0004226035   	0.001600966    	0.00067905575  	0.0011888659   	0.0013542983   	8.352124E-05   	0.0010574253   	0.00054248323  	0.0025780832   	0.0027833267   	0.00027132148  	0.0004669466   	0.0013990045   	0.0038340087   	0.0020617645   	0.00088133867  	0.0014718536   	0.0012243756   	0.0010832512   	0.0010681867   	0.00081576966  	0.0012482803   	0.0011269801   	0.0017440044   	
