# www.neaspec.com
# Scan:	 	AFM
# Project:	 	20251007_PS
# Description:	 	
# Date:	 	10/07/2025 10:43:47
# Scanner Center Position (X, Y):	[µm]	49.99	50.01	 
# Rotation:	[°]	0	 	 
# Scan Area (X, Y, Z):	[µm]	5.000	5.000	0.000
# Pixel Area (X, Y, Z):	[px]	100	50	1
# Averaging:	 	1	 	 
# Integration time:	[ms]	5	 	 
# Laser Source:	 	4.5-15 µm nano-FTIR laser
# Detector:	 	R
# Target Wavelength:	[µm]	7.502	 	 
# Demodulation Mode:	 	Fourier
# Tip Frequency:	[Hz]	241,340.500	 	 
# Tip Amplitude:	[mV]	45.700	 	 
# Tapping Amplitude:	[nm]	79.665	 	 
# Modulation Frequency:	[Hz]	0.000	 	 
# Modulation Amplitude:	[mV]	0.000	 	 
# Modulation Offset:	[mV]	0.000	 	 
# Setpoint:	[%]	79.75	 	 
# Regulator (P, I, D):	 	4.206850	8.625812	1.000000
# Tip Potential:	[mV]	0.000	 	 
# M1A Scaling:	[nm/V]	0.426	 	 
# M1A Cantilever Factor:	 	1,000	 	 
# Q-Factor:	 	487.4	 	 
# Version:	 	2.1.11536.0
2.3062103      	2.2783031      	2.329319       	2.238687       	2.261708       	2.2317014      	2.3052883      	2.2901654      	2.3162506      	2.3113077      	2.3094945      	2.3209043      	2.269269       	2.3011403      	2.2029943      	2.2066264      	2.3503194      	2.3200073      	2.2821515      	2.3205862      	2.3148832      	2.256557       	2.2060113      	2.279528       	2.2574313      	2.232736       	2.2798798      	2.268383       	2.2499228      	2.3114696      	2.263788       	2.2129266      	2.2254817      	2.287277       	2.3691537      	2.190134       	2.2288086      	2.3018148      	2.2487328      	2.283375       	2.3477745      	2.270729       	2.187066       	2.296171       	2.2861552      	2.2649221      	2.3086221      	2.3150573      	2.2820845      	2.2730289      	2.2531395      	2.1935644      	2.2713642      	2.3202875      	2.2794013      	2.2761629      	2.3212414      	2.3202496      	2.2052681      	2.270154       	2.2605083      	2.329369       	2.28953        	2.218181       	2.2753906      	2.2814374      	2.2328925      	2.2769318      	2.2753859      	2.2514431      	2.2192895      	2.2712188      	2.2384734      	2.2671378      	2.3020144      	2.3134503      	2.286071       	2.3335693      	2.3091211      	2.2942345      	2.2905476      	2.2344868      	2.2946682      	2.2773705      	2.2475226      	2.2164874      	2.3057914      	2.2937574      	2.311473       	2.3065088      	2.3151083      	2.3024173      	2.3375573      	2.2965584      	2.2601328      	2.2830625      	2.2591538      	2.3419156      	2.314718       	2.2723165      	
2.2390246      	2.264788       	2.324571       	2.2796748      	2.2851508      	2.243801       	2.2745354      	2.2516098      	2.3428812      	2.3246362      	2.2946153      	2.2991757      	2.2549407      	2.2172353      	2.3342881      	2.3113387      	2.2673106      	2.27213        	2.225586       	2.2994723      	2.1982534      	2.2542706      	2.271777       	2.3143075      	2.2871778      	2.2675557      	2.3332381      	2.2791848      	2.290443       	2.325617       	2.2955468      	2.33524        	2.239822       	2.2585742      	2.305016       	2.2315037      	2.2629209      	2.2982697      	2.3217347      	2.2569933      	2.2917185      	2.235736       	2.384914       	2.3004303      	2.3146338      	2.303972       	2.2223976      	2.2805085      	2.1750374      	2.2273977      	2.2537577      	2.2486267      	2.302738       	2.3233624      	2.319035       	2.2506647      	2.302477       	2.2994466      	2.301466       	2.2681925      	2.2573705      	2.2848651      	2.3229442      	2.295343       	2.2970793      	2.263639       	2.2490325      	2.2602668      	2.3088126      	2.253541       	2.3030865      	2.3368957      	2.275085       	2.3097947      	2.2981496      	2.2977924      	2.289732       	2.3079784      	2.3079457      	2.3109882      	2.2858005      	2.234381       	2.300527       	2.2841544      	2.2382598      	2.2429433      	2.291543       	2.250356       	2.2247512      	2.363827       	2.1375175      	2.3323135      	2.2540371      	2.2114406      	2.2390661      	2.187408       	2.2213778      	2.301883       	2.3565323      	2.3334963      	
2.2797782      	2.2892919      	2.2367647      	2.2414157      	2.3114955      	2.2909853      	2.3204272      	2.244651       	2.2250526      	2.3094964      	2.3326278      	2.2736187      	2.2864668      	2.3225245      	2.294688       	2.2508016      	2.2612326      	2.330898       	2.2704172      	2.2513058      	2.2720132      	2.3168066      	2.2625144      	2.2577891      	2.245492       	2.3027725      	2.2076569      	2.3067951      	2.2418246      	2.2046208      	2.3580778      	2.2674124      	2.2888968      	2.3240302      	2.2136302      	2.2845387      	2.293377       	2.3430834      	2.3044906      	2.2819748      	2.227406       	2.3202868      	2.3106475      	2.2842278      	2.270639       	2.2843854      	2.2522142      	2.2779028      	2.2435646      	2.3957062      	2.3205514      	2.3215878      	2.3473048      	2.334628       	2.333112       	2.2307177      	2.2898304      	2.2831845      	2.2965705      	2.3074052      	2.296782       	2.29145        	2.2683868      	2.2783554      	2.3198183      	2.3145764      	2.2501836      	2.3059154      	2.2972336      	2.2530994      	2.2601447      	2.264912       	2.2506623      	2.2825487      	2.3136332      	2.3360407      	2.2575939      	2.2750611      	2.2690823      	2.2782907      	2.309335       	2.2524867      	2.2283518      	2.3010964      	2.2753096      	2.3408735      	2.2304478      	2.3820162      	2.1487372      	2.233231       	2.2177567      	2.3298295      	2.2765014      	2.1285686      	2.1058738      	2.24294        	2.2594943      	2.2822666      	2.2702532      	2.2518473      	
2.3428507      	2.2784235      	2.2246864      	2.2564607      	2.2706158      	2.2323034      	2.270089       	2.3029835      	2.3289843      	2.2490206      	2.2559457      	2.259173       	2.2815688      	2.2122412      	2.1711097      	2.2505298      	2.244505       	2.306233       	2.2317386      	2.2437851      	2.2834342      	2.2479722      	2.2983706      	2.2767923      	2.3015714      	2.2888763      	2.256543       	2.270844       	2.3308907      	2.335086       	2.3147256      	2.2681332      	2.3286874      	2.3321157      	2.2652745      	2.262279       	2.2708387      	2.3758454      	2.211958       	2.2929902      	2.2804055      	2.2443726      	2.347604       	2.2821498      	2.2166271      	2.3384519      	2.3252223      	2.2230806      	2.289898       	2.289955       	2.2595308      	2.2668846      	2.2206001      	2.2657566      	2.2650423      	2.33592        	2.270104       	2.2703967      	2.2469244      	2.327719       	2.3081331      	2.3491542      	2.218357       	2.2408428      	2.2949443      	2.3378484      	2.2478387      	2.280025       	2.2752967      	2.3109975      	2.265622       	2.2861664      	2.3273172      	2.3179963      	2.2636786      	2.388301       	2.3381004      	2.2602084      	2.267846       	2.2734263      	2.253306       	2.244043       	2.2935748      	2.3326595      	2.3114173      	2.295871       	2.1874447      	2.4463356      	2.285282       	2.3068192      	2.1520662      	2.3293166      	2.3470721      	2.3607497      	2.326511       	2.320502       	2.2848344      	2.3644257      	2.2494862      	2.232391       	
2.2401843      	2.2609756      	2.3119092      	2.3432112      	2.288673       	2.3102365      	2.246614       	2.3338158      	2.3223288      	2.3031716      	2.2489882      	2.2852025      	2.2901742      	2.2759907      	2.2997494      	2.2794478      	2.2147593      	2.2773795      	2.272357       	2.3055387      	2.2255516      	2.3067868      	2.2384386      	2.3546953      	2.2780612      	2.2118         	2.284102       	2.2825494      	2.2575185      	2.2452493      	2.2977767      	2.3483427      	2.2633348      	2.2557251      	2.290812       	2.2454093      	2.2653975      	2.3149817      	2.3541918      	2.295802       	2.326684       	2.2724566      	2.3420887      	2.242239       	2.218714       	2.2101526      	2.2730808      	2.2520058      	2.2868543      	2.2935462      	2.317713       	2.2713923      	2.246308       	2.2164085      	2.206001       	2.302507       	2.254575       	2.3240118      	2.3123083      	2.2351599      	2.3053539      	2.259943       	2.2348557      	2.2863052      	2.2678478      	2.2480993      	2.2391858      	2.339022       	2.2767534      	2.2481372      	2.2422514      	2.3093822      	2.2540078      	2.3097045      	2.243313       	2.2962265      	2.2851644      	2.270491       	2.3123922      	2.2924063      	2.3512225      	2.264185       	2.3148074      	2.3118024      	2.3585503      	2.4034176      	2.354751       	2.3027625      	2.0857933      	2.3712778      	2.2995632      	2.2185998      	2.3378057      	2.2794216      	2.2067337      	2.1964583      	2.2233038      	2.2608998      	2.317247       	2.2628183      	
2.3353589      	2.2234085      	2.262044       	2.2982857      	2.312811       	2.2954354      	2.3043828      	2.290445       	2.2535198      	2.2717981      	2.2840042      	2.323973       	2.2802246      	2.2732246      	2.2654095      	2.232665       	2.3125339      	2.295257       	2.3192444      	2.251404       	2.2867844      	2.2829614      	2.2495892      	2.3310657      	2.2904973      	2.270228       	2.231581       	2.2521532      	2.3141248      	2.3849528      	2.3471575      	2.2451773      	2.289963       	2.2984629      	2.20175        	2.3124666      	2.2942772      	2.1894875      	2.2996912      	2.260558       	2.3119955      	2.3060231      	2.2462428      	2.213684       	2.3042674      	2.2633939      	2.3289828      	2.236198       	2.2606943      	2.2029405      	2.278677       	2.301771       	2.3378084      	2.3011956      	2.320012       	2.2441955      	2.2549684      	2.2394526      	2.1953583      	2.297937       	2.3186352      	2.2283647      	2.2253895      	2.2741475      	2.2653291      	2.3016193      	2.3022249      	2.280145       	2.2762704      	2.2794702      	2.2451406      	2.2324703      	2.2136958      	2.2986686      	2.247248       	2.2781267      	2.3170547      	2.2723134      	2.2909842      	2.2936304      	2.272016       	2.2648485      	2.3008127      	2.2701802      	2.3489165      	2.2924528      	2.3222668      	2.2541337      	2.3475094      	2.2120357      	2.2648666      	2.2900321      	2.3500426      	2.276745       	2.2208571      	2.3705215      	2.2590733      	2.2125456      	2.3293087      	2.3262916      	
2.2521746      	2.3016524      	2.2842975      	2.346687       	2.303203       	2.2248354      	2.210473       	2.313476       	2.2519903      	2.285102       	2.2330108      	2.268787       	2.247808       	2.252488       	2.2972667      	2.3012533      	2.3162196      	2.3053677      	2.3427782      	2.2759726      	2.2890952      	2.2499237      	2.2862122      	2.276803       	2.3326452      	2.2672825      	2.2628765      	2.3084948      	2.260612       	2.3117044      	2.3153923      	2.3068871      	2.292163       	2.2701302      	2.2629037      	2.2855005      	2.2999444      	2.327092       	2.2871308      	2.213152       	2.347406       	2.3281085      	2.281352       	2.25845        	2.2570667      	2.2690709      	2.2904634      	2.2865787      	2.2250001      	2.1772509      	2.205859       	2.3035543      	2.1410048      	2.263692       	2.2982748      	2.0733466      	2.2541487      	2.1666248      	2.2744634      	2.2297845      	2.3153772      	2.2774882      	2.3200984      	2.2326026      	2.325743       	2.2595649      	2.340507       	2.2763298      	2.2293205      	2.2284498      	2.2304168      	2.3304925      	2.3031688      	2.2574165      	2.263126       	2.2284412      	2.3284492      	2.2488825      	2.2877328      	2.2243454      	2.2659347      	2.26548        	2.2967794      	2.205033       	2.254932       	2.305646       	2.3011386      	2.2398982      	2.2500424      	2.299049       	2.2386138      	2.1585667      	2.2316709      	2.2495823      	2.3570495      	2.311277       	2.2053988      	2.2527876      	2.2643921      	2.2851105      	
2.2852015      	2.3297546      	2.327456       	2.2974699      	2.317998       	2.3308797      	2.2705553      	2.3237698      	2.2628744      	2.32862        	2.2726877      	2.316605       	2.2778382      	2.2498555      	2.2159355      	2.2505553      	2.2495453      	2.2674313      	2.2854347      	2.289599       	2.2712653      	2.336072       	2.2394757      	2.2878172      	2.317371       	2.303911       	2.3154376      	2.3119059      	2.2758608      	2.2339664      	2.2047849      	2.2186728      	2.297926       	2.277953       	2.2869034      	2.3592463      	2.3045979      	2.2768154      	2.3115232      	2.3300316      	2.3270714      	2.2303143      	2.25201        	2.2252343      	2.2314441      	2.3083148      	2.3539038      	2.1747928      	2.098405       	2.347086       	2.3488836      	2.3578122      	2.1864352      	2.2904427      	2.247096       	2.2280622      	2.2287388      	2.370517       	2.2245488      	2.2888029      	2.2843544      	2.2595415      	2.2708676      	2.1998177      	2.2535844      	2.2439857      	2.2824073      	2.2429163      	2.2982478      	2.2732244      	2.275052       	2.2462573      	2.2830036      	2.2733655      	2.2770765      	2.280079       	2.4056127      	2.2939768      	2.277905       	2.306442       	2.2804267      	2.3355713      	2.2155504      	2.3231797      	2.2472494      	2.2520313      	2.4159098      	2.2982938      	2.252851       	2.2837029      	2.2614796      	2.365199       	2.2705908      	2.2308846      	2.2453697      	2.42164        	2.396626       	2.4169633      	2.385224       	2.3729773      	
2.2599359      	2.277792       	2.273944       	2.3059034      	2.254573       	2.2695494      	2.2877617      	2.2315311      	2.2765         	2.3191555      	2.3198724      	2.2353885      	2.2402296      	2.2700467      	2.2551818      	2.217466       	2.2636552      	2.2988932      	2.3059251      	2.2352555      	2.324019       	2.315382       	2.3029122      	2.3706458      	2.2603664      	2.319584       	2.2827568      	2.2084117      	2.2750401      	2.2310297      	2.3256145      	2.260233       	2.2877767      	2.21498        	2.279762       	2.3437204      	2.3089223      	2.278117       	2.329523       	2.244454       	2.3222163      	2.2826498      	2.2930746      	2.1732125      	2.2542286      	2.1414871      	2.2010086      	2.2581952      	2.240839       	2.336697       	2.3193588      	2.2383661      	2.266343       	2.1872456      	2.292526       	2.2274292      	2.2427924      	2.189198       	2.3570976      	2.3466156      	2.1689508      	2.2664428      	2.290847       	2.3635883      	2.2416902      	2.2830336      	2.2815542      	2.2903595      	2.28106        	2.251433       	2.2718253      	2.3253639      	2.266948       	2.356292       	2.2727866      	2.1954222      	2.3010356      	2.3286438      	2.2445292      	2.2176824      	2.2747102      	2.3005157      	2.2860868      	2.2643814      	2.2771056      	2.39936        	2.3523006      	2.2486207      	2.3151975      	2.314025       	2.307566       	2.1974673      	2.3317611      	2.386432       	2.3771715      	2.201851       	2.4025636      	2.3672945      	2.2616365      	2.2393162      	
2.213395       	2.257847       	2.3021586      	2.3707633      	2.2997408      	2.2709928      	2.3024998      	2.3252375      	2.309373       	2.298644       	2.2299879      	2.238462       	2.2575192      	2.3100264      	2.223832       	2.2662246      	2.250163       	2.2272086      	2.2965217      	2.298046       	2.298749       	2.269348       	2.3197498      	2.3304458      	2.2727258      	2.2319572      	2.3404837      	2.2829971      	2.233827       	2.2385974      	2.192411       	2.4382114      	2.386236       	2.2049146      	2.19567        	2.4093397      	2.3258991      	2.3032126      	2.3077831      	2.2812583      	2.141784       	2.2428448      	2.2627432      	2.264067       	2.263855       	2.2649498      	2.2711012      	2.277039       	2.24006        	2.2320197      	2.3459952      	2.207479       	2.2945123      	2.2668567      	2.32166        	2.222392       	2.3489172      	2.28193        	2.201671       	2.4339402      	2.2677903      	2.3056762      	2.290433       	2.2268922      	2.2528079      	2.2737806      	2.276608       	2.232859       	2.2600818      	2.2585943      	2.281647       	2.2411525      	2.2352827      	2.2957466      	2.3123674      	2.27549        	2.2630973      	2.32334        	2.240392       	2.2350671      	2.276278       	2.2497635      	2.2183032      	2.2666943      	2.2587807      	2.2663078      	2.3216372      	2.257003       	2.309507       	2.26414        	2.3004496      	2.3620877      	2.2172554      	2.2890387      	2.3004694      	2.2810767      	2.2650928      	2.355119       	2.3605149      	2.3606865      	
2.29037        	2.3287516      	2.2247293      	2.302064       	2.264671       	2.275469       	2.2870963      	2.30333        	2.3493903      	2.2299871      	2.3082204      	2.2909355      	2.2315445      	2.2643893      	2.3051357      	2.2121096      	2.2839308      	2.3498175      	2.2863271      	2.2363496      	2.3876848      	2.3219323      	2.2585413      	2.2796881      	2.2846432      	2.2580566      	2.2785606      	2.336782       	2.335137       	2.3171833      	2.2470238      	2.2074761      	2.4140546      	2.4052896      	2.24899        	2.279304       	2.3047311      	2.3123443      	2.2981741      	2.34894        	2.3736923      	2.2556472      	2.3606768      	2.222437       	2.1812906      	2.3206732      	2.2229495      	2.3116498      	2.3184068      	2.316627       	2.2020705      	2.2262015      	2.3345194      	2.2525508      	2.246938       	2.293539       	2.3133132      	2.2941341      	2.3577032      	2.222424       	2.1959052      	2.252119       	2.2601814      	2.3314242      	2.2337809      	2.3599608      	2.25051        	2.3129938      	2.2900167      	2.2569206      	2.364303       	2.2692711      	2.2606978      	2.273279       	2.2912526      	2.2373314      	2.2297091      	2.3237793      	2.233819       	2.199827       	2.307683       	2.2324243      	2.2817369      	2.3078635      	2.2672129      	2.3368144      	2.274033       	2.265635       	2.2184918      	2.3494656      	2.1821709      	2.2302163      	2.144068       	2.2427871      	2.1987095      	2.356513       	2.2322083      	2.2828786      	2.3207786      	2.2922168      	
2.2011683      	2.2975955      	2.274456       	2.3732636      	2.303443       	2.3138132      	2.2926154      	2.259733       	2.3131137      	2.367281       	2.2581224      	2.289285       	2.2873044      	2.326617       	2.3112173      	2.3077998      	2.2829814      	2.3053746      	2.2829328      	2.2854896      	2.2375684      	2.2276423      	2.2896252      	2.3466911      	2.364611       	2.1739144      	2.292574       	2.4838219      	2.2766063      	2.1768467      	2.2359529      	2.3292122      	2.244593       	2.2170308      	2.283856       	2.3290644      	2.377343       	2.3069139      	2.444349       	2.2688203      	2.2363586      	2.1887758      	2.287313       	2.1839774      	2.1402955      	2.2913086      	2.258284       	2.224577       	2.2306423      	2.1159248      	2.3044662      	2.2347627      	2.2150874      	2.2722692      	2.1966813      	2.2781553      	2.2297144      	2.3379443      	2.2706447      	2.3431015      	2.2701652      	2.3365488      	2.2629147      	2.2661467      	2.2382207      	2.2770813      	2.3106081      	2.3202019      	2.2833405      	2.280286       	2.2870092      	2.2813015      	2.324022       	2.324756       	2.2720754      	2.2886202      	2.295268       	2.2750041      	2.2975469      	2.2623422      	2.2935038      	2.2497544      	2.2714856      	2.2480187      	2.309597       	2.319388       	2.3077812      	2.3828635      	2.2685072      	2.386115       	2.3063827      	2.3190632      	2.2411852      	2.1230059      	2.2403984      	2.2762923      	2.2011516      	2.1692772      	2.1913848      	2.1392238      	
2.274364       	2.285085       	2.3236337      	2.304649       	2.2693734      	2.278368       	2.272337       	2.2538013      	2.3425646      	2.2399867      	2.1621845      	2.2339048      	2.344542       	2.2394462      	2.2924142      	2.254323       	2.3140836      	2.2896268      	2.2783604      	2.3507376      	2.227472       	2.2331095      	2.3226244      	2.3980274      	2.1569617      	2.288387       	2.3186545      	2.3020372      	2.3313384      	2.334137       	2.301077       	2.3059535      	2.2514515      	2.251243       	2.291008       	2.1311965      	2.3547463      	2.2808855      	2.211131       	2.3571854      	2.1468635      	2.406727       	2.3568168      	2.3385148      	2.3073459      	2.2258117      	2.2455497      	2.3063264      	2.3064737      	2.290936       	2.2570508      	2.3898673      	2.1388612      	2.157277       	2.2011633      	2.3150012      	2.2139375      	2.2690873      	2.251773       	2.2385147      	2.3032184      	2.2847295      	2.3008265      	2.3661869      	2.2911828      	2.2273297      	2.198762       	2.2613897      	2.2155342      	2.2836423      	2.226662       	2.233608       	2.329536       	2.3066003      	2.2961645      	2.2499008      	2.2590787      	2.344386       	2.32791        	2.3290014      	2.3133914      	2.2450624      	2.268052       	2.3824043      	2.332516       	2.3000875      	2.2495594      	2.3302157      	2.2693279      	2.2833586      	2.2312744      	2.2895913      	2.3076422      	2.184596       	2.1334558      	2.2089243      	2.1424088      	2.3845057      	2.3315914      	2.1861165      	
2.2632048      	2.2125797      	2.2385926      	2.2681773      	2.241741       	2.251264       	2.281062       	2.3291695      	2.331718       	2.2023592      	2.2209427      	2.2554388      	2.3183217      	2.2583852      	2.3503685      	2.3025389      	2.2683268      	2.1858017      	2.288464       	2.3073711      	2.2986453      	2.3099618      	2.3197122      	2.1500857      	2.2052045      	2.3051333      	2.253583       	2.1966317      	2.239989       	2.2277079      	2.2885373      	2.230592       	2.2710578      	2.2663512      	2.3356245      	2.2678192      	2.324183       	2.246766       	2.254779       	2.1687386      	2.2659636      	2.2487893      	2.2759788      	2.3138542      	2.339099       	2.145321       	2.217156       	2.1003351      	2.2598968      	2.2084746      	2.240138       	2.2167559      	2.5484517      	2.330464       	2.342914       	2.3299887      	2.1498766      	2.1758926      	2.4242125      	2.3637035      	2.3490155      	2.311172       	2.2577956      	2.1785517      	2.2759006      	2.2560332      	2.2865741      	2.3016348      	2.2905903      	2.245964       	2.2856119      	2.2966688      	2.3205523      	2.2913833      	2.2617803      	2.29025        	2.2741375      	2.2321408      	2.3195865      	2.2010467      	2.3029652      	2.3100526      	2.2778902      	2.2945096      	2.2717814      	2.2581081      	2.1942806      	2.27528        	2.2956462      	2.2648916      	2.2449062      	2.4236097      	2.4593134      	2.2727265      	2.2362504      	2.259269       	2.320321       	2.2989788      	2.3185668      	2.3042455      	
2.247328       	2.2530608      	2.3306756      	2.2961016      	2.2944183      	2.2727811      	2.266234       	2.2252164      	2.2447948      	2.2907114      	2.2136657      	2.2471533      	2.2718627      	2.2978053      	2.2719746      	2.2886512      	2.3112721      	2.3028657      	2.311375       	2.3264477      	2.2754939      	2.3532743      	2.3068287      	2.312324       	2.2477517      	2.3664088      	2.3240018      	2.2981145      	2.43287        	2.3060641      	2.1933923      	2.2542024      	2.2366552      	2.2306874      	2.323197       	2.2864869      	2.2363183      	2.28749        	2.1369452      	2.295792       	2.287661       	2.1808658      	2.2208676      	2.3285053      	2.23848        	2.2580376      	2.2377377      	2.2480438      	2.182428       	2.224606       	2.3641148      	2.3607793      	2.2003946      	2.2762961      	2.2490005      	2.3213267      	2.2602353      	2.2260125      	2.174346       	2.2793777      	2.334422       	2.2991023      	2.4040337      	2.2770002      	2.302313       	2.256033       	2.2952101      	2.2797332      	2.242745       	2.2714355      	2.3659997      	2.2813456      	2.2626705      	2.293573       	2.2843082      	2.3259602      	2.305122       	2.2901719      	2.2768855      	2.3931737      	2.3272195      	2.2591455      	2.2706413      	2.303413       	2.2146096      	2.2832499      	2.2954183      	2.2111263      	2.2884088      	2.243544       	2.2897952      	2.325839       	2.1670434      	2.2267952      	2.2430692      	2.268814       	2.314699       	2.3233209      	2.3369064      	2.2607603      	
2.2751262      	2.2929037      	2.2769337      	2.333777       	2.3368175      	2.270001       	2.2784393      	2.2738583      	2.257251       	2.31548        	2.2828896      	2.265404       	2.260173       	2.3355632      	2.2711132      	2.2567813      	2.3967795      	2.3191335      	2.2585237      	2.2728224      	2.2991316      	2.2808661      	2.2813869      	2.2122092      	2.2757523      	2.2201397      	2.176835       	2.2874687      	2.3682845      	2.3073905      	2.3120055      	2.2992477      	2.326671       	2.4624639      	2.2252643      	2.2101417      	2.2202222      	2.3647716      	2.427287       	2.4786348      	2.268949       	2.3839946      	2.354891       	2.3681135      	2.2458477      	2.2457893      	2.3104706      	2.4690485      	2.390822       	2.335115       	2.217687       	2.1282723      	2.1923046      	2.2345638      	2.2058249      	2.2824764      	2.3732877      	2.2619667      	2.178252       	2.123353       	2.2380798      	2.3618703      	2.306284       	2.2862904      	2.2674522      	2.2507412      	2.2876353      	2.2821574      	2.3677828      	2.2791915      	2.262446       	2.251113       	2.290978       	2.2844546      	2.2321231      	2.3143237      	2.3685539      	2.294016       	2.3133833      	2.3129208      	2.2718492      	2.2918706      	2.2658772      	2.2409582      	2.2956097      	2.336206       	2.286134       	2.2700062      	2.2185745      	2.191891       	2.1365743      	2.3276653      	2.204933       	2.320979       	2.205745       	2.3877413      	2.2579246      	2.216972       	2.2679412      	2.2744858      	
2.2552314      	2.309543       	2.2816932      	2.2702239      	2.268474       	2.2388444      	2.2850845      	2.2690265      	2.312622       	2.2178013      	2.357013       	2.2700932      	2.3338425      	2.2601542      	2.290522       	2.3311381      	2.2824385      	2.3056195      	2.350864       	2.3103805      	2.316772       	2.288886       	2.3439493      	2.2659125      	2.2248635      	2.2497754      	2.1764872      	2.1676135      	2.3092544      	2.3473399      	2.2013154      	2.3354297      	2.3108256      	2.239993       	2.3167377      	2.2411132      	2.3113942      	2.245718       	2.3476434      	2.2686238      	2.2420986      	2.3897333      	2.271253       	2.1474915      	2.2089117      	2.2521958      	2.3145535      	2.3486042      	2.469497       	2.3627167      	2.2565918      	2.2761261      	2.127921       	2.200616       	2.3418443      	2.139813       	2.2154014      	2.265737       	2.2382748      	2.2300594      	2.3940194      	2.2825334      	2.3377318      	2.3370838      	2.2421346      	2.2650445      	2.2934868      	2.3342254      	2.26952        	2.2959065      	2.3124561      	2.3008513      	2.2937114      	2.2008204      	2.3184226      	2.2931013      	2.214333       	2.2162733      	2.2493753      	2.2539876      	2.2929778      	2.2141232      	2.2519515      	2.300757       	2.2749915      	2.3145058      	2.2709277      	2.2832258      	2.2557313      	2.2391465      	2.2525294      	2.2032773      	2.1337004      	2.2527888      	2.4148982      	2.3861136      	2.3140974      	2.2310517      	2.2733514      	2.293167       	
2.2442915      	2.3159535      	2.3814192      	2.264773       	2.3443463      	2.2994351      	2.25309        	2.2368238      	2.2503448      	2.3193626      	2.3149824      	2.2469876      	2.185206       	2.312663       	2.2700663      	2.250222       	2.2706735      	2.2986832      	2.2731235      	2.2217505      	2.231536       	2.2644265      	2.3056958      	2.3151062      	2.3756936      	2.258003       	2.2716105      	2.2635772      	2.2328887      	2.3981001      	2.205502       	2.2647882      	2.2839184      	2.131601       	2.3366203      	2.1179         	2.196296       	2.279813       	2.3664708      	2.2598877      	2.1701705      	2.3444579      	2.2323833      	2.2984         	2.3416424      	2.2646046      	2.2204595      	2.2866397      	2.2815752      	2.2320015      	2.2644632      	2.2020469      	2.3293316      	2.2701962      	2.3501863      	2.258401       	2.2554052      	2.3282309      	2.29039        	2.4992402      	2.3842144      	2.3094277      	2.2884483      	2.2723176      	2.1689334      	2.23605        	2.293238       	2.2574217      	2.2882624      	2.3291166      	2.3040218      	2.3007903      	2.352202       	2.358348       	2.268692       	2.2908728      	2.2486742      	2.2766528      	2.2937744      	2.2311258      	2.3451083      	2.3187842      	2.232716       	2.3314157      	2.3156953      	2.3347416      	2.3110604      	2.2350783      	2.269795       	2.2775464      	2.280812       	2.2653127      	2.3349895      	2.2930918      	2.311972       	2.2392669      	2.427943       	2.3325114      	2.3219333      	2.361467       	
2.2643828      	2.3309212      	2.358674       	2.3169808      	2.252057       	2.3189585      	2.260099       	2.2608428      	2.2786021      	2.2696643      	2.358158       	2.3009624      	2.2341285      	2.2516253      	2.2741618      	2.248079       	2.3201063      	2.303141       	2.2654781      	2.242463       	2.2244117      	2.2401173      	2.2770534      	2.263586       	2.2579525      	2.2889073      	2.266375       	2.3556912      	2.3941388      	2.3184514      	2.4303024      	2.2619436      	2.2070653      	2.2785313      	2.1999292      	2.364135       	2.2784836      	2.3897777      	2.3426313      	2.2941551      	2.2397811      	2.305604       	2.2395577      	2.294118       	2.4377468      	2.3246164      	2.222894       	2.3072157      	2.219421       	2.2454891      	2.342886       	2.1171484      	2.2402854      	2.2802575      	2.3030112      	2.2085273      	2.1585462      	2.25868        	2.2764013      	2.4798276      	2.1273828      	2.2041583      	2.3109434      	2.3313704      	2.3528433      	2.3417897      	2.224812       	2.3831522      	2.3488376      	2.2920108      	2.325906       	2.3394566      	2.2744117      	2.2476757      	2.2848034      	2.2229364      	2.2527976      	2.2547927      	2.3360343      	2.2490811      	2.2504344      	2.2673635      	2.214703       	2.2456381      	2.3337605      	2.3746653      	2.31053        	2.312444       	2.3277798      	2.2440014      	2.3899868      	2.113563       	2.3011546      	2.1548421      	2.1551137      	2.2609146      	2.2684076      	2.322322       	2.3186238      	2.3435888      	
2.2981594      	2.3803182      	2.191269       	2.3056974      	2.322876       	2.2554834      	2.245149       	2.262376       	2.296591       	2.2784646      	2.2381232      	2.2919574      	2.2666545      	2.2961054      	2.2784824      	2.2352123      	2.299718       	2.2576556      	2.2497609      	2.2596555      	2.2461543      	2.2346253      	2.3046167      	2.2857673      	2.2397938      	2.342541       	2.2326515      	2.2763386      	2.2576027      	2.3248916      	2.3112087      	2.375724       	2.1889942      	2.3902345      	2.3412576      	2.2846408      	2.2706797      	2.3428497      	2.4168487      	2.4094408      	2.2632704      	2.336718       	2.173947       	2.2286003      	2.305746       	2.315623       	2.3599372      	2.1619728      	2.3002484      	2.2714164      	2.2934017      	2.2380974      	2.3097048      	2.2378607      	2.1911488      	2.376003       	2.2890482      	2.274237       	2.2365358      	2.211272       	2.287084       	2.1748183      	2.1554623      	2.2682827      	2.3237884      	2.2445126      	2.1483884      	2.2909632      	2.2746868      	2.230532       	2.2534766      	2.302511       	2.3283024      	2.2804227      	2.2989216      	2.2794752      	2.3081715      	2.2395015      	2.2975419      	2.2334065      	2.241093       	2.2747748      	2.313283       	2.2246683      	2.2906353      	2.2996535      	2.1863027      	2.2605836      	2.3280902      	2.3181248      	2.287561       	2.235867       	2.293502       	2.3150916      	2.2972276      	2.1726904      	2.2627125      	2.2331092      	2.2619164      	2.2789826      	
2.1936524      	2.3144457      	2.2263503      	2.1918197      	2.2844164      	2.269764       	2.2344701      	2.3029397      	2.3028688      	2.32578        	2.3273044      	2.1693077      	2.2620313      	2.2058365      	2.284854       	2.3020115      	2.2670944      	2.272849       	2.303224       	2.268355       	2.2693582      	2.2586622      	2.275087       	2.2885342      	2.3109262      	2.2724786      	2.3240159      	2.2738678      	2.297111       	2.2594643      	2.2494726      	2.2501085      	2.2819743      	2.219668       	2.4130354      	2.3177667      	2.2692492      	2.2998683      	2.3587055      	2.3407798      	2.3654063      	2.3324854      	2.2251363      	2.3051999      	2.20417        	2.2523289      	2.2114987      	2.1716013      	2.355565       	2.2718         	2.227279       	2.253423       	2.447823       	2.3364809      	2.337835       	2.3914135      	2.3077908      	2.3016057      	2.2549977      	2.4018526      	2.3285244      	2.283049       	2.3778331      	2.220861       	2.1700683      	2.180687       	2.3484073      	2.3023121      	2.2598052      	2.3024855      	2.3154647      	2.315773       	2.2793398      	2.2478197      	2.2227612      	2.240967       	2.301329       	2.3236747      	2.3003817      	2.2311873      	2.2704163      	2.2888246      	2.2851062      	2.2670379      	2.3051796      	2.308266       	2.317253       	2.246667       	2.2862668      	2.2893093      	2.2983627      	2.3126385      	2.2983165      	2.2948813      	2.2689016      	2.2291944      	2.2710376      	2.3549223      	2.3404992      	2.291703       	
2.259811       	2.3353558      	2.3790264      	2.2207367      	2.2595255      	2.3145087      	2.2899764      	2.2489443      	2.3025796      	2.2921853      	2.2533886      	2.2730489      	2.3027267      	2.277603       	2.3133733      	2.2435708      	2.3299139      	2.2643993      	2.291061       	2.2751813      	2.2550037      	2.296563       	2.2853055      	2.301503       	2.318335       	2.2745361      	2.2237146      	2.2871706      	2.2591116      	2.2462645      	2.3653064      	2.258351       	2.31442        	2.256496       	2.3648367      	2.2152858      	2.356319       	2.3771677      	2.404542       	2.22943        	2.2941573      	2.3285298      	2.2652316      	2.2999294      	2.2748747      	2.3117497      	2.303663       	2.2546804      	2.136712       	2.3576906      	2.2961652      	2.2336907      	2.2968087      	2.4440284      	2.1174388      	2.3894143      	2.200952       	2.2563965      	2.3328853      	2.225292       	2.188015       	2.2801137      	2.2154906      	2.1908698      	2.1890962      	2.1493073      	2.3639817      	2.2523842      	2.2978606      	2.3222687      	2.2544446      	2.3204703      	2.2330434      	2.2815094      	2.3025851      	2.3195734      	2.23201        	2.2453287      	2.2897284      	2.2707644      	2.2898698      	2.327098       	2.283175       	2.2894688      	2.2106938      	2.3307889      	2.294283       	2.292905       	2.2585697      	2.2557297      	2.3200836      	2.3312373      	2.3596323      	2.247145       	2.297626       	2.280152       	2.3009958      	2.2439556      	2.2438335      	2.2516515      	
2.2226794      	2.2757394      	2.3058994      	2.228643       	2.3091412      	2.2405767      	2.320967       	2.2645082      	2.3459775      	2.315527       	2.2493033      	2.2541373      	2.2456293      	2.3392835      	2.2883465      	2.2679126      	2.3277223      	2.3085217      	2.2861862      	2.259466       	2.2948077      	2.3164558      	2.3525937      	2.2613058      	2.2704473      	2.3364525      	2.2587426      	2.2170506      	2.2787344      	2.1516528      	2.3233452      	2.2681465      	2.2843947      	2.2722983      	2.3360455      	2.2004328      	2.408421       	2.3150582      	2.2718313      	2.2763047      	2.2605655      	2.2100587      	2.4023979      	2.305833       	2.238149       	2.2336643      	2.2925482      	2.1743004      	2.378091       	2.2473915      	2.1946895      	2.2569046      	2.2138295      	2.2291088      	2.2794363      	2.1855102      	2.270654       	2.168376       	2.3593035      	2.3733401      	2.2840753      	2.2432187      	2.3113387      	2.2545092      	2.2169         	2.3080163      	2.2638595      	2.2381914      	2.225008       	2.3279848      	2.2622724      	2.2727392      	2.3316698      	2.2700317      	2.227704       	2.2285054      	2.2126956      	2.2646062      	2.3594818      	2.300634       	2.2459695      	2.2702236      	2.260798       	2.2792535      	2.2867963      	2.2745194      	2.248932       	2.2311933      	2.2844186      	2.2576327      	2.3167021      	2.253652       	2.3489795      	2.2979283      	2.26888        	2.2493668      	2.3031385      	2.3199983      	2.2833347      	2.2888503      	
2.28261        	2.2153475      	2.2682774      	2.1942215      	2.3317642      	2.298027       	2.2406373      	2.2637408      	2.3044496      	2.2648568      	2.373096       	2.2798028      	2.265882       	2.3171644      	2.2958636      	2.2940233      	2.235456       	2.2379055      	2.2702396      	2.2341588      	2.2508988      	2.3198247      	2.2953653      	2.245061       	2.2873745      	2.3362322      	2.2680335      	2.251419       	2.357025       	2.3135939      	2.1998315      	2.3551946      	2.483439       	2.2688437      	2.3752394      	2.1687515      	2.1925445      	2.2127657      	2.381002       	2.2889538      	2.21627        	2.2951713      	2.222919       	2.2658205      	2.4808984      	2.2709944      	2.2961223      	2.257437       	2.366424       	2.288291       	2.2614238      	2.324946       	2.1618936      	2.286655       	2.2951899      	2.2398117      	2.214627       	2.2828708      	2.335172       	2.1902738      	2.2988815      	2.2034914      	2.2955425      	2.2738705      	2.229303       	2.280011       	2.2897024      	2.2934766      	2.2821221      	2.28122        	2.2555625      	2.3029282      	2.2661393      	2.2947552      	2.2326632      	2.242367       	2.3608494      	2.3036635      	2.3192408      	2.2660882      	2.2099118      	2.2372904      	2.3840623      	2.227397       	2.3301296      	2.2952535      	2.2595694      	2.302749       	2.3127348      	2.2594533      	2.1859372      	2.262532       	2.2699132      	2.2358575      	2.273195       	2.2630496      	2.2892327      	2.331624       	2.3268526      	2.275073       	
2.3585787      	2.16074        	2.3049905      	2.369827       	2.19648        	2.3051996      	2.2621255      	2.170993       	2.2567537      	2.2148283      	2.2724168      	2.2456198      	2.2962644      	2.218686       	2.2760768      	2.297768       	2.2280595      	2.3103988      	2.3365946      	2.2222886      	2.2167733      	2.2871203      	2.3212564      	2.2763         	2.3115764      	2.2439315      	2.2969112      	2.2363994      	2.3274317      	2.3081055      	2.2554255      	2.162228       	2.2711165      	2.1952107      	2.310422       	2.3880062      	2.424928       	2.2649467      	2.3458445      	2.2453785      	2.3048027      	2.305724       	2.2698662      	2.300283       	2.3034544      	2.2864518      	2.240467       	2.4147527      	2.2875915      	2.27427        	2.3077595      	2.1981626      	2.2237794      	2.317021       	2.3199334      	2.2093716      	2.2708557      	2.2485652      	2.4166381      	2.3738136      	2.2419305      	2.24952        	2.287858       	2.249804       	2.198151       	2.324503       	2.292966       	2.3328495      	2.283184       	2.2102232      	2.2961197      	2.3176167      	2.25707        	2.256832       	2.2576535      	2.2674909      	2.3071587      	2.2420197      	2.2948897      	2.2970417      	2.2902846      	2.320015       	2.275737       	2.348585       	2.3496044      	2.233543       	2.27811        	2.318976       	2.260304       	2.2693624      	2.2643983      	2.191865       	2.3263228      	2.2718012      	2.3226557      	2.346827       	2.2902756      	2.33406        	2.2810192      	2.2339692      	
2.1790233      	2.3488314      	2.3026938      	2.1993225      	2.2012787      	2.2983665      	2.2896166      	2.2974613      	2.2518864      	2.306984       	2.2831895      	2.2251055      	2.288623       	2.2455792      	2.2851691      	2.3114886      	2.2176454      	2.2777307      	2.2738607      	2.2313712      	2.2264743      	2.271106       	2.2995653      	2.2677908      	2.1970222      	2.3292804      	2.2875242      	2.301442       	2.2862954      	2.3101983      	2.1926057      	2.373939       	2.2889175      	2.2672434      	2.3936186      	2.3076513      	2.1908653      	2.201616       	2.2746868      	2.232379       	2.2482824      	2.3194137      	2.2753983      	2.1899545      	2.321569       	2.263905       	2.2702699      	2.336791       	2.2628522      	2.2875457      	2.2550936      	2.2070534      	2.3233001      	2.2911758      	2.2900743      	2.3478034      	2.1888332      	2.2650504      	2.2280602      	2.3095407      	2.2602735      	2.3058968      	2.3537018      	2.3306065      	2.218144       	2.340672       	2.2326472      	2.321319       	2.298093       	2.2707238      	2.2726216      	2.2447543      	2.308246       	2.2982097      	2.2560525      	2.290091       	2.2895997      	2.296031       	2.3375506      	2.2575037      	2.3179035      	2.3444767      	2.3106594      	2.3324282      	2.362742       	2.255924       	2.265086       	2.3095064      	2.2852178      	2.3234527      	2.3107424      	2.3070066      	2.2278066      	2.303115       	2.3498425      	2.347323       	2.3158917      	2.2315888      	2.1986248      	2.2001755      	
2.3843822      	2.2147603      	2.2984443      	2.2406585      	2.354853       	2.3509974      	2.218616       	2.2180948      	2.3008397      	2.2236567      	2.2924643      	2.3058774      	2.2773194      	2.3075068      	2.2944183      	2.3240044      	2.2886229      	2.299826       	2.2463157      	2.2533736      	2.3473234      	2.259526       	2.3138418      	2.28087        	2.2930975      	2.2663374      	2.2715592      	2.2782636      	2.2635918      	2.2624812      	2.2895663      	2.2318947      	2.3050535      	2.1988223      	2.3194845      	2.2117252      	2.3721347      	2.2608147      	2.211184       	2.3493772      	2.228969       	2.3299367      	2.250709       	2.316677       	2.3829186      	2.2605464      	2.2815247      	2.2338514      	2.208426       	2.2720258      	2.290613       	2.2453692      	2.2915883      	2.2736313      	2.3215327      	2.2927244      	2.2682908      	2.3287787      	2.31832        	2.3012707      	2.2555404      	2.300755       	2.3528595      	2.3383183      	2.2667737      	2.240379       	2.3055336      	2.2381985      	2.3073254      	2.268365       	2.338245       	2.2611494      	2.2661545      	2.301034       	2.3556616      	2.1789784      	2.3250027      	2.2743878      	2.259952       	2.3087378      	2.3393304      	2.3413224      	2.264291       	2.3347142      	2.235391       	2.2791834      	2.31658        	2.3365169      	2.2271492      	2.240457       	2.2966633      	2.2173955      	2.3460753      	2.3233402      	2.3490314      	2.29841        	2.2424715      	2.2664003      	2.1589413      	2.2002203      	
2.2696998      	2.4040067      	2.3464446      	2.2603385      	2.170785       	2.298223       	2.2775714      	2.2506442      	2.2100093      	2.3384647      	2.253817       	2.2275088      	2.3463473      	2.303678       	2.324566       	2.218062       	2.2741785      	2.318333       	2.2652123      	2.289346       	2.2560859      	2.2870903      	2.2585735      	2.246028       	2.276273       	2.313688       	2.2548883      	2.2256937      	2.3712392      	2.2795153      	2.376947       	2.2686923      	2.3009589      	2.227734       	2.2736034      	2.3063445      	2.310821       	2.270386       	2.2500653      	2.2919276      	2.2761996      	2.2707086      	2.2382789      	2.2634945      	2.2768583      	2.266551       	2.298049       	2.292759       	2.270606       	2.270792       	2.213523       	2.2574246      	2.2054653      	2.2680342      	2.3036094      	2.2270083      	2.2421627      	2.3520973      	2.2596805      	2.3038397      	2.3693168      	2.2422647      	2.270734       	2.2769132      	2.3321605      	2.2459702      	2.2296433      	2.2741044      	2.337513       	2.2815566      	2.305823       	2.3139286      	2.2759323      	2.2895045      	2.2558975      	2.2001302      	2.292863       	2.3350828      	2.2583227      	2.2709422      	2.2524436      	2.2446847      	2.2329593      	2.2733855      	2.1545672      	2.2422454      	2.279078       	2.3060064      	2.3220897      	2.391607       	2.27824        	2.3050263      	2.2981708      	2.2465932      	2.319536       	2.295735       	2.3149877      	2.3181374      	2.305315       	2.2949631      	
2.2994611      	2.3833253      	2.470567       	2.342345       	2.3196425      	2.314325       	2.2562802      	2.3659842      	2.3870273      	2.3489509      	2.31085        	2.3086302      	2.2483718      	2.370773       	2.2902107      	2.2053595      	2.263912       	2.307568       	2.267983       	2.3009121      	2.3200026      	2.2811668      	2.2476068      	2.2688239      	2.2582116      	2.3357272      	2.26273        	2.3039808      	2.2680233      	2.2697618      	2.2302995      	2.2293048      	2.2390614      	2.254897       	2.2515783      	2.339337       	2.2430656      	2.2286582      	2.2662594      	2.2601805      	2.2395387      	2.2408674      	2.257587       	2.218479       	2.2255187      	2.282322       	2.2596052      	2.3145084      	2.310328       	2.2321043      	2.2983544      	2.2725985      	2.325821       	2.2572558      	2.254109       	2.2590852      	2.2632055      	2.2332013      	2.3308208      	2.3370252      	2.2937376      	2.3936114      	2.2808762      	2.3464406      	2.2506213      	2.2723675      	2.2184439      	2.2884607      	2.2865782      	2.2647662      	2.2048378      	2.2628484      	2.2871666      	2.316918       	2.352725       	2.299318       	2.2279696      	2.2723176      	2.3197749      	2.2688415      	2.246214       	2.2432508      	2.1995583      	2.3201764      	2.3078465      	2.2771537      	2.2934034      	2.2682588      	2.2654963      	2.200422       	2.2312102      	2.2447338      	2.3244145      	2.2776194      	2.2847817      	2.3072627      	2.3076363      	2.2886732      	2.2712479      	2.3208344      	
2.3235126      	2.3552449      	2.2523055      	2.2352302      	2.274812       	2.1292672      	2.2117107      	2.2739043      	2.2270412      	2.3259954      	2.3098009      	2.2943552      	2.2686222      	2.2530756      	2.2862234      	2.2961018      	2.2882128      	2.2977676      	2.2674832      	2.2272236      	2.3003922      	2.3149018      	2.2624874      	2.2891572      	2.2590985      	2.2298217      	2.252194       	2.248482       	2.2609482      	2.226638       	2.2304828      	2.301771       	2.2683084      	2.2757447      	2.3302515      	2.2097535      	2.302205       	2.3038473      	2.2866716      	2.2548995      	2.2741542      	2.3002095      	2.2765594      	2.2499142      	2.3346374      	2.3158355      	2.2606115      	2.2539902      	2.2407408      	2.281796       	2.2643614      	2.2530193      	2.2440593      	2.3201752      	2.2725906      	2.2693014      	2.281921       	2.289619       	2.315277       	2.279409       	2.2470412      	2.3170955      	2.2396598      	2.2244203      	2.2812097      	2.350387       	2.3248518      	2.2487597      	2.2951093      	2.306212       	2.3165927      	2.280113       	2.277232       	2.2882946      	2.2695765      	2.253286       	2.2824583      	2.2356572      	2.301583       	2.2517502      	2.2518883      	2.2392225      	2.2605107      	2.2833204      	2.2761166      	2.33616        	2.333147       	2.2872236      	2.2930663      	2.2683623      	2.2885156      	2.3294022      	2.311214       	2.271472       	2.2625246      	2.2315774      	2.2594206      	2.216257       	2.2833633      	2.252043       	
2.3694232      	2.263907       	2.2350018      	2.2390642      	2.346901       	2.4019125      	2.288399       	2.2639477      	2.3013866      	2.3095906      	2.2347507      	2.2447987      	2.2520611      	2.1935802      	2.2764912      	2.273838       	2.2829378      	2.2397923      	2.2895317      	2.2322066      	2.2427533      	2.2111158      	2.3139763      	2.2740445      	2.307923       	2.3307421      	2.3149056      	2.2757583      	2.2572799      	2.368429       	2.2272217      	2.2731025      	2.2217283      	2.2993002      	2.2966554      	2.1991918      	2.2685063      	2.2553508      	2.2501783      	2.2947125      	2.29678        	2.2719042      	2.25435        	2.2629128      	2.297698       	2.2760656      	2.3094907      	2.2695327      	2.337975       	2.2924924      	2.243895       	2.2358932      	2.3058171      	2.3430815      	2.310028       	2.2859578      	2.2608395      	2.2304306      	2.2636635      	2.2228277      	2.2143307      	2.2591581      	2.2551339      	2.3082533      	2.308228       	2.2569234      	2.2655206      	2.245551       	2.294483       	2.3067253      	2.2684166      	2.2966728      	2.2849016      	2.1962326      	2.292417       	2.2421567      	2.318039       	2.261643       	2.344132       	2.29284        	2.2948632      	2.3357377      	2.31959        	2.231503       	2.2279294      	2.2605972      	2.2270036      	2.2422         	2.3105998      	2.2868376      	2.3013456      	2.3498397      	2.2452605      	2.2522616      	2.3036435      	2.322528       	2.2702918      	2.317316       	2.3553874      	2.3196         	
2.3523831      	2.2347014      	2.230901       	2.1875782      	2.2132642      	2.2994528      	2.286847       	2.3124807      	2.2790143      	2.2927523      	2.2800725      	2.2931976      	2.3202598      	2.2673016      	2.271674       	2.267877       	2.2764492      	2.2311962      	2.2387476      	2.2245708      	2.3128507      	2.2946618      	2.2579885      	2.2620304      	2.3240662      	2.2378361      	2.2243612      	2.276152       	2.2508821      	2.2538965      	2.3080447      	2.2538886      	2.2137403      	2.2938309      	2.2943997      	2.242056       	2.2793484      	2.2827554      	2.2498164      	2.32835        	2.3012495      	2.2780037      	2.2838047      	2.291773       	2.2903273      	2.3024106      	2.3238487      	2.2783608      	2.2547538      	2.3290465      	2.3235385      	2.3326023      	2.2653956      	2.2237844      	2.245339       	2.280665       	2.182726       	2.267057       	2.252285       	2.3208232      	2.3695893      	2.312452       	2.2481585      	2.28503        	2.296048       	2.2507114      	2.2109394      	2.3425226      	2.1868         	2.3364027      	2.3328114      	2.233527       	2.3084543      	2.3011503      	2.2576952      	2.2994733      	2.2380464      	2.2480078      	2.284329       	2.2475467      	2.2725105      	2.2584174      	2.3415892      	2.3295767      	2.326169       	2.2756886      	2.2322788      	2.3218455      	2.3423445      	2.2766507      	2.3567386      	2.3183174      	2.297326       	2.3306656      	2.2915995      	2.324057       	2.270004       	2.2823951      	2.3291783      	2.3278494      	
2.2692823      	2.2761889      	2.3069472      	2.2751794      	2.2359364      	2.2513926      	2.2838354      	2.2604547      	2.312346       	2.2845764      	2.2987633      	2.2896755      	2.3827302      	2.319876       	2.321135       	2.254939       	2.184749       	2.2932131      	2.254694       	2.2556698      	2.2699075      	2.2581768      	2.3108492      	2.3588607      	2.293423       	2.29767        	2.2955832      	2.3342183      	2.2381752      	2.307287       	2.2646847      	2.2309697      	2.2694142      	2.2638545      	2.2232256      	2.3028286      	2.2550888      	2.2590911      	2.3335357      	2.303541       	2.2996364      	2.2897522      	2.267332       	2.2298703      	2.2440608      	2.3063066      	2.2601311      	2.262189       	2.2793133      	2.2815945      	2.2645862      	2.2624133      	2.3015962      	2.2720861      	2.2878141      	2.268643       	2.2820947      	2.2523851      	2.2870922      	2.2797892      	2.2872236      	2.369388       	2.267768       	2.307429       	2.318741       	2.322035       	2.2623277      	2.275973       	2.2238514      	2.2745953      	2.2786055      	2.2773023      	2.3011465      	2.27275        	2.304551       	2.2606144      	2.3151128      	2.2598908      	2.3669064      	2.3011327      	2.2780542      	2.2576516      	2.2888494      	2.2658634      	2.2305417      	2.2384553      	2.2859325      	2.3216448      	2.2867749      	2.2511356      	2.2240224      	2.2952754      	2.2491636      	2.268812       	2.3066351      	2.3119967      	2.2769642      	2.3171716      	2.287129       	2.2925115      	
2.3242817      	2.2400987      	2.2161484      	2.2712579      	2.3218455      	2.2841141      	2.2381225      	2.260127       	2.2951312      	2.2707043      	2.3085613      	2.246972       	2.2906866      	2.3127737      	2.2840886      	2.3163815      	2.271026       	2.2154226      	2.3041859      	2.2435505      	2.233233       	2.3420496      	2.2905505      	2.2556338      	2.2975252      	2.2376823      	2.3453927      	2.268207       	2.2670825      	2.2397068      	2.354373       	2.3097477      	2.2890086      	2.2607741      	2.2006307      	2.3385406      	2.2709103      	2.3225663      	2.2927454      	2.3159804      	2.280799       	2.2732334      	2.251451       	2.2761683      	2.2997904      	2.187378       	2.2588995      	2.33545        	2.2593355      	2.2397008      	2.2851236      	2.2926056      	2.257598       	2.2414632      	2.2426987      	2.365587       	2.2392447      	2.251884       	2.3247154      	2.369463       	2.3307588      	2.2622151      	2.3059342      	2.2400155      	2.290484       	2.293152       	2.2552593      	2.2485816      	2.2305326      	2.3177075      	2.3276744      	2.302746       	2.2655096      	2.2818973      	2.2807052      	2.2834752      	2.3575044      	2.2960534      	2.3171887      	2.3106494      	2.2391934      	2.330769       	2.3451302      	2.307396       	2.3033419      	2.301056       	2.3162656      	2.240639       	2.2893817      	2.2245157      	2.377258       	2.2905014      	2.338682       	2.31717        	2.2674434      	2.2243218      	2.3188133      	2.307199       	2.3128798      	2.2914762      	
2.2334743      	2.23482        	2.2279534      	2.3432307      	2.2450376      	2.330409       	2.2696574      	2.252189       	2.3003273      	2.3157525      	2.2524052      	2.3184397      	2.248017       	2.2925382      	2.2548065      	2.3122432      	2.2130756      	2.225655       	2.3201911      	2.2889018      	2.293544       	2.3197865      	2.316742       	2.298994       	2.311204       	2.28085        	2.313331       	2.307829       	2.326635       	2.306393       	2.240273       	2.3207972      	2.3215008      	2.2721026      	2.2787068      	2.2601292      	2.2383714      	2.2418773      	2.3110492      	2.3078804      	2.2466033      	2.268818       	2.3019218      	2.227188       	2.2822928      	2.2668798      	2.2609224      	2.2807794      	2.2716568      	2.3083942      	2.224531       	2.306997       	2.347332       	2.2691798      	2.245735       	2.237898       	2.236494       	2.2057009      	2.2465644      	2.3303013      	2.2960498      	2.2661314      	2.3183         	2.2786753      	2.2579212      	2.2666771      	2.2115989      	2.2434878      	2.2897959      	2.303391       	2.2107809      	2.1424758      	2.3622985      	2.2664578      	2.3112214      	2.2638443      	2.259823       	2.2840822      	2.3117113      	2.2633505      	2.2979565      	2.3163414      	2.2705903      	2.2290313      	2.3085887      	2.2622318      	2.257734       	2.1717722      	2.244597       	2.270702       	2.3197827      	2.35189        	2.3304827      	2.2994032      	2.2612014      	2.2525043      	2.2439575      	2.2576103      	2.2931376      	2.2813745      	
2.3932323      	2.3282957      	2.2839692      	2.2655795      	2.2023764      	2.2695937      	2.3289666      	2.2694952      	2.240943       	2.281319       	2.2625866      	2.34109        	2.290216       	2.3096802      	2.247678       	2.2825367      	2.2724106      	2.2677035      	2.2144902      	2.2196078      	2.2234457      	2.250787       	2.318371       	2.297369       	2.245375       	2.2907956      	2.2726648      	2.2822578      	2.2258053      	2.242631       	2.2328267      	2.3029528      	2.2706294      	2.2583933      	2.2569199      	2.251593       	2.2080264      	2.2473803      	2.3406732      	2.2233098      	2.2870455      	2.265509       	2.3090992      	2.2603242      	2.3098936      	2.2779431      	2.2359974      	2.2443705      	2.261389       	2.3361545      	2.3277159      	2.289076       	2.2796855      	2.2491522      	2.3087134      	2.2303188      	2.365334       	2.2470195      	2.2601993      	2.2737038      	2.2071025      	2.255288       	2.2968333      	2.3410208      	2.2824667      	2.2582297      	2.3187726      	2.2380207      	2.203017       	2.2701793      	2.30555        	2.3070817      	2.2202997      	2.274055       	2.170271       	2.22943        	2.2633107      	2.2859485      	2.2530832      	2.242341       	2.2661073      	2.30456        	2.2471874      	2.2646644      	2.245472       	2.2640266      	2.2820415      	2.3263853      	2.2303264      	2.2817974      	2.270408       	2.3378186      	2.2677855      	2.2617831      	2.2985275      	2.2662258      	2.2525086      	2.247437       	2.2696147      	2.3214328      	
2.3678536      	2.3186173      	2.2716146      	2.2930913      	2.2649405      	2.2834144      	2.2733083      	2.2885296      	2.318623       	2.3128815      	2.2930145      	2.2435327      	2.2197635      	2.2226946      	2.316738       	2.3003304      	2.2650661      	2.310634       	2.2937555      	2.2050865      	2.339953       	2.2786372      	2.260259       	2.2262158      	2.317331       	2.2104867      	2.2620916      	2.2600825      	2.291127       	2.2520196      	2.3643072      	2.2426014      	2.312259       	2.291375       	2.2382016      	2.280983       	2.3098         	2.266225       	2.2746174      	2.2685251      	2.2850618      	2.2262735      	2.3112283      	2.3609507      	2.2646012      	2.3042927      	2.3177054      	2.292972       	2.25835        	2.328928       	2.3515475      	2.3127782      	2.3419323      	2.2589748      	2.2573771      	2.2703447      	2.295486       	2.3073149      	2.1863997      	2.3075519      	2.279943       	2.2179084      	2.1643138      	2.2806902      	2.2260523      	2.2337039      	2.3968961      	2.3063958      	2.3477423      	2.3048081      	2.3348465      	2.2673554      	2.2994866      	2.36891        	2.3442836      	2.32127        	2.2635179      	2.2804868      	2.2977855      	2.2757618      	2.2907674      	2.2521214      	2.244976       	2.3168266      	2.341682       	2.262115       	2.2958753      	2.2411056      	2.2749488      	2.2555482      	2.2273457      	2.2957606      	2.3253484      	2.2362497      	2.2576342      	2.2514749      	2.261994       	2.2259574      	2.2711177      	2.2770107      	
2.3087912      	2.2993503      	2.290784       	2.318219       	2.2811217      	2.219294       	2.3080564      	2.3506236      	2.2748222      	2.2709532      	2.2497349      	2.2420783      	2.169589       	2.2856507      	2.2849607      	2.2878926      	2.234195       	2.3200364      	2.2507358      	2.2788265      	2.342063       	2.301043       	2.3288271      	2.3015769      	2.2787302      	2.3342643      	2.2363532      	2.283973       	2.2297513      	2.3199296      	2.2740402      	2.2374423      	2.2893128      	2.191946       	2.2870283      	2.2617152      	2.2613146      	2.2284641      	2.3138888      	2.2846808      	2.3210568      	2.2809556      	2.341323       	2.2939088      	2.2189593      	2.2701252      	2.302024       	2.257476       	2.2501075      	2.211965       	2.2662897      	2.3308907      	2.3562443      	2.259446       	2.2012346      	2.2304773      	2.1617742      	2.2036145      	2.1295247      	2.230848       	2.250928       	2.417302       	2.3861947      	2.2070036      	2.3892808      	2.327846       	2.2279756      	2.3933413      	2.1730158      	2.205942       	2.2775316      	2.227412       	2.1551905      	2.2194042      	2.307474       	2.3502374      	2.2351894      	2.2930226      	2.3241386      	2.3229008      	2.3220444      	2.3052897      	2.3116894      	2.1982415      	2.2820683      	2.270891       	2.3423927      	2.2670074      	2.256164       	2.2263007      	2.3095253      	2.2571526      	2.3091373      	2.2908168      	2.2784576      	2.2879965      	2.2405274      	2.2625887      	2.2488868      	2.3410907      	
2.2675493      	2.3626049      	2.2335706      	2.297843       	2.273341       	2.272861       	2.3478916      	2.2783895      	2.1874754      	2.329976       	2.3332984      	2.300445       	2.2436812      	2.3145027      	2.3002448      	2.318121       	2.258782       	2.2371693      	2.2938244      	2.3100238      	2.305223       	2.3407717      	2.2986019      	2.3110833      	2.3048346      	2.2792876      	2.3318334      	2.2738695      	2.2787633      	2.2793975      	2.2834878      	2.27003        	2.249343       	2.2459552      	2.353587       	2.2778685      	2.271277       	2.2517774      	2.2551465      	2.2319286      	2.2582884      	2.3421168      	2.3531065      	2.303586       	2.2658067      	2.1754477      	2.2642431      	2.301834       	2.1928537      	2.1809034      	2.2949457      	2.2678847      	2.3453717      	2.3950202      	2.4053245      	2.2467847      	2.213867       	2.3133907      	2.3034859      	2.2049603      	2.417174       	2.3629532      	2.214431       	2.2549498      	2.2366807      	2.3203976      	2.2541583      	2.2178662      	2.2800775      	2.2639735      	2.2447343      	2.1911383      	2.3118663      	2.3543696      	2.3053796      	2.2697103      	2.3513715      	2.2657652      	2.28119        	2.2941442      	2.2930837      	2.2034822      	2.291885       	2.2162027      	2.1699946      	2.2184987      	2.2944233      	2.2428412      	2.31843        	2.3399062      	2.2142205      	2.3073976      	2.267002       	2.3213868      	2.2623782      	2.2651267      	2.2697732      	2.2859707      	2.2755935      	2.2576609      	
2.230679       	2.239787       	2.223415       	2.2838578      	2.345621       	2.3473067      	2.2856789      	2.284399       	2.275725       	2.2277327      	2.2444322      	2.2911625      	2.2408283      	2.2761464      	2.225968       	2.3144877      	2.2832808      	2.3536742      	2.2848094      	2.3010058      	2.3088975      	2.2622564      	2.3326123      	2.2199557      	2.2561874      	2.2586837      	2.2452967      	2.368393       	2.2900982      	2.2545133      	2.3172963      	2.3295155      	2.3224666      	2.270789       	2.3124442      	2.2548003      	2.2865958      	2.2722569      	2.264437       	2.2234786      	2.2474964      	2.3767166      	2.45605        	2.344825       	2.3159597      	2.2777922      	2.3252616      	2.1593285      	2.2763982      	2.3182378      	2.2208889      	2.1842146      	2.307851       	2.3642745      	2.3085914      	2.3834114      	2.0968714      	2.3252249      	2.1388526      	2.233037       	2.3313742      	2.3398192      	2.2022722      	2.1850255      	2.2033267      	2.2443562      	2.3997614      	2.1496649      	2.270025       	2.3241148      	2.1654043      	2.1233711      	2.2447824      	2.2980876      	2.3306546      	2.3321266      	2.214315       	2.3634915      	2.2929792      	2.2789397      	2.332605       	2.2794564      	2.2296338      	2.2532086      	2.2650719      	2.2929447      	2.221236       	2.2984066      	2.2686868      	2.3524115      	2.2857807      	2.2781706      	2.232263       	2.2182312      	2.2876806      	2.2874322      	2.2701693      	2.3340766      	2.370881       	2.3567371      	
2.260341       	2.2839336      	2.3087316      	2.2537322      	2.297623       	2.3332512      	2.2594562      	2.2739801      	2.3162274      	2.3293185      	2.327926       	2.2994192      	2.3634872      	2.3323061      	2.2831795      	2.3086958      	2.2762778      	2.3051727      	2.3058581      	2.2674122      	2.3102179      	2.2855449      	2.2914743      	2.2812216      	2.283638       	2.2533727      	2.349366       	2.3273177      	2.239779       	2.2543688      	2.3129697      	2.2779834      	2.2647948      	2.2860177      	2.268466       	2.3231473      	2.2660193      	2.2714434      	2.3505101      	2.2727218      	2.0246787      	2.2082493      	2.2380776      	2.4630694      	2.2894769      	2.3141944      	2.213778       	2.3437572      	2.315843       	2.2452745      	2.2254865      	2.2476726      	2.1486692      	2.220243       	2.2512243      	2.2223213      	2.3163857      	2.1785483      	2.3674188      	2.2505345      	2.2678595      	2.3192677      	2.16597        	2.195683       	2.2048428      	2.3567216      	2.4562778      	2.2465763      	2.3045301      	2.2526188      	2.3481784      	2.2630656      	2.1969643      	2.4043908      	2.2726138      	2.304029       	2.289468       	2.2951148      	2.217988       	2.2233431      	2.2635574      	2.3192987      	2.3152418      	2.3078315      	2.3164797      	2.3029277      	2.3132842      	2.1950161      	2.3422036      	2.2431667      	2.3810675      	2.2631772      	2.2951574      	2.3148317      	2.2259867      	2.294642       	2.28042        	2.3214393      	2.3370433      	2.3490543      	
2.2866387      	2.2771606      	2.277547       	2.2795892      	2.360132       	2.2320714      	2.2842364      	2.260362       	2.324057       	2.268812       	2.309661       	2.3205419      	2.2893305      	2.3408802      	2.3253653      	2.283165       	2.2464905      	2.2762241      	2.2759967      	2.195626       	2.3381813      	2.295569       	2.2709875      	2.2473052      	2.3314893      	2.364516       	2.363243       	2.263752       	2.328342       	2.2522151      	2.2602496      	2.2594154      	2.2743552      	2.2451317      	2.2688413      	2.2809248      	2.139883       	2.0177107      	2.2991748      	2.175111       	2.133747       	2.4017215      	2.233404       	2.2216668      	2.3452804      	2.3682594      	1.9304897      	2.3493521      	2.2838235      	2.375193       	2.36756        	2.2445726      	2.2106755      	2.2851462      	2.259885       	2.2756948      	2.2397711      	2.3514464      	2.2915306      	2.3312633      	2.2890253      	2.3125594      	2.1845798      	2.2168555      	2.3577971      	2.424816       	2.2693925      	2.3080704      	2.291521       	2.3426929      	2.2037995      	2.277399       	2.3179705      	2.3817914      	2.2744713      	2.246727       	2.347809       	2.1855595      	2.3548775      	2.28474        	2.3250241      	2.2319522      	2.2670417      	2.3135433      	2.2419283      	2.2951717      	2.2628694      	2.250267       	2.2163622      	2.3269389      	2.2431052      	2.3023672      	2.3205698      	2.2621307      	2.2266777      	2.2972248      	2.283352       	2.396542       	2.3636224      	2.306542       	
2.2958522      	2.2413192      	2.2575808      	2.238261       	2.3155613      	2.3176734      	2.332951       	2.3092966      	2.3084428      	2.3248         	2.1984015      	2.1633277      	2.14507        	2.1808429      	2.276559       	2.2413545      	2.3251941      	2.2461505      	2.2780807      	2.225347       	2.228795       	2.1877396      	2.2277873      	2.2393293      	2.252233       	2.266121       	2.2061405      	2.256144       	2.3415751      	2.3140242      	2.2958965      	2.321479       	2.3014793      	2.2615454      	2.233077       	2.28898        	2.3765287      	2.4300518      	2.2396731      	2.2407503      	2.3391047      	2.409985       	2.3432882      	2.3175297      	2.0790088      	2.5806384      	2.2841437      	2.1753478      	2.3815393      	2.2149065      	2.3017058      	2.3774016      	2.3024766      	2.2171113      	2.2647433      	2.3234143      	2.152622       	2.2607052      	2.3782568      	2.2459893      	2.2486286      	2.399568       	2.2994494      	2.3356266      	2.242536       	2.2768085      	2.3017623      	2.1421933      	2.3342443      	2.156948       	2.229183       	2.2799659      	2.3065248      	2.302233       	2.3416355      	2.3959596      	2.2111475      	2.368052       	2.4481018      	2.2332625      	2.2585385      	2.2840774      	2.2733335      	2.2854664      	2.2655063      	2.2623794      	2.1988497      	2.232488       	2.3292694      	2.3148243      	2.2782497      	2.2542298      	2.284299       	2.290234       	2.244524       	2.1831698      	2.302475       	2.3276927      	2.3428025      	2.3273864      	
2.2730699      	2.3480248      	2.339809       	2.284192       	2.4446378      	2.2960901      	2.3501961      	2.294146       	2.320311       	2.3794236      	2.3991463      	2.2675626      	2.2997844      	2.2817628      	2.2765622      	2.188631       	2.3407207      	2.267201       	2.2882485      	2.2851622      	2.3270726      	2.2891536      	2.3366163      	2.2878292      	2.3145223      	2.268137       	2.2640808      	2.3701217      	2.2620575      	2.3489919      	2.3722003      	2.310754       	2.2639947      	2.3166142      	2.2433052      	2.1879587      	2.201222       	2.3427625      	2.389153       	2.1807008      	2.5258353      	2.3594189      	2.2561393      	2.2442         	2.2196195      	2.3233745      	2.3468938      	2.2799113      	2.3068333      	2.267016       	2.3119533      	2.2201407      	2.3940077      	2.3765469      	2.2936494      	2.1892834      	2.2318254      	2.346691       	2.257386       	2.0517702      	2.3498065      	2.3010635      	2.3407688      	2.2423155      	2.3242211      	2.2727215      	2.2274773      	2.347004       	2.2568955      	2.2038612      	2.262301       	2.222704       	2.2649345      	2.1183143      	2.3103328      	2.1747956      	2.2355738      	2.2092183      	2.3299408      	2.2268388      	2.2367468      	2.3677402      	2.2376728      	2.321017       	2.2231214      	2.288711       	2.2962976      	2.2740092      	2.2735996      	2.3488722      	2.3019435      	2.2617445      	2.2733767      	2.2892563      	2.2595806      	2.2920647      	2.2872162      	2.2556386      	2.2554598      	2.22144        	
2.2256238      	2.19836        	2.2317524      	2.2490606      	2.3135946      	2.2145953      	2.2471156      	2.2417955      	2.258829       	2.2945306      	2.2617943      	2.2410064      	2.2995353      	2.2228546      	2.3347287      	2.3457568      	2.3258705      	2.3499084      	2.231289       	2.248553       	2.2716827      	2.312691       	2.2944317      	2.2763076      	2.2683518      	2.3295577      	2.2607398      	2.2682562      	2.2739284      	2.3037047      	2.2620413      	2.2322884      	2.287704       	2.3006115      	2.349508       	2.314015       	2.1824586      	2.1880965      	2.2540755      	2.423469       	2.1295676      	2.2409317      	2.2531548      	2.2615473      	2.450102       	2.2568285      	2.195136       	2.1274877      	2.2818167      	2.1841955      	2.3722434      	2.3722062      	2.199566       	2.1761575      	2.1995225      	2.2866182      	2.2133696      	2.2977655      	2.3260403      	2.2522984      	2.3724635      	2.3789935      	2.1392488      	2.2392068      	2.310964       	2.301474       	2.3312972      	2.2725198      	2.3231697      	2.28926        	2.2696586      	2.371148       	2.2938998      	2.2495089      	2.271852       	2.1867826      	2.2588773      	2.2204044      	2.2701027      	2.2778032      	2.246787       	2.2383225      	2.3043022      	2.1983235      	2.2385805      	2.3051739      	2.3460708      	2.2189255      	2.259653       	2.3657804      	2.3211198      	2.2982194      	2.3127058      	2.2267482      	2.2478905      	2.302034       	2.306382       	2.2085156      	2.2045195      	2.2247062      	
2.2116446      	2.223247       	2.343266       	2.236042       	2.2136846      	2.1918457      	2.236692       	2.205247       	2.3432486      	2.219365       	2.3072858      	2.2757688      	2.2089963      	2.3414445      	2.1798396      	2.1744423      	2.3022478      	2.2532988      	2.3598256      	2.4071238      	2.3025777      	2.271932       	2.2759323      	2.2227051      	2.3298306      	2.282059       	2.2763946      	2.2536736      	2.213369       	2.3233702      	2.2416136      	2.346438       	2.3127475      	2.2725644      	2.275715       	2.333587       	2.2504542      	2.2412262      	2.2870173      	2.3542762      	2.3314214      	2.2841167      	2.3726113      	2.4239285      	2.1551392      	2.2983062      	2.284767       	2.3619237      	2.4564886      	2.241529       	2.2692566      	2.2381384      	2.472115       	2.312959       	2.3199618      	2.4148908      	2.2480068      	2.2416916      	2.3805103      	2.2593348      	2.375925       	2.250614       	2.3026571      	2.3056884      	2.3454156      	2.2063465      	2.2991045      	2.244015       	2.2132638      	2.1499865      	2.2041953      	2.1674309      	2.2786305      	2.1700747      	2.17911        	2.2226048      	2.3159409      	2.247489       	2.2182214      	2.3036695      	2.1539626      	2.2831101      	2.3453681      	2.3095305      	2.1890364      	2.33715        	2.3041108      	2.238937       	2.2895188      	2.189182       	2.269115       	2.2756078      	2.2620723      	2.277774       	2.2950573      	2.2618685      	2.2365372      	2.2356462      	2.2017412      	2.20467        	
2.3723922      	2.323231       	2.3989182      	2.1442728      	2.2060213      	2.252208       	2.285498       	2.1903684      	2.332487       	2.3245         	2.3749638      	2.1621816      	2.32181        	2.1912723      	2.3545601      	2.3141363      	2.3518584      	2.272596       	2.2971292      	2.3079562      	2.3187866      	2.3203049      	2.2195652      	2.2297397      	2.2852545      	2.27326        	2.2989023      	2.2793493      	2.2054052      	2.2538786      	2.2449274      	2.3226483      	2.2561598      	2.3133667      	2.3307068      	2.2772317      	2.2765043      	2.2672043      	2.2880905      	2.3172264      	2.3034492      	2.2691467      	2.4123094      	2.3155403      	2.3147807      	2.2909179      	2.3063061      	2.267098       	2.2932193      	2.2697012      	2.2394602      	2.310121       	2.2042077      	2.3236864      	2.3272045      	2.3382883      	2.279673       	2.3626766      	2.2905545      	2.3709168      	2.238149       	2.2381542      	2.252573       	2.2514768      	2.2035522      	2.3478556      	2.3087993      	2.2100506      	2.3162448      	2.2910643      	2.3086376      	2.3989959      	2.2843492      	2.4006078      	2.2237315      	2.2285895      	2.3590403      	2.3926542      	2.23743        	2.2841547      	2.1831324      	2.3087888      	2.272144       	2.337739       	2.3344054      	2.249478       	2.2565207      	2.2582374      	2.2637498      	2.3940387      	2.337598       	2.2618978      	2.2075033      	2.3081348      	2.2505095      	2.3015265      	2.2816744      	2.2587774      	2.2481527      	2.293936       	
2.1834655      	2.304401       	2.2679832      	2.3309298      	2.3820024      	2.3085008      	2.2905095      	2.3546813      	2.2475982      	2.1721852      	2.2523088      	2.2818913      	2.4115734      	2.4321718      	2.201455       	2.2528577      	2.2538912      	2.2252715      	2.3139234      	2.3166685      	2.2685673      	2.239507       	2.2927246      	2.2991657      	2.2856212      	2.2820475      	2.2693362      	2.2853146      	2.22422        	2.3279686      	2.233091       	2.2711995      	2.194189       	2.292653       	2.3508496      	2.2826781      	2.2796392      	2.299605       	2.268157       	2.3229237      	2.2776022      	2.2984462      	2.2340014      	2.2348166      	2.1744568      	2.2795832      	2.2814863      	2.243064       	2.3097572      	2.2464285      	2.3118222      	2.3197622      	2.3738587      	2.2145996      	2.3381515      	2.2693372      	2.2553148      	2.3857756      	2.1521668      	2.2525086      	2.3423707      	2.154572       	2.327806       	2.2350101      	2.2970562      	2.2351725      	2.277362       	2.3633459      	2.2610002      	2.3849888      	2.2436218      	2.2163892      	2.302463       	2.2310355      	2.3033316      	2.280863       	2.262178       	2.2217836      	2.2173347      	2.2925682      	2.2504532      	2.3097935      	2.2007225      	2.3024583      	2.2209136      	2.2821352      	2.3291616      	2.2824826      	2.3220768      	2.2297566      	2.2228248      	2.2417312      	2.297677       	2.287079       	2.3085823      	2.3065038      	2.312341       	2.3285906      	2.3121295      	2.2381153      	
2.2677152      	2.3559132      	2.2047784      	2.2153301      	2.209918       	2.3185902      	2.1800723      	2.1874585      	2.1894925      	2.3352294      	2.2635098      	2.2864976      	2.3662674      	2.406878       	2.4579406      	2.3422189      	2.1931717      	2.3010292      	2.2696989      	2.2554164      	2.2506957      	2.3060455      	2.2664223      	2.2826982      	2.2708058      	2.2949495      	2.2820668      	2.275505       	2.2678738      	2.2732008      	2.3190372      	2.352199       	2.2215502      	2.2507534      	2.280554       	2.2690172      	2.3243957      	2.2478027      	2.3254507      	2.2878323      	2.305584       	2.3204596      	2.3290014      	2.3818073      	2.2859764      	2.3544369      	2.4666452      	2.1948051      	2.3855968      	2.3331864      	2.3802464      	2.272787       	2.1952555      	2.1563616      	2.325524       	2.1375916      	2.3045607      	2.2726276      	2.196312       	2.2192924      	2.2535596      	2.3195243      	2.221453       	2.2133276      	2.2063508      	2.2490785      	2.2804666      	2.3425665      	2.2071567      	2.3631947      	2.2777348      	2.421064       	2.3460302      	2.261395       	2.1529052      	2.26575        	2.4444535      	2.252233       	2.3358145      	2.353028       	2.2965462      	2.2391312      	2.2658973      	2.2213218      	2.2930665      	2.2829175      	2.2670796      	2.29368        	2.264232       	2.290347       	2.2381613      	2.323033       	2.278004       	2.289466       	2.2919316      	2.2373524      	2.3323433      	2.2761245      	2.3015935      	2.2955852      	
2.2881284      	2.3903875      	2.2730505      	2.3613994      	2.3041072      	2.1568873      	2.204878       	2.284648       	2.3057606      	2.221403       	2.3552372      	2.313096       	2.2429588      	2.4708927      	2.35823        	2.147766       	2.3113136      	2.3379426      	2.3375096      	2.3369877      	2.3492002      	2.3197978      	2.3070354      	2.2670362      	2.190453       	2.32268        	2.2342348      	2.228218       	2.3005786      	2.2870169      	2.2634928      	2.2403638      	2.286241       	2.3367486      	2.2812498      	2.2221467      	2.2606943      	2.2282233      	2.2733505      	2.2925897      	2.3004081      	2.292466       	2.263945       	2.3003716      	2.179267       	2.264656       	2.2866752      	2.2940793      	2.2293785      	2.2904687      	2.2569273      	2.3076181      	2.3143559      	2.3201113      	2.2344134      	2.2838497      	2.382514       	2.3458593      	2.1917017      	2.2940643      	2.3236587      	2.325562       	2.2040226      	2.1592245      	2.426672       	2.271792       	2.3232512      	2.3088734      	2.2409623      	2.2494793      	2.272109       	2.3440406      	2.2530947      	2.286181       	2.3347998      	2.3993154      	2.2165055      	2.2530527      	2.2501445      	2.3123271      	2.4430082      	2.3382819      	2.3794892      	2.3537042      	2.3552492      	2.2892687      	2.2890804      	2.3178043      	2.3372903      	2.22929        	2.235499       	2.253157       	2.3029728      	2.289349       	2.242915       	2.2788649      	2.299696       	2.2840447      	2.2901697      	2.3131282      	
