# www.neaspec.com
# Scan:	 	AFM
# Project:	 	20251007_PS
# Description:	 	
# Date:	 	10/07/2025 10:43:47
# Scanner Center Position (X, Y):	[µm]	49.99	50.01	 
# Rotation:	[°]	0	 	 
# Scan Area (X, Y, Z):	[µm]	5.000	5.000	0.000
# Pixel Area (X, Y, Z):	[px]	100	50	1
# Averaging:	 	1	 	 
# Integration time:	[ms]	5	 	 
# Laser Source:	 	4.5-15 µm nano-FTIR laser
# Detector:	 	R
# Target Wavelength:	[µm]	7.502	 	 
# Demodulation Mode:	 	Fourier
# Tip Frequency:	[Hz]	241,340.500	 	 
# Tip Amplitude:	[mV]	45.700	 	 
# Tapping Amplitude:	[nm]	79.665	 	 
# Modulation Frequency:	[Hz]	0.000	 	 
# Modulation Amplitude:	[mV]	0.000	 	 
# Modulation Offset:	[mV]	0.000	 	 
# Setpoint:	[%]	79.75	 	 
# Regulator (P, I, D):	 	4.206850	8.625812	1.000000
# Tip Potential:	[mV]	0.000	 	 
# M1A Scaling:	[nm/V]	0.426	 	 
# M1A Cantilever Factor:	 	1,000	 	 
# Q-Factor:	 	487.4	 	 
# Version:	 	2.1.11536.0
6.980417E-07   	6.980162E-07   	6.97972E-07    	6.9816286E-07  	6.981541E-07   	6.981313E-07   	6.9819055E-07  	6.9821454E-07  	6.981482E-07   	6.9776735E-07  	6.97774E-07    	6.980028E-07   	6.9788837E-07  	6.97826E-07    	6.978877E-07   	6.9797414E-07  	6.9793856E-07  	6.9782516E-07  	6.9792367E-07  	6.9799466E-07  	6.981845E-07   	6.9880036E-07  	6.988195E-07   	6.986015E-07   	6.987907E-07   	6.989215E-07   	6.98558E-07    	6.983817E-07   	6.9814325E-07  	6.981804E-07   	6.981304E-07   	6.98201E-07    	6.9796795E-07  	6.978923E-07   	6.978459E-07   	6.9802866E-07  	6.979837E-07   	6.977096E-07   	6.978065E-07   	6.978361E-07   	6.9778247E-07  	6.9782703E-07  	6.9793685E-07  	6.977493E-07   	6.981776E-07   	6.985033E-07   	6.98485E-07    	6.984618E-07   	6.98119E-07    	6.979992E-07   	6.982403E-07   	6.983582E-07   	6.981979E-07   	6.9770095E-07  	6.9722574E-07  	6.972416E-07   	6.9730686E-07  	6.9726565E-07  	6.9742936E-07  	6.975492E-07   	6.972808E-07   	6.97185E-07    	6.974363E-07   	6.981355E-07   	6.978759E-07   	6.97127E-07    	6.9721267E-07  	6.970418E-07   	6.968461E-07   	6.9695204E-07  	6.9683284E-07  	6.968318E-07   	6.9700144E-07  	6.9690594E-07  	6.968512E-07   	6.9677884E-07  	6.967038E-07   	6.967463E-07   	6.967674E-07   	6.9653794E-07  	6.9662696E-07  	6.964968E-07   	6.961544E-07   	6.95698E-07    	6.94901E-07    	7.0082126E-07  	7.015242E-07   	7.015059E-07   	7.0191714E-07  	7.016696E-07   	7.0158455E-07  	7.01653E-07    	7.019101E-07   	7.056321E-07   	7.1027864E-07  	7.131928E-07   	7.1507185E-07  	7.1576585E-07  	7.159026E-07   	7.157206E-07   	
6.9831066E-07  	6.982454E-07   	6.9809363E-07  	6.9808465E-07  	6.980807E-07   	6.982376E-07   	6.983528E-07   	6.983552E-07   	6.9825404E-07  	6.982894E-07   	6.983284E-07   	6.9830105E-07  	6.983436E-07   	6.98295E-07    	6.984317E-07   	6.9822175E-07  	6.9806254E-07  	6.9811716E-07  	6.979054E-07   	6.981552E-07   	6.985938E-07   	6.9867184E-07  	6.988648E-07   	6.9890234E-07  	6.986526E-07   	6.987573E-07   	6.9888216E-07  	6.9882884E-07  	6.9876063E-07  	6.983078E-07   	6.982723E-07   	6.9806214E-07  	6.9798455E-07  	6.9814746E-07  	6.982571E-07   	6.985749E-07   	6.984898E-07   	6.982495E-07   	6.98063E-07    	6.979985E-07   	6.9805134E-07  	6.9798585E-07  	6.9804696E-07  	6.9788956E-07  	6.9798216E-07  	6.986777E-07   	6.9872476E-07  	6.985657E-07   	6.9857003E-07  	6.9866246E-07  	6.986629E-07   	6.9845424E-07  	6.983437E-07   	6.9772534E-07  	6.9769584E-07  	6.9781385E-07  	6.9782607E-07  	6.972816E-07   	6.975138E-07   	6.9758914E-07  	6.972893E-07   	6.97363E-07    	6.972274E-07   	6.9703225E-07  	6.9700724E-07  	6.970464E-07   	6.970701E-07   	6.9681016E-07  	6.967716E-07   	6.96628E-07    	6.967939E-07   	6.9690117E-07  	6.9673206E-07  	6.969422E-07   	6.968401E-07   	6.9663656E-07  	6.964425E-07   	6.9648246E-07  	6.963519E-07   	6.962875E-07   	6.963044E-07   	6.9616414E-07  	6.95634E-07    	6.9433094E-07  	6.986469E-07   	7.057068E-07   	7.0703106E-07  	7.0968844E-07  	7.1302713E-07  	7.148609E-07   	7.160452E-07   	7.164961E-07   	7.1666494E-07  	7.165385E-07   	7.165541E-07   	7.166394E-07   	7.1669587E-07  	7.168802E-07   	7.169887E-07   	7.170705E-07   	
6.9832475E-07  	6.9825035E-07  	6.986223E-07   	6.983557E-07   	6.9825063E-07  	6.983932E-07   	6.985492E-07   	6.986426E-07   	6.984653E-07   	6.9825364E-07  	6.983421E-07   	6.9836227E-07  	6.983935E-07   	6.9844526E-07  	6.984441E-07   	6.981769E-07   	6.9836597E-07  	6.9843384E-07  	6.9824165E-07  	6.982306E-07   	6.989507E-07   	6.9900744E-07  	6.9914137E-07  	6.987761E-07   	6.984194E-07   	6.9854684E-07  	6.985822E-07   	6.984039E-07   	6.987819E-07   	6.986504E-07   	6.987489E-07   	6.988267E-07   	6.985788E-07   	6.985139E-07   	6.986573E-07   	6.9866326E-07  	6.9892445E-07  	6.986179E-07   	6.981336E-07   	6.981449E-07   	6.9824546E-07  	6.981898E-07   	6.9794265E-07  	6.981593E-07   	6.980522E-07   	6.9809573E-07  	6.983152E-07   	6.9831475E-07  	6.9826996E-07  	6.984776E-07   	6.9840775E-07  	6.9827195E-07  	6.9847545E-07  	6.981295E-07   	6.976809E-07   	6.9748944E-07  	6.976172E-07   	6.974953E-07   	6.972949E-07   	6.9741344E-07  	6.9722853E-07  	6.973447E-07   	6.973607E-07   	6.97349E-07    	6.9702355E-07  	6.971083E-07   	6.9706414E-07  	6.970647E-07   	6.9694653E-07  	6.9712434E-07  	6.9702753E-07  	6.969864E-07   	6.9691964E-07  	6.9682307E-07  	6.968688E-07   	6.965792E-07   	6.965283E-07   	6.964967E-07   	6.9622126E-07  	6.959181E-07   	6.9528465E-07  	6.9605795E-07  	7.03662E-07    	7.095124E-07   	7.1363013E-07  	7.1587084E-07  	7.1671695E-07  	7.1670894E-07  	7.1668677E-07  	7.166706E-07   	7.1671707E-07  	7.166699E-07   	7.1670536E-07  	7.166269E-07   	7.164388E-07   	7.1652846E-07  	7.167121E-07   	7.1684894E-07  	7.1703766E-07  	7.1722275E-07  	
6.9856304E-07  	6.9857134E-07  	6.987699E-07   	6.987732E-07   	6.9884305E-07  	6.9879735E-07  	6.9864694E-07  	6.9873454E-07  	6.9867895E-07  	6.985124E-07   	6.9851484E-07  	6.986298E-07   	6.9857896E-07  	6.9860954E-07  	6.9863523E-07  	6.985767E-07   	6.983886E-07   	6.984053E-07   	6.987307E-07   	6.98645E-07    	6.9859084E-07  	6.993407E-07   	6.9951136E-07  	6.990651E-07   	6.985768E-07   	6.986359E-07   	6.98673E-07    	6.9847323E-07  	6.986914E-07   	6.99014E-07    	6.991897E-07   	6.9896765E-07  	6.9928393E-07  	6.993604E-07   	6.989587E-07   	6.990563E-07   	6.9919054E-07  	6.9880144E-07  	6.981493E-07   	6.9841406E-07  	6.9842093E-07  	6.983093E-07   	6.984247E-07   	6.983885E-07   	6.980542E-07   	6.981164E-07   	6.9831475E-07  	6.9842525E-07  	6.9801274E-07  	6.9798295E-07  	6.98167E-07    	6.980728E-07   	6.980394E-07   	6.98046E-07    	6.9793646E-07  	6.979345E-07   	6.9773455E-07  	6.977052E-07   	6.9769374E-07  	6.976394E-07   	6.974805E-07   	6.9739497E-07  	6.974986E-07   	6.975069E-07   	6.9744436E-07  	6.9739195E-07  	6.972104E-07   	6.9734176E-07  	6.973784E-07   	6.974526E-07   	6.97701E-07    	6.9771954E-07  	6.972918E-07   	6.9724814E-07  	6.9734216E-07  	6.9716515E-07  	6.972474E-07   	6.969454E-07   	6.96693E-07    	6.9618227E-07  	6.952417E-07   	6.967393E-07   	7.04821E-07    	7.0943764E-07  	7.130545E-07   	7.1565455E-07  	7.168393E-07   	7.166916E-07   	7.167766E-07   	7.168648E-07   	7.1693336E-07  	7.1693574E-07  	7.1695376E-07  	7.169137E-07   	7.169025E-07   	7.1703664E-07  	7.1700237E-07  	7.171148E-07   	7.1707774E-07  	7.1729903E-07  	
6.9877757E-07  	6.987589E-07   	6.9853974E-07  	6.9873056E-07  	6.984894E-07   	6.983333E-07   	6.984039E-07   	6.9841195E-07  	6.985436E-07   	6.9841974E-07  	6.983959E-07   	6.984574E-07   	6.983364E-07   	6.9816355E-07  	6.982237E-07   	6.9842355E-07  	6.9843827E-07  	6.982085E-07   	6.982498E-07   	6.9847664E-07  	6.9842355E-07  	6.987849E-07   	6.9911664E-07  	6.9895214E-07  	6.988755E-07   	6.9844316E-07  	6.9829184E-07  	6.983271E-07   	6.9837057E-07  	6.9826626E-07  	6.9827774E-07  	6.985529E-07   	6.9873204E-07  	6.9901654E-07  	6.9868145E-07  	6.988224E-07   	6.9887034E-07  	6.9811085E-07  	6.981169E-07   	6.980563E-07   	6.9801865E-07  	6.979793E-07   	6.978936E-07   	6.9791844E-07  	6.977826E-07   	6.974964E-07   	6.9756743E-07  	6.975714E-07   	6.971094E-07   	6.9694124E-07  	6.967733E-07   	6.954996E-07   	6.9758096E-07  	6.9792446E-07  	7.002647E-07   	6.982705E-07   	6.980624E-07   	6.979967E-07   	6.980048E-07   	6.977061E-07   	6.977297E-07   	6.9775484E-07  	6.978573E-07   	6.97714E-07    	6.9781214E-07  	6.980376E-07   	6.9824245E-07  	6.982933E-07   	6.9821624E-07  	6.9819686E-07  	6.9810346E-07  	6.9794396E-07  	6.9766264E-07  	6.9750814E-07  	6.975138E-07   	6.9766253E-07  	6.976947E-07   	6.9730294E-07  	6.969778E-07   	6.965581E-07   	6.955732E-07   	6.9924266E-07  	7.050465E-07   	7.0810137E-07  	7.106758E-07   	7.1371903E-07  	7.1605535E-07  	7.1665664E-07  	7.1663413E-07  	7.168094E-07   	7.168653E-07   	7.168071E-07   	7.166218E-07   	7.1659997E-07  	7.168201E-07   	7.1674367E-07  	7.167376E-07   	7.1675316E-07  	7.169746E-07   	7.172333E-07   	
6.9899056E-07  	6.986964E-07   	6.986162E-07   	6.987042E-07   	6.985365E-07   	6.9845635E-07  	6.9881384E-07  	6.986561E-07   	6.9848346E-07  	6.986159E-07   	6.9852155E-07  	6.987183E-07   	6.9879343E-07  	6.987753E-07   	6.988446E-07   	6.987978E-07   	6.9885107E-07  	6.9884686E-07  	6.986961E-07   	6.98608E-07    	6.9874613E-07  	6.991078E-07   	6.993093E-07   	6.9938596E-07  	6.994527E-07   	6.989709E-07   	6.986559E-07   	6.9866076E-07  	6.986015E-07   	6.984706E-07   	6.9847925E-07  	6.9843185E-07  	6.9851677E-07  	6.986148E-07   	6.9835306E-07  	6.984122E-07   	6.983835E-07   	6.9813603E-07  	6.981523E-07   	6.9808686E-07  	6.979421E-07   	6.9773967E-07  	6.9751206E-07  	6.9713167E-07  	6.962267E-07   	6.9655715E-07  	6.9862836E-07  	7.006698E-07   	7.019045E-07   	7.0259273E-07  	7.030789E-07   	7.030309E-07   	7.029205E-07   	7.0296153E-07  	7.029846E-07   	7.042558E-07   	7.0474067E-07  	7.0102556E-07  	6.984567E-07   	6.98718E-07    	6.987998E-07   	6.9858584E-07  	6.9821095E-07  	6.9830907E-07  	6.9836426E-07  	6.9808993E-07  	6.9814155E-07  	6.9801007E-07  	6.980563E-07   	6.980773E-07   	6.980462E-07   	6.981908E-07   	6.980607E-07   	6.9773415E-07  	6.981297E-07   	6.977851E-07   	6.974226E-07   	6.973281E-07   	6.9715026E-07  	6.966952E-07   	6.9563833E-07  	6.963618E-07   	7.0359954E-07  	7.0654556E-07  	7.096114E-07   	7.123281E-07   	7.1526154E-07  	7.1652073E-07  	7.1665875E-07  	7.1693063E-07  	7.169515E-07   	7.168959E-07   	7.169524E-07   	7.1697553E-07  	7.168704E-07   	7.1713123E-07  	7.1717295E-07  	7.171477E-07   	7.172827E-07   	7.1733615E-07  	
6.990658E-07   	6.988551E-07   	6.9881014E-07  	6.987743E-07   	6.9873056E-07  	6.9868315E-07  	6.986178E-07   	6.9840314E-07  	6.985915E-07   	6.9872436E-07  	6.984223E-07   	6.986307E-07   	6.988952E-07   	6.985678E-07   	6.9862176E-07  	6.9872334E-07  	6.987297E-07   	6.9864603E-07  	6.9877296E-07  	6.9862057E-07  	6.985672E-07   	6.9861636E-07  	6.987411E-07   	6.990212E-07   	6.9864353E-07  	6.985719E-07   	6.9842656E-07  	6.9830986E-07  	6.981017E-07   	6.98102E-07    	6.981287E-07   	6.980986E-07   	6.9802405E-07  	6.9770823E-07  	6.9760694E-07  	6.973796E-07   	6.967633E-07   	6.9542284E-07  	6.985305E-07   	6.989309E-07   	7.002345E-07   	7.0150634E-07  	7.0298944E-07  	7.03233E-07    	7.0293186E-07  	7.029823E-07   	7.0281817E-07  	7.030432E-07   	7.062024E-07   	7.0959965E-07  	7.129481E-07   	7.1513045E-07  	7.166348E-07   	7.171337E-07   	7.1766874E-07  	7.178179E-07   	7.164615E-07   	7.133784E-07   	7.09286E-07    	6.997204E-07   	6.9869776E-07  	6.9855935E-07  	6.984012E-07   	6.9855446E-07  	6.984358E-07   	6.983869E-07   	6.9839643E-07  	6.983455E-07   	6.983435E-07   	6.98052E-07    	6.980288E-07   	6.982974E-07   	6.980742E-07   	6.9818464E-07  	6.9787615E-07  	6.9782703E-07  	6.974626E-07   	6.975757E-07   	6.974114E-07   	6.9704896E-07  	6.9684796E-07  	6.953956E-07   	6.993522E-07   	7.04694E-07    	7.0797705E-07  	7.1164254E-07  	7.1479263E-07  	7.1686003E-07  	7.17185E-07    	7.172385E-07   	7.174848E-07   	7.1713424E-07  	7.170401E-07   	7.171536E-07   	7.170969E-07   	7.170989E-07   	7.1722417E-07  	7.1722144E-07  	7.1749884E-07  	7.176993E-07   	
6.986726E-07   	6.9854E-07     	6.987343E-07   	6.9876614E-07  	6.985791E-07   	6.985386E-07   	6.9877433E-07  	6.9868247E-07  	6.9832777E-07  	6.982917E-07   	6.983634E-07   	6.983704E-07   	6.9835886E-07  	6.981461E-07   	6.9828684E-07  	6.985515E-07   	6.983264E-07   	6.98444E-07    	6.981272E-07   	6.979617E-07   	6.979915E-07   	6.9795027E-07  	6.979688E-07   	6.9799256E-07  	6.9835994E-07  	6.984593E-07   	6.981624E-07   	6.9771767E-07  	6.9744857E-07  	6.962637E-07   	6.9674246E-07  	6.99474E-07    	7.003898E-07   	7.0111594E-07  	7.022975E-07   	7.031329E-07   	7.031208E-07   	7.027249E-07   	7.028988E-07   	7.023579E-07   	7.026176E-07   	7.067685E-07   	7.118819E-07   	7.147796E-07   	7.1526E-07     	7.162153E-07   	7.168587E-07   	7.172575E-07   	7.1725424E-07  	7.17247E-07    	7.1740595E-07  	7.1726225E-07  	7.173482E-07   	7.173175E-07   	7.1736474E-07  	7.1771274E-07  	7.170762E-07   	7.14583E-07    	7.126004E-07   	7.0933623E-07  	7.0258295E-07  	6.9866365E-07  	6.9847465E-07  	6.984782E-07   	6.985284E-07   	6.9849824E-07  	6.983379E-07   	6.9816593E-07  	6.9816934E-07  	6.9837535E-07  	6.981043E-07   	6.983042E-07   	6.9798233E-07  	6.9810716E-07  	6.9806845E-07  	6.9795715E-07  	6.9787814E-07  	6.97653E-07    	6.973283E-07   	6.973371E-07   	6.9683017E-07  	6.962582E-07   	6.957189E-07   	7.0185257E-07  	7.0652817E-07  	7.095037E-07   	7.123687E-07   	7.153255E-07   	7.169941E-07   	7.1719154E-07  	7.170519E-07   	7.1706825E-07  	7.1707024E-07  	7.170386E-07   	7.173213E-07   	7.1724645E-07  	7.17229E-07    	7.1724617E-07  	7.1737327E-07  	7.175382E-07   	
6.987607E-07   	6.9887597E-07  	6.9891325E-07  	6.9866246E-07  	6.9854934E-07  	6.9853684E-07  	6.984616E-07   	6.9845254E-07  	6.984921E-07   	6.9850677E-07  	6.9867184E-07  	6.984172E-07   	6.9852337E-07  	6.9855946E-07  	6.984406E-07   	6.985216E-07   	6.982691E-07   	6.979485E-07   	6.980609E-07   	6.978033E-07   	6.977927E-07   	6.9755896E-07  	6.9726303E-07  	6.96789E-07    	6.959331E-07   	7.0010645E-07  	7.026884E-07   	7.031577E-07   	7.038168E-07   	7.030602E-07   	7.0294794E-07  	7.0268925E-07  	7.024046E-07   	7.034276E-07   	7.086658E-07   	7.128251E-07   	7.150852E-07   	7.154168E-07   	7.1647554E-07  	7.167907E-07   	7.169458E-07   	7.169383E-07   	7.169919E-07   	7.1720916E-07  	7.172667E-07   	7.1712407E-07  	7.1721615E-07  	7.1718796E-07  	7.1718557E-07  	7.172515E-07   	7.170983E-07   	7.170162E-07   	7.173524E-07   	7.1762946E-07  	7.1720024E-07  	7.171893E-07   	7.172411E-07   	7.1555144E-07  	7.128667E-07   	7.111572E-07   	7.0768925E-07  	6.997623E-07   	6.9883623E-07  	6.988874E-07   	6.9885994E-07  	6.9862756E-07  	6.9851626E-07  	6.984372E-07   	6.985154E-07   	6.984872E-07   	6.9849153E-07  	6.985517E-07   	6.9847414E-07  	6.982786E-07   	6.982312E-07   	6.980025E-07   	6.977833E-07   	6.979552E-07   	6.9777565E-07  	6.9768146E-07  	6.975038E-07   	6.971351E-07   	6.956407E-07   	7.0012175E-07  	7.058437E-07   	7.081746E-07   	7.1124344E-07  	7.14005E-07    	7.16086E-07    	7.170209E-07   	7.171592E-07   	7.1696553E-07  	7.171152E-07   	7.171621E-07   	7.1753993E-07  	7.17462E-07    	7.173757E-07   	7.174134E-07   	7.176441E-07   	7.178393E-07   	
6.989607E-07   	6.9887693E-07  	6.988464E-07   	6.988202E-07   	6.9884766E-07  	6.986598E-07   	6.988589E-07   	6.987938E-07   	6.987709E-07   	6.9866843E-07  	6.985265E-07   	6.985324E-07   	6.9877603E-07  	6.988188E-07   	6.986261E-07   	6.98479E-07    	6.9849193E-07  	6.9817264E-07  	6.980426E-07   	6.979391E-07   	6.980542E-07   	6.979457E-07   	6.974731E-07   	6.9692027E-07  	6.957099E-07   	7.020146E-07   	7.076579E-07   	7.105766E-07   	7.128361E-07   	7.1458527E-07  	7.163109E-07   	7.171238E-07   	7.173558E-07   	7.1724565E-07  	7.173819E-07   	7.1703556E-07  	7.1703124E-07  	7.172338E-07   	7.1721297E-07  	7.172871E-07   	7.171457E-07   	7.1712014E-07  	7.1714175E-07  	7.171924E-07   	7.172459E-07   	7.1720086E-07  	7.171083E-07   	7.170373E-07   	7.171006E-07   	7.1725435E-07  	7.172422E-07   	7.1729113E-07  	7.1745114E-07  	7.17381E-07    	7.1742136E-07  	7.1755807E-07  	7.173627E-07   	7.163436E-07   	7.1397443E-07  	7.122844E-07   	7.0998124E-07  	7.0430957E-07  	6.991482E-07   	6.9880605E-07  	6.987332E-07   	6.98911E-07    	6.9899994E-07  	6.987661E-07   	6.987116E-07   	6.9868116E-07  	6.9866377E-07  	6.9858174E-07  	6.9851217E-07  	6.98548E-07    	6.9842855E-07  	6.9835215E-07  	6.9832373E-07  	6.981149E-07   	6.9805316E-07  	6.9780117E-07  	6.976192E-07   	6.972443E-07   	6.965481E-07   	6.961357E-07   	7.0240065E-07  	7.0636355E-07  	7.099454E-07   	7.1286524E-07  	7.156016E-07   	7.170952E-07   	7.1740453E-07  	7.174077E-07   	7.174726E-07   	7.176163E-07   	7.1741766E-07  	7.1745865E-07  	7.1744637E-07  	7.176036E-07   	7.179032E-07   	7.179658E-07   	
6.986409E-07   	6.986627E-07   	6.9879707E-07  	6.985843E-07   	6.9834806E-07  	6.983608E-07   	6.982244E-07   	6.983877E-07   	6.982253E-07   	6.980427E-07   	6.9817133E-07  	6.983433E-07   	6.980061E-07   	6.982166E-07   	6.9811495E-07  	6.9800495E-07  	6.979352E-07   	6.9795277E-07  	6.977915E-07   	6.97456E-07    	6.967386E-07   	6.9588447E-07  	7.0183506E-07  	7.083273E-07   	7.137965E-07   	7.1657047E-07  	7.173435E-07   	7.169552E-07   	7.171752E-07   	7.170975E-07   	7.1708627E-07  	7.1722843E-07  	7.1711366E-07  	7.169603E-07   	7.170725E-07   	7.169869E-07   	7.1532793E-07  	7.168154E-07   	7.188542E-07   	7.190286E-07   	7.180165E-07   	7.175273E-07   	7.171345E-07   	7.171839E-07   	7.172429E-07   	7.170196E-07   	7.1716636E-07  	7.173283E-07   	7.1705574E-07  	7.16985E-07    	7.1704966E-07  	7.174208E-07   	7.1759086E-07  	7.1745524E-07  	7.1772047E-07  	7.173862E-07   	7.1745427E-07  	7.1750196E-07  	7.1625095E-07  	7.1369675E-07  	7.120209E-07   	7.07632E-07    	6.997789E-07   	6.985695E-07   	6.9846715E-07  	6.986007E-07   	6.9840627E-07  	6.982579E-07   	6.98324E-07    	6.981236E-07   	6.981263E-07   	6.9825376E-07  	6.983023E-07   	6.981688E-07   	6.980319E-07   	6.981021E-07   	6.979819E-07   	6.9787205E-07  	6.977384E-07   	6.977121E-07   	6.9737115E-07  	6.9711024E-07  	6.9653896E-07  	6.952665E-07   	6.982742E-07   	7.044757E-07   	7.078142E-07   	7.1071025E-07  	7.133979E-07   	7.1595423E-07  	7.171189E-07   	7.172267E-07   	7.172348E-07   	7.1737907E-07  	7.173412E-07   	7.17302E-07    	7.1740277E-07  	7.174558E-07   	7.176951E-07   	7.179012E-07   	
6.989737E-07   	6.9866593E-07  	6.98714E-07    	6.987186E-07   	6.9857566E-07  	6.985224E-07   	6.983372E-07   	6.9858316E-07  	6.9863665E-07  	6.9842037E-07  	6.983916E-07   	6.9837756E-07  	6.983572E-07   	6.9859493E-07  	6.985365E-07   	6.9877893E-07  	6.982664E-07   	6.980324E-07   	6.978913E-07   	6.973441E-07   	6.9637997E-07  	6.96253E-07    	7.042095E-07   	7.0947084E-07  	7.119429E-07   	7.148107E-07   	7.165433E-07   	7.166939E-07   	7.168171E-07   	7.1663726E-07  	7.165326E-07   	7.165976E-07   	7.1658593E-07  	7.161757E-07   	7.1600726E-07  	7.153173E-07   	7.149635E-07   	7.146673E-07   	7.158853E-07   	7.1765623E-07  	7.1755085E-07  	7.172564E-07   	7.171779E-07   	7.171195E-07   	7.171395E-07   	7.1728687E-07  	7.175406E-07   	7.17454E-07    	7.171793E-07   	7.177126E-07   	7.174966E-07   	7.173614E-07   	7.1754573E-07  	7.174586E-07   	7.17663E-07    	7.17689E-07    	7.1746445E-07  	7.1723423E-07  	7.1685776E-07  	7.1504536E-07  	7.126841E-07   	7.112529E-07   	7.05486E-07    	6.994408E-07   	6.9927216E-07  	6.9897504E-07  	6.98707E-07    	6.9868935E-07  	6.989512E-07   	6.989147E-07   	6.988039E-07   	6.986722E-07   	6.988294E-07   	6.9884555E-07  	6.9865854E-07  	6.9862693E-07  	6.9845225E-07  	6.983581E-07   	6.984875E-07   	6.9823665E-07  	6.982162E-07   	6.9785204E-07  	6.9760824E-07  	6.971063E-07   	6.965349E-07   	7.027121E-07   	7.0564914E-07  	7.081633E-07   	7.1095513E-07  	7.139549E-07   	7.164056E-07   	7.1724946E-07  	7.173977E-07   	7.17426E-07    	7.176097E-07   	7.1767687E-07  	7.17507E-07    	7.1752214E-07  	7.1771717E-07  	7.179539E-07   	
6.991033E-07   	6.9901284E-07  	6.988141E-07   	6.9864467E-07  	6.9885976E-07  	6.9885823E-07  	6.9890797E-07  	6.9897845E-07  	6.988872E-07   	6.9881935E-07  	6.987122E-07   	6.988001E-07   	6.989787E-07   	6.986593E-07   	6.984959E-07   	6.984096E-07   	6.983752E-07   	6.9801547E-07  	6.9798784E-07  	6.973819E-07   	6.9652936E-07  	6.974414E-07   	7.040348E-07   	7.084567E-07   	7.117532E-07   	7.147583E-07   	7.167932E-07   	7.174121E-07   	7.172097E-07   	7.1706233E-07  	7.1704386E-07  	7.173016E-07   	7.1748013E-07  	7.1718875E-07  	7.169016E-07   	7.170928E-07   	7.1735735E-07  	7.175254E-07   	7.173103E-07   	7.1700765E-07  	7.1713265E-07  	7.17447E-07    	7.1723906E-07  	7.1713254E-07  	7.17708E-07    	7.1788446E-07  	7.174555E-07   	7.173062E-07   	7.1724094E-07  	7.175035E-07   	7.174126E-07   	7.1742505E-07  	7.172895E-07   	7.172781E-07   	7.173104E-07   	7.1732495E-07  	7.17231E-07    	7.1740544E-07  	7.17468E-07    	7.1646537E-07  	7.1370465E-07  	7.118801E-07   	7.089948E-07   	7.03012E-07    	6.990256E-07   	6.9895157E-07  	6.988076E-07   	6.98872E-07    	6.9889865E-07  	6.9884027E-07  	6.987538E-07   	6.987435E-07   	6.988745E-07   	6.9878945E-07  	6.988759E-07   	6.989547E-07   	6.9866684E-07  	6.98503E-07    	6.9833095E-07  	6.981354E-07   	6.981278E-07   	6.979692E-07   	6.977037E-07   	6.9723563E-07  	6.9640555E-07  	6.972653E-07   	7.038562E-07   	7.064267E-07   	7.1012437E-07  	7.127488E-07   	7.152528E-07   	7.1713214E-07  	7.175832E-07   	7.17611E-07    	7.175137E-07   	7.1758404E-07  	7.177998E-07   	7.178078E-07   	7.178668E-07   	7.1807585E-07  	
6.9946765E-07  	6.9959293E-07  	6.9968206E-07  	6.995169E-07   	6.9976386E-07  	6.996224E-07   	6.9932486E-07  	6.994796E-07   	6.9933026E-07  	6.990641E-07   	6.989669E-07   	6.991244E-07   	6.990119E-07   	6.9900193E-07  	6.9914734E-07  	6.987939E-07   	6.9843384E-07  	6.984003E-07   	6.981E-07      	6.9770647E-07  	6.9736643E-07  	6.961662E-07   	7.0075504E-07  	7.066816E-07   	7.098891E-07   	7.1243045E-07  	7.15169E-07    	7.168976E-07   	7.1758944E-07  	7.1754886E-07  	7.174755E-07   	7.1751447E-07  	7.174544E-07   	7.174653E-07   	7.1736883E-07  	7.171672E-07   	7.17365E-07    	7.1746075E-07  	7.176693E-07   	7.174052E-07   	7.1731665E-07  	7.1736883E-07  	7.1726254E-07  	7.172237E-07   	7.1734445E-07  	7.171094E-07   	7.172442E-07   	7.1726976E-07  	7.1727555E-07  	7.174632E-07   	7.1732376E-07  	7.1723963E-07  	7.177123E-07   	7.175893E-07   	7.175554E-07   	7.175944E-07   	7.17601E-07    	7.1740743E-07  	7.173436E-07   	7.1695854E-07  	7.146009E-07   	7.126123E-07   	7.11046E-07    	7.0622497E-07  	6.992546E-07   	6.9874653E-07  	6.988241E-07   	6.9893713E-07  	6.9892315E-07  	6.9890035E-07  	6.988402E-07   	6.987666E-07   	6.9875625E-07  	6.987043E-07   	6.9870504E-07  	6.986846E-07   	6.9866877E-07  	6.9868423E-07  	6.9868906E-07  	6.984314E-07   	6.9830924E-07  	6.983654E-07   	6.9820186E-07  	6.979202E-07   	6.978286E-07   	6.963661E-07   	6.9832294E-07  	7.0471805E-07  	7.0768294E-07  	7.109006E-07   	7.1328634E-07  	7.1585555E-07  	7.1741664E-07  	7.174535E-07   	7.173162E-07   	7.174436E-07   	7.1750765E-07  	7.177481E-07   	7.180912E-07   	7.181767E-07   	
6.997876E-07   	6.9982923E-07  	6.9988437E-07  	6.9969093E-07  	6.9938545E-07  	6.9936095E-07  	6.9941433E-07  	6.993414E-07   	6.9921754E-07  	6.992412E-07   	6.9923726E-07  	6.9906594E-07  	6.989922E-07   	6.989475E-07   	6.9880446E-07  	6.987387E-07   	6.9839473E-07  	6.983083E-07   	6.979967E-07   	6.975724E-07   	6.9729015E-07  	6.962155E-07   	6.9944235E-07  	7.053635E-07   	7.0757204E-07  	7.110589E-07   	7.139032E-07   	7.164454E-07   	7.1742306E-07  	7.173432E-07   	7.1749815E-07  	7.1746615E-07  	7.173956E-07   	7.1734047E-07  	7.17451E-07    	7.1762327E-07  	7.1745944E-07  	7.1751293E-07  	7.175014E-07   	7.1758427E-07  	7.1738157E-07  	7.17328E-07    	7.1757455E-07  	7.174633E-07   	7.175926E-07   	7.174063E-07   	7.1751595E-07  	7.17566E-07    	7.1746103E-07  	7.1747047E-07  	7.175974E-07   	7.17576E-07    	7.1759655E-07  	7.1780835E-07  	7.176652E-07   	7.1762776E-07  	7.1762804E-07  	7.176438E-07   	7.178296E-07   	7.1787247E-07  	7.169787E-07   	7.1455713E-07  	7.1271205E-07  	7.0979576E-07  	7.0176884E-07  	6.9884754E-07  	6.9904695E-07  	6.988852E-07   	6.989884E-07   	6.989561E-07   	6.9913904E-07  	6.992662E-07   	6.9898647E-07  	6.9850415E-07  	6.9873835E-07  	6.9849216E-07  	6.9851154E-07  	6.9856486E-07  	6.985459E-07   	6.985748E-07   	6.983452E-07   	6.9813007E-07  	6.980812E-07   	6.980481E-07   	6.9770937E-07  	6.9728E-07     	6.962149E-07   	7.015946E-07   	7.062607E-07   	7.0914484E-07  	7.1217937E-07  	7.1546526E-07  	7.172172E-07   	7.176676E-07   	7.176932E-07   	7.177388E-07   	7.1777373E-07  	7.1791413E-07  	7.1796904E-07  	7.1813633E-07  	
7.093902E-07   	6.997905E-07   	6.995785E-07   	6.9944696E-07  	6.9942075E-07  	6.993188E-07   	6.9946725E-07  	6.9961635E-07  	6.9930064E-07  	6.9913483E-07  	6.9914336E-07  	6.993602E-07   	6.989361E-07   	6.9904826E-07  	6.9886534E-07  	6.9915785E-07  	6.987152E-07   	6.987346E-07   	6.986136E-07   	6.981126E-07   	6.978821E-07   	6.9742543E-07  	6.960647E-07   	7.007282E-07   	7.0648514E-07  	7.101397E-07   	7.1291566E-07  	7.154763E-07   	7.173023E-07   	7.1754016E-07  	7.176382E-07   	7.1766385E-07  	7.174197E-07   	7.1773684E-07  	7.1743585E-07  	7.173128E-07   	7.17771E-07    	7.1758575E-07  	7.176991E-07   	7.177077E-07   	7.175537E-07   	7.1753755E-07  	7.176824E-07   	7.176674E-07   	7.175893E-07   	7.175271E-07   	7.17568E-07    	7.17537E-07    	7.1750924E-07  	7.174959E-07   	7.1754744E-07  	7.1753396E-07  	7.1768267E-07  	7.1774826E-07  	7.1764725E-07  	7.1758956E-07  	7.176655E-07   	7.1777185E-07  	7.1781136E-07  	7.174995E-07   	7.1754823E-07  	7.160627E-07   	7.136538E-07   	7.122347E-07   	7.081056E-07   	7.001505E-07   	6.988759E-07   	6.989193E-07   	6.9899244E-07  	6.9884817E-07  	6.989191E-07   	6.989916E-07   	6.988425E-07   	6.9885243E-07  	6.9885084E-07  	6.987921E-07   	6.988148E-07   	6.987075E-07   	6.989256E-07   	6.987322E-07   	6.9856617E-07  	6.984185E-07   	6.983192E-07   	6.98135E-07    	6.980446E-07   	6.9782675E-07  	6.971159E-07   	6.9683324E-07  	7.0339576E-07  	7.084212E-07   	7.1135105E-07  	7.1372017E-07  	7.161787E-07   	7.175683E-07   	7.177177E-07   	7.1770904E-07  	7.176869E-07   	7.1752703E-07  	7.178253E-07   	7.179092E-07   	
7.112014E-07   	7.012309E-07   	6.993485E-07   	6.993522E-07   	6.99415E-07    	6.9930593E-07  	6.9937926E-07  	6.992506E-07   	6.9918576E-07  	6.991862E-07   	6.9914836E-07  	6.9892263E-07  	6.9882844E-07  	6.988755E-07   	6.988862E-07   	6.988951E-07   	6.985766E-07   	6.9842366E-07  	6.9835335E-07  	6.981417E-07   	6.9768635E-07  	6.970805E-07   	6.9585934E-07  	6.98227E-07    	7.0494315E-07  	7.0864183E-07  	7.11093E-07    	7.136632E-07   	7.162355E-07   	7.1737213E-07  	7.1778436E-07  	7.176767E-07   	7.1756995E-07  	7.1752817E-07  	7.175331E-07   	7.1772314E-07  	7.1801014E-07  	7.177796E-07   	7.1751396E-07  	7.1743494E-07  	7.176716E-07   	7.176946E-07   	7.1788736E-07  	7.175201E-07   	7.175958E-07   	7.1750884E-07  	7.175033E-07   	7.173855E-07   	7.17379E-07    	7.1749355E-07  	7.174592E-07   	7.1740857E-07  	7.1768943E-07  	7.178282E-07   	7.1774264E-07  	7.17872E-07    	7.1778294E-07  	7.177068E-07   	7.177092E-07   	7.1759655E-07  	7.1772837E-07  	7.1725225E-07  	7.143627E-07   	7.125776E-07   	7.105803E-07   	7.048746E-07   	6.9883555E-07  	6.988576E-07   	6.9871055E-07  	6.9875426E-07  	6.988199E-07   	6.9885334E-07  	6.9832623E-07  	6.985791E-07   	6.9852047E-07  	6.9837887E-07  	6.9843827E-07  	6.9851643E-07  	6.986233E-07   	6.985681E-07   	6.9832925E-07  	6.982735E-07   	6.9818816E-07  	6.980529E-07   	6.9796226E-07  	6.9759625E-07  	6.9706164E-07  	6.960634E-07   	7.0047486E-07  	7.0610537E-07  	7.0915314E-07  	7.122041E-07   	7.154645E-07   	7.172638E-07   	7.175835E-07   	7.1770916E-07  	7.176748E-07   	7.176344E-07   	7.1776606E-07  	7.1766055E-07  	
7.137034E-07   	7.065145E-07   	6.997412E-07   	6.997573E-07   	6.996631E-07   	6.993966E-07   	6.993227E-07   	6.992672E-07   	6.992847E-07   	6.991826E-07   	6.992212E-07   	6.992478E-07   	6.990211E-07   	6.99008E-07    	6.9909316E-07  	6.988848E-07   	6.987835E-07   	6.9863506E-07  	6.9833106E-07  	6.9815866E-07  	6.979602E-07   	6.977889E-07   	6.969597E-07   	6.960743E-07   	7.0159064E-07  	7.062799E-07   	7.092671E-07   	7.116223E-07   	7.147477E-07   	7.169423E-07   	7.1772826E-07  	7.179461E-07   	7.1783165E-07  	7.1779203E-07  	7.1802157E-07  	7.178553E-07   	7.1779414E-07  	7.179379E-07   	7.1802253E-07  	7.180065E-07   	7.1776265E-07  	7.177557E-07   	7.178562E-07   	7.1799786E-07  	7.1777146E-07  	7.180918E-07   	7.1792425E-07  	7.1768875E-07  	7.176927E-07   	7.177386E-07   	7.177116E-07   	7.176442E-07   	7.1768756E-07  	7.177905E-07   	7.1773627E-07  	7.1768534E-07  	7.176675E-07   	7.1799025E-07  	7.178458E-07   	7.179839E-07   	7.1818454E-07  	7.180886E-07   	7.1728385E-07  	7.150372E-07   	7.1311456E-07  	7.0874864E-07  	7.0059417E-07  	6.993164E-07   	6.9895316E-07  	6.9902876E-07  	6.989432E-07   	6.989653E-07   	6.9890433E-07  	6.989239E-07   	6.988677E-07   	6.9874363E-07  	6.984306E-07   	6.987669E-07   	6.986195E-07   	6.984932E-07   	6.9872516E-07  	6.9845953E-07  	6.983806E-07   	6.9843975E-07  	6.979276E-07   	6.978286E-07   	6.974612E-07   	6.9676696E-07  	6.9731425E-07  	7.03672E-07    	7.0808983E-07  	7.109473E-07   	7.126814E-07   	7.1509584E-07  	7.16761E-07    	7.16032E-07    	7.1561584E-07  	7.148082E-07   	7.141598E-07   	7.134247E-07   	
7.1401985E-07  	7.1121076E-07  	7.0706614E-07  	6.9985236E-07  	6.9980575E-07  	6.9988016E-07  	6.9987806E-07  	6.995295E-07   	6.998503E-07   	6.997403E-07   	6.9965705E-07  	6.9942143E-07  	6.992842E-07   	6.994017E-07   	6.995761E-07   	6.993417E-07   	6.9931986E-07  	6.990781E-07   	6.989108E-07   	6.987169E-07   	6.985571E-07   	6.9839973E-07  	6.981223E-07   	6.974459E-07   	6.969689E-07   	7.037783E-07   	7.070788E-07   	7.1056155E-07  	7.132966E-07   	7.1562596E-07  	7.1739316E-07  	7.1788423E-07  	7.1799457E-07  	7.1790663E-07  	7.179251E-07   	7.17935E-07    	7.178314E-07   	7.1791385E-07  	7.179973E-07   	7.177133E-07   	7.17846E-07    	7.178302E-07   	7.1760377E-07  	7.177906E-07   	7.17849E-07    	7.1773104E-07  	7.1795927E-07  	7.1772877E-07  	7.174901E-07   	7.176451E-07   	7.1788446E-07  	7.176864E-07   	7.1770717E-07  	7.1776424E-07  	7.1775713E-07  	7.1780266E-07  	7.180353E-07   	7.1795404E-07  	7.1792266E-07  	7.179757E-07   	7.179275E-07   	7.1784336E-07  	7.169268E-07   	7.1466656E-07  	7.127833E-07   	7.117589E-07   	7.073732E-07   	7.0015943E-07  	6.9958145E-07  	6.990405E-07   	6.9895293E-07  	6.9903723E-07  	6.9907344E-07  	6.988716E-07   	6.989624E-07   	6.990246E-07   	6.9912176E-07  	6.988048E-07   	6.985927E-07   	6.988276E-07   	6.9878837E-07  	6.9883686E-07  	6.9875836E-07  	6.986607E-07   	6.983122E-07   	6.981776E-07   	6.980276E-07   	6.975781E-07   	6.9628163E-07  	7.0137366E-07  	7.068188E-07   	7.068558E-07   	7.077747E-07   	7.1027114E-07  	7.118924E-07   	7.1057616E-07  	7.0959237E-07  	7.0760024E-07  	7.058632E-07   	7.0461437E-07  	
7.161251E-07   	7.1319727E-07  	7.083154E-07   	7.0070166E-07  	7.0001136E-07  	7.0005257E-07  	7.003169E-07   	7.003269E-07   	7.000449E-07   	6.9986754E-07  	6.9997566E-07  	6.998698E-07   	6.996003E-07   	6.994318E-07   	6.997244E-07   	6.996127E-07   	6.9950823E-07  	6.9927745E-07  	6.9927853E-07  	6.9911096E-07  	6.987571E-07   	6.985717E-07   	6.984793E-07   	6.9809124E-07  	6.970112E-07   	6.990923E-07   	7.05339E-07    	7.080022E-07   	7.110571E-07   	7.141824E-07   	7.1668705E-07  	7.177634E-07   	7.177976E-07   	7.176641E-07   	7.180213E-07   	7.178717E-07   	7.1781153E-07  	7.17663E-07    	7.175751E-07   	7.177789E-07   	7.178001E-07   	7.179217E-07   	7.1789145E-07  	7.178218E-07   	7.177795E-07   	7.176811E-07   	7.176137E-07   	7.176625E-07   	7.176324E-07   	7.1777924E-07  	7.1769017E-07  	7.1767795E-07  	7.1754425E-07  	7.177215E-07   	7.1779766E-07  	7.1776157E-07  	7.178977E-07   	7.1771103E-07  	7.1783126E-07  	7.178884E-07   	7.1803E-07     	7.179185E-07   	7.182854E-07   	7.1746973E-07  	7.151985E-07   	7.1339963E-07  	7.100721E-07   	7.0226065E-07  	6.9951057E-07  	6.996281E-07   	6.994587E-07   	6.993961E-07   	6.993445E-07   	6.9950414E-07  	6.994099E-07   	6.993611E-07   	6.9916325E-07  	6.992381E-07   	6.994335E-07   	6.9927444E-07  	6.992415E-07   	6.9917655E-07  	6.988167E-07   	6.989493E-07   	6.9879553E-07  	6.9854514E-07  	6.984973E-07   	6.9824495E-07  	6.981741E-07   	6.9793055E-07  	6.9690174E-07  	6.983693E-07   	7.0027244E-07  	7.00758E-07    	7.0091346E-07  	6.995913E-07   	6.990282E-07   	6.9904524E-07  	6.987453E-07   	6.98479E-07    	
7.174395E-07   	7.138094E-07   	7.118165E-07   	7.0626385E-07  	7.000555E-07   	6.997794E-07   	7.0013414E-07  	6.999673E-07   	6.999802E-07   	6.9999805E-07  	6.998348E-07   	6.9990057E-07  	6.996437E-07   	6.9953694E-07  	6.996545E-07   	6.9962255E-07  	6.995149E-07   	6.994375E-07   	6.9913483E-07  	6.990804E-07   	6.98927E-07    	6.987939E-07   	6.987196E-07   	6.983814E-07   	6.977677E-07   	6.967773E-07   	7.0135724E-07  	7.064897E-07   	7.102866E-07   	7.1323996E-07  	7.158502E-07   	7.177555E-07   	7.1794096E-07  	7.178039E-07   	7.1788713E-07  	7.1769927E-07  	7.18081E-07    	7.177484E-07   	7.1750713E-07  	7.1763753E-07  	7.175869E-07   	7.176873E-07   	7.1765726E-07  	7.177288E-07   	7.177687E-07   	7.177382E-07   	7.1768085E-07  	7.178202E-07   	7.177809E-07   	7.175878E-07   	7.1768716E-07  	7.1759723E-07  	7.177064E-07   	7.1769415E-07  	7.177892E-07   	7.1797433E-07  	7.178629E-07   	7.1789077E-07  	7.1789543E-07  	7.1789106E-07  	7.1796023E-07  	7.1792584E-07  	7.177676E-07   	7.174021E-07   	7.155515E-07   	7.1316856E-07  	7.1197195E-07  	7.0844857E-07  	7.0017757E-07  	6.997353E-07   	6.997298E-07   	6.996084E-07   	6.994812E-07   	6.9916223E-07  	6.992248E-07   	6.992431E-07   	6.991153E-07   	6.991604E-07   	6.9916223E-07  	6.989192E-07   	6.989618E-07   	6.988367E-07   	6.990503E-07   	6.990727E-07   	6.987799E-07   	6.98898E-07    	6.990316E-07   	6.992092E-07   	6.9913705E-07  	6.9913784E-07  	6.991879E-07   	6.992032E-07   	6.9926307E-07  	6.9915495E-07  	6.993306E-07   	6.993867E-07   	6.996529E-07   	6.9978995E-07  	6.996484E-07   	6.9981024E-07  	
7.18024E-07    	7.147391E-07   	7.1323956E-07  	7.099031E-07   	7.018797E-07   	7.0004717E-07  	6.9987846E-07  	7.0000164E-07  	6.999524E-07   	6.997322E-07   	6.998488E-07   	6.997921E-07   	6.998074E-07   	6.997923E-07   	6.9962647E-07  	6.994866E-07   	6.9957076E-07  	6.995198E-07   	6.9930474E-07  	6.991442E-07   	6.989402E-07   	6.988663E-07   	6.9880804E-07  	6.982691E-07   	6.9764536E-07  	6.9678794E-07  	6.9762933E-07  	7.0423147E-07  	7.086585E-07   	7.1163356E-07  	7.142399E-07   	7.165461E-07   	7.1760087E-07  	7.1775145E-07  	7.1790436E-07  	7.177709E-07   	7.179658E-07   	7.179746E-07   	7.1778874E-07  	7.178614E-07   	7.1785047E-07  	7.1787855E-07  	7.178202E-07   	7.1772547E-07  	7.177462E-07   	7.17956E-07    	7.179114E-07   	7.1787514E-07  	7.1791874E-07  	7.179091E-07   	7.1769585E-07  	7.177465E-07   	7.1799275E-07  	7.1802117E-07  	7.1810285E-07  	7.181739E-07   	7.1796205E-07  	7.180455E-07   	7.182061E-07   	7.17967E-07    	7.1783245E-07  	7.1805454E-07  	7.1813236E-07  	7.176934E-07   	7.149859E-07   	7.1278276E-07  	7.1213697E-07  	7.102195E-07   	7.0320914E-07  	6.990277E-07   	6.990755E-07   	6.991943E-07   	6.990618E-07   	6.988602E-07   	6.989316E-07   	6.9882265E-07  	6.989336E-07   	6.9890183E-07  	6.989175E-07   	6.991448E-07   	6.9878286E-07  	6.9866843E-07  	6.9882753E-07  	6.98617E-07    	6.98649E-07    	6.9867104E-07  	6.9877626E-07  	6.987787E-07   	6.989488E-07   	6.990526E-07   	6.9896936E-07  	6.990176E-07   	6.991866E-07   	6.989581E-07   	6.990746E-07   	6.99538E-07    	6.998073E-07   	6.996203E-07   	6.994788E-07   	6.995386E-07   	
7.1841055E-07  	7.1585157E-07  	7.138476E-07   	7.1168654E-07  	7.0783307E-07  	7.0112884E-07  	7.003475E-07   	7.0017063E-07  	7.001791E-07   	7.000852E-07   	6.999256E-07   	7.000291E-07   	7.0006143E-07  	6.998108E-07   	6.996755E-07   	6.994781E-07   	6.9947305E-07  	6.9938085E-07  	6.993931E-07   	6.99346E-07    	6.9916024E-07  	6.9908884E-07  	6.987497E-07   	6.9844117E-07  	6.9845703E-07  	6.9751695E-07  	6.9652833E-07  	7.022888E-07   	7.066345E-07   	7.099411E-07   	7.124077E-07   	7.1545907E-07  	7.17509E-07    	7.18236E-07    	7.1854544E-07  	7.183531E-07   	7.1817203E-07  	7.1843345E-07  	7.1852446E-07  	7.183142E-07   	7.181922E-07   	7.1818636E-07  	7.182793E-07   	7.1826497E-07  	7.184423E-07   	7.1836496E-07  	7.182018E-07   	7.1828845E-07  	7.182855E-07   	7.1830743E-07  	7.1810234E-07  	7.179418E-07   	7.185066E-07   	7.188672E-07   	7.1801355E-07  	7.1839344E-07  	7.177944E-07   	7.164265E-07   	7.150206E-07   	7.14039E-07    	7.126268E-07   	7.124665E-07   	7.120666E-07   	7.1220927E-07  	7.108153E-07   	7.09932E-07    	7.090642E-07   	7.072224E-07   	7.0220455E-07  	6.990946E-07   	6.991756E-07   	6.989836E-07   	6.9886687E-07  	6.989257E-07   	6.990349E-07   	6.991374E-07   	6.9918946E-07  	6.992338E-07   	6.9887807E-07  	6.988885E-07   	6.990171E-07   	6.9905406E-07  	6.991852E-07   	6.99119E-07    	6.990162E-07   	6.9882304E-07  	6.987497E-07   	6.991147E-07   	6.9924704E-07  	6.9921754E-07  	6.9914364E-07  	6.991627E-07   	6.989032E-07   	6.9898533E-07  	6.992171E-07   	6.990981E-07   	6.995875E-07   	6.9970986E-07  	6.9968354E-07  	6.997632E-07   	
7.1909113E-07  	7.1842044E-07  	7.15601E-07    	7.134124E-07   	7.099307E-07   	7.021413E-07   	7.004597E-07   	7.005452E-07   	7.003718E-07   	7.003666E-07   	7.003649E-07   	7.0024987E-07  	7.004194E-07   	7.001669E-07   	7.001192E-07   	7.001443E-07   	6.9985896E-07  	6.9986237E-07  	6.9999237E-07  	6.9976244E-07  	6.996529E-07   	6.99595E-07    	6.994508E-07   	6.991585E-07   	6.9899085E-07  	6.9873323E-07  	6.9777445E-07  	6.976578E-07   	7.0424886E-07  	7.0783665E-07  	7.117716E-07   	7.1438234E-07  	7.169139E-07   	7.1836325E-07  	7.185385E-07   	7.18603E-07    	7.183904E-07   	7.184799E-07   	7.184284E-07   	7.183648E-07   	7.184525E-07   	7.1838184E-07  	7.1839463E-07  	7.1855027E-07  	7.186007E-07   	7.184771E-07   	7.1800997E-07  	7.1821677E-07  	7.174058E-07   	7.1665204E-07  	7.1528524E-07  	7.1431407E-07  	7.139441E-07   	7.144354E-07   	7.1379884E-07  	7.1266084E-07  	7.1220546E-07  	7.116687E-07   	7.105976E-07   	7.0921703E-07  	7.075943E-07   	7.064423E-07   	7.0586486E-07  	7.0450096E-07  	7.016609E-07   	6.9939654E-07  	6.997593E-07   	6.9964716E-07  	6.991672E-07   	6.9927967E-07  	6.9911994E-07  	6.991276E-07   	6.9918786E-07  	6.990662E-07   	6.991241E-07   	6.991945E-07   	6.99386E-07    	6.9929064E-07  	6.990253E-07   	6.9886994E-07  	6.9910203E-07  	6.9917627E-07  	6.992169E-07   	6.990223E-07   	6.989476E-07   	6.989733E-07   	6.9913204E-07  	6.989513E-07   	6.9923095E-07  	6.9917996E-07  	6.991822E-07   	6.993105E-07   	6.99175E-07    	6.991888E-07   	6.9931014E-07  	6.994571E-07   	6.9997145E-07  	7.001588E-07   	7.000465E-07   	7.0013635E-07  	
7.1853367E-07  	7.188422E-07   	7.1702186E-07  	7.1466343E-07  	7.129512E-07   	7.075937E-07   	7.0077624E-07  	7.00529E-07    	7.001977E-07   	6.9999714E-07  	7.0020934E-07  	6.9999055E-07  	6.9978995E-07  	6.997275E-07   	6.9937914E-07  	6.987968E-07   	6.980834E-07   	7.0006564E-07  	7.0072525E-07  	7.001622E-07   	7.002812E-07   	7.000389E-07   	7.0010304E-07  	6.9958963E-07  	6.993576E-07   	6.99E-07       	6.9852E-07     	6.972788E-07   	6.98942E-07    	7.063379E-07   	7.100908E-07   	7.1315054E-07  	7.159107E-07   	7.180559E-07   	7.1870664E-07  	7.1867623E-07  	7.188095E-07   	7.18874E-07    	7.187934E-07   	7.184153E-07   	7.1827776E-07  	7.184169E-07   	7.173405E-07   	7.1731085E-07  	7.1604586E-07  	7.1551983E-07  	7.1440667E-07  	7.142167E-07   	7.127339E-07   	7.118462E-07   	7.1098145E-07  	7.0980917E-07  	7.0884863E-07  	7.0732295E-07  	7.0685917E-07  	7.055632E-07   	7.0413125E-07  	7.021756E-07   	7.0088754E-07  	7.009592E-07   	7.0072565E-07  	7.003211E-07   	7.003097E-07   	7.0037066E-07  	7.002494E-07   	7.001105E-07   	6.9968655E-07  	6.9942837E-07  	6.995525E-07   	6.9954626E-07  	6.994993E-07   	6.994802E-07   	6.99482E-07    	6.9944247E-07  	6.994355E-07   	6.995916E-07   	6.995759E-07   	6.994504E-07   	6.9929047E-07  	6.995304E-07   	6.993835E-07   	6.992377E-07   	6.995773E-07   	6.9954626E-07  	6.9951335E-07  	6.996114E-07   	6.9933645E-07  	6.995122E-07   	6.996037E-07   	6.9940813E-07  	6.995958E-07   	6.998051E-07   	6.996834E-07   	6.9981974E-07  	6.9980314E-07  	6.9971065E-07  	6.9994735E-07  	7.0059446E-07  	7.010082E-07   	7.0093546E-07  	
7.192873E-07   	7.195323E-07   	7.186554E-07   	7.1598913E-07  	7.1424347E-07  	7.1128716E-07  	7.0478353E-07  	7.0100356E-07  	7.01102E-07    	7.0095143E-07  	7.0086816E-07  	7.0062566E-07  	7.0074077E-07  	7.0070996E-07  	7.008025E-07   	7.0090726E-07  	7.0096127E-07  	7.0048065E-07  	7.004584E-07   	7.002947E-07   	7.000782E-07   	7.0030626E-07  	7.0018064E-07  	7.0011333E-07  	6.999689E-07   	6.9958344E-07  	6.9932537E-07  	6.985633E-07   	6.975652E-07   	7.0393196E-07  	7.0883345E-07  	7.122075E-07   	7.1387075E-07  	7.1630177E-07  	7.177172E-07   	7.1770603E-07  	7.1587E-07     	7.14021E-07    	7.135287E-07   	7.127097E-07   	7.1261087E-07  	7.1274934E-07  	7.1168614E-07  	7.1097503E-07  	7.097724E-07   	7.082466E-07   	7.065352E-07   	7.060236E-07   	7.0409317E-07  	7.0231295E-07  	7.003885E-07   	7.0082376E-07  	7.0080637E-07  	7.005215E-07   	7.005976E-07   	7.0059747E-07  	7.0066466E-07  	7.004899E-07   	7.003426E-07   	7.002659E-07   	6.998666E-07   	6.9995775E-07  	6.998949E-07   	6.9977966E-07  	7.0008247E-07  	7.001062E-07   	7.0017853E-07  	6.9975465E-07  	6.99621E-07    	6.99939E-07    	6.999766E-07   	6.9963744E-07  	6.9944497E-07  	6.99419E-07    	6.99585E-07    	6.9978813E-07  	6.995281E-07   	6.997453E-07   	6.997694E-07   	6.995683E-07   	6.995887E-07   	6.997606E-07   	6.9982644E-07  	6.997389E-07   	6.995341E-07   	6.9971503E-07  	6.997028E-07   	6.9971236E-07  	6.9996173E-07  	6.9992967E-07  	6.998701E-07   	6.9993763E-07  	6.9989056E-07  	7.0006763E-07  	6.9999567E-07  	6.999402E-07   	7.0012385E-07  	7.003735E-07   	7.007508E-07   	7.0128056E-07  	
7.194984E-07   	7.195481E-07   	7.193135E-07   	7.1771416E-07  	7.153417E-07   	7.141572E-07   	7.0872346E-07  	7.014862E-07   	7.0123366E-07  	7.0132273E-07  	7.011384E-07   	7.012325E-07   	7.0113856E-07  	7.0111594E-07  	7.013252E-07   	7.0105045E-07  	7.012137E-07   	7.0116295E-07  	7.008392E-07   	7.007522E-07   	7.004685E-07   	7.0066625E-07  	7.0075475E-07  	7.004202E-07   	7.002016E-07   	7.001867E-07   	6.9985026E-07  	6.9903587E-07  	6.9796135E-07  	7.006451E-07   	7.075795E-07   	7.081873E-07   	7.088456E-07   	7.111077E-07   	7.131846E-07   	7.1288116E-07  	7.1033986E-07  	7.083234E-07   	7.074548E-07   	7.0632535E-07  	7.0540835E-07  	7.041884E-07   	7.023583E-07   	7.008288E-07   	7.0056694E-07  	7.009678E-07   	7.0080927E-07  	7.006024E-07   	7.0036447E-07  	7.0035287E-07  	7.005127E-07   	7.005015E-07   	7.002376E-07   	7.001659E-07   	7.0029836E-07  	7.0023736E-07  	7.00142E-07    	7.001253E-07   	7.001684E-07   	7.0002204E-07  	7.0032195E-07  	7.0024464E-07  	6.99925E-07    	7.0008684E-07  	7.0005694E-07  	7.001162E-07   	7.001992E-07   	6.999852E-07   	6.999737E-07   	7.0006405E-07  	6.999976E-07   	6.998405E-07   	6.996786E-07   	6.998239E-07   	6.9978853E-07  	6.9975755E-07  	6.9975516E-07  	7.000398E-07   	7.000111E-07   	6.997856E-07   	6.9972145E-07  	6.996917E-07   	6.9975465E-07  	7.0008264E-07  	6.9993933E-07  	6.999648E-07   	6.9978796E-07  	6.9989636E-07  	7.000458E-07   	6.998667E-07   	6.9987664E-07  	7.000763E-07   	6.999786E-07   	7.0006143E-07  	7.0002744E-07  	6.9982144E-07  	6.999597E-07   	7.0066443E-07  	7.0120365E-07  	7.015451E-07   	
7.1977536E-07  	7.197962E-07   	7.197782E-07   	7.1959334E-07  	7.177265E-07   	7.15294E-07    	7.126224E-07   	7.0623037E-07  	7.015193E-07   	7.0142926E-07  	7.01434E-07    	7.013223E-07   	7.015476E-07   	7.012802E-07   	7.011826E-07   	7.0136224E-07  	7.014571E-07   	7.0115874E-07  	7.0128414E-07  	7.0114834E-07  	7.011368E-07   	7.0066847E-07  	7.0049157E-07  	7.0043126E-07  	7.002568E-07   	7.000751E-07   	6.998793E-07   	6.997672E-07   	6.9935476E-07  	6.988089E-07   	6.977308E-07   	6.994839E-07   	7.0159683E-07  	7.021366E-07   	7.024103E-07   	7.014961E-07   	7.0111565E-07  	7.0138105E-07  	7.012635E-07   	7.003541E-07   	7.006436E-07   	7.011566E-07   	7.014624E-07   	7.0146984E-07  	7.0109195E-07  	7.008356E-07   	7.008101E-07   	7.007539E-07   	7.0079744E-07  	7.0070126E-07  	7.00509E-07    	7.004469E-07   	7.0043956E-07  	7.0035236E-07  	7.004357E-07   	7.0048725E-07  	7.005166E-07   	7.005441E-07   	7.0017126E-07  	7.0019126E-07  	7.0048804E-07  	7.004635E-07   	7.004187E-07   	7.0041796E-07  	7.002454E-07   	7.0047247E-07  	7.0054364E-07  	7.005194E-07   	7.0024896E-07  	7.000736E-07   	7.0000914E-07  	6.9995934E-07  	7.000036E-07   	7.001884E-07   	7.0026516E-07  	7.000415E-07   	7.000963E-07   	7.0008025E-07  	6.999592E-07   	7.0026545E-07  	7.002447E-07   	7.0007013E-07  	7.0009617E-07  	6.9992484E-07  	7.000378E-07   	7.0019917E-07  	7.000006E-07   	7.000229E-07   	7.0048657E-07  	7.002468E-07   	7.001123E-07   	7.0037953E-07  	7.0032974E-07  	7.0024447E-07  	7.003873E-07   	7.003369E-07   	7.0035986E-07  	7.006646E-07   	7.0106944E-07  	7.013046E-07   	
7.1983015E-07  	7.1989297E-07  	7.199748E-07   	7.19994E-07    	7.185526E-07   	7.1590233E-07  	7.1461733E-07  	7.115947E-07   	7.046269E-07   	7.01839E-07    	7.0174485E-07  	7.0127317E-07  	7.013518E-07   	7.014173E-07   	7.0122303E-07  	7.013344E-07   	7.0147524E-07  	7.010338E-07   	7.009339E-07   	7.010265E-07   	7.0119665E-07  	7.010769E-07   	7.0092057E-07  	7.010168E-07   	7.0104994E-07  	7.008456E-07   	7.010124E-07   	7.0116414E-07  	7.009591E-07   	7.008817E-07   	7.0079466E-07  	7.0102016E-07  	7.01134E-07    	7.010453E-07   	7.0117903E-07  	7.0126754E-07  	7.0115806E-07  	7.0127567E-07  	7.012658E-07   	7.014276E-07   	7.01303E-07    	7.0110246E-07  	7.0158495E-07  	7.01844E-07    	7.016689E-07   	7.0171717E-07  	7.012728E-07   	7.0076663E-07  	7.008522E-07   	7.006488E-07   	7.006072E-07   	7.008647E-07   	7.007707E-07   	7.008598E-07   	7.00736E-07    	7.007214E-07   	7.007035E-07   	7.006795E-07   	7.0054614E-07  	7.0046144E-07  	7.0040664E-07  	7.0068126E-07  	7.006607E-07   	7.005991E-07   	7.00765E-07    	7.006323E-07   	7.0055785E-07  	7.0098355E-07  	7.0075E-07     	7.007318E-07   	7.0047145E-07  	7.00609E-07    	7.0038135E-07  	7.00257E-07    	7.002729E-07   	7.0038374E-07  	7.0021923E-07  	7.0021184E-07  	7.00255E-07    	7.0020894E-07  	7.001995E-07   	7.0016745E-07  	7.003195E-07   	7.0020235E-07  	7.002781E-07   	7.004269E-07   	7.003449E-07   	7.004523E-07   	7.0058746E-07  	7.0026545E-07  	7.003703E-07   	7.006174E-07   	7.0048804E-07  	7.00494E-07    	7.00367E-07    	7.004747E-07   	7.00596E-07    	7.0083445E-07  	7.0122337E-07  	7.014131E-07   	
7.2032464E-07  	7.202053E-07   	7.196089E-07   	7.19229E-07    	7.1768574E-07  	7.1546197E-07  	7.1388354E-07  	7.128149E-07   	7.0653863E-07  	7.013224E-07   	7.0127663E-07  	7.0126333E-07  	7.012661E-07   	7.0118244E-07  	7.013575E-07   	7.012999E-07   	7.012406E-07   	7.011037E-07   	7.0102936E-07  	7.0100964E-07  	7.008642E-07   	7.007928E-07   	7.0081137E-07  	7.0070956E-07  	7.006424E-07   	7.005301E-07   	7.005004E-07   	7.0069177E-07  	7.0054546E-07  	7.006013E-07   	7.007024E-07   	7.0049686E-07  	7.0074543E-07  	7.005613E-07   	7.0054875E-07  	7.010745E-07   	7.011203E-07   	7.0097803E-07  	7.011296E-07   	7.008899E-07   	7.0080625E-07  	7.009123E-07   	7.0070166E-07  	7.01106E-07    	7.0146075E-07  	7.012734E-07   	7.011311E-07   	7.008708E-07   	7.008824E-07   	7.0101333E-07  	7.009002E-07   	7.007445E-07   	7.006553E-07   	7.0099327E-07  	7.009382E-07   	7.0083104E-07  	7.0067546E-07  	7.0060327E-07  	7.007339E-07   	7.007658E-07   	7.0066557E-07  	7.00809E-07    	7.0083917E-07  	7.0083155E-07  	7.00843E-07    	7.009975E-07   	7.008207E-07   	7.0066767E-07  	7.007889E-07   	7.0063885E-07  	7.0040267E-07  	7.004374E-07   	7.004041E-07   	7.0041756E-07  	7.0045655E-07  	7.004065E-07   	7.00367E-07    	7.006697E-07   	7.003354E-07   	7.004747E-07   	7.005323E-07   	7.004303E-07   	7.0040494E-07  	7.0027374E-07  	7.0022105E-07  	7.0015915E-07  	7.0029023E-07  	7.005389E-07   	7.0042813E-07  	7.0044047E-07  	7.002475E-07   	7.001737E-07   	7.0027727E-07  	7.0015705E-07  	6.9997134E-07  	6.998813E-07   	6.9975664E-07  	6.994983E-07   	7.006933E-07   	7.0270335E-07  	
7.1472726E-07  	7.1486744E-07  	7.141559E-07   	7.139254E-07   	7.137835E-07   	7.125463E-07   	7.101657E-07   	7.082889E-07   	7.065687E-07   	7.0166533E-07  	7.0106114E-07  	7.010265E-07   	7.0100583E-07  	7.009809E-07   	7.010637E-07   	7.011161E-07   	7.008426E-07   	7.008407E-07   	7.0087077E-07  	7.009752E-07   	7.0084747E-07  	7.007553E-07   	7.009047E-07   	7.009535E-07   	7.006106E-07   	7.0080665E-07  	7.007299E-07   	7.0076976E-07  	7.00832E-07    	7.0075475E-07  	7.009365E-07   	7.006502E-07   	7.006932E-07   	7.0090357E-07  	7.007516E-07   	7.007892E-07   	7.008592E-07   	7.00962E-07    	7.0062976E-07  	7.007665E-07   	7.0134183E-07  	7.010573E-07   	7.0092585E-07  	7.0086105E-07  	7.0097985E-07  	7.009071E-07   	7.0077476E-07  	7.0092796E-07  	7.00991E-07    	7.0087634E-07  	7.0100776E-07  	7.0133893E-07  	7.013466E-07   	7.013645E-07   	7.015052E-07   	7.012422E-07   	7.00602E-07    	7.005253E-07   	7.0076976E-07  	7.007081E-07   	7.005284E-07   	7.0054347E-07  	7.005794E-07   	7.0074486E-07  	7.0083775E-07  	7.008542E-07   	7.0079864E-07  	7.006351E-07   	7.0094103E-07  	7.0106273E-07  	7.0056734E-07  	7.00551E-07    	7.0050066E-07  	7.0041784E-07  	7.003249E-07   	7.003784E-07   	7.0054523E-07  	7.004113E-07   	7.0039414E-07  	7.0047247E-07  	7.0044746E-07  	7.002282E-07   	7.001279E-07   	7.0027926E-07  	7.0013385E-07  	7.002226E-07   	7.003581E-07   	7.001478E-07   	7.00276E-07    	7.0028534E-07  	7.0020155E-07  	7.0035253E-07  	7.004927E-07   	7.0026647E-07  	7.0011737E-07  	6.997775E-07   	6.991992E-07   	6.9962186E-07  	7.036402E-07   	7.094893E-07   	
7.103869E-07   	7.084082E-07   	7.069019E-07   	7.0496213E-07  	7.039075E-07   	7.0312217E-07  	7.0246216E-07  	7.0171905E-07  	7.015702E-07   	7.017431E-07   	7.014029E-07   	7.0152015E-07  	7.0128897E-07  	7.0130926E-07  	7.015531E-07   	7.0141886E-07  	7.01272E-07    	7.0100515E-07  	7.010149E-07   	7.010659E-07   	7.010003E-07   	7.0098287E-07  	7.0089106E-07  	7.0109263E-07  	7.0093347E-07  	7.009216E-07   	7.008333E-07   	7.0095894E-07  	7.009712E-07   	7.011014E-07   	7.0107285E-07  	7.013897E-07   	7.0148536E-07  	7.0142926E-07  	7.011894E-07   	7.009955E-07   	7.0109064E-07  	7.013793E-07   	7.014031E-07   	7.014646E-07   	7.013995E-07   	7.0123804E-07  	7.011904E-07   	7.0118386E-07  	7.01224E-07    	7.011752E-07   	7.011238E-07   	7.0104426E-07  	7.0131614E-07  	7.0110485E-07  	7.009047E-07   	7.013015E-07   	7.015964E-07   	7.017505E-07   	7.015918E-07   	7.012331E-07   	7.007471E-07   	7.0079363E-07  	7.0073105E-07  	7.007722E-07   	7.008405E-07   	7.0068467E-07  	7.006309E-07   	7.0072826E-07  	7.0113776E-07  	7.0139157E-07  	7.0151594E-07  	7.014171E-07   	7.012918E-07   	7.010653E-07   	7.0083445E-07  	7.004183E-07   	7.0035384E-07  	7.000873E-07   	7.000995E-07   	7.001601E-07   	7.000752E-07   	7.001432E-07   	7.0021304E-07  	7.0003927E-07  	7.000564E-07   	7.0022094E-07  	7.004802E-07   	7.003015E-07   	6.9983827E-07  	7.0028733E-07  	7.00271E-07    	7.0033286E-07  	7.0030933E-07  	7.002618E-07   	7.00391E-07    	7.0049225E-07  	7.0050373E-07  	7.0045456E-07  	7.002445E-07   	6.995357E-07   	6.9961305E-07  	7.0734086E-07  	7.1449625E-07  	7.173203E-07   	
7.0279583E-07  	7.019994E-07   	7.0207227E-07  	7.024409E-07   	7.0241055E-07  	7.0240355E-07  	7.021491E-07   	7.016904E-07   	7.016377E-07   	7.0156847E-07  	7.0158467E-07  	7.0162463E-07  	7.0157074E-07  	7.011924E-07   	7.0107484E-07  	7.012448E-07   	7.0120103E-07  	7.010696E-07   	7.011974E-07   	7.0095285E-07  	7.0108734E-07  	7.011947E-07   	7.011806E-07   	7.01523E-07    	7.013754E-07   	7.011146E-07   	7.0112725E-07  	7.0111076E-07  	7.0103533E-07  	7.010877E-07   	7.012748E-07   	7.0085105E-07  	7.00832E-07    	7.010837E-07   	7.010935E-07   	7.009592E-07   	7.0091943E-07  	7.0134587E-07  	7.016641E-07   	7.01864E-07    	7.018843E-07   	7.0212985E-07  	7.019631E-07   	7.0136264E-07  	7.0112117E-07  	7.0127953E-07  	7.0122115E-07  	7.0114436E-07  	7.01083E-07    	7.01218E-07    	7.010865E-07   	7.0105733E-07  	7.0106796E-07  	7.009125E-07   	7.009857E-07   	7.007906E-07   	7.0060025E-07  	7.0060366E-07  	7.008688E-07   	7.008742E-07   	7.009662E-07   	7.0083405E-07  	7.007525E-07   	7.007668E-07   	7.008558E-07   	7.0102044E-07  	7.014255E-07   	7.013781E-07   	7.010779E-07   	7.0122417E-07  	7.012471E-07   	7.006993E-07   	7.006486E-07   	7.0033866E-07  	7.003677E-07   	7.0065107E-07  	7.006588E-07   	7.006932E-07   	7.0073065E-07  	7.004967E-07   	7.007613E-07   	7.0083104E-07  	7.007573E-07   	7.0099145E-07  	7.009231E-07   	7.008017E-07   	7.009081E-07   	7.0126424E-07  	7.0122974E-07  	7.011155E-07   	7.0117693E-07  	7.0107126E-07  	7.0072366E-07  	7.0075E-07     	7.0051715E-07  	7.001751E-07   	6.997857E-07   	7.058373E-07   	7.130532E-07   	7.1632803E-07  	
7.018836E-07   	7.01779E-07    	7.0183586E-07  	7.0204084E-07  	7.0207034E-07  	7.0177344E-07  	7.019261E-07   	7.017326E-07   	7.0135866E-07  	7.0141795E-07  	7.015248E-07   	7.0142704E-07  	7.0126E-07     	7.0131506E-07  	7.0123633E-07  	7.012455E-07   	7.0108257E-07  	7.011011E-07   	7.010472E-07   	7.0109485E-07  	7.012522E-07   	7.010666E-07   	7.0117153E-07  	7.011792E-07   	7.0102243E-07  	7.010603E-07   	7.0068666E-07  	7.006437E-07   	7.0076504E-07  	7.009474E-07   	7.009174E-07   	7.0109144E-07  	7.0087094E-07  	7.007923E-07   	7.008596E-07   	7.0101703E-07  	7.0089067E-07  	7.0096786E-07  	7.007434E-07   	7.009943E-07   	7.012199E-07   	7.0139197E-07  	7.014361E-07   	7.011023E-07   	7.0072184E-07  	7.007171E-07   	7.006091E-07   	7.00483E-07    	7.0057047E-07  	7.0038016E-07  	7.0032564E-07  	7.002816E-07   	7.0020303E-07  	7.00123E-07    	6.998422E-07   	6.993044E-07   	6.9903854E-07  	6.998644E-07   	7.047801E-07   	7.0555495E-07  	7.044252E-07   	7.0285574E-07  	7.0068666E-07  	7.000393E-07   	7.000338E-07   	6.99718E-07    	6.9982866E-07  	6.9943945E-07  	7.0108445E-07  	7.03419E-07    	7.05131E-07    	7.058438E-07   	7.005267E-07   	7.005341E-07   	7.0032974E-07  	7.0043103E-07  	7.005743E-07   	7.00533E-07    	7.00749E-07    	7.0086725E-07  	7.0082274E-07  	7.0088095E-07  	7.008177E-07   	7.0086674E-07  	7.0101584E-07  	7.009977E-07   	7.011298E-07   	7.0109763E-07  	7.0101277E-07  	7.0084764E-07  	7.0070837E-07  	7.007573E-07   	7.0074384E-07  	7.007543E-07   	7.0047935E-07  	6.996328E-07   	7.000137E-07   	7.0643995E-07  	7.116095E-07   	7.139933E-07   	
7.018886E-07   	7.0185143E-07  	7.0169295E-07  	7.018192E-07   	7.015333E-07   	7.0159024E-07  	7.0193784E-07  	7.0174275E-07  	7.014269E-07   	7.013054E-07   	7.015848E-07   	7.0140214E-07  	7.0121047E-07  	7.012123E-07   	7.012732E-07   	7.0117363E-07  	7.009932E-07   	7.0100833E-07  	7.0093745E-07  	7.0094404E-07  	7.009522E-07   	7.012019E-07   	7.013845E-07   	7.0105744E-07  	7.012136E-07   	7.0118205E-07  	7.00752E-07    	7.009106E-07   	7.0079307E-07  	7.008112E-07   	7.008223E-07   	7.0084985E-07  	7.0069746E-07  	7.0069177E-07  	7.004373E-07   	7.0039016E-07  	7.00691E-07    	7.006551E-07   	7.0049236E-07  	7.006453E-07   	7.007679E-07   	7.011698E-07   	7.009972E-07   	7.0109377E-07  	7.007672E-07   	7.0047753E-07  	7.0008304E-07  	7.000775E-07   	7.0013624E-07  	6.998626E-07   	6.9985396E-07  	6.9974146E-07  	6.99589E-07    	6.989559E-07   	6.982392E-07   	6.9986044E-07  	7.0363876E-07  	7.057893E-07   	7.079798E-07   	7.08906E-07    	7.071988E-07   	7.029259E-07   	7.0284773E-07  	7.055194E-07   	7.059859E-07   	7.057012E-07   	7.061014E-07   	7.057177E-07   	7.0536146E-07  	7.068818E-07   	7.116E-07      	7.143465E-07   	7.1362E-07     	7.1212276E-07  	7.1122577E-07  	7.042294E-07   	7.014371E-07   	7.0113595E-07  	7.0124736E-07  	7.011294E-07   	7.011246E-07   	7.010777E-07   	7.009319E-07   	7.0116783E-07  	7.0098696E-07  	7.0101663E-07  	7.011746E-07   	7.009891E-07   	7.01106E-07    	7.0121195E-07  	7.010687E-07   	7.011277E-07   	7.0100907E-07  	7.0077687E-07  	7.006634E-07   	7.002964E-07   	6.9982116E-07  	7.042606E-07   	7.099909E-07   	7.1257983E-07  	
7.02234E-07    	7.0201884E-07  	7.0194915E-07  	7.0187303E-07  	7.019994E-07   	7.021462E-07   	7.0199815E-07  	7.021654E-07   	7.020723E-07   	7.0195523E-07  	7.015376E-07   	7.0174457E-07  	7.0171427E-07  	7.0149974E-07  	7.0163145E-07  	7.0139083E-07  	7.0157506E-07  	7.015069E-07   	7.0123906E-07  	7.013138E-07   	7.0131046E-07  	7.012915E-07   	7.010105E-07   	7.0119495E-07  	7.013515E-07   	7.0113424E-07  	7.0114515E-07  	7.0120507E-07  	7.011164E-07   	7.011185E-07   	7.0083433E-07  	7.0093034E-07  	7.0083496E-07  	7.0081234E-07  	7.0055205E-07  	7.0067745E-07  	7.007162E-07   	7.008303E-07   	7.0091335E-07  	7.013092E-07   	7.013156E-07   	7.01301E-07    	7.008779E-07   	7.008237E-07   	7.009139E-07   	7.00598E-07    	7.001001E-07   	7.0001494E-07  	6.9978927E-07  	6.993168E-07   	6.989547E-07   	6.9884E-07     	7.01811E-07    	7.0321687E-07  	7.038911E-07   	7.056725E-07   	7.06098E-07    	7.057638E-07   	7.0563436E-07  	7.058235E-07   	7.056129E-07   	7.0515483E-07  	7.056816E-07   	7.108209E-07   	7.1363286E-07  	7.167004E-07   	7.18337E-07    	7.1885864E-07  	7.1912166E-07  	7.1968583E-07  	7.1983226E-07  	7.1991764E-07  	7.1911046E-07  	7.1728283E-07  	7.143849E-07   	7.1022697E-07  	7.019844E-07   	7.014269E-07   	7.014174E-07   	7.014345E-07   	7.0123355E-07  	7.013616E-07   	7.013273E-07   	7.011337E-07   	7.012897E-07   	7.0130244E-07  	7.0124685E-07  	7.0133643E-07  	7.012239E-07   	7.0138645E-07  	7.0130073E-07  	7.01469E-07    	7.012435E-07   	7.0082524E-07  	7.0086867E-07  	7.006889E-07   	7.002493E-07   	7.019805E-07   	7.074158E-07   	7.108433E-07   	
7.020037E-07   	7.0220636E-07  	7.0207443E-07  	7.0229447E-07  	7.0193573E-07  	7.0206056E-07  	7.025495E-07   	7.02605E-07    	7.0224115E-07  	7.020558E-07   	7.017531E-07   	7.0191584E-07  	7.0174366E-07  	7.014354E-07   	7.015228E-07   	7.018978E-07   	7.0160723E-07  	7.0151583E-07  	7.015575E-07   	7.0146143E-07  	7.013585E-07   	7.014855E-07   	7.0146586E-07  	7.014012E-07   	7.014765E-07   	7.011965E-07   	7.0089766E-07  	7.008908E-07   	7.0078534E-07  	7.0080483E-07  	7.0087964E-07  	7.0076E-07     	7.0069757E-07  	7.007229E-07   	7.005336E-07   	7.0053073E-07  	7.0043717E-07  	7.0029864E-07  	7.002189E-07   	7.001034E-07   	7.005047E-07   	7.0023424E-07  	6.993339E-07   	6.986682E-07   	7.002822E-07   	7.0207557E-07  	7.022798E-07   	7.03598E-07    	7.057245E-07   	7.0575476E-07  	7.0575896E-07  	7.0560014E-07  	7.053574E-07   	7.053151E-07   	7.072159E-07   	7.115308E-07   	7.1364474E-07  	7.157462E-07   	7.1799957E-07  	7.1860063E-07  	7.191644E-07   	7.1948324E-07  	7.194156E-07   	7.196658E-07   	7.1972426E-07  	7.1956794E-07  	7.19764E-07    	7.1972323E-07  	7.19616E-07    	7.1983385E-07  	7.1996135E-07  	7.198834E-07   	7.1973466E-07  	7.1863303E-07  	7.160802E-07   	7.145501E-07   	7.091325E-07   	7.0176594E-07  	7.013473E-07   	7.0162844E-07  	7.014056E-07   	7.0123366E-07  	7.013378E-07   	7.014927E-07   	7.0137224E-07  	7.014273E-07   	7.01471E-07    	7.016174E-07   	7.013306E-07   	7.014391E-07   	7.0170364E-07  	7.0153504E-07  	7.009861E-07   	7.012453E-07   	7.0113146E-07  	7.008237E-07   	7.003511E-07   	7.0113197E-07  	7.0582854E-07  	7.0871744E-07  	
7.020452E-07   	7.020291E-07   	7.0188975E-07  	7.017671E-07   	7.0228697E-07  	7.0239054E-07  	7.02469E-07    	7.025758E-07   	7.023784E-07   	7.0205147E-07  	7.017011E-07   	7.016861E-07   	7.014337E-07   	7.0153754E-07  	7.018029E-07   	7.015482E-07   	7.0143767E-07  	7.015219E-07   	7.012551E-07   	7.013467E-07   	7.0101333E-07  	7.011513E-07   	7.010567E-07   	7.0098685E-07  	7.01027E-07    	7.00994E-07    	7.00602E-07    	7.0078977E-07  	7.007E-07      	7.007685E-07   	7.0065147E-07  	7.005094E-07   	7.002567E-07   	7.002165E-07   	7.00393E-07    	7.001825E-07   	6.9997543E-07  	7.001312E-07   	6.9983724E-07  	6.99074E-07    	6.9838364E-07  	7.0272586E-07  	7.059347E-07   	7.0567165E-07  	7.0569854E-07  	7.054362E-07   	7.053381E-07   	7.068145E-07   	7.11197E-07    	7.142122E-07   	7.175082E-07   	7.187438E-07   	7.1933374E-07  	7.1962893E-07  	7.193729E-07   	7.1964763E-07  	7.196178E-07   	7.1975364E-07  	7.1982294E-07  	7.1975404E-07  	7.197477E-07   	7.1988455E-07  	7.1987523E-07  	7.197691E-07   	7.197421E-07   	7.198104E-07   	7.198595E-07   	7.197982E-07   	7.199057E-07   	7.199481E-07   	7.199979E-07   	7.200598E-07   	7.2032213E-07  	7.197335E-07   	7.177797E-07   	7.153732E-07   	7.1343334E-07  	7.073207E-07   	7.0177896E-07  	7.015391E-07   	7.0166294E-07  	7.0169585E-07  	7.0162446E-07  	7.015313E-07   	7.016407E-07   	7.017709E-07   	7.0168505E-07  	7.01756E-07    	7.0159456E-07  	7.0145E-07     	7.0156443E-07  	7.012995E-07   	7.0130176E-07  	7.0162815E-07  	7.014076E-07   	7.0121166E-07  	7.0099037E-07  	7.0035156E-07  	7.0295783E-07  	7.061143E-07   	
7.0221705E-07  	7.019597E-07   	7.0183046E-07  	7.0199076E-07  	7.024115E-07   	7.024338E-07   	7.0247995E-07  	7.0252077E-07  	7.0196245E-07  	7.017242E-07   	7.015076E-07   	7.012729E-07   	7.018419E-07   	7.0186906E-07  	7.015107E-07   	7.014843E-07   	7.015943E-07   	7.012782E-07   	7.014262E-07   	7.0138617E-07  	7.011026E-07   	7.010735E-07   	7.01108E-07    	7.010499E-07   	7.010979E-07   	7.0115203E-07  	7.0093944E-07  	7.0083985E-07  	7.00901E-07    	7.007793E-07   	7.0057126E-07  	7.005873E-07   	7.0057763E-07  	7.003919E-07   	7.004005E-07   	7.000849E-07   	6.9978074E-07  	6.9948595E-07  	6.980163E-07   	7.023894E-07   	7.097573E-07   	7.144185E-07   	7.167139E-07   	7.1821574E-07  	7.1914707E-07  	7.1927343E-07  	7.195381E-07   	7.1973875E-07  	7.196801E-07   	7.1962313E-07  	7.1935204E-07  	7.195067E-07   	7.196327E-07   	7.1948983E-07  	7.1962626E-07  	7.1951877E-07  	7.1951587E-07  	7.195601E-07   	7.1943333E-07  	7.1966724E-07  	7.1952354E-07  	7.194656E-07   	7.195226E-07   	7.197139E-07   	7.196244E-07   	7.1961676E-07  	7.197107E-07   	7.197247E-07   	7.196441E-07   	7.1969976E-07  	7.1993264E-07  	7.1997516E-07  	7.1993946E-07  	7.1980156E-07  	7.185759E-07   	7.1622077E-07  	7.147958E-07   	7.117657E-07   	7.027728E-07   	7.012548E-07   	7.013326E-07   	7.013788E-07   	7.013762E-07   	7.014208E-07   	7.019876E-07   	7.017411E-07   	7.0155016E-07  	7.013664E-07   	7.015502E-07   	7.0124844E-07  	7.013659E-07   	7.012642E-07   	7.012612E-07   	7.014764E-07   	7.013415E-07   	7.0105654E-07  	7.009414E-07   	7.005585E-07   	7.014469E-07   	7.0374523E-07  	
7.0263184E-07  	7.022309E-07   	7.020957E-07   	7.019659E-07   	7.021527E-07   	7.023168E-07   	7.02343E-07    	7.0252287E-07  	7.023337E-07   	7.0164236E-07  	7.0140317E-07  	7.013994E-07   	7.014558E-07   	7.0145296E-07  	7.012468E-07   	7.012924E-07   	7.013228E-07   	7.0126447E-07  	7.0133353E-07  	7.0121934E-07  	7.0109303E-07  	7.0114527E-07  	7.0108234E-07  	7.009325E-07   	7.0080176E-07  	7.0070763E-07  	7.006398E-07   	7.006266E-07   	7.004048E-07   	7.002413E-07   	7.003195E-07   	7.0048867E-07  	7.0042483E-07  	7.0024606E-07  	6.999348E-07   	6.996764E-07   	6.985902E-07   	6.981257E-07   	7.0420674E-07  	7.1872773E-07  	7.31336E-07    	7.3669344E-07  	7.3076546E-07  	7.203848E-07   	7.1944044E-07  	7.1940406E-07  	7.1933204E-07  	7.1934494E-07  	7.19292E-07    	7.193644E-07   	7.192841E-07   	7.195072E-07   	7.194422E-07   	7.1946323E-07  	7.1943305E-07  	7.193702E-07   	7.1918976E-07  	7.19297E-07    	7.192313E-07   	7.1932345E-07  	7.194938E-07   	7.194788E-07   	7.192943E-07   	7.1936046E-07  	7.194028E-07   	7.1931476E-07  	7.194852E-07   	7.1946044E-07  	7.194168E-07   	7.1950154E-07  	7.194892E-07   	7.194458E-07   	7.196558E-07   	7.196488E-07   	7.194473E-07   	7.180073E-07   	7.1576505E-07  	7.1386097E-07  	7.0837837E-07  	7.0126754E-07  	7.013304E-07   	7.01234E-07    	7.0124304E-07  	7.0112975E-07  	7.015221E-07   	7.0162247E-07  	7.0147274E-07  	7.01312E-07    	7.013162E-07   	7.013648E-07   	7.0124105E-07  	7.0132603E-07  	7.0139623E-07  	7.012368E-07   	7.0088856E-07  	7.0065147E-07  	7.005485E-07   	6.9992785E-07  	7.007039E-07   	7.0307385E-07  	
7.0263536E-07  	7.024173E-07   	7.024059E-07   	7.019503E-07   	7.021306E-07   	7.0189753E-07  	7.0165436E-07  	7.0146075E-07  	7.015262E-07   	7.016025E-07   	7.0169085E-07  	7.014852E-07   	7.01445E-07    	7.012324E-07   	7.011612E-07   	7.011887E-07   	7.01044E-07    	7.008741E-07   	7.0067784E-07  	7.0063885E-07  	7.006237E-07   	7.005375E-07   	7.0037436E-07  	7.003105E-07   	7.0046417E-07  	7.0033553E-07  	7.0057274E-07  	7.0074515E-07  	7.005628E-07   	7.0012845E-07  	6.9998856E-07  	6.996698E-07   	6.995478E-07   	6.9939375E-07  	6.987088E-07   	6.975077E-07   	7.03701E-07    	7.142295E-07   	7.225667E-07   	7.311776E-07   	7.375785E-07   	7.421915E-07   	7.4258855E-07  	7.415008E-07   	7.3892176E-07  	7.31699E-07    	7.2083077E-07  	7.192542E-07   	7.192405E-07   	7.192333E-07   	7.191232E-07   	7.192422E-07   	7.194493E-07   	7.195468E-07   	7.193398E-07   	7.1932584E-07  	7.1944254E-07  	7.19424E-07    	7.1929657E-07  	7.192472E-07   	7.194278E-07   	7.1940894E-07  	7.194751E-07   	7.19333E-07    	7.1925285E-07  	7.192919E-07   	7.1933783E-07  	7.1946937E-07  	7.193282E-07   	7.193885E-07   	7.1972073E-07  	7.197593E-07   	7.198171E-07   	7.196881E-07   	7.195591E-07   	7.183697E-07   	7.155969E-07   	7.1448596E-07  	7.1201606E-07  	7.0672723E-07  	7.0109394E-07  	7.011653E-07   	7.0104187E-07  	7.0099526E-07  	7.0098315E-07  	7.0126936E-07  	7.012562E-07   	7.012883E-07   	7.012414E-07   	7.0141107E-07  	7.014158E-07   	7.012121E-07   	7.012502E-07   	7.0099725E-07  	7.0097985E-07  	7.0084286E-07  	7.006778E-07   	7.007942E-07   	7.007359E-07   	7.011796E-07   	
7.011244E-07   	7.0024447E-07  	7.000931E-07   	6.9990756E-07  	6.9990756E-07  	6.99313E-07    	7.003029E-07   	7.0220244E-07  	7.029745E-07   	7.038066E-07   	7.04948E-07    	7.0614254E-07  	7.0236246E-07  	7.003129E-07   	7.002908E-07   	7.0011856E-07  	7.0014596E-07  	7.0018257E-07  	7.00227E-07    	7.0026846E-07  	7.0021554E-07  	7.003724E-07   	7.003885E-07   	7.0034383E-07  	6.999396E-07   	6.99882E-07    	6.998378E-07   	6.9983884E-07  	6.996366E-07   	6.991994E-07   	6.9890666E-07  	6.986661E-07   	6.983038E-07   	6.9743083E-07  	6.9583285E-07  	7.030842E-07   	7.2312685E-07  	7.343451E-07   	7.406651E-07   	7.479084E-07   	7.5190957E-07  	7.546518E-07   	7.550213E-07   	7.541688E-07   	7.526146E-07   	7.492826E-07   	7.419788E-07   	7.223863E-07   	7.185977E-07   	7.1867436E-07  	7.1856914E-07  	7.1859716E-07  	7.186113E-07   	7.185389E-07   	7.1869795E-07  	7.188089E-07   	7.186402E-07   	7.186971E-07   	7.1879856E-07  	7.1882135E-07  	7.1868783E-07  	7.188461E-07   	7.1876565E-07  	7.1880595E-07  	7.189501E-07   	7.188349E-07   	7.1868783E-07  	7.188405E-07   	7.190041E-07   	7.1896477E-07  	7.1901536E-07  	7.190536E-07   	7.192887E-07   	7.192327E-07   	7.1922386E-07  	7.1916025E-07  	7.1793056E-07  	7.1518974E-07  	7.133409E-07   	7.077509E-07   	7.008277E-07   	7.006221E-07   	7.007166E-07   	7.010556E-07   	7.007593E-07   	7.007062E-07   	7.009457E-07   	7.009452E-07   	7.0094706E-07  	7.007624E-07   	7.0070934E-07  	7.0079886E-07  	7.006732E-07   	7.0052295E-07  	7.0038436E-07  	7.003667E-07   	7.0081416E-07  	7.0095183E-07  	7.0075566E-07  	7.009647E-07   	
7.014157E-07   	7.0274285E-07  	7.0441797E-07  	7.058543E-07   	7.058024E-07   	7.0566904E-07  	7.058105E-07   	7.056364E-07   	7.0545155E-07  	7.059551E-07   	7.1015177E-07  	7.135315E-07   	7.136191E-07   	7.125036E-07   	7.109327E-07   	7.081054E-07   	7.0014886E-07  	7.0018297E-07  	7.000751E-07   	7.000593E-07   	7.003106E-07   	7.0003625E-07  	6.999301E-07   	6.997009E-07   	6.995707E-07   	6.9959464E-07  	6.9949886E-07  	6.993374E-07   	6.9912863E-07  	6.98949E-07    	6.984795E-07   	6.9819924E-07  	6.9768373E-07  	6.9673206E-07  	6.949266E-07   	7.074407E-07   	7.282534E-07   	7.395533E-07   	7.457145E-07   	7.487523E-07   	7.506403E-07   	7.530289E-07   	7.5418217E-07  	7.527681E-07   	7.4816063E-07  	7.48689E-07    	7.4766837E-07  	7.4224806E-07  	7.259177E-07   	7.1859415E-07  	7.184816E-07   	7.185598E-07   	7.1867294E-07  	7.186065E-07   	7.185735E-07   	7.185E-07      	7.185706E-07   	7.1864815E-07  	7.185423E-07   	7.185765E-07   	7.184786E-07   	7.1855817E-07  	7.1856715E-07  	7.186537E-07   	7.186701E-07   	7.186651E-07   	7.1857033E-07  	7.1851883E-07  	7.1862627E-07  	7.187131E-07   	7.188045E-07   	7.1883085E-07  	7.1913377E-07  	7.190229E-07   	7.1898535E-07  	7.1910455E-07  	7.187629E-07   	7.1695086E-07  	7.147083E-07   	7.1186446E-07  	7.040836E-07   	7.00369E-07    	7.0053073E-07  	7.007624E-07   	7.00796E-07    	7.0097315E-07  	7.00824E-07    	7.004815E-07   	7.00636E-07    	7.00754E-07    	7.0110195E-07  	7.0084087E-07  	7.0035156E-07  	7.0080466E-07  	7.0077675E-07  	7.008172E-07   	7.0069893E-07  	7.0083917E-07  	7.0102794E-07  	7.0071644E-07  	
7.0542575E-07  	7.057329E-07   	7.109859E-07   	7.148716E-07   	7.168864E-07   	7.1748354E-07  	7.1890804E-07  	7.1919004E-07  	7.195215E-07   	7.1987824E-07  	7.1937603E-07  	7.1963035E-07  	7.1948284E-07  	7.181247E-07   	7.1543127E-07  	7.1188487E-07  	7.044226E-07   	7.004253E-07   	7.0039846E-07  	7.0028256E-07  	7.001791E-07   	7.002355E-07   	7.000249E-07   	7.00067E-07    	6.9987715E-07  	6.9958475E-07  	6.996373E-07   	6.993601E-07   	6.991427E-07   	6.987574E-07   	6.9846044E-07  	6.9784335E-07  	6.970993E-07   	6.954088E-07   	7.078985E-07   	7.195081E-07   	7.29654E-07    	7.3861804E-07  	7.415745E-07   	7.413769E-07   	7.451513E-07   	7.484249E-07   	7.497141E-07   	7.4772385E-07  	7.426672E-07   	7.4284566E-07  	7.452087E-07   	7.406832E-07   	7.2664375E-07  	7.184806E-07   	7.184999E-07   	7.1821825E-07  	7.1837565E-07  	7.1855493E-07  	7.18394E-07    	7.1836405E-07  	7.1821376E-07  	7.1821023E-07  	7.182641E-07   	7.182104E-07   	7.182709E-07   	7.184291E-07   	7.1830823E-07  	7.183434E-07   	7.185749E-07   	7.1828896E-07  	7.1840486E-07  	7.1856977E-07  	7.182434E-07   	7.183698E-07   	7.185202E-07   	7.184074E-07   	7.185883E-07   	7.186602E-07   	7.1852105E-07  	7.186971E-07   	7.181414E-07   	7.1649487E-07  	7.143634E-07   	7.130716E-07   	7.1024954E-07  	7.029419E-07   	7.00282E-07    	7.004228E-07   	7.002459E-07   	7.0040153E-07  	7.002624E-07   	7.002123E-07   	7.002847E-07   	7.001622E-07   	7.004577E-07   	7.0038067E-07  	7.002161E-07   	7.0055876E-07  	7.005129E-07   	7.005315E-07   	7.0042745E-07  	7.004203E-07   	7.0043455E-07  	7.0069547E-07  	
7.1899024E-07  	7.192709E-07   	7.1936637E-07  	7.193824E-07   	7.193468E-07   	7.195556E-07   	7.195946E-07   	7.194824E-07   	7.1979434E-07  	7.199274E-07   	7.196737E-07   	7.195488E-07   	7.195649E-07   	7.186417E-07   	7.159433E-07   	7.144988E-07   	7.119461E-07   	7.0439455E-07  	7.006753E-07   	7.005445E-07   	7.004522E-07   	7.004324E-07   	7.0035514E-07  	7.002154E-07   	7.000273E-07   	7.0008645E-07  	6.999284E-07   	6.9966654E-07  	6.995478E-07   	6.9941603E-07  	6.989286E-07   	6.985739E-07   	6.9772904E-07  	6.958949E-07   	7.093262E-07   	7.218654E-07   	7.255575E-07   	7.332711E-07   	7.392138E-07   	7.388784E-07   	7.3787777E-07  	7.396651E-07   	7.39642E-07    	7.377347E-07   	7.343691E-07   	7.331649E-07   	7.3333183E-07  	7.28765E-07    	7.1951985E-07  	7.1872E-07     	7.187974E-07   	7.1883807E-07  	7.187807E-07   	7.1874814E-07  	7.18705E-07    	7.184413E-07   	7.1855186E-07  	7.185832E-07   	7.1852446E-07  	7.187558E-07   	7.18761E-07    	7.186739E-07   	7.187185E-07   	7.187114E-07   	7.187123E-07   	7.1857545E-07  	7.1876207E-07  	7.1866316E-07  	7.1874217E-07  	7.189785E-07   	7.19041E-07    	7.1906277E-07  	7.1919953E-07  	7.189198E-07   	7.1921204E-07  	7.193895E-07   	7.1938223E-07  	7.1901883E-07  	7.170213E-07   	7.1457333E-07  	7.1159025E-07  	7.044294E-07   	7.012294E-07   	7.01264E-07    	7.0080057E-07  	7.008027E-07   	7.0076834E-07  	7.0112185E-07  	7.0088885E-07  	7.00809E-07    	7.010653E-07   	7.009305E-07   	7.0109513E-07  	7.0095064E-07  	7.008821E-07   	7.0058303E-07  	7.0055523E-07  	7.0067955E-07  	7.0089106E-07  	7.0080995E-07  	
7.1955793E-07  	7.196695E-07   	7.1970567E-07  	7.1980236E-07  	7.196681E-07   	7.1961233E-07  	7.1960415E-07  	7.1947505E-07  	7.1941673E-07  	7.199002E-07   	7.1953576E-07  	7.193636E-07   	7.195217E-07   	7.1923637E-07  	7.176645E-07   	7.15307E-07    	7.1379924E-07  	7.101783E-07   	7.0202276E-07  	7.005373E-07   	7.00727E-07    	7.005977E-07   	7.006214E-07   	7.006976E-07   	7.0064146E-07  	7.005568E-07   	7.005792E-07   	7.003769E-07   	7.002654E-07   	7.000871E-07   	6.999294E-07   	6.996273E-07   	6.992531E-07   	6.9892155E-07  	6.9799984E-07  	6.9864547E-07  	7.051047E-07   	7.098486E-07   	7.1138186E-07  	7.1867095E-07  	7.233184E-07   	7.2433386E-07  	7.233714E-07   	7.2600324E-07  	7.2279016E-07  	7.1997124E-07  	7.187318E-07   	7.1860654E-07  	7.1868345E-07  	7.187619E-07   	7.1868374E-07  	7.1878446E-07  	7.1864E-07     	7.186081E-07   	7.1860046E-07  	7.185098E-07   	7.186964E-07   	7.18533E-07    	7.186995E-07   	7.1861587E-07  	7.185524E-07   	7.1855084E-07  	7.1868897E-07  	7.1887723E-07  	7.1877923E-07  	7.1855436E-07  	7.18414E-07    	7.1839196E-07  	7.187086E-07   	7.1837957E-07  	7.188661E-07   	7.190294E-07   	7.1861996E-07  	7.185321E-07   	7.188551E-07   	7.1887115E-07  	7.187857E-07   	7.189158E-07   	7.1804067E-07  	7.15516E-07    	7.140703E-07   	7.105985E-07   	7.022052E-07   	7.0091403E-07  	7.008758E-07   	7.0114515E-07  	7.011755E-07   	7.012728E-07   	7.010617E-07   	7.0086253E-07  	7.0108894E-07  	7.0062606E-07  	7.007152E-07   	7.005845E-07   	7.008704E-07   	7.00806E-07    	7.0064556E-07  	7.006942E-07   	7.00877E-07    	7.0083047E-07  	
7.197491E-07   	7.196657E-07   	7.199205E-07   	7.198124E-07   	7.1979053E-07  	7.1966053E-07  	7.199705E-07   	7.197879E-07   	7.199715E-07   	7.1986074E-07  	7.1970555E-07  	7.199873E-07   	7.2001586E-07  	7.19965E-07    	7.192498E-07   	7.1671553E-07  	7.150406E-07   	7.1245E-07     	7.058433E-07   	7.0124673E-07  	7.011078E-07   	7.0126714E-07  	7.012328E-07   	7.0096627E-07  	7.009949E-07   	7.0110536E-07  	7.010233E-07   	7.007582E-07   	7.007067E-07   	7.008035E-07   	7.006758E-07   	7.006031E-07   	7.0053363E-07  	7.003449E-07   	7.001825E-07   	7.000565E-07   	6.9980456E-07  	6.9951847E-07  	6.989377E-07   	6.9762706E-07  	7.014193E-07   	7.0701543E-07  	7.084652E-07   	7.117389E-07   	7.1424563E-07  	7.1715476E-07  	7.188872E-07   	7.1903037E-07  	7.1898376E-07  	7.1903287E-07  	7.191317E-07   	7.189825E-07   	7.1891805E-07  	7.1887456E-07  	7.1882005E-07  	7.188634E-07   	7.187721E-07   	7.1863496E-07  	7.187177E-07   	7.188276E-07   	7.187996E-07   	7.1874445E-07  	7.1875894E-07  	7.190044E-07   	7.187303E-07   	7.186144E-07   	7.187333E-07   	7.1910165E-07  	7.186409E-07   	7.186345E-07   	7.18745E-07    	7.1881664E-07  	7.189487E-07   	7.190221E-07   	7.18962E-07    	7.189776E-07   	7.1909415E-07  	7.190621E-07   	7.190716E-07   	7.174274E-07   	7.150862E-07   	7.1357186E-07  	7.079311E-07   	7.0114044E-07  	7.0109076E-07  	7.010379E-07   	7.008252E-07   	7.010173E-07   	7.00979E-07    	7.00719E-07    	7.007288E-07   	7.0072053E-07  	7.0082257E-07  	7.007542E-07   	7.007702E-07   	7.0062424E-07  	7.006524E-07   	7.008092E-07   	7.010328E-07   	7.012407E-07   	
7.198392E-07   	7.1983953E-07  	7.19869E-07    	7.1973506E-07  	7.197482E-07   	7.198355E-07   	7.197653E-07   	7.198095E-07   	7.198206E-07   	7.1978286E-07  	7.1990706E-07  	7.198914E-07   	7.197505E-07   	7.197969E-07   	7.1964166E-07  	7.183908E-07   	7.157113E-07   	7.1454275E-07  	7.100485E-07   	7.017673E-07   	7.015809E-07   	7.0152066E-07  	7.0163895E-07  	7.01428E-07    	7.015473E-07   	7.0170387E-07  	7.013032E-07   	7.0119364E-07  	7.009582E-07   	7.011873E-07   	7.0111537E-07  	7.0083723E-07  	7.0076874E-07  	7.006215E-07   	7.0053005E-07  	7.005495E-07   	7.001375E-07   	6.9986953E-07  	6.998844E-07   	6.993492E-07   	6.979801E-07   	7.0266253E-07  	7.078196E-07   	7.1006247E-07  	7.130728E-07   	7.158481E-07   	7.183025E-07   	7.1929173E-07  	7.1931345E-07  	7.193967E-07   	7.1916435E-07  	7.1912973E-07  	7.191102E-07   	7.191875E-07   	7.192181E-07   	7.1938496E-07  	7.193534E-07   	7.190741E-07   	7.190089E-07   	7.1912905E-07  	7.191685E-07   	7.190618E-07   	7.1918754E-07  	7.190896E-07   	7.190326E-07   	7.1911927E-07  	7.191675E-07   	7.191761E-07   	7.1915065E-07  	7.1910256E-07  	7.192075E-07   	7.1930907E-07  	7.191602E-07   	7.192982E-07   	7.194983E-07   	7.194362E-07   	7.197258E-07   	7.195681E-07   	7.193855E-07   	7.185764E-07   	7.159732E-07   	7.143535E-07   	7.11697E-07    	7.064826E-07   	7.012459E-07   	7.0122707E-07  	7.010722E-07   	7.0119506E-07  	7.0095973E-07  	7.0096553E-07  	7.0127095E-07  	7.0130346E-07  	7.011572E-07   	7.010799E-07   	7.0100924E-07  	7.010516E-07   	7.0111685E-07  	7.013121E-07   	7.013986E-07   	7.013928E-07   	
7.2018076E-07  	7.199504E-07   	7.199619E-07   	7.200751E-07   	7.201183E-07   	7.200825E-07   	7.203087E-07   	7.201446E-07   	7.201253E-07   	7.201695E-07   	7.202743E-07   	7.2014615E-07  	7.203067E-07   	7.204462E-07   	7.2074465E-07  	7.2027854E-07  	7.181189E-07   	7.155169E-07   	7.1286695E-07  	7.061842E-07   	7.01526E-07    	7.0152487E-07  	7.014309E-07   	7.013471E-07   	7.01562E-07    	7.0135513E-07  	7.013691E-07   	7.012765E-07   	7.0144375E-07  	7.0126316E-07  	7.011636E-07   	7.009933E-07   	7.010951E-07   	7.010395E-07   	7.0088214E-07  	7.0076675E-07  	7.0058667E-07  	7.0034224E-07  	7.002218E-07   	6.99716E-07    	6.990117E-07   	6.9800325E-07  	7.0412716E-07  	7.086654E-07   	7.1185025E-07  	7.1507674E-07  	7.176984E-07   	7.192773E-07   	7.1935835E-07  	7.1934625E-07  	7.195289E-07   	7.1929E-07     	7.192484E-07   	7.1946437E-07  	7.194937E-07   	7.191262E-07   	7.193994E-07   	7.1936086E-07  	7.192536E-07   	7.1955395E-07  	7.193783E-07   	7.191532E-07   	7.193818E-07   	7.193413E-07   	7.1924893E-07  	7.193434E-07   	7.1918083E-07  	7.193596E-07   	7.192634E-07   	7.1913263E-07  	7.1914417E-07  	7.192496E-07   	7.1947943E-07  	7.1970356E-07  	7.1941344E-07  	7.19423E-07    	7.192241E-07   	7.194932E-07   	7.198606E-07   	7.1964143E-07  	7.1831704E-07  	7.1557747E-07  	7.136868E-07   	7.0975614E-07  	7.0156165E-07  	7.0135025E-07  	7.011487E-07   	7.010173E-07   	7.0116175E-07  	7.011117E-07   	7.0112156E-07  	7.0102556E-07  	7.009582E-07   	7.009251E-07   	7.010909E-07   	7.009956E-07   	7.0084735E-07  	7.0055654E-07  	7.00537E-07    	7.0074844E-07  	
7.20211E-07    	7.202593E-07   	7.2008135E-07  	7.2039217E-07  	7.204523E-07   	7.200459E-07   	7.204242E-07   	7.2003525E-07  	7.2036534E-07  	7.204936E-07   	7.2013694E-07  	7.2049465E-07  	7.205042E-07   	7.2068326E-07  	7.203897E-07   	7.2026717E-07  	7.193963E-07   	7.1694234E-07  	7.1523607E-07  	7.1141375E-07  	7.0299967E-07  	7.0187843E-07  	7.017996E-07   	7.018147E-07   	7.017245E-07   	7.013453E-07   	7.0158876E-07  	7.0182637E-07  	7.015656E-07   	7.015049E-07   	7.0143403E-07  	7.013778E-07   	7.0134536E-07  	7.011956E-07   	7.010803E-07   	7.007837E-07   	7.008666E-07   	7.0069865E-07  	7.0046946E-07  	7.004325E-07   	6.9993064E-07  	6.990584E-07   	6.995493E-07   	7.0611065E-07  	7.1021213E-07  	7.130824E-07   	7.158592E-07   	7.183074E-07   	7.193412E-07   	7.194613E-07   	7.1938365E-07  	7.195161E-07   	7.194905E-07   	7.1937274E-07  	7.1935114E-07  	7.194129E-07   	7.193272E-07   	7.1931754E-07  	7.1937285E-07  	7.193555E-07   	7.192648E-07   	7.1958584E-07  	7.192916E-07   	7.195472E-07   	7.194434E-07   	7.193606E-07   	7.194741E-07   	7.193663E-07   	7.193014E-07   	7.194065E-07   	7.194021E-07   	7.194731E-07   	7.196268E-07   	7.194783E-07   	7.19422E-07    	7.194901E-07   	7.196787E-07   	7.198472E-07   	7.19623E-07    	7.198724E-07   	7.195157E-07   	7.173218E-07   	7.1518053E-07  	7.124811E-07   	7.0589863E-07  	7.0109024E-07  	7.008618E-07   	7.0100515E-07  	7.0082064E-07  	7.0063857E-07  	7.0071405E-07  	7.0097235E-07  	7.0080193E-07  	7.0068097E-07  	7.0084866E-07  	7.008151E-07   	7.006855E-07   	7.005627E-07   	7.0090397E-07  	7.0098486E-07  	
