# www.neaspec.com
# Scan:	 	AFM
# Project:	 	20251007_PS
# Description:	 	
# Date:	 	10/07/2025 10:43:47
# Scanner Center Position (X, Y):	[µm]	49.99	50.01	 
# Rotation:	[°]	0	 	 
# Scan Area (X, Y, Z):	[µm]	5.000	5.000	0.000
# Pixel Area (X, Y, Z):	[px]	100	50	1
# Averaging:	 	1	 	 
# Integration time:	[ms]	5	 	 
# Laser Source:	 	4.5-15 µm nano-FTIR laser
# Detector:	 	R
# Target Wavelength:	[µm]	7.502	 	 
# Demodulation Mode:	 	Fourier
# Tip Frequency:	[Hz]	241,340.500	 	 
# Tip Amplitude:	[mV]	45.700	 	 
# Tapping Amplitude:	[nm]	79.665	 	 
# Modulation Frequency:	[Hz]	0.000	 	 
# Modulation Amplitude:	[mV]	0.000	 	 
# Modulation Offset:	[mV]	0.000	 	 
# Setpoint:	[%]	79.75	 	 
# Regulator (P, I, D):	 	4.206850	8.625812	1.000000
# Tip Potential:	[mV]	0.000	 	 
# M1A Scaling:	[nm/V]	0.426	 	 
# M1A Cantilever Factor:	 	1,000	 	 
# Q-Factor:	 	487.4	 	 
# Version:	 	2.1.11536.0
1.7432814      	1.7474395      	1.7497         	1.7428215      	1.7322019      	1.752331       	1.7497597      	1.7414957      	1.7424382      	1.7519984      	1.7443857      	1.7544787      	1.7434145      	1.7425464      	1.7569777      	1.7485634      	1.7483742      	1.7320445      	1.7568356      	1.7428089      	1.7411021      	1.7465675      	1.7489324      	1.7403764      	1.7456858      	1.7415562      	1.7596016      	1.7471277      	1.7412505      	1.7538793      	1.7634021      	1.7413188      	1.7337205      	1.754969       	1.7487323      	1.7589579      	1.7364575      	1.7432916      	1.751134       	1.7524718      	1.7480091      	1.7465795      	1.7386142      	1.7420727      	1.736476       	1.7461231      	1.7268689      	1.7343104      	1.753252       	1.7459625      	1.7545499      	1.7357694      	1.7350614      	1.75218        	1.7476895      	1.7600113      	1.7501372      	1.7464865      	1.7493032      	1.732043       	1.7534767      	1.7410511      	1.7439748      	1.7560259      	1.7410316      	1.7341738      	1.7481966      	1.7643268      	1.7393906      	1.7396792      	1.7600147      	1.7331657      	1.7410231      	1.7487156      	1.7414594      	1.7429506      	1.7534257      	1.7543844      	1.7481945      	1.7506846      	1.7451023      	1.7508711      	1.7324069      	1.7510287      	1.7425107      	1.749837       	1.339528       	1.6901897      	1.7077883      	1.6916511      	1.7019628      	1.7091026      	1.7059951      	1.6917713      	1.4911366      	1.5355383      	1.695971       	1.7188574      	1.7139571      	1.7405396      	
1.7368237      	1.74793        	1.7552699      	1.7444685      	1.7349895      	1.746492       	1.74637        	1.7381928      	1.727582       	1.7377287      	1.7536328      	1.7409388      	1.751885       	1.7493368      	1.7398396      	1.7400174      	1.7483354      	1.7533822      	1.7419746      	1.7405617      	1.7476823      	1.7400246      	1.7429845      	1.734155       	1.7502835      	1.7636122      	1.7379047      	1.7302103      	1.7670014      	1.738237       	1.7469422      	1.7593123      	1.754784       	1.7487304      	1.7429434      	1.7457578      	1.7476102      	1.7303134      	1.7367746      	1.764844       	1.737465       	1.7565254      	1.742509       	1.7570245      	1.7400653      	1.743574       	1.7428999      	1.7382522      	1.749031       	1.734584       	1.7539015      	1.7511834      	1.7446475      	1.7512416      	1.7547803      	1.7559348      	1.7406658      	1.750085       	1.7482717      	1.7570789      	1.739681       	1.7428099      	1.7466964      	1.7329144      	1.7595088      	1.7559836      	1.7410495      	1.73397        	1.7547253      	1.7497234      	1.7366343      	1.744839       	1.7433971      	1.7476473      	1.757976       	1.7317514      	1.7589896      	1.7423568      	1.738444       	1.7468408      	1.7323478      	1.748348       	1.7614024      	1.7480309      	1.7371486      	1.6387634      	1.5507085      	1.7011938      	1.6803575      	1.6556053      	1.7075131      	1.7100543      	1.7337867      	1.7478197      	1.7501258      	1.7460021      	1.7603158      	1.7466222      	1.756323       	1.740489       	
1.7504914      	1.7567357      	1.7488905      	1.7338603      	1.7255505      	1.7480137      	1.7433376      	1.7415805      	1.7331601      	1.7531099      	1.7321984      	1.7512273      	1.7524927      	1.7408855      	1.7500154      	1.7444478      	1.7386721      	1.7647136      	1.7389578      	1.7368569      	1.7546864      	1.7384787      	1.7294319      	1.7478846      	1.7377983      	1.7591091      	1.7475982      	1.73519        	1.7590905      	1.7401453      	1.7402959      	1.7434136      	1.7513415      	1.7471291      	1.7399673      	1.7487493      	1.7400446      	1.7478864      	1.7451491      	1.748375       	1.7609234      	1.737073       	1.7328281      	1.7549043      	1.7326131      	1.7360637      	1.750706       	1.747256       	1.7331066      	1.7384893      	1.7603866      	1.7493745      	1.7430909      	1.747222       	1.745376       	1.7526174      	1.7532272      	1.7364621      	1.7397448      	1.7536379      	1.7308065      	1.7578552      	1.7520881      	1.7253875      	1.7409027      	1.7576213      	1.7590798      	1.7473439      	1.7398422      	1.7384244      	1.7551353      	1.7287854      	1.751103       	1.7368122      	1.7551674      	1.7421645      	1.7421405      	1.7629113      	1.7486422      	1.7350458      	1.7553362      	1.7412143      	1.7333761      	1.4512997      	1.6006721      	1.6528013      	1.7106774      	1.7382302      	1.7484711      	1.7598965      	1.7474356      	1.7509544      	1.748245       	1.7469958      	1.7506632      	1.7650055      	1.7470843      	1.7579688      	1.7442299      	1.752463       	
1.7372174      	1.7462234      	1.7468723      	1.7533219      	1.7424393      	1.7434491      	1.7340034      	1.7576934      	1.737015       	1.7522912      	1.7324187      	1.7383776      	1.7608048      	1.7552416      	1.7357988      	1.7411456      	1.7477707      	1.7515411      	1.7274181      	1.7426298      	1.7455175      	1.7474346      	1.7434536      	1.7267792      	1.7558069      	1.7532353      	1.7507654      	1.746784       	1.756123       	1.738863       	1.7309768      	1.7564659      	1.750958       	1.7496289      	1.7363365      	1.7503892      	1.7486651      	1.738399       	1.7487916      	1.7448595      	1.7689937      	1.7452315      	1.7312708      	1.7485294      	1.762883       	1.7546395      	1.7525551      	1.7402948      	1.7396084      	1.7565528      	1.7458836      	1.7381543      	1.7382308      	1.7523937      	1.7460549      	1.7513229      	1.7435077      	1.7456874      	1.7565832      	1.741975       	1.7411094      	1.7464858      	1.7417247      	1.7463309      	1.7361561      	1.7390859      	1.7553644      	1.7624792      	1.7424854      	1.7360556      	1.7479242      	1.7396189      	1.7295407      	1.7522926      	1.7527416      	1.7288383      	1.7425696      	1.7468883      	1.754267       	1.7387584      	1.7454361      	1.7499251      	1.7305032      	1.4796556      	1.6295074      	1.6941671      	1.6961572      	1.7199835      	1.7678337      	1.7512304      	1.7512218      	1.751173       	1.7620285      	1.7491313      	1.7519326      	1.7520065      	1.7513964      	1.7378972      	1.7480754      	1.7535691      	
1.7549018      	1.7546624      	1.7522202      	1.7451506      	1.73288        	1.7416335      	1.7570032      	1.7271624      	1.7558451      	1.7470502      	1.7455262      	1.7566247      	1.7456577      	1.7511592      	1.7407458      	1.7472463      	1.7395945      	1.7520169      	1.7538872      	1.741848       	1.7392237      	1.7532592      	1.7366593      	1.7289742      	1.7572024      	1.7501752      	1.7524874      	1.7618692      	1.7448577      	1.761292       	1.7474465      	1.7451053      	1.745868       	1.7492458      	1.7430276      	1.7390549      	1.7535673      	1.7259877      	1.756195       	1.7670412      	1.7356662      	1.7493205      	1.751371       	1.7600927      	1.7420728      	1.7450918      	1.746565       	1.7521952      	1.7444667      	1.7452841      	1.738286       	1.7541071      	1.7445023      	1.7301182      	1.7503582      	1.387269       	1.667441       	1.7133652      	1.7389458      	1.7439997      	1.7420354      	1.759801       	1.7394493      	1.7444668      	1.7413728      	1.7385187      	1.7428969      	1.7516321      	1.7484345      	1.7580364      	1.7443997      	1.7474033      	1.741716       	1.7455428      	1.7429833      	1.754708       	1.7390339      	1.7411408      	1.7585977      	1.7524568      	1.7406435      	1.7448351      	1.456666       	1.5867774      	1.5479099      	1.6960769      	1.6945174      	1.7073961      	1.7471008      	1.7590835      	1.7374336      	1.7595515      	1.7428246      	1.7535701      	1.7566924      	1.756043       	1.7381634      	1.7587019      	1.7468836      	1.7464731      	
1.7422947      	1.7473552      	1.7438818      	1.7509245      	1.7524205      	1.7430996      	1.7485665      	1.7441626      	1.7525656      	1.7482735      	1.7408959      	1.74724        	1.7420125      	1.7605879      	1.7618904      	1.7463005      	1.7488097      	1.7376842      	1.7519144      	1.7586244      	1.7452015      	1.7472196      	1.7449753      	1.7495705      	1.734541       	1.7438381      	1.7647209      	1.7446326      	1.7481451      	1.7545011      	1.7449261      	1.7482164      	1.7466347      	1.7487859      	1.731359       	1.7390931      	1.7582198      	1.7350229      	1.7388116      	1.7502012      	1.7490207      	1.7415695      	1.7548887      	1.7465607      	1.7405362      	1.7456466      	1.7397878      	1.7438523      	1.6304468      	1.6752521      	1.6823117      	1.6869646      	1.7028743      	1.716683       	1.7089487      	1.7082489      	1.7128977      	1.6795732      	1.7149116      	1.7006282      	1.7169219      	1.7354139      	1.7504404      	1.7353774      	1.7461979      	1.7490507      	1.7497724      	1.7429558      	1.7386631      	1.7474766      	1.7382544      	1.7343062      	1.7568239      	1.7386426      	1.755194       	1.7458845      	1.7579889      	1.7541572      	1.7398008      	1.7500591      	1.7480145      	1.7507563      	1.7423953      	1.417964       	1.661227       	1.5652304      	1.6987926      	1.6898211      	1.7387272      	1.7405694      	1.7340584      	1.7483579      	1.748792       	1.7400647      	1.7553856      	1.7636435      	1.7445674      	1.7452273      	1.7534386      	1.7456926      	
1.7484043      	1.7475344      	1.7422589      	1.747482       	1.7456427      	1.7447921      	1.7451178      	1.7526597      	1.7501605      	1.7470398      	1.7386744      	1.7484133      	1.750486       	1.7379776      	1.7459928      	1.7596806      	1.748698       	1.7351583      	1.748958       	1.765407       	1.7390112      	1.7426965      	1.756127       	1.7343208      	1.7469319      	1.7363573      	1.7455863      	1.7604008      	1.74226        	1.7509965      	1.74497        	1.751227       	1.7482979      	1.7392364      	1.7442293      	1.7606473      	1.737763       	1.7375557      	1.7608509      	1.744091       	1.678619       	1.5342807      	1.6697686      	1.6861612      	1.6779062      	1.7185203      	1.7025326      	1.704212       	1.69012        	1.6810452      	1.6807144      	1.6446964      	1.6981094      	1.7254143      	1.728059       	1.7460182      	1.7510726      	1.7650893      	1.7916785      	1.7887444      	1.9437755      	1.7544209      	1.7379826      	1.7314813      	1.741224       	1.7489737      	1.7645617      	1.7409067      	1.7479161      	1.7464628      	1.7479355      	1.7499683      	1.7532284      	1.7407621      	1.7514908      	1.7437017      	1.7588565      	1.75322        	1.7413708      	1.7474126      	1.7546461      	1.7427597      	1.740637       	1.4704723      	1.5797794      	1.6117592      	1.6704688      	1.6915768      	1.715199       	1.7488573      	1.7612182      	1.7327847      	1.7572525      	1.7501831      	1.7379254      	1.7420487      	1.7419579      	1.7495153      	1.7380477      	1.7625717      	
1.7571585      	1.7597028      	1.7593735      	1.7465072      	1.7361003      	1.7458417      	1.7511939      	1.7412242      	1.7504511      	1.7593338      	1.7443162      	1.7623069      	1.7425824      	1.7436713      	1.7633313      	1.7399215      	1.7453499      	1.7511641      	1.7526398      	1.7494373      	1.7642537      	1.740118       	1.759798       	1.7469889      	1.73514        	1.7362806      	1.7440033      	1.7559497      	1.7457255      	1.7380378      	1.770068       	1.7535741      	1.7398119      	1.6254768      	1.67639        	1.6975105      	1.6584188      	1.7079563      	1.7095025      	1.6990947      	1.7088226      	1.7041167      	1.5461905      	1.6139328      	1.6756431      	1.6942778      	1.7324545      	1.7241188      	1.7475632      	1.7496843      	1.7485282      	1.754201       	1.7433677      	1.7554384      	1.7407749      	1.7554929      	1.7340995      	1.7594483      	1.7716622      	1.7706456      	1.8321335      	1.6710596      	1.6423864      	1.7214625      	1.7468582      	1.7498629      	1.7428522      	1.7399867      	1.7518346      	1.7406002      	1.7455739      	1.7493944      	1.7481757      	1.7532939      	1.7435793      	1.7404172      	1.7499471      	1.7331501      	1.7586374      	1.7498783      	1.7311214      	1.7614318      	1.7503631      	1.7354617      	1.4420078      	1.6335698      	1.6788169      	1.6964319      	1.6877419      	1.7329577      	1.7537998      	1.7567257      	1.748756       	1.7531347      	1.7482971      	1.755592       	1.737689       	1.7521601      	1.7534714      	1.7347856      	
1.7353473      	1.7471644      	1.7553669      	1.755473       	1.7574205      	1.7421439      	1.7480097      	1.7549452      	1.7499352      	1.7416302      	1.7636585      	1.7538202      	1.7321118      	1.7651025      	1.7417699      	1.7401013      	1.7639908      	1.7584691      	1.7512773      	1.7453686      	1.7649394      	1.7614324      	1.7351356      	1.7428945      	1.748318       	1.7509143      	1.5276946      	1.6463237      	1.700042       	1.6664605      	1.7258116      	1.69468        	1.7013546      	1.7029264      	1.7041968      	1.5939189      	1.6097887      	1.6877986      	1.7226148      	1.7550858      	1.7243636      	1.7460822      	1.7517129      	1.754373       	1.7200189      	1.7490181      	1.7662375      	1.7506791      	1.7567871      	1.7493268      	1.7634441      	1.756994       	1.7449386      	1.763391       	1.739319       	1.7514944      	1.7542095      	1.746941       	1.770766       	1.786726       	1.794574       	1.7691163      	1.8288529      	1.754266       	1.7387768      	1.7501963      	1.7502294      	1.7435158      	1.7495534      	1.7479119      	1.7420385      	1.7582057      	1.7360604      	1.7601982      	1.7478433      	1.7440454      	1.7518424      	1.7395246      	1.7457199      	1.7497758      	1.7365881      	1.7486637      	1.7465667      	1.7410898      	1.4708548      	1.6013837      	1.6479632      	1.6871367      	1.6969013      	1.7144527      	1.7317789      	1.7405823      	1.7544982      	1.7469369      	1.7565901      	1.7559814      	1.7426511      	1.7485306      	1.7456529      	1.7727572      	
1.7558324      	1.7505454      	1.7585955      	1.7548083      	1.7592738      	1.7651112      	1.7444891      	1.7508224      	1.7472771      	1.7443563      	1.7484052      	1.7497283      	1.7421453      	1.741733       	1.7420464      	1.7453731      	1.7409471      	1.7544945      	1.7392008      	1.7400393      	1.74425        	1.7424563      	1.7374307      	1.7501621      	1.7403805      	1.7548696      	1.7103264      	1.5884087      	1.6699444      	1.666379       	1.7009832      	1.7123919      	1.7183886      	1.7557397      	1.7655499      	1.7521824      	1.7444988      	1.7498345      	1.7560225      	1.747345       	1.7438961      	1.7553691      	1.7537864      	1.7540065      	1.7362727      	1.7495743      	1.7617769      	1.74049        	1.7601379      	1.7591968      	1.7322541      	1.7615091      	1.7550559      	1.7461187      	1.7599032      	1.751777       	1.7474662      	1.7468482      	1.744274       	1.7707257      	1.779799       	1.8131753      	1.6812938      	1.6585535      	1.7201363      	1.7486444      	1.7425011      	1.737735       	1.7528416      	1.7478894      	1.7458009      	1.7332621      	1.740849       	1.7477343      	1.7448689      	1.7478675      	1.746069       	1.7418908      	1.7394968      	1.7587225      	1.7524395      	1.7466515      	1.7321672      	1.7531123      	1.745357       	1.4554013      	1.6568317      	1.4962059      	1.6867398      	1.6945757      	1.7193851      	1.7470692      	1.7456821      	1.753752       	1.7497318      	1.7581047      	1.7401016      	1.7559663      	1.7615943      	1.7432135      	
1.752205       	1.746003       	1.7473546      	1.7527106      	1.752986       	1.7519867      	1.7555488      	1.7459272      	1.7499228      	1.7526797      	1.7544014      	1.7450591      	1.7491579      	1.752392       	1.747757       	1.7458405      	1.7566108      	1.7524652      	1.7447326      	1.7438357      	1.7393292      	1.7471234      	1.7449127      	1.7177558      	1.5989854      	1.6192225      	1.6808115      	1.7235554      	1.7581557      	1.7617524      	1.7507025      	1.7709916      	1.7355461      	1.766019       	1.7513465      	1.7515935      	1.7523967      	1.7623044      	1.754082       	1.5715406      	1.7116215      	1.7597893      	1.7666844      	1.7794399      	1.7654963      	1.7060825      	1.7453935      	1.753488       	1.7517503      	1.7543452      	1.7369925      	1.7466632      	1.7668724      	1.7402606      	1.7357852      	1.7664783      	1.753527       	1.7419134      	1.7539372      	1.759934       	1.7822542      	1.7703023      	1.8308954      	1.8347653      	1.7525046      	1.7297044      	1.7421274      	1.7503769      	1.747082       	1.7370802      	1.7429466      	1.7483027      	1.7435527      	1.7475024      	1.7477574      	1.746378       	1.7445915      	1.7491264      	1.7494185      	1.7409165      	1.7609366      	1.7549095      	1.7406042      	1.7445887      	1.7564874      	1.4219978      	1.6005608      	1.6385001      	1.6835091      	1.7034692      	1.7060233      	1.7288705      	1.7551391      	1.7538816      	1.7601411      	1.7474718      	1.7383083      	1.7587054      	1.7561978      	1.7439929      	
1.7465823      	1.7474129      	1.7394078      	1.749513       	1.7461689      	1.7539331      	1.7403424      	1.755489       	1.7465192      	1.7409514      	1.7479378      	1.7479646      	1.7414632      	1.7502192      	1.7388556      	1.7510699      	1.7539375      	1.735424       	1.7634289      	1.7506287      	1.7495737      	1.7395364      	1.7500514      	1.4697871      	1.6243649      	1.6811953      	1.6909989      	1.7199224      	1.747979       	1.743028       	1.7547613      	1.7539228      	1.7610052      	1.7297711      	1.7545841      	1.7566919      	1.7411662      	1.7500503      	1.7505559      	1.743882       	1.6564746      	1.7013265      	1.7657979      	1.7360871      	1.7528104      	1.7559506      	1.7517883      	1.7444905      	1.7607338      	1.7611716      	1.7497609      	1.7469298      	1.7613455      	1.7493311      	1.7465118      	1.7528498      	1.7392837      	1.7532212      	1.758009       	1.7556345      	1.7651088      	1.7777498      	1.776662       	1.7173504      	1.6536834      	1.7093989      	1.7528036      	1.7463738      	1.7389237      	1.7435659      	1.7397857      	1.7524059      	1.7497653      	1.7428285      	1.7323121      	1.7376056      	1.7608519      	1.7183522      	1.7464746      	1.7515022      	1.7424451      	1.748163       	1.7468462      	1.7527536      	1.741024       	1.7415723      	1.4297335      	1.6580949      	1.5621452      	1.6931001      	1.6919117      	1.7064519      	1.7313879      	1.7707882      	1.7525805      	1.7395574      	1.7534904      	1.7618164      	1.7482622      	1.747303       	
1.7499444      	1.7570288      	1.7450671      	1.7409916      	1.7467191      	1.7469784      	1.7419308      	1.7494627      	1.7445217      	1.7505572      	1.747827       	1.7440968      	1.7510018      	1.745267       	1.7444621      	1.7417607      	1.7597383      	1.7517949      	1.7321829      	1.7460234      	1.7634954      	1.748199       	1.7324402      	1.4795046      	1.6223909      	1.6790531      	1.6929914      	1.7237432      	1.7517668      	1.7505158      	1.7504195      	1.7539651      	1.7555925      	1.7549247      	1.7449181      	1.7573249      	1.7626115      	1.7389239      	1.7579372      	1.7449483      	1.755661       	1.7679735      	1.7476757      	1.7395326      	1.7700078      	1.7478135      	1.7245276      	1.765771       	1.7807176      	1.7426413      	1.7417302      	1.7466699      	1.7705642      	1.7514197      	1.749753       	1.7400688      	1.7529794      	1.7442464      	1.7490007      	1.7341251      	1.7600799      	1.7767034      	1.7787592      	1.8261697      	1.7665628      	1.7640117      	1.7227993      	1.729556       	1.7608929      	1.7314255      	1.7515852      	1.7415515      	1.7461854      	1.7576026      	1.7458718      	1.7460119      	1.7496336      	1.7455286      	1.7626624      	1.7520852      	1.752489       	1.7546966      	1.741066       	1.7515559      	1.733758       	1.7664816      	1.6642503      	1.5712504      	1.6926932      	1.6030904      	1.702782       	1.691474       	1.7313321      	1.7465569      	1.7424209      	1.7556907      	1.7592281      	1.7490656      	1.7487637      	1.7675502      	
1.7589808      	1.7443097      	1.7480901      	1.7591623      	1.7543845      	1.7533731      	1.7589415      	1.7513306      	1.740166       	1.7557536      	1.7522337      	1.7543722      	1.7411715      	1.7487819      	1.7647195      	1.7502346      	1.7536868      	1.7563312      	1.7420936      	1.7592566      	1.7534378      	1.748955       	1.747158       	1.6464463      	1.5696956      	1.5370554      	1.7119284      	1.7111717      	1.7067571      	1.7399141      	1.7668281      	1.7560539      	1.7488549      	1.7614244      	1.7518809      	1.7483493      	1.7592243      	1.7413988      	1.7573761      	1.7596614      	1.7375954      	1.768473       	1.746428       	1.7343303      	1.7403097      	1.7620249      	1.7581556      	1.7542653      	1.7438021      	1.7556443      	1.7536688      	1.7337955      	1.7428021      	1.7727633      	1.7374145      	1.767872       	1.763311       	1.7576153      	1.740896       	1.7595624      	1.7565337      	1.7608925      	1.7947408      	1.8096619      	1.7216736      	1.8593988      	1.7310789      	1.7451081      	1.7488339      	1.7228851      	1.7580003      	1.7512025      	1.7381251      	1.7531428      	1.7466712      	1.7535948      	1.7404896      	1.7451043      	1.7548405      	1.7521838      	1.7299238      	1.7616373      	1.7334344      	1.7594177      	1.7465484      	1.7395854      	1.7609143      	1.5938352      	1.5864502      	1.6620457      	1.6811755      	1.699398       	1.7077177      	1.729823       	1.7518373      	1.7635614      	1.7599072      	1.7300044      	1.7603365      	1.7483166      	
1.6772056      	1.491528       	1.725897       	1.7200478      	1.7301267      	1.7535917      	1.7489392      	1.7432256      	1.755786       	1.740549       	1.7496772      	1.7481583      	1.7431719      	1.7546958      	1.7466564      	1.7534345      	1.7477889      	1.7545499      	1.7517561      	1.7504807      	1.7687296      	1.725767       	1.7560378      	1.6520877      	1.5778592      	1.7036653      	1.6079         	1.7057239      	1.6996751      	1.7192519      	1.7668356      	1.7554326      	1.7551607      	1.7409796      	1.7566626      	1.7574557      	1.724552       	1.7617788      	1.7723354      	1.7461691      	1.7634598      	1.7493603      	1.7616302      	1.7451208      	1.7486241      	1.767585       	1.7353485      	1.7503248      	1.7536806      	1.7663943      	1.7529837      	1.7492471      	1.7440634      	1.7513741      	1.7486619      	1.7515135      	1.7533188      	1.760503       	1.7441231      	1.7431886      	1.7676648      	1.7457447      	1.7927886      	1.8008133      	1.8136501      	1.7107686      	1.7379357      	1.7184615      	1.7455852      	1.74545        	1.7482187      	1.7479244      	1.73681        	1.7585295      	1.7483536      	1.7528453      	1.7413298      	1.7474774      	1.75138        	1.7429492      	1.7541156      	1.7461811      	1.7197384      	1.7524142      	1.7505342      	1.7480701      	1.7556603      	1.7422231      	1.3675923      	1.6219524      	1.5961921      	1.706996       	1.6816033      	1.7246463      	1.7319787      	1.7386954      	1.7621027      	1.7472286      	1.7525128      	1.7362553      	
1.7364621      	1.7788742      	1.9534466      	1.7817698      	1.7179756      	1.7414808      	1.7564731      	1.741715       	1.726164       	1.7621173      	1.7503663      	1.7481676      	1.7332884      	1.7468747      	1.7536434      	1.7505374      	1.7458711      	1.7402395      	1.7619581      	1.7486384      	1.7527142      	1.7466834      	1.7467167      	1.7517488      	1.4148663      	1.5937121      	1.582248       	1.6962798      	1.6871799      	1.717807       	1.7423695      	1.7752777      	1.7320969      	1.7455058      	1.7509729      	1.7350653      	1.7655401      	1.7462509      	1.7457542      	1.7653637      	1.7492504      	1.749721       	1.7442474      	1.7635202      	1.7327158      	1.7601049      	1.7659951      	1.7492759      	1.7488745      	1.7482061      	1.7583283      	1.7514722      	1.7476414      	1.7584622      	1.7462159      	1.7617102      	1.7383678      	1.7383735      	1.764036       	1.7334173      	1.7587199      	1.7556565      	1.7713368      	1.7839025      	1.7612258      	1.8134805      	1.8543475      	1.7596554      	1.734558       	1.7153155      	1.7489935      	1.7376759      	1.7367948      	1.7547933      	1.7511586      	1.7533839      	1.7240934      	1.7524583      	1.7497698      	1.730203       	1.758592       	1.7540926      	1.7445921      	1.7465998      	1.7561386      	1.7453748      	1.7578148      	1.7478166      	1.7400421      	1.4301047      	1.5989736      	1.711871       	1.698841       	1.7085931      	1.7460767      	1.7549231      	1.7536182      	1.7442217      	1.7658662      	1.7669885      	
1.7364981      	1.7465609      	1.8645017      	1.8428116      	1.7422657      	1.730001       	1.7387381      	1.7384003      	1.7558544      	1.7621258      	1.7361981      	1.7544795      	1.7359891      	1.7515304      	1.7419544      	1.7415577      	1.7587968      	1.7459905      	1.7366467      	1.7598891      	1.73613        	1.7371906      	1.7350903      	1.7625253      	1.7347252      	1.4802265      	1.6696025      	1.6517437      	1.7040514      	1.6870494      	1.7279577      	1.7696662      	1.748882       	1.7483916      	1.7567137      	1.7571746      	1.7461942      	1.7532232      	1.750363       	1.7472044      	1.7448832      	1.7686328      	1.7517802      	1.7467175      	1.7404809      	1.7794485      	1.7419758      	1.7379475      	1.7580204      	1.7567229      	1.7608775      	1.7510159      	1.7486708      	1.7575396      	1.7449126      	1.7629888      	1.7516929      	1.7519714      	1.7593243      	1.7481124      	1.7547199      	1.7534704      	1.7556669      	1.782957       	1.7820511      	1.8125545      	1.7012142      	1.6126877      	1.7016145      	1.7437031      	1.7506373      	1.7426246      	1.7312647      	1.7511853      	1.7442989      	1.7462316      	1.7649801      	1.7411262      	1.7434647      	1.745416       	1.7497555      	1.7581301      	1.7323804      	1.7397878      	1.7464498      	1.7352682      	1.7438003      	1.7447988      	1.7485416      	1.461237       	1.584416       	1.5510312      	1.6893626      	1.6802291      	1.7230861      	1.7479516      	1.7538972      	1.7493187      	1.7599156      	1.7487833      	
1.7459818      	1.7790407      	1.8634607      	1.9424626      	1.7685766      	1.7260175      	1.7587368      	1.7448428      	1.7409083      	1.7463611      	1.753319       	1.7458153      	1.7365465      	1.7516096      	1.7514523      	1.7388765      	1.7581613      	1.7397363      	1.7611154      	1.7481507      	1.7322537      	1.7613306      	1.7314384      	1.7430322      	1.7508256      	1.5629741      	1.5962344      	1.6111438      	1.6849617      	1.7015857      	1.7130506      	1.7349191      	1.7556522      	1.75569        	1.7481337      	1.7404459      	1.7433435      	1.7601342      	1.7605686      	1.7399892      	1.7574549      	1.7591572      	1.7440871      	1.7437772      	1.7569444      	1.7600882      	1.7410619      	1.7530375      	1.7563365      	1.7648299      	1.7469311      	1.7552949      	1.7478404      	1.741372       	1.7626774      	1.7522167      	1.7377021      	1.7584131      	1.7441672      	1.7488693      	1.7692709      	1.7553813      	1.7534435      	1.7594377      	1.7716234      	1.7844296      	1.8238926      	1.7440467      	1.7370441      	1.7154151      	1.7373466      	1.7632087      	1.7369694      	1.7509404      	1.7439753      	1.7393489      	1.7590451      	1.7313113      	1.7319132      	1.7467399      	1.759756       	1.7315217      	1.7551973      	1.7485149      	1.7444588      	1.7481425      	1.7568778      	1.7412987      	1.7454153      	1.6809089      	1.5975213      	1.6596115      	1.6715229      	1.7238163      	1.7007519      	1.7218449      	1.743755       	1.7720869      	1.7632852      	1.7590456      	
1.7574716      	1.7788523      	1.8233255      	1.7155148      	1.7187506      	1.7254689      	1.7355008      	1.7367116      	1.7526064      	1.7455612      	1.7440473      	1.7446713      	1.7460257      	1.7492038      	1.7517805      	1.7430102      	1.7284284      	1.7644686      	1.7563279      	1.7263244      	1.7331599      	1.7601956      	1.7404629      	1.7318449      	1.7624016      	1.7509669      	1.4282237      	1.6340915      	1.5660126      	1.6960291      	1.6853098      	1.7194251      	1.7523943      	1.7337221      	1.7372589      	1.7561123      	1.7511686      	1.750005       	1.7556423      	1.7570881      	1.7389793      	1.7504545      	1.7523271      	1.7529469      	1.7463903      	1.7434093      	1.7649162      	1.7331203      	1.726895       	1.7825822      	1.7452104      	1.7581344      	1.7557274      	1.7627311      	1.7675184      	1.7275994      	1.7645088      	1.7676667      	1.7426112      	1.7595502      	1.7574089      	1.75741        	1.7425927      	1.7557365      	1.774644       	1.7760267      	1.7991363      	1.7893355      	1.8999016      	1.74605        	1.7288501      	1.7551911      	1.7412373      	1.7563632      	1.7340559      	1.7510986      	1.7421472      	1.743687       	1.7350012      	1.748092       	1.7614985      	1.7396827      	1.7245723      	1.7618408      	1.7629727      	1.7368885      	1.7424176      	1.7524749      	1.7564833      	1.7264193      	1.467764       	1.6022161      	1.6991274      	1.6905179      	1.5688483      	1.7100661      	1.7459395      	1.7699685      	1.7472755      	1.7766062      	
1.7546415      	1.7869515      	1.8142782      	1.8001581      	1.8364534      	1.7690053      	1.7375705      	1.739312       	1.7445004      	1.7563845      	1.7424864      	1.7428308      	1.7630976      	1.7559706      	1.7355971      	1.7422184      	1.7499933      	1.7337433      	1.7340442      	1.755272       	1.750203       	1.7422959      	1.7380089      	1.7483556      	1.7516255      	1.742044       	1.5554552      	1.5863665      	1.6789691      	1.6179796      	1.7156961      	1.6996884      	1.7295996      	1.7295748      	1.7610359      	1.7578154      	1.7342591      	1.7661986      	1.7447493      	1.7458062      	1.7511158      	1.7573506      	1.7615633      	1.7506061      	1.7453067      	1.7716706      	1.7449113      	1.7554041      	1.7653712      	1.733138       	1.7507837      	1.7582895      	1.7474618      	1.772303       	1.7497811      	1.7447177      	1.757823       	1.7552305      	1.7564969      	1.7515703      	1.747961       	1.7524129      	1.7460771      	1.7543237      	1.7548022      	1.7780555      	1.7927675      	1.8169469      	1.8026338      	1.6889914      	1.7030034      	1.7533453      	1.7398281      	1.7503179      	1.742648       	1.7423142      	1.7515433      	1.7358879      	1.7481027      	1.7531732      	1.7392877      	1.7376385      	1.7564354      	1.7545022      	1.7541816      	1.7550526      	1.7404622      	1.754801       	1.7444671      	1.7423027      	1.7522354      	1.7517091      	1.6686561      	1.7255232      	1.6348778      	1.738985       	1.7500838      	1.7615204      	1.694039       	1.7068824      	
1.7434137      	1.7676331      	1.8106153      	1.847416       	1.7052561      	1.7109164      	1.7091516      	1.7434667      	1.7358729      	1.727532       	1.756866       	1.7620734      	1.7359349      	1.7308911      	1.7520951      	1.7549598      	1.7395614      	1.7577412      	1.7406105      	1.7563444      	1.7513812      	1.7315309      	1.7507755      	1.748829       	1.7397658      	1.7474968      	1.7470706      	1.3501897      	1.6030872      	1.5714194      	1.6909637      	1.6913109      	1.7248958      	1.7485573      	1.7573102      	1.7469141      	1.740332       	1.7517538      	1.7667137      	1.7496235      	1.7533089      	1.7370154      	1.7584891      	1.7452143      	1.7461096      	1.7452577      	1.7518319      	1.7591771      	1.744537       	1.7553197      	1.762969       	1.7463763      	1.7512745      	1.7540073      	1.745934       	1.7670448      	1.7383258      	1.7445831      	1.7675442      	1.7458957      	1.7689786      	1.7400532      	1.7392321      	1.7637984      	1.7431992      	1.7632202      	1.7806561      	1.7855273      	1.693576       	1.7826586      	1.7299297      	1.7547933      	1.7283125      	1.7125221      	1.7596536      	1.7485342      	1.7282588      	1.750199       	1.7559693      	1.7570827      	1.7371905      	1.7351962      	1.7553942      	1.7437886      	1.7370696      	1.756405       	1.7631253      	1.7328075      	1.75248        	1.7542816      	1.7393248      	1.7427778      	1.7544868      	1.7532513      	1.7424709      	1.7395502      	1.7507644      	1.745654       	1.7527084      	1.7530012      	
1.7535769      	1.7613369      	1.7797438      	1.8250549      	1.8078412      	1.8555373      	1.7726169      	1.7457918      	1.7419802      	1.7367629      	1.7286108      	1.7573515      	1.7448765      	1.7207683      	1.7529432      	1.745336       	1.756395       	1.7523959      	1.7283484      	1.7593745      	1.7526485      	1.7331696      	1.7445215      	1.7609245      	1.7430676      	1.7427081      	1.7536618      	1.7333345      	1.45888        	1.6352317      	1.6744204      	1.695678       	1.6878256      	1.7401954      	1.7492379      	1.75948        	1.7525797      	1.7533417      	1.7434585      	1.7692007      	1.7387607      	1.7511685      	1.7541938      	1.7457209      	1.7579397      	1.7535114      	1.7657474      	1.7478961      	1.7385876      	1.7504678      	1.7542979      	1.7338992      	1.7654862      	1.7403152      	1.7553177      	1.7566643      	1.7372634      	1.7783833      	1.7555805      	1.7328382      	1.7721455      	1.7383348      	1.7459937      	1.7580491      	1.7548237      	1.7651045      	1.8058192      	1.7927777      	1.7296796      	1.8331065      	1.8710955      	1.7104373      	1.7253515      	1.7451673      	1.7517549      	1.7482736      	1.7427742      	1.7356949      	1.743218       	1.7472473      	1.747663       	1.7524657      	1.761215       	1.7438035      	1.7452035      	1.7564133      	1.7469741      	1.7467024      	1.7318475      	1.7582513      	1.7586472      	1.7239441      	1.756419       	1.7458023      	1.7638372      	1.7486279      	1.7448329      	1.7458123      	1.748867       	1.7310038      	
1.7468007      	1.7534889      	1.7767609      	1.8101804      	1.8201665      	1.6908301      	1.7540935      	1.7224083      	1.7255801      	1.7426199      	1.7437816      	1.7466675      	1.7460725      	1.7430753      	1.749093       	1.7539324      	1.751209       	1.7423401      	1.7402161      	1.7606077      	1.7428378      	1.7512895      	1.7636546      	1.7408192      	1.7425339      	1.7652019      	1.741625       	1.7564373      	1.5263292      	1.5890119      	1.5820525      	1.6925615      	1.6955069      	1.7145389      	1.7427009      	1.7553476      	1.7402933      	1.7642975      	1.7424047      	1.7451518      	1.7674557      	1.7453755      	1.7476333      	1.7611505      	1.7483068      	1.7478571      	1.7693899      	1.7489326      	1.7584361      	1.7516859      	1.750805       	1.7597556      	1.7488573      	1.7450864      	1.7478856      	1.7684456      	1.7742734      	1.733346       	1.76262        	1.7448577      	1.7530829      	1.7684532      	1.7562593      	1.7516735      	1.7646236      	1.7781295      	1.8185278      	1.7194452      	1.7577978      	1.7067928      	1.6331728      	1.7051926      	1.7479467      	1.752697       	1.7399751      	1.7391678      	1.7385736      	1.7648035      	1.7232404      	1.7192495      	1.7456938      	1.7426939      	1.7348416      	1.7436469      	1.7609683      	1.7377306      	1.7354441      	1.7488697      	1.7500114      	1.7527381      	1.7465858      	1.7364372      	1.7582314      	1.7320851      	1.736541       	1.7510929      	1.7542214      	1.746028       	1.7323539      	1.7642473      	
1.7410471      	1.7366297      	1.7660874      	1.8103282      	1.8170713      	1.7552946      	1.8154231      	1.7413096      	1.7111595      	1.7301874      	1.7558192      	1.7286323      	1.7452332      	1.7579199      	1.7399642      	1.7500932      	1.7423846      	1.7590433      	1.7507081      	1.7433465      	1.7458861      	1.7548432      	1.7506962      	1.7551992      	1.7456105      	1.7559818      	1.7384275      	1.7435507      	1.7539551      	1.5146924      	1.6448916      	1.5989391      	1.7093947      	1.6891713      	1.7247865      	1.7524865      	1.7488974      	1.7495378      	1.7542547      	1.7560314      	1.756999       	1.7584575      	1.7496918      	1.7554804      	1.742505       	1.7547228      	1.7505833      	1.7388027      	1.7525753      	1.7608954      	1.7527591      	1.7363956      	1.7556771      	1.7572823      	1.7533699      	1.76142        	1.7864051      	1.7440593      	1.7517661      	1.7658226      	1.7851986      	1.7785586      	1.789662       	1.754557       	1.7622529      	1.7680839      	1.7374387      	1.7413493      	1.7067709      	1.6015545      	1.7244457      	1.7290596      	1.7457775      	1.7398614      	1.7515285      	1.7419364      	1.7430753      	1.7607356      	1.7412214      	1.74126        	1.7639409      	1.747398       	1.7435569      	1.7412783      	1.7586535      	1.7517172      	1.7550265      	1.7459023      	1.746985       	1.7638005      	1.7410033      	1.7559952      	1.7573184      	1.741856       	1.7493672      	1.7530212      	1.7517213      	1.7469462      	1.7406752      	1.7569603      	
1.7501664      	1.7592298      	1.7446963      	1.7515162      	1.801174       	1.8114128      	1.6518841      	1.7320617      	1.721792       	1.7313553      	1.7526617      	1.7438375      	1.7553208      	1.7519906      	1.751963       	1.7484819      	1.7540985      	1.7470733      	1.7336886      	1.7401549      	1.7231585      	1.7627746      	1.7584771      	1.7730525      	1.7111715      	1.7606546      	1.7329811      	1.7458613      	1.7626102      	1.7392668      	1.5319272      	1.6284873      	1.7066872      	1.7008237      	1.6932346      	1.7456062      	1.7523407      	1.7514656      	1.7582618      	1.7501442      	1.7635198      	1.756116       	1.742998       	1.7590599      	1.7660798      	1.74193        	1.7872456      	1.7618107      	1.7605363      	1.7634718      	1.7640405      	1.7537599      	1.7601371      	1.762556       	1.7668288      	1.7711         	1.7734374      	1.764065       	1.7667705      	1.7743508      	1.7752469      	1.7426949      	1.7354358      	1.4918414      	1.7213817      	1.7342857      	1.7582285      	1.7535399      	1.7511778      	1.7494237      	1.7489102      	1.750985       	1.735678       	1.7541944      	1.7538121      	1.7481537      	1.7327516      	1.7556345      	1.7614931      	1.7423846      	1.753876       	1.7321274      	1.7451885      	1.7478548      	1.7444655      	1.7610652      	1.742543       	1.7498705      	1.7699147      	1.7298219      	1.7616892      	1.7540916      	1.7492381      	1.7628185      	1.7425622      	1.7513757      	1.750137       	1.7440848      	1.7603915      	1.738861       	
1.7592977      	1.7543515      	1.7479532      	1.7698231      	1.7981784      	1.7985462      	1.8074582      	1.7305535      	1.7408059      	1.7253019      	1.7442931      	1.7495729      	1.7516167      	1.7522947      	1.7389345      	1.7525548      	1.7584534      	1.7391025      	1.7543674      	1.7669718      	1.7386388      	1.7371175      	1.7547302      	1.7432939      	1.7356651      	1.7381079      	1.7525927      	1.7553047      	1.7530115      	1.7437497      	1.5029583      	1.6093869      	1.5684085      	1.71081        	1.7171866      	1.7218374      	1.7343708      	1.7710556      	1.7756008      	1.7564641      	1.7675318      	1.767066       	1.7479632      	1.7783108      	1.7495512      	1.7721233      	1.7897373      	1.7702748      	1.7813635      	1.7685206      	1.7767034      	1.7520598      	1.7563537      	1.7655876      	1.6624649      	1.7045714      	1.5563701      	1.727861       	1.739177       	1.7511003      	1.7365226      	1.7309119      	1.7532151      	1.7462021      	1.7483668      	1.7553172      	1.7409846      	1.7549208      	1.7603359      	1.7702187      	1.736291       	1.7433194      	1.7574863      	1.7503407      	1.7569119      	1.7502515      	1.7449497      	1.744329       	1.7490695      	1.7416728      	1.7655269      	1.748322       	1.7545043      	1.7550821      	1.7538723      	1.7566085      	1.7499968      	1.7448694      	1.7634742      	1.745246       	1.7503413      	1.751698       	1.7621309      	1.7434475      	1.7474772      	1.7583466      	1.7408115      	1.7535298      	1.761842       	1.757271       	
1.7579881      	1.7566241      	1.7513063      	1.7611614      	1.7742525      	1.7902117      	1.7936836      	1.7064337      	1.6827068      	1.7054945      	1.7398442      	1.7433119      	1.7374525      	1.7529821      	1.7517565      	1.7407229      	1.7505927      	1.7525629      	1.7469903      	1.7516714      	1.7503995      	1.7679269      	1.7486632      	1.7522134      	1.7619933      	1.760867       	1.749118       	1.7437252      	1.7586776      	1.7556616      	1.5609064      	1.5835488      	1.7044854      	1.7151773      	1.6290078      	1.6900735      	1.7510599      	1.7724997      	1.782993       	1.7631532      	1.789813       	1.7789419      	1.7646866      	1.7731049      	1.7607335      	1.7616738      	1.7379045      	1.6640145      	1.5316656      	1.7271785      	1.7637727      	1.7521899      	1.7286382      	1.730565       	1.7700715      	1.7408147      	1.7333534      	1.7550145      	1.7518548      	1.7527124      	1.7487456      	1.7538104      	1.7573         	1.7506386      	1.7578174      	1.76532        	1.741337       	1.7561901      	1.7531207      	1.7595215      	1.7502161      	1.7443261      	1.7535883      	1.7571644      	1.7500395      	1.7454811      	1.7571725      	1.7485694      	1.7399966      	1.7602286      	1.7490939      	1.7702855      	1.7460482      	1.7493377      	1.7524196      	1.7532892      	1.752983       	1.7668288      	1.7542049      	1.7444746      	1.7591691      	1.7528138      	1.744997       	1.7599349      	1.7483128      	1.7557683      	1.7575053      	1.739383       	1.7650388      	1.7426076      	
1.7470095      	1.7477937      	1.7516512      	1.7497985      	1.7498423      	1.7824059      	1.8001773      	1.8207393      	1.757695       	1.7778867      	1.7234349      	1.7482835      	1.7390186      	1.7530134      	1.7324036      	1.7331046      	1.7607218      	1.7484156      	1.7513225      	1.7530303      	1.7406904      	1.7645544      	1.7459649      	1.7646228      	1.757895       	1.747336       	1.7415453      	1.7554535      	1.752206       	1.7556337      	1.7450305      	1.749979       	1.677257       	1.6850144      	1.6495806      	1.7378329      	1.7632709      	1.7603712      	1.7611748      	1.6827209      	1.7273891      	1.6674179      	1.7101065      	1.7571287      	1.7572536      	1.7377378      	1.766191       	1.745694       	1.753823       	1.7515109      	1.7532557      	1.7573793      	1.7531394      	1.7590559      	1.7560472      	1.7434064      	1.7636434      	1.7369748      	1.7528989      	1.7555295      	1.7560462      	1.7471181      	1.7512777      	1.7478496      	1.7459688      	1.7418976      	1.7534924      	1.7523592      	1.7379413      	1.7627738      	1.7509086      	1.750945       	1.7482072      	1.7543116      	1.7543555      	1.7384071      	1.7582328      	1.7457896      	1.746275       	1.7631327      	1.7584268      	1.7525705      	1.74397        	1.7649333      	1.7603772      	1.7539681      	1.7566246      	1.7530173      	1.7713417      	1.7340897      	1.7361165      	1.7612054      	1.7427038      	1.7481331      	1.7438428      	1.7647969      	1.7548993      	1.7577976      	1.7632285      	1.7498609      	
1.7540866      	1.7554674      	1.7525163      	1.7538255      	1.7588959      	1.7719418      	1.7940166      	1.7855217      	1.7356825      	1.8850315      	1.7703118      	1.7142226      	1.7432995      	1.7368712      	1.7478348      	1.7538985      	1.7472873      	1.7388734      	1.7485518      	1.7471075      	1.7506553      	1.7529913      	1.747493       	1.7407309      	1.7615033      	1.7481039      	1.7531457      	1.7460518      	1.7582194      	1.7564331      	1.7509853      	1.7630464      	1.7511         	1.7646698      	1.7457992      	1.7306994      	1.7564764      	1.7487849      	1.7489741      	1.7495629      	1.7540712      	1.7425536      	1.7509965      	1.7597983      	1.7427535      	1.7487104      	1.7538172      	1.7516967      	1.7572794      	1.7753879      	1.7503047      	1.749487       	1.7549868      	1.7396779      	1.7602751      	1.7612689      	1.7479         	1.7537359      	1.7610044      	1.7464242      	1.7560568      	1.7467405      	1.7476666      	1.7529507      	1.740392       	1.7610931      	1.7611392      	1.7490863      	1.7639537      	1.743547       	1.7602271      	1.751268       	1.7438009      	1.766839       	1.7543123      	1.7413081      	1.7470676      	1.7448326      	1.7563682      	1.7532511      	1.7438121      	1.7533978      	1.7659398      	1.7504779      	1.7576718      	1.7480112      	1.7697966      	1.7491958      	1.7379222      	1.762771       	1.7608111      	1.75792        	1.7454481      	1.7588029      	1.7609823      	1.737145       	1.7565356      	1.7451867      	1.7538824      	1.7521876      	
1.7444448      	1.7402608      	1.7585499      	1.7703865      	1.7578378      	1.7482809      	1.8114965      	1.784412       	1.7222582      	1.8231634      	1.8363351      	1.7182498      	1.7364854      	1.7463833      	1.7455649      	1.7431315      	1.7526767      	1.7478195      	1.7459261      	1.7676072      	1.7492443      	1.7605159      	1.7497922      	1.7412335      	1.7525967      	1.7575389      	1.7655245      	1.7562368      	1.746669       	1.7403458      	1.761037       	1.7462009      	1.7415276      	1.7587869      	1.7505035      	1.7568561      	1.7423652      	1.7461714      	1.7684001      	1.7467015      	1.7495211      	1.7619103      	1.739885       	1.755884       	1.7489691      	1.736745       	1.75805        	1.7524989      	1.7467523      	1.7644755      	1.7462085      	1.7490295      	1.7401438      	1.7568247      	1.7533442      	1.7532268      	1.7579504      	1.7479513      	1.7561294      	1.7599775      	1.7323685      	1.7604228      	1.7518697      	1.7501683      	1.7470921      	1.758892       	1.754517       	1.7342278      	1.7503697      	1.7625463      	1.7496508      	1.7542338      	1.7559695      	1.7572074      	1.7535954      	1.7469776      	1.7571298      	1.763401       	1.7487549      	1.7603427      	1.7649034      	1.7491821      	1.7553602      	1.765483       	1.7525733      	1.7592552      	1.7488776      	1.7597663      	1.7548674      	1.7529336      	1.7495416      	1.7512798      	1.7533728      	1.7507753      	1.7484106      	1.7511463      	1.762502       	1.7492764      	1.7415632      	1.7433386      	
1.7600838      	1.7498062      	1.7536726      	1.7739017      	1.7679585      	1.7682148      	1.8107588      	1.693975       	1.7221357      	1.7189426      	1.786911       	1.7404255      	1.7564601      	1.734875       	1.7453241      	1.7543538      	1.7387046      	1.7393749      	1.7576743      	1.7604651      	1.7526817      	1.7355314      	1.7606196      	1.7488135      	1.7493811      	1.7522968      	1.7497673      	1.738559       	1.7634996      	1.7440389      	1.7651976      	1.7500602      	1.733866       	1.7526408      	1.7362956      	1.7554758      	1.7603874      	1.7417418      	1.7598512      	1.7535995      	1.7557153      	1.7523907      	1.7369379      	1.7592525      	1.7420666      	1.7623632      	1.7454855      	1.7463633      	1.7639695      	1.7549876      	1.7642586      	1.765165       	1.7361284      	1.7438232      	1.7606657      	1.7501869      	1.7421238      	1.7532375      	1.7709519      	1.7484696      	1.748185       	1.7663473      	1.7388831      	1.7542939      	1.7693858      	1.7564584      	1.7442635      	1.7475234      	1.7621857      	1.7550547      	1.7292423      	1.7614834      	1.758321       	1.7567267      	1.7480634      	1.7433636      	1.7589127      	1.7478386      	1.7563268      	1.7385508      	1.7405823      	1.7573556      	1.7560563      	1.750907       	1.7391787      	1.750872       	1.7512653      	1.7394891      	1.7484592      	1.7539502      	1.756127       	1.7528495      	1.742237       	1.7558155      	1.7590927      	1.751274       	1.7579452      	1.7645068      	1.7691926      	1.7319585      	
1.7582421      	1.7633904      	1.7934872      	1.793706       	1.7918048      	1.7550341      	1.7474971      	1.7916023      	1.6979803      	1.7397465      	1.7375399      	1.7475294      	1.7410505      	1.7522182      	1.7482096      	1.7507823      	1.7632234      	1.7412758      	1.755913       	1.77083        	1.7417558      	1.7354844      	1.7669324      	1.7505403      	1.7400633      	1.755883       	1.7571051      	1.7387227      	1.7546289      	1.7453842      	1.7518301      	1.7559526      	1.7409154      	1.7530612      	1.760334       	1.7427186      	1.7541262      	1.7622197      	1.7459415      	1.7524253      	1.770604       	1.7552792      	1.7540898      	1.754196       	1.7546654      	1.7527006      	1.750454       	1.7639179      	1.761067       	1.7519287      	1.7568139      	1.760245       	1.7527277      	1.7562524      	1.7339159      	1.7610719      	1.7525935      	1.7625132      	1.7803198      	1.743754       	1.7583104      	1.7569723      	1.7444451      	1.7753751      	1.7487597      	1.7547373      	1.746248       	1.7521396      	1.7673033      	1.7584443      	1.753191       	1.7529979      	1.7607766      	1.7657804      	1.764499       	1.7685721      	1.7422861      	1.7575771      	1.757309       	1.7485051      	1.766056       	1.7527485      	1.7510719      	1.7577307      	1.7439935      	1.7809215      	1.7529392      	1.7457567      	1.761544       	1.74865        	1.756141       	1.7528559      	1.7344306      	1.758203       	1.7544528      	1.76011        	1.7585913      	1.7533275      	1.7540898      	1.3320045      	
1.7237842      	1.7737958      	1.6719538      	1.6206862      	1.7400987      	1.7459195      	1.747734       	1.7367252      	1.7639258      	1.7496133      	1.7476739      	1.7625374      	1.7596643      	1.7514385      	1.7384219      	1.7529752      	1.7620614      	1.7459188      	1.7578758      	1.759995       	1.7495015      	1.7494758      	1.7514904      	1.7517745      	1.7535781      	1.7492449      	1.7639076      	1.7704514      	1.7610302      	1.7456812      	1.7661692      	1.7577616      	1.7598064      	1.7559731      	1.7689124      	1.7452408      	1.7409663      	1.7654921      	1.7619141      	1.7444135      	1.7553442      	1.7672662      	1.7518176      	1.7539649      	1.7636273      	1.7617478      	1.7589203      	1.7526855      	1.759543       	1.7456547      	1.7551571      	1.7626535      	1.754995       	1.7645063      	1.7352642      	1.7752092      	1.7522832      	1.739663       	1.7700176      	1.7576983      	1.7583873      	1.7564844      	1.764027       	1.7595657      	1.7574517      	1.7413461      	1.7709457      	1.7520727      	1.746691       	1.7637643      	1.7572845      	1.7590623      	1.7548236      	1.7741222      	1.7637924      	1.7489414      	1.7666157      	1.7621945      	1.7432468      	1.7609929      	1.7691616      	1.7554508      	1.7432777      	1.7643477      	1.7517806      	1.7511033      	1.7661859      	1.7558041      	1.7556618      	1.7484169      	1.7524234      	1.7593293      	1.7528248      	1.7523034      	1.7766315      	1.757679       	1.7568421      	1.7570095      	1.7678423      	1.3615439      	
1.7544274      	1.7741324      	1.7537034      	1.7547598      	1.7446502      	1.7475835      	1.7551537      	1.7589365      	1.7521814      	1.7625144      	1.751062       	1.7575758      	1.7599404      	1.7576442      	1.7673998      	1.7310978      	1.7603701      	1.7706195      	1.7398092      	1.7617536      	1.7626529      	1.7453289      	1.7686156      	1.7683766      	1.7358004      	1.7584857      	1.7672436      	1.7521927      	1.766072       	1.7622275      	1.7434716      	1.7521862      	1.7720283      	1.7506492      	1.7575465      	1.7590396      	1.74602        	1.7556486      	1.754943       	1.7540046      	1.7699157      	1.747073       	1.7426361      	1.7563426      	1.7607965      	1.7707603      	1.7400224      	1.7560966      	1.7700388      	1.7486145      	1.7683438      	1.7588683      	1.7480863      	1.763052       	1.7469534      	1.7545129      	1.7686493      	1.7531111      	1.7634473      	1.3483849      	1.6908141      	1.7386205      	1.7516564      	1.7836381      	1.7140781      	1.7457364      	1.7638414      	1.7307813      	1.7522833      	1.7503679      	1.590055       	1.7033575      	1.6649204      	1.6857287      	1.7390641      	1.7435312      	1.7727267      	1.7452083      	1.7465587      	1.7663782      	1.7543175      	1.7482076      	1.7697991      	1.7590848      	1.7634965      	1.7502506      	1.750881       	1.7618406      	1.7396966      	1.7550207      	1.7690582      	1.7589079      	1.759413       	1.7647947      	1.7476186      	1.7546967      	1.7658727      	1.7615777      	1.4208909      	1.5869194      	
1.7606841      	1.7628549      	1.751903       	1.75456        	1.7609315      	1.7502058      	1.7578553      	1.7449278      	1.7663954      	1.7658672      	1.7616482      	1.744798       	1.77141        	1.7635674      	1.7536883      	1.7619923      	1.760511       	1.7604445      	1.7575403      	1.7473973      	1.7687117      	1.753348       	1.7561038      	1.7616829      	1.7506979      	1.7633259      	1.7551318      	1.7601496      	1.7702336      	1.741004       	1.7660732      	1.7671328      	1.7464789      	1.7740957      	1.7523828      	1.7649573      	1.7686241      	1.7521094      	1.7626882      	1.7552432      	1.7478286      	1.7641397      	1.7475489      	1.7522793      	1.7674919      	1.7559983      	1.7557628      	1.7674356      	1.758077       	1.7597955      	1.7521129      	1.7551231      	1.7530773      	1.7560815      	1.7541642      	1.7584233      	1.7470009      	1.4547956      	1.665937       	1.6846175      	1.7153847      	1.7308195      	1.8070358      	1.6459831      	1.6496843      	1.6947166      	1.704967       	1.7077188      	1.7213024      	1.710311       	1.7141933      	1.4235218      	1.6530706      	1.7260813      	1.7338969      	1.7302138      	1.8209654      	1.7673547      	1.7343876      	1.7355161      	1.7640895      	1.7498881      	1.7437719      	1.7736069      	1.7504315      	1.755192       	1.7672914      	1.7607695      	1.7503319      	1.744953       	1.7486477      	1.7570099      	1.7568544      	1.74101        	1.7751542      	1.7541777      	1.7443558      	1.761075       	1.7531635      	1.3139865      	
1.7648965      	1.7638047      	1.765138       	1.7582519      	1.761444       	1.7637781      	1.7463255      	1.7391486      	1.7737559      	1.7550273      	1.7609584      	1.7498628      	1.7709001      	1.7459298      	1.7473031      	1.7651324      	1.7506466      	1.7513582      	1.7619289      	1.7593706      	1.749774       	1.7621256      	1.7705611      	1.7399096      	1.7643962      	1.7486314      	1.7618504      	1.7534636      	1.7348021      	1.7715764      	1.748923       	1.7536311      	1.7541627      	1.7594209      	1.7581685      	1.7467284      	1.7579271      	1.7561827      	1.7448525      	1.7520145      	1.7508721      	1.7600795      	1.7373321      	1.7505808      	1.7797107      	1.7401743      	1.7575924      	1.7492144      	1.7508826      	1.75702        	1.7589887      	1.7553716      	1.7426915      	1.7444786      	1.581887       	1.6854941      	1.6803337      	1.6854595      	1.706458       	1.7118235      	1.717221       	1.7001345      	1.7143189      	1.7120973      	1.6512873      	1.6071366      	1.6596652      	1.7096525      	1.7513434      	1.756296       	1.7173841      	1.7626414      	1.7631218      	1.7680689      	1.7781764      	1.7932323      	1.7430575      	1.8123868      	1.7380855      	1.7268875      	1.7492397      	1.751005       	1.7393878      	1.7653767      	1.7486719      	1.7326076      	1.7768161      	1.7496871      	1.7488319      	1.7570305      	1.7513312      	1.7619932      	1.7389189      	1.7594076      	1.7702695      	1.7419052      	1.766256       	1.7585155      	1.7434675      	1.761055       	
1.7641777      	1.7587447      	1.7485679      	1.7474623      	1.7412574      	1.7540817      	1.7671201      	1.7553827      	1.7420664      	1.7511073      	1.7572823      	1.7617568      	1.7565547      	1.7584003      	1.7479086      	1.7478483      	1.7667731      	1.7514147      	1.7662832      	1.7526141      	1.7542942      	1.7672433      	1.7455646      	1.7556326      	1.7661754      	1.7425119      	1.7559754      	1.7720612      	1.749212       	1.764227       	1.7529724      	1.755609       	1.7603033      	1.7482564      	1.760032       	1.7619203      	1.7426856      	1.7451597      	1.7686564      	1.743934       	1.7468475      	1.7498697      	1.7422945      	1.7406358      	1.7735174      	1.7500888      	1.7512612      	1.6065898      	1.6726862      	1.6683279      	1.6933523      	1.6971045      	1.6993988      	1.701757       	1.7045629      	1.7003934      	1.489796       	1.674229       	1.652987       	1.7224988      	1.7390751      	1.7393949      	1.736611       	1.768003       	1.7523464      	1.7535629      	1.7527702      	1.756292       	1.7649751      	1.7543608      	1.7598621      	1.7473245      	1.7666065      	1.7505792      	1.7584816      	1.7969507      	1.7882668      	1.8286321      	1.7593617      	1.7101942      	1.7589732      	1.7446741      	1.7499907      	1.7602711      	1.7537024      	1.7614306      	1.7566395      	1.7697166      	1.7550502      	1.7613482      	1.7572669      	1.7502096      	1.7565558      	1.7579726      	1.750261       	1.7572904      	1.7691573      	1.7455158      	1.7556574      	1.7474443      	
1.7567167      	1.7593737      	1.7669021      	1.7698163      	1.7558455      	1.7616119      	1.752267       	1.734096       	1.7720194      	1.7572534      	1.7603005      	1.7659551      	1.7489331      	1.7610706      	1.7564459      	1.7571673      	1.7500113      	1.767837       	1.7557988      	1.7369465      	1.7677695      	1.7665942      	1.75906        	1.7697456      	1.753503       	1.7516716      	1.7669178      	1.7466381      	1.7728336      	1.7356653      	1.7520696      	1.7616965      	1.7657931      	1.755595       	1.7435418      	1.7669784      	1.7427089      	1.7622676      	1.7408181      	1.7518806      	1.770439       	1.7620947      	1.5332862      	1.6275324      	1.7251308      	1.7085882      	1.6888268      	1.7129995      	1.7203739      	1.625525       	1.6172688      	1.6902912      	1.7105458      	1.7383032      	1.7464105      	1.7653508      	1.7697742      	1.7440332      	1.7624719      	1.7393253      	1.7619064      	1.7846923      	1.7495538      	1.7699089      	1.7680401      	1.7626619      	1.7592428      	1.7556777      	1.7597643      	1.7592301      	1.7652838      	1.7542648      	1.7554702      	1.7528524      	1.7676995      	1.7915946      	1.789974       	1.7984083      	1.6748102      	1.8025284      	1.732394       	1.7388971      	1.7600077      	1.7558913      	1.7495996      	1.7473314      	1.7511797      	1.757855       	1.7537371      	1.752451       	1.7570995      	1.7561668      	1.7525318      	1.7512982      	1.7518672      	1.7538333      	1.7461796      	1.7425236      	1.763824       	1.7528844      	
1.7628672      	1.7586628      	1.7679068      	1.7648104      	1.7496606      	1.7582471      	1.73724        	1.7571247      	1.7541219      	1.7581109      	1.7649916      	1.7487745      	1.7619538      	1.7620507      	1.7404292      	1.7731696      	1.7546297      	1.7445184      	1.7634512      	1.7440517      	1.7548006      	1.7536749      	1.7570587      	1.7528548      	1.7466416      	1.7513434      	1.7514668      	1.7568376      	1.7559149      	1.7667667      	1.7478492      	1.7605746      	1.7526641      	1.7632312      	1.775854       	1.7488301      	1.7501613      	1.7599455      	1.7450949      	1.7589527      	1.6662972      	1.574637       	1.6201438      	1.6633071      	1.6866508      	1.7353594      	1.7367593      	1.7493951      	1.7621758      	1.7560757      	1.7543703      	1.7676468      	1.7494905      	1.7583759      	1.7607979      	1.7545645      	1.7554111      	1.7493701      	1.7643256      	1.7636713      	1.7480764      	1.7565622      	1.7614574      	1.7464777      	1.7677473      	1.7561123      	1.7618088      	1.7693784      	1.744456       	1.7701964      	1.7631927      	1.7503005      	1.749998       	1.7538013      	1.7648495      	1.7662202      	1.7924076      	1.7903249      	1.7918496      	1.8910819      	1.7646508      	1.7483845      	1.7404177      	1.7459841      	1.7559626      	1.7661731      	1.7330031      	1.7664369      	1.7636037      	1.7511683      	1.7656237      	1.763789       	1.7532251      	1.7567415      	1.7509564      	1.7594314      	1.7456216      	1.7549458      	1.7553974      	1.7489375      	
1.7430857      	1.752052       	1.7623984      	1.7704663      	1.7570655      	1.7425476      	1.7680328      	1.7492958      	1.7649791      	1.7453687      	1.7619637      	1.7574058      	1.7424239      	1.7651411      	1.7511443      	1.7397653      	1.7640915      	1.7494699      	1.7532132      	1.7590821      	1.7621591      	1.7579514      	1.739274       	1.7545937      	1.7689193      	1.756068       	1.7556772      	1.7579691      	1.7646022      	1.7493613      	1.7486149      	1.7604502      	1.754677       	1.7451426      	1.7561564      	1.7577431      	1.7544959      	1.763497       	1.7699208      	1.2781568      	1.4041681      	1.4265614      	1.6657062      	1.8029277      	1.9457046      	1.7770112      	1.7402016      	1.7498789      	1.7612287      	1.7559358      	1.7582567      	1.7424258      	1.7576991      	1.75393        	1.7572474      	1.7545061      	1.7734789      	1.7500604      	1.7701812      	1.7486327      	1.7510182      	1.7715689      	1.7600278      	1.7603114      	1.7537066      	1.7737416      	1.7551306      	1.7564771      	1.7563242      	1.7577422      	1.7664405      	1.7643231      	1.7511262      	1.7631638      	1.7506605      	1.757485       	1.7798816      	1.7900859      	1.7959164      	1.7438949      	1.6795267      	1.7171278      	1.7389824      	1.761816       	1.7350131      	1.7580272      	1.7461005      	1.7489414      	1.7743251      	1.7447989      	1.7507039      	1.7618431      	1.7413157      	1.7534301      	1.7508868      	1.7544882      	1.7610577      	1.754988       	1.7446426      	1.749062       	
1.7546786      	1.7541846      	1.7415569      	1.7529799      	1.7623699      	1.7781241      	1.7414564      	1.7474425      	1.7501122      	1.7628864      	1.746895       	1.747299       	1.7499802      	1.7661928      	1.7566652      	1.7564645      	1.7494713      	1.7539045      	1.7545547      	1.7426927      	1.7598978      	1.7537328      	1.7551519      	1.7589566      	1.7630363      	1.750385       	1.737132       	1.7648388      	1.7415658      	1.7515669      	1.7573589      	1.7407862      	1.7761694      	1.758902       	1.7560859      	1.756048       	1.7511915      	1.7021804      	1.4259611      	1.5890564      	1.5736167      	1.6315509      	1.4985031      	1.7339249      	1.6832227      	1.7805668      	1.8318489      	1.9556242      	1.7860842      	1.7478276      	1.7352049      	1.7606558      	1.7439038      	1.7480509      	1.7576246      	1.7581398      	1.7543231      	1.7511723      	1.7626295      	1.761489       	1.7528597      	1.7545136      	1.7529128      	1.7724897      	1.7420255      	1.7523764      	1.7686539      	1.7662575      	1.7494389      	1.7449138      	1.7710838      	1.748406       	1.7592884      	1.7664745      	1.7504133      	1.7710099      	1.7604159      	1.7997932      	1.7839707      	1.7942835      	1.7304918      	1.6132927      	1.7244921      	1.7516555      	1.7650276      	1.7459322      	1.7534167      	1.7511082      	1.7465869      	1.7647465      	1.7415013      	1.755198       	1.7505901      	1.7610757      	1.7494177      	1.7593623      	1.7356716      	1.7479521      	1.7518681      	1.7519941      	
1.7676674      	1.7728541      	1.7520927      	1.7657092      	1.7650324      	1.752918       	1.7362646      	1.7466666      	1.6795295      	1.6857345      	1.6837538      	1.689677       	1.6671804      	1.7713667      	1.759281       	1.7427663      	1.7630253      	1.7520857      	1.7503152      	1.761489       	1.7525679      	1.7502753      	1.7471323      	1.7556558      	1.7562673      	1.7606617      	1.7636168      	1.7538607      	1.7659479      	1.7437562      	1.7489921      	1.7624395      	1.754944       	1.7632232      	1.7500807      	1.7444503      	1.3711704      	1.4565893      	1.5257245      	1.4268949      	1.6021701      	1.6850549      	1.7407057      	1.7657886      	1.7904655      	1.7858492      	1.8125776      	1.8507057      	1.9827652      	1.840702       	1.7275121      	1.7419676      	1.7569413      	1.7545078      	1.7666124      	1.7456146      	1.7484595      	1.7523129      	1.7508719      	1.7592559      	1.7570417      	1.7481235      	1.760109       	1.7592686      	1.755293       	1.7499777      	1.7577431      	1.7671556      	1.7701077      	1.7506467      	1.752391       	1.759836       	1.7646192      	1.7595581      	1.7613422      	1.7594279      	1.762345       	1.771032       	1.7930381      	1.7836664      	1.7122973      	1.68055        	1.7225057      	1.7538284      	1.7329415      	1.7476512      	1.7591661      	1.7537053      	1.7634057      	1.7497092      	1.7393572      	1.7619964      	1.7451769      	1.7473513      	1.7635702      	1.7507067      	1.7644264      	1.7376041      	1.7598042      	1.7623532      	
1.6772556      	1.6981293      	1.6909719      	1.657315       	1.6682981      	1.7136061      	1.7173733      	1.7071741      	1.7231073      	1.7077581      	1.7131239      	1.6379131      	1.6378483      	1.717656       	1.7423595      	1.7475002      	1.7199862      	1.6954528      	1.7277871      	1.7360141      	1.764785       	1.7442167      	1.770264       	1.7649066      	1.7457631      	1.7602149      	1.7598048      	1.7429177      	1.7617344      	1.7610832      	1.7502745      	1.7596685      	1.7496388      	1.7562217      	1.7491703      	1.756077       	1.6505075      	1.2948917      	1.5546695      	1.6575048      	1.7144994      	1.7388605      	1.734735       	1.7566022      	1.7845014      	1.8216513      	1.8142947      	1.7371757      	1.8261927      	1.9233501      	1.9720842      	1.7092426      	1.7522908      	1.75707        	1.7472432      	1.7507902      	1.7476175      	1.7620348      	1.7577957      	1.7623341      	1.7578361      	1.7592193      	1.7604566      	1.7494891      	1.7645231      	1.7651927      	1.7469436      	1.7503326      	1.7681689      	1.7414118      	1.7587205      	1.7687563      	1.7525389      	1.7599459      	1.7590134      	1.7749429      	1.7536594      	1.7600181      	1.7791209      	1.7853103      	1.805174       	1.6823906      	1.7319478      	1.7272748      	1.7511756      	1.7582203      	1.7392459      	1.7469466      	1.75544        	1.7618729      	1.7479801      	1.7472717      	1.7476449      	1.755493       	1.7653135      	1.7426844      	1.7533687      	1.7542902      	1.7474511      	1.7639998      	
1.7290733      	1.7106906      	1.6718326      	1.5782211      	1.6336696      	1.7074032      	1.743366       	1.7328157      	1.7357283      	1.7646205      	1.7552178      	1.7582827      	1.762465       	1.7597263      	1.7887982      	1.7830539      	1.7934082      	1.8154014      	1.6416373      	1.7527008      	1.744912       	1.7576629      	1.7652581      	1.7546077      	1.7680749      	1.7539932      	1.7467803      	1.7675506      	1.7546829      	1.7575331      	1.7620026      	1.769851       	1.7549713      	1.7571995      	1.7648871      	1.0903927      	1.5352691      	1.5079187      	1.513102       	1.5008684      	1.761606       	1.6882815      	1.7003269      	1.7478852      	1.7944794      	1.8463187      	1.799585       	1.6936585      	1.7980605      	1.9233148      	1.9504675      	1.7305408      	1.7465062      	1.7520272      	1.7409247      	1.7652495      	1.7558619      	1.7508564      	1.7730718      	1.7575123      	1.7601829      	1.7649112      	1.7540936      	1.7609099      	1.7656196      	1.7514536      	1.7618152      	1.7642639      	1.7381072      	1.7777907      	1.7616415      	1.773235       	1.7621018      	1.7661821      	1.7680266      	1.7571121      	1.7517468      	1.7663043      	1.7855766      	1.794849       	1.8011888      	1.7399343      	1.8581976      	1.7356706      	1.7316535      	1.7611489      	1.7609471      	1.747396       	1.753715       	1.7692668      	1.7503412      	1.7365968      	1.7683314      	1.7617188      	1.7474314      	1.7508719      	1.7502031      	1.7530047      	1.7654805      	1.7589817      	
1.7506112      	1.7526941      	1.7490401      	1.7477396      	1.7515788      	1.7667745      	1.7653033      	1.7500775      	1.7747266      	1.7515959      	1.7475238      	1.7749258      	1.7583259      	1.7644757      	1.7740484      	1.7862359      	1.7934127      	1.8075296      	1.7451069      	1.771687       	1.7356726      	1.7561535      	1.7628456      	1.7537777      	1.7615569      	1.7488977      	1.7458435      	1.7646397      	1.7462744      	1.7555653      	1.7608631      	1.7564168      	1.7604331      	1.7625105      	1.7694976      	0.95689976     	1.4303656      	1.6660904      	1.5837649      	1.6280172      	1.7280282      	1.6509973      	1.6952217      	1.7588125      	1.7939725      	1.822968       	1.5998409      	1.6489036      	1.7931521      	1.9556723      	1.804437       	1.7392577      	1.7575543      	1.754366       	1.7572726      	1.7572201      	1.7738215      	1.7553488      	1.7553945      	1.7627558      	1.7678884      	1.7490171      	1.7536188      	1.7651628      	1.7541543      	1.7529562      	1.7654076      	1.7593548      	1.7481428      	1.7643191      	1.7662156      	1.7684766      	1.7610841      	1.7654865      	1.7670975      	1.7535298      	1.7505375      	1.7672259      	1.7696443      	1.7955239      	1.7891324      	1.8152902      	1.7380162      	1.7371072      	1.7534673      	1.7676523      	1.7474906      	1.744675       	1.7580593      	1.7457728      	1.7613145      	1.7651681      	1.757556       	1.7529941      	1.7559909      	1.7606976      	1.7646188      	1.759853       	1.7583896      	1.7567246      	
1.7657408      	1.7777519      	1.7654883      	1.7534424      	1.7675805      	1.7505195      	1.7584176      	1.757075       	1.7646917      	1.7628124      	1.7555536      	1.7638409      	1.7797772      	1.7636776      	1.7602328      	1.777539       	1.7960721      	1.7889616      	1.766745       	1.8765699      	1.7408984      	1.7561778      	1.7486323      	1.7629106      	1.7547314      	1.757412       	1.7631528      	1.760872       	1.7556219      	1.757546       	1.7601953      	1.764386       	1.7520734      	1.7594686      	1.7587177      	1.7487788      	1.7469274      	1.3458532      	1.4444059      	1.7062674      	1.3676313      	1.672422       	1.6610008      	1.7637445      	1.5023011      	1.7555448      	1.6974571      	1.8181983      	1.7477808      	1.7452275      	1.7542579      	1.7562368      	1.7625816      	1.755562       	1.7642654      	1.7635438      	1.7568678      	1.7554553      	1.7586728      	1.758256       	1.7700942      	1.7543879      	1.7643878      	1.7654684      	1.7595729      	1.7550915      	1.7562201      	1.7657814      	1.7588142      	1.7611742      	1.7627178      	1.7629926      	1.7646282      	1.7442577      	1.7779869      	1.7630377      	1.7574188      	1.7680118      	1.7652463      	1.7822983      	1.7836082      	1.8009663      	1.832959       	1.7783724      	1.7449576      	1.7481513      	1.7564821      	1.7472626      	1.7563779      	1.7708638      	1.7523032      	1.7516837      	1.7614241      	1.7518702      	1.7654277      	1.756973       	1.7482221      	1.779246       	1.7485038      	1.7673188      	
1.7444699      	1.7571084      	1.760447       	1.7694515      	1.7679808      	1.7627672      	1.7504587      	1.7714531      	1.7658406      	1.7737356      	1.7640269      	1.7756671      	1.7675806      	1.7542281      	1.7577171      	1.7778747      	1.7989707      	1.786706       	1.8211839      	1.7165223      	1.7325625      	1.7258908      	1.7502154      	1.7547482      	1.7504498      	1.7569284      	1.7638428      	1.7645717      	1.7512555      	1.75933        	1.7664268      	1.7493616      	1.7603612      	1.7586197      	1.7556496      	1.7680396      	1.7499985      	1.748162       	1.7652484      	1.7550122      	1.781879       	1.652535       	1.6001521      	1.7214079      	1.5259749      	1.7158728      	1.7077527      	1.729115       	1.7588177      	1.7664784      	1.7697642      	1.7557452      	1.7569298      	1.7786394      	1.7607987      	1.757115       	1.7644103      	1.7538207      	1.7726614      	1.7602173      	1.7677557      	1.7835433      	1.7627326      	1.7655511      	1.7638106      	1.7623967      	1.749308       	1.772698       	1.7568403      	1.7513574      	1.7737573      	1.7749478      	1.7690594      	1.747026       	1.7684523      	1.7667196      	1.7562658      	1.7579097      	1.7602067      	1.7782332      	1.7751017      	1.7772003      	1.8017029      	1.7795157      	1.7153286      	1.7188915      	1.759458       	1.7726748      	1.745918       	1.7499174      	1.7709694      	1.7680608      	1.7500409      	1.7596536      	1.7634883      	1.7647847      	1.74677        	1.7537806      	1.7661196      	1.7405611      	
1.7770684      	1.7776669      	1.7541072      	1.7520244      	1.7668269      	1.7660608      	1.7551666      	1.7726206      	1.7826699      	1.7539104      	1.765018       	1.7608277      	1.758101       	1.7741095      	1.7689896      	1.7648964      	1.7919396      	1.7947807      	1.7859526      	1.7433864      	1.7117852      	1.7287419      	1.7388906      	1.7670976      	1.7381952      	1.7612695      	1.7516171      	1.7514526      	1.7755294      	1.762851       	1.7667109      	1.755544       	1.7593763      	1.7618127      	1.7638415      	1.7690477      	1.7570988      	1.7580215      	1.7576443      	1.7517849      	1.7507665      	1.7536478      	1.3040503      	1.598725       	1.7153047      	1.6925373      	1.7027465      	1.7150373      	1.7493516      	1.7700523      	1.7621248      	1.7584953      	1.7699467      	1.766777       	1.7567382      	1.7751356      	1.7622737      	1.7545588      	1.7687274      	1.7836391      	1.7420173      	1.7576767      	1.7692978      	1.763523       	1.7604291      	1.751179       	1.7738166      	1.769083       	1.753347       	1.7660645      	1.7645732      	1.763485       	1.7523326      	1.7655728      	1.7805066      	1.7547889      	1.7620467      	1.7681395      	1.7684695      	1.7557049      	1.7814666      	1.7921883      	1.8037605      	1.8009063      	1.7821168      	1.691138       	1.7427807      	1.7529615      	1.7483486      	1.7528795      	1.7602975      	1.7567724      	1.7619324      	1.7647016      	1.7574704      	1.7548301      	1.7544132      	1.7735221      	1.7683955      	1.7536635      	
1.7532548      	1.7687283      	1.757973       	1.7541968      	1.7689214      	1.7555606      	1.7456951      	1.7649615      	1.7674124      	1.7686145      	1.7562792      	1.7653874      	1.7729939      	1.7738789      	1.7423292      	1.759354       	1.7833856      	1.7880529      	1.7910045      	1.8444314      	1.7582378      	1.6496004      	1.7376292      	1.747175       	1.7598634      	1.7420971      	1.7575568      	1.7777752      	1.7458084      	1.7564828      	1.7570138      	1.7762463      	1.7409389      	1.7522074      	1.7723584      	1.7426765      	1.757231       	1.7502812      	1.7708077      	1.7439482      	1.7522929      	1.7646815      	1.7783632      	1.2953305      	1.5853467      	1.5982876      	1.6965069      	1.684564       	1.7417043      	1.7808652      	1.742316       	1.7537185      	1.7713822      	1.7730107      	1.7674332      	1.7338166      	1.7686611      	1.7770439      	1.7604381      	1.7637924      	1.7597581      	1.763858       	1.7481546      	1.7586303      	1.7752379      	1.7537849      	1.7642541      	1.7659957      	1.7610519      	1.7605618      	1.7617908      	1.7625362      	1.7567431      	1.7563846      	1.7656647      	1.7660704      	1.7701113      	1.7577355      	1.7601768      	1.7574728      	1.7541981      	1.7841731      	1.7944841      	1.7903453      	1.6957412      	1.783582       	1.7407173      	1.7259511      	1.7532083      	1.7556108      	1.7433751      	1.7530911      	1.7590107      	1.7590194      	1.7679378      	1.7618926      	1.7599117      	1.7711303      	1.7546834      	1.7662529      	
1.7535086      	1.7613558      	1.771227       	1.7562742      	1.7763675      	1.761051       	1.7630593      	1.7414904      	1.7584721      	1.7666967      	1.7552407      	1.7739826      	1.7685816      	1.7641877      	1.750541       	1.7576956      	1.7650322      	1.7832025      	1.7947383      	1.7814928      	1.8296226      	1.8405062      	1.7356253      	1.7354527      	1.7495972      	1.7529299      	1.7705014      	1.7540878      	1.7573009      	1.7586625      	1.7643961      	1.7555598      	1.7479376      	1.7683353      	1.7506195      	1.746098       	1.7643894      	1.7556252      	1.763261       	1.7540045      	1.7491361      	1.7656085      	1.743668       	1.7537171      	1.4540173      	1.6373116      	1.6989678      	1.7240815      	1.7107702      	1.7244676      	1.7659997      	1.7695358      	1.7609789      	1.7512866      	1.7645824      	1.7714518      	1.7667061      	1.7433918      	1.7625753      	1.7594452      	1.7579129      	1.7599118      	1.7589282      	1.767175       	1.7565577      	1.7425557      	1.7794884      	1.7721385      	1.7507718      	1.7631028      	1.7720884      	1.7643127      	1.7545089      	1.7630643      	1.7645991      	1.7579532      	1.7643532      	1.765762       	1.7655289      	1.7675937      	1.758011       	1.766151       	1.7880784      	1.7926022      	1.8053836      	1.7680249      	1.6872333      	1.7273089      	1.7555047      	1.7485521      	1.7545552      	1.7545418      	1.7457985      	1.7644037      	1.7698714      	1.7318668      	1.7569557      	1.7662601      	1.752156       	1.7661186      	
