# www.neaspec.com
# Scan:	 	AFM
# Project:	 	20251007_PS
# Description:	 	
# Date:	 	10/07/2025 10:43:47
# Scanner Center Position (X, Y):	[µm]	49.99	50.01	 
# Rotation:	[°]	0	 	 
# Scan Area (X, Y, Z):	[µm]	5.000	5.000	0.000
# Pixel Area (X, Y, Z):	[px]	100	50	1
# Averaging:	 	1	 	 
# Integration time:	[ms]	5	 	 
# Laser Source:	 	4.5-15 µm nano-FTIR laser
# Detector:	 	R
# Target Wavelength:	[µm]	7.502	 	 
# Demodulation Mode:	 	Fourier
# Tip Frequency:	[Hz]	241,340.500	 	 
# Tip Amplitude:	[mV]	45.700	 	 
# Tapping Amplitude:	[nm]	79.665	 	 
# Modulation Frequency:	[Hz]	0.000	 	 
# Modulation Amplitude:	[mV]	0.000	 	 
# Modulation Offset:	[mV]	0.000	 	 
# Setpoint:	[%]	79.75	 	 
# Regulator (P, I, D):	 	4.206850	8.625812	1.000000
# Tip Potential:	[mV]	0.000	 	 
# M1A Scaling:	[nm/V]	0.426	 	 
# M1A Cantilever Factor:	 	1,000	 	 
# Q-Factor:	 	487.4	 	 
# Version:	 	2.1.11536.0
-1.7841525     	-2.3765564     	-2.7300568     	-3.1363351     	2.0256176      	0.14455916     	1.2165321      	-2.146408      	-1.4156392     	2.5643165      	-0.8862393     	2.4581208      	0.1735416      	-1.3578758     	-0.67831695    	1.6652615      	0.24348196     	-0.54176915    	-1.7254125     	-1.3707026     	-1.1823413     	-3.0886538     	0.5781473      	-2.2826385     	-2.312189      	2.8828726      	1.1529769      	2.4067054      	2.927027       	-0.9537565     	-2.7690241     	1.7269087      	-1.1093726     	2.221532       	1.442739       	-0.16577536    	-0.024538362   	-2.4707298     	-1.2178667     	2.6117082      	1.2940307      	0.44843778     	-2.8383741     	0.68541515     	0.76266164     	-0.67740136    	-3.0441115     	-2.8191056     	-2.3181443     	-2.071309      	1.2811384      	0.3853819      	-1.1397156     	2.5782945      	-1.2325826     	1.890952       	0.64263815     	2.892591       	-0.21381599    	-0.80437666    	-2.8719494     	-0.03344843    	2.5990925      	-0.63242054    	-2.1960828     	2.4048398      	1.6120747      	0.37297413     	1.482144       	-2.458946      	-0.7709892     	0.6185458      	-2.3243637     	1.1282243      	1.2413082      	2.742112       	0.24988504     	-0.63328874    	-1.7105532     	2.4532495      	2.157701       	2.3665528      	-2.8285885     	0.7093694      	-1.9236962     	-3.05605       	3.0567472      	0.38890576     	3.1319373      	3.0591848      	0.627187       	-2.1099396     	0.10957568     	-0.43046516    	0.060912583    	2.951804       	-0.19579668    	-0.9506418     	-2.969389      	2.6384106      	
2.1593585      	-0.21012802    	-0.7937478     	-1.0739123     	0.40099415     	2.029656       	-2.9507313     	1.9733195      	-1.8374909     	2.628984       	-2.355359      	2.66933        	-0.14369833    	0.5065658      	2.8503318      	-2.4578133     	-2.8814719     	-0.10397598    	2.8614063      	0.9656515      	-0.6653297     	0.6459798      	0.7348621      	1.0725112      	-2.2385836     	-0.24843623    	2.7988183      	2.3166533      	-1.4520055     	-1.7834016     	-1.5701511     	1.8169079      	0.5334793      	-0.0016299183  	2.0656223      	0.9518254      	1.7993618      	-2.8470845     	2.4319215      	1.6363631      	-2.90885       	2.7495685      	1.6857953      	-2.7172747     	-2.4803696     	3.021811       	-2.3301601     	0.5663577      	3.132529       	-0.7337433     	-2.2776651     	0.9226792      	2.7999887      	0.5074119      	2.8977177      	-2.5413806     	2.675529       	0.2029206      	2.3781226      	0.08382936     	-2.6126928     	-2.8491383     	1.1206496      	2.5169277      	1.8125423      	1.1841229      	-0.76470256    	-2.257909      	-2.547687      	1.6003324      	0.44025773     	-1.0403101     	-2.0622826     	2.8170679      	-0.093994014   	-0.16367465    	-0.82942235    	-0.61617625    	2.0858645      	-0.22312231    	0.4961346      	1.5507635      	1.8321254      	1.4999849      	1.7110274      	3.1155446      	2.6686354      	-0.08201522    	0.7344376      	-0.3606066     	-0.7194267     	0.036970533    	-0.04229307    	2.9648252      	-1.4638104     	-0.42196614    	0.6908802      	-2.0445619     	-1.5139407     	-0.1564702     	
-2.0743198     	-1.8355622     	-1.8071026     	-2.2557812     	-2.9931788     	-2.520071      	0.5021032      	-1.845002      	0.46564585     	-1.630202      	-1.9462844     	0.22614111     	-0.56496423    	3.0501318      	-2.880168      	-2.8741336     	-1.0550847     	0.2041258      	-0.30197394    	-1.9905754     	0.8809792      	-2.7628613     	2.6283002      	3.0268645      	2.6461902      	0.10323138     	0.106726594    	-2.8655057     	0.7672792      	1.1173406      	0.33795872     	-2.980418      	-1.3831688     	1.1225561      	-1.7235618     	-1.4376221     	3.0800066      	-1.617015      	1.7213588      	-2.4769769     	1.9616284      	1.0456749      	-2.8183608     	-2.4832559     	1.6802413      	2.6392918      	1.1035553      	-0.1484874     	-3.0819626     	0.5136714      	-2.9759648     	-0.22962561    	-3.0586426     	-0.28909245    	0.07757116     	1.2989801      	-1.6509842     	-3.020997      	-2.014182      	0.42780933     	-1.3786932     	1.6528572      	-0.36988145    	2.8216674      	2.4670017      	-1.9950832     	-1.6369797     	2.9907289      	-0.7727683     	1.4424475      	0.9427563      	0.017712004    	0.60204506     	2.1250584      	-2.7139418     	0.8496805      	-0.12542139    	-1.2755022     	1.2688695      	0.23791498     	-1.0013595     	-2.9221487     	0.0435542      	3.1201801      	0.003894969    	0.18861929     	-0.3020409     	-1.2109231     	-1.3216205     	-1.6943374     	2.3166835      	0.83228284     	-1.916759      	-0.76043653    	0.10697195     	0.8078918      	-2.6987424     	1.5344977      	-0.8941427     	-2.1589096     	
3.0067272      	0.3669879      	0.5566346      	0.33663362     	1.203553       	3.127389       	-2.3524516     	-0.40971255    	1.9443214      	-1.4512216     	2.6488287      	2.1604824      	-0.065797545   	-0.12456493    	0.69160485     	1.617193       	-0.60427225    	1.919408       	3.0824826      	0.39575213     	-0.89100134    	-2.2197852     	-0.44624367    	2.0035906      	0.74414223     	-1.3348693     	-1.3126704     	-2.7109036     	2.8976912      	-1.7382708     	0.8188234      	-1.480627      	0.9281718      	-0.9523012     	-0.61421883    	1.5955223      	0.18056548     	-1.8797609     	-3.1109953     	-0.9750006     	-2.1246593     	-0.6201038     	-2.1725225     	3.119609       	2.2157478      	-2.414482      	-1.9128212     	0.24406792     	-2.4529414     	2.857896       	1.6646012      	0.7448057      	-0.14035243    	-2.648775      	2.2804196      	-1.4520354     	-0.5875495     	1.994887       	2.039525       	-0.035285715   	2.514057       	1.6163325      	1.5551739      	-2.1200166     	-2.6673374     	1.0272782      	-2.1365604     	-0.07040756    	-3.1253808     	0.29450282     	-2.6534457     	3.1097488      	0.9141645      	-1.384236      	-2.0518618     	1.2541281      	-2.8408315     	0.013952756    	-1.8924938     	-1.2985241     	0.22311687     	-0.21400546    	1.7482758      	2.9755616      	0.35107413     	0.48624864     	-2.6794565     	-0.63518566    	-1.3916357     	2.2396865      	0.17782284     	0.09853364     	-1.5308043     	0.44133943     	-2.0854983     	-2.2547286     	-2.8346229     	-1.2516682     	-0.003876429   	-1.5743929     	
-2.4562597     	-1.0767958     	-0.16669732    	2.4731498      	1.0094823      	0.021512944    	1.7423407      	1.8452197      	-1.6665096     	2.211413       	-2.2829194     	1.3585188      	2.839323       	1.6222126      	1.1691768      	1.4393419      	2.7604454      	-1.0848843     	-0.74633217    	0.73853815     	-1.2140692     	3.1243849      	1.2752173      	-2.8889909     	0.09570671     	-0.9505843     	-0.6856849     	1.4963971      	-1.7012936     	-2.5587611     	1.9599732      	0.033583734    	1.7168927      	0.26321685     	-1.1207995     	-3.139212      	-0.19849335    	-1.4400104     	2.8275971      	2.7415175      	-0.93341047    	2.9967444      	-0.9511437     	1.8077997      	0.5029245      	-0.7000382     	-2.5128198     	-2.0540557     	2.5120144      	0.15008059     	0.5229556      	1.2696118      	-3.0175323     	1.7045296      	2.711727       	3.0082405      	-0.097074926   	1.7645657      	-2.8961036     	-0.1800021     	2.750939       	0.86068404     	-2.3674507     	-2.1141        	-0.29986817    	-1.3761313     	1.2992364      	2.9395125      	2.785923       	-2.8612518     	2.661496       	2.758088       	-0.6741799     	0.18069874     	-1.0206908     	-0.75778043    	2.121303       	-2.6374347     	-1.8675874     	-2.310738      	2.1071067      	1.509751       	3.09616        	3.084905       	-0.23982571    	-2.4246273     	-0.4608922     	1.5889561      	0.83404243     	-2.0944        	0.104484774    	-0.0403097     	-3.0582442     	2.1001902      	2.0279193      	-0.16400418    	0.32086468     	-1.3914242     	-0.8515851     	-0.7375703     	
0.6562867      	2.406443       	2.013431       	1.1182339      	2.4382772      	-0.35893553    	-1.5079579     	1.819981       	1.5404307      	0.95626163     	0.66045254     	-1.0281965     	-2.7729037     	-0.41564515    	0.7353268      	0.7021059      	1.9740095      	-2.9799876     	-0.15061982    	-1.5106283     	-2.4158127     	0.28349376     	-1.1217662     	-1.0804341     	-2.0519328     	-0.74638814    	-1.2996346     	-2.0225792     	-3.1303287     	-1.8877518     	2.3936164      	1.8743572      	-0.54698753    	0.06356142     	-2.8367894     	1.3562126      	2.1722348      	0.84094554     	0.84683716     	2.1114125      	-1.4385415     	2.6023414      	-1.9417993     	1.2105958      	1.2810562      	-2.7658823     	-0.9119461     	-2.6738493     	-3.0678594     	-0.7880017     	-2.999242      	2.78278        	0.5877123      	0.2832918      	2.8846037      	0.9592042      	0.21313673     	2.8363788      	-0.113907196   	0.0073255943   	-2.6219945     	2.81719        	-1.6993169     	-2.4958706     	0.89439726     	2.2213438      	-0.8831622     	-2.0412416     	-1.540336      	-1.5593239     	-0.95730895    	-2.773393      	0.7044597      	2.914733       	2.619835       	0.52266204     	1.0067626      	-1.1936858     	-1.3249648     	-2.3523915     	0.9614931      	0.8924663      	-0.12551631    	-3.1229558     	-0.36165202    	-0.0019604138  	2.722472       	2.285296       	-0.21786977    	0.59549105     	0.032635827    	-1.1745903     	-0.83925754    	2.6875541      	-0.6552155     	0.6894317      	0.3288054      	-1.8998        	-2.4553554     	-2.5061257     	
-1.0666624     	-2.1407404     	-2.899894      	2.9217627      	-2.9300485     	3.0308108      	-2.0957642     	0.91343594     	0.17633325     	0.7322809      	0.12195759     	0.32866475     	0.66225046     	1.0379804      	-2.8436801     	-2.5372858     	-0.6661273     	1.9690626      	-0.6234652     	-0.02256529    	-2.9618936     	3.0114322      	2.949288       	-1.8931998     	-1.9958366     	2.525076       	1.6420604      	1.5359026      	-2.175593      	0.07193005     	-0.4397363     	0.8525984      	0.6014605      	0.02562561     	-2.802709      	-0.7453259     	-0.97591907    	-0.3622987     	0.6085139      	-0.5949317     	2.6987975      	2.9159317      	0.2808674      	2.8012924      	2.6226814      	0.85231113     	0.9008348      	1.7932585      	-1.9438843     	0.223122       	-0.22631972    	-0.4415725     	-0.114701904   	0.09342878     	-0.42256293    	-0.9898261     	2.5871487      	2.7262669      	2.0677667      	2.8711138      	1.9354392      	-0.25340968    	-1.7385784     	1.2799176      	2.7614894      	-0.11416405    	0.40361217     	0.6322115      	-2.9722328     	0.53865135     	-2.517992      	-0.7358766     	-0.22149849    	2.9646828      	-2.4944293     	2.121545       	0.5046988      	-1.1300939     	-1.1267453     	-0.5668904     	1.754186       	1.232252       	2.1256406      	3.0514524      	3.086691       	-0.21758722    	-0.40804407    	-1.3607804     	0.320904       	0.4961407      	-1.2505782     	-0.6159917     	1.9315765      	1.451648       	-1.917771      	1.9635546      	1.2722362      	2.2352698      	2.378067       	0.7264614      	
2.25857        	1.1563498      	0.5419277      	-2.0629897     	1.6201676      	2.4700541      	-0.95791876    	1.3186383      	2.641747       	-0.81018955    	-2.3091373     	-3.114511      	2.859859       	2.248408       	-0.45675775    	-3.1385593     	-1.7658638     	1.8459085      	-2.739471      	-2.1095362     	-0.68304026    	1.8664236      	0.8238288      	2.497936       	-1.5641366     	-0.48759994    	2.752595       	-2.9129055     	1.8584456      	-2.238535      	1.0827527      	-2.1511168     	2.1602173      	2.8862293      	2.9492042      	1.3741157      	1.7410322      	0.15942127     	-3.0258923     	-2.4616091     	0.4293113      	0.7832648      	0.062475294    	-0.26488602    	0.075973056    	-0.07041686    	1.2402481      	1.1492419      	-3.0416381     	1.5639446      	-3.1290395     	-2.0570161     	0.8843939      	0.3989414      	1.8666054      	-1.1638448     	-2.401598      	0.77478796     	1.0343384      	-2.6710682     	2.650422       	3.0047834      	0.0086048525   	-0.31981793    	-1.8495317     	2.938462       	-3.1293173     	-1.9868593     	1.625061       	-1.3988545     	0.94584316     	-2.0241246     	-0.71419674    	-1.261472      	1.9317943      	-1.2750067     	1.740463       	0.7749596      	2.509153       	2.8818872      	-1.3433243     	1.0376177      	2.3119602      	1.2508705      	-3.1253154     	-0.18755057    	-0.13400331    	-2.5957437     	-3.095101      	-0.321977      	2.8595405      	-2.393207      	2.0312014      	-0.5134307     	2.6001885      	0.3081426      	1.6814296      	1.1580607      	2.7867692      	-2.3063128     	
1.8266335      	1.9513406      	-2.471408      	0.20772925     	1.039511       	-0.37312984    	-3.0679586     	-0.97887737    	-0.74092895    	2.4068723      	-2.334723      	-1.5294493     	0.9523796      	0.26945317     	2.8250144      	-0.05111786    	1.0539012      	1.8827273      	-0.9981017     	0.041293837    	-0.21600458    	-1.9047611     	-2.3189125     	2.2809076      	-0.5936579     	-2.0763316     	3.0851128      	-0.638558      	2.6247647      	0.88691664     	0.5261541      	1.2026092      	-1.1512146     	-2.4960346     	0.2544358      	-2.2010574     	0.23637523     	0.05563463     	-1.0124067     	-1.0071797     	1.3824874      	1.2070711      	0.2282752      	-1.4751425     	1.2565172      	0.62937385     	1.669762       	2.6350582      	1.1927909      	-2.0640178     	0.9176221      	2.4069214      	0.38976216     	-1.4293921     	2.78559        	1.583327       	0.5441976      	2.6869156      	-3.0984943     	-1.6002731     	-0.7328068     	-3.087064      	-0.0825314     	-2.8997605     	2.2774699      	-0.23576966    	1.1290174      	-1.300118      	1.1978278      	-3.0579386     	0.004120235    	-1.6421524     	-0.04679968    	-2.9899487     	-0.7994507     	-1.4968169     	0.6573439      	2.309203       	1.2533853      	-0.22329652    	-3.096317      	-1.6067163     	-0.8052315     	2.6979969      	3.097087       	-0.1644443     	-0.14667927    	0.078972265    	-0.6259657     	0.013421753    	-1.3180934     	-0.91589063    	-0.844519      	0.48960266     	-2.7382073     	-1.7816682     	1.3049666      	-1.9651967     	-0.4634805     	0.101925895    	
-1.0167389     	2.4502392      	2.3092184      	1.5982925      	1.1277499      	-0.48135582    	-0.9050546     	-0.43579248    	-1.0373211     	-2.0926309     	-2.628914      	-0.6509963     	2.4702494      	0.94370943     	-1.0362523     	2.2825584      	1.4125056      	0.4342337      	2.719127       	-2.3907056     	0.6603328      	0.21059832     	-2.842754      	2.714179       	-1.9707308     	-1.6283541     	3.1008515      	-3.0603821     	-0.29912865    	1.115855       	0.58203864     	0.74581426     	0.13314505     	0.11678681     	0.39648739     	-0.98921865    	-0.8242426     	-3.102319      	-1.6177466     	0.25902286     	-1.0782622     	0.1454005      	-2.4766805     	0.7950974      	0.77140355     	1.8271036      	-2.2641606     	2.6790693      	-0.8455567     	-1.1868984     	-0.44046086    	-0.23516425    	0.11363116     	2.90863        	-2.0993207     	0.27504236     	-0.33157322    	2.3730822      	-0.7826348     	1.5008811      	3.0480208      	-3.0422297     	-3.1101744     	-0.22997776    	-2.7706218     	1.8181274      	-1.2722458     	1.6623607      	2.7129457      	-3.0718431     	1.3923665      	2.157235       	3.072923       	0.7479872      	2.9577785      	2.1082926      	-2.0223565     	1.4225487      	1.8318545      	2.8881283      	-2.643158      	2.6667547      	-1.8258702     	1.8691808      	1.4656763      	3.0295398      	0.053748123    	-0.16914403    	-2.9437406     	-3.1318634     	0.15087739     	2.061677       	-2.8604076     	0.797101       	-2.3552096     	-1.5218011     	-2.0662737     	-2.6776829     	-0.06294386    	2.291958       	
-1.6293533     	-0.45068398    	-0.30314094    	0.19575694     	-2.7322297     	-0.2804509     	-2.2310815     	0.87262154     	1.81288        	2.5255084      	-0.4810825     	-2.9668953     	1.0100466      	-0.94041705    	0.7146121      	-1.0612484     	2.7522316      	-1.4046521     	-2.632067      	-0.41714582    	-0.6771962     	1.0963216      	1.4839345      	-2.9964967     	3.117657       	0.03637757     	1.8469766      	-2.705404      	-3.0421112     	2.2435918      	1.6507344      	1.2877016      	-1.5084666     	-3.1399434     	1.836138       	-2.3729737     	1.8876578      	-1.7084202     	1.3810227      	-3.1045573     	-0.13480364    	0.4631897      	-1.9638733     	-2.640347      	-0.6394297     	0.4644212      	-1.7587391     	-0.83476335    	-3.01527       	0.24337527     	-0.08735995    	1.1599137      	1.9821206      	1.0789365      	-2.2182822     	-0.8515352     	0.33498424     	-1.5598973     	-0.9598921     	-0.9786838     	1.8709894      	1.9024775      	-2.0130897     	0.15222694     	-0.48650783    	0.1596195      	-2.2083182     	1.4291316      	-1.0474515     	-1.5415632     	-0.2056764     	1.664042       	1.343676       	-3.1037529     	-1.8031055     	0.73578656     	-0.14303127    	1.7363153      	3.0503588      	-2.9879549     	2.1675816      	1.2718223      	1.0144383      	1.9166346      	-1.1528903     	3.1017623      	0.7000236      	-0.15895025    	-0.23834573    	-1.3744646     	0.59854496     	2.0783985      	1.8422345      	-0.4950279     	1.0520517      	1.2009256      	2.8846607      	-0.63526624    	2.8026714      	1.1844143      	
2.9671435      	-0.728341      	-0.88188493    	-0.35776663    	-0.9962296     	-2.9445689     	1.7626908      	2.678483       	2.3972988      	-2.108427      	-0.56249785    	2.1841326      	0.030738194    	-1.6853384     	1.9320856      	-1.711605      	-2.0166137     	1.0801109      	0.81369007     	2.0670028      	1.2296808      	1.8460116      	-0.2457709     	-2.978268      	0.102608986    	-0.110729784   	-1.7435945     	-1.970839      	-0.7139937     	0.16039124     	2.0833006      	2.3766665      	0.98702824     	1.2986231      	-1.1752974     	0.8359456      	-2.673791      	0.28455946     	1.1793978      	-0.7078789     	3.0484526      	-0.01553205    	0.20787472     	2.361004       	-1.5596474     	-1.0667567     	-0.8992561     	-1.1020064     	1.5812389      	-1.0295777     	0.29127756     	-2.7359102     	0.49291748     	-1.2201078     	1.9528173      	0.79300654     	-0.9261804     	-1.2797608     	0.8893521      	0.566449       	-2.9176142     	-2.427556      	2.2573345      	-3.079348      	-0.044265185   	2.848042       	-1.960148      	-0.77065843    	-0.12688665    	2.1349359      	-1.4276273     	-2.5972528     	0.9361669      	2.8166685      	-1.6589859     	2.8834386      	-1.3871924     	-2.6836789     	0.9963109      	2.9455974      	0.022585364    	1.3085458      	-0.36241597    	-0.9157832     	3.0501707      	-2.7877307     	3.0935674      	0.17134626     	0.089326404    	1.1521174      	1.4324863      	-1.814574      	-1.3351927     	1.2201467      	0.15651256     	0.19435836     	1.9509047      	1.0687814      	-1.3492471     	-1.9634774     	
1.8330413      	2.2549567      	0.007940433    	0.16873614     	0.76290935     	0.60016716     	-0.7817428     	1.5509892      	-1.5797832     	-0.18277948    	1.2157245      	0.78056014     	-0.6577441     	0.048301276    	1.0304424      	1.3729495      	0.038923793    	2.3094263      	-2.821614      	1.1492189      	-1.6139151     	0.8124971      	2.3664029      	3.0742252      	0.05135436     	-0.6090688     	-1.4629658     	-1.5698639     	0.13768874     	2.6573634      	-2.665828      	0.4149226      	1.4031094      	2.3220491      	1.0747904      	-0.3075876     	-0.020304691   	-0.22053121    	-0.16653976    	-1.3740444     	1.0674616      	-1.181826      	-0.348467      	2.4883916      	2.16753        	2.0618103      	0.8845934      	0.30386066     	-1.9211432     	1.7519044      	1.5996438      	2.5273278      	-0.14726989    	2.1022096      	-0.9400323     	1.6134977      	1.0187922      	-1.4545631     	1.6677952      	0.27478144     	2.7957115      	-1.6927269     	-3.0195045     	1.7435725      	2.9919474      	-0.37788296    	1.2855622      	2.5497284      	0.23109053     	0.297312       	0.8475902      	-0.5944425     	0.9916655      	0.14150617     	1.1883509      	2.6514053      	-1.7432879     	-1.3280514     	-0.109620064   	0.64735097     	2.3241208      	-1.8710805     	2.1991513      	-1.9141498     	-1.2620093     	0.51036084     	3.026197       	-2.8110144     	-0.61214226    	-0.005656208   	-0.40717736    	-1.0153412     	-0.60506487    	-1.2175272     	-0.5967237     	2.7470052      	-1.7436352     	0.4137776      	-0.6796873     	-3.0743616     	
-3.1334221     	1.376832       	0.80053645     	-0.599622      	2.4966104      	-2.8946989     	1.1424489      	2.5403936      	-0.7709614     	1.3912542      	-0.78649974    	2.3354025      	2.7188854      	-2.7137213     	0.22364005     	1.7930491      	2.0167103      	-0.97468233    	-1.5939138     	1.1512159      	-1.7467072     	-1.7289894     	-0.92490524    	-3.0586355     	3.079595       	-0.089174      	-1.6105        	3.1085162      	1.1147671      	3.1100047      	-2.006184      	1.0190656      	2.6626143      	-0.15864867    	0.58368427     	2.772572       	-1.9255775     	-2.566862      	-2.1893353     	-0.64089155    	-1.496471      	0.18459405     	2.469055       	-0.07856017    	-2.4983144     	0.39589462     	0.33501118     	-0.6256621     	-1.398007      	2.3688297      	0.11267646     	2.608548       	3.0143487      	-0.42404804    	-2.039542      	-0.7358496     	2.515264       	2.7363572      	-0.3093641     	2.9471188      	-2.938654      	-3.0212085     	-1.7380112     	-2.078989      	2.8515756      	-0.033727504   	3.0105357      	-2.8158686     	-2.0244875     	2.2490807      	1.9724898      	-0.6025226     	-1.52005       	1.8426979      	0.6644796      	0.8987781      	0.5985427      	-2.8783782     	-0.026426101   	-0.4085654     	-2.8325622     	-0.8937455     	2.1989055      	2.5141025      	3.001107       	2.3740473      	-2.1257057     	2.9994812      	2.5761516      	-0.06383574    	-0.28269142    	-0.1278526     	0.7231569      	-1.5120361     	0.90870684     	-0.03645284    	-1.181403      	1.6693795      	0.105205946    	-1.8586354     	
-0.22090127    	-0.1415965     	-0.22415666    	2.9454226      	3.1380346      	2.331205       	-1.7835518     	-0.064441696   	-2.200633      	2.470878       	0.775644       	-1.377986      	-3.0101516     	-2.4809396     	-2.7253826     	0.47934595     	0.2903961      	1.3992063      	2.51818        	1.2311536      	-0.8665724     	-1.0410827     	0.9349668      	3.1182275      	2.2585847      	0.32721773     	-0.05631353    	-2.7779875     	0.109157324    	-1.1058725     	2.2337346      	0.9234019      	2.0116017      	-2.70881       	2.9388008      	1.9546572      	0.4124203      	2.6408334      	-0.41992232    	1.7934635      	0.7762092      	0.634167       	-2.0915408     	1.5798768      	-2.7674425     	0.07985722     	2.9389892      	-2.997759      	1.807855       	0.36252233     	2.2470186      	0.95034635     	-0.85594183    	2.3118386      	2.480847       	-1.5278131     	-0.561461      	2.201581       	0.3264861      	1.4420768      	0.26618233     	-1.2717657     	-2.6883364     	0.03830375     	0.038846634    	2.9006493      	-0.20805149    	0.11405946     	2.872245       	-0.3393732     	-2.5255034     	-0.19308676    	2.6413255      	0.40961295     	-0.21204194    	0.6561823      	1.585287       	2.3876076      	-0.92943865    	0.6800092      	-1.2308944     	-1.5567217     	-1.2164093     	2.3478923      	-2.1711187     	-0.39601815    	2.7032914      	-1.9651438     	3.0826256      	-0.10150153    	-0.13738623    	2.7680635      	-3.0623395     	-0.31854522    	-1.3869789     	1.9471389      	1.9800127      	-2.8353028     	2.1628757      	-3.1155815     	
0.60295504     	-2.9123347     	-0.022733904   	0.13077737     	1.0049946      	0.7640837      	-2.2302747     	-0.5133229     	0.13733709     	1.9138973      	-0.12865028    	2.7055461      	0.23464267     	0.17038453     	2.383871       	2.419717       	1.2403171      	1.4605875      	-1.9402915     	-2.7323296     	1.7812428      	0.154911       	0.34025556     	1.9786074      	3.064233       	-1.1249977     	0.014738912    	-0.6992497     	0.49539495     	-2.3780565     	-0.3901526     	0.6999228      	-0.63848126    	-1.8766161     	1.6998571      	-2.9701903     	-2.1323273     	1.7692667      	-0.6100065     	0.20593792     	0.4875095      	2.004396       	1.2824793      	0.7847686      	-0.14991081    	-0.06842519    	-1.8536522     	2.1162338      	-0.35643706    	-3.0417607     	-1.7409375     	-1.6177338     	3.105738       	2.1430573      	1.5056553      	-2.6777415     	-0.41229823    	1.6114565      	2.509198       	1.1267918      	-2.6404257     	0.38318396     	2.8949273      	2.6530302      	-2.0552619     	3.096716       	-0.42713186    	-0.50411594    	3.1273105      	-2.842003      	-2.9060006     	0.10820077     	-2.8354206     	-0.861839      	-2.474488      	1.9498528      	2.4003644      	-2.351833      	-0.7333295     	-1.447446      	-0.6264448     	2.3487554      	-2.8300943     	2.9362214      	-1.408655      	2.2948048      	-0.2261947     	1.3775048      	-1.6684172     	-3.1180115     	0.16467041     	-2.824407      	-2.9220603     	-0.92513746    	-2.258928      	-2.987787      	0.1806456      	0.15673943     	2.8443735      	1.8433015      	
0.061569873    	2.2148771      	2.8693576      	0.0029115863   	2.7432806      	0.6875692      	-3.1105554     	2.4031048      	-3.0470638     	1.9227929      	1.0449051      	0.053696923    	-2.251162      	-0.22842327    	-2.4529612     	2.3405771      	-0.649385      	0.24149284     	-1.5765253     	-1.3087845     	-0.69155926    	-2.0882516     	-0.21244949    	1.5679998      	-2.9778204     	3.029773       	0.28233594     	-0.11557346    	1.7713311      	-1.0410631     	1.6951579      	1.045681       	2.161829       	-2.2324126     	-0.18050131    	-1.5787561     	-2.3805711     	-3.1336539     	-1.4175556     	2.8725543      	-3.1252499     	1.4920169      	-1.2581728     	2.355384       	-1.9390192     	1.2781488      	-1.5937369     	2.5355968      	-2.6567652     	2.013013       	-2.154967      	0.70065016     	1.3542509      	-0.29593307    	-2.1262941     	0.8997829      	1.3524115      	0.9411091      	-2.4289613     	0.893569       	-1.1933534     	-0.90513253    	0.10006018     	1.5886064      	1.7851201      	-1.8623089     	3.0868003      	-0.011960168   	3.065236       	-2.8826237     	-0.56600463    	2.0447636      	-1.6408491     	-0.72101784    	3.13187        	2.0119524      	0.6432389      	0.6259995      	-3.1269755     	2.0733752      	-2.6776683     	-0.6481838     	-2.8889897     	-2.2298532     	-2.8594072     	2.7980278      	-0.7440254     	-1.6954277     	2.1647093      	2.8493257      	3.0365062      	0.0055555464   	0.48361793     	2.0865703      	1.9299442      	-2.529463      	1.1000024      	2.974586       	-0.01694856    	0.36662596     	
-1.57228       	1.0837651      	2.8691492      	1.2195581      	-1.0525666     	-2.5637383     	-0.10788619    	0.41689888     	-1.7906784     	-1.7463712     	0.6393049      	-1.953349      	-2.3643641     	-0.7857065     	2.3072395      	2.141906       	-1.3653747     	-2.2416902     	1.651408       	0.7930923      	-1.6679804     	2.661454       	-1.7799782     	-2.0845442     	2.6671035      	-3.0965927     	-2.2444856     	0.03398532     	-0.63555634    	-1.0390338     	2.3755693      	-1.802039      	-2.9762342     	-0.778112      	-2.547231      	1.0238544      	0.728215       	-1.3072046     	1.2434554      	0.85298574     	-0.27603146    	-0.047802772   	2.8044374      	-2.9456046     	-1.7970116     	0.9815613      	0.038929414    	-2.88333       	-0.5640155     	2.7097628      	-0.8079218     	-2.3948972     	-2.9932466     	-1.4561241     	-0.8428626     	0.29077616     	0.3228715      	-1.1863276     	2.811731       	-2.2155294     	2.9688385      	2.8961916      	0.9579083      	0.4943814      	2.9438202      	1.0816499      	-0.53581625    	-2.5691822     	-0.19643143    	0.42263573     	0.37747565     	0.36449325     	-1.8744756     	1.2585284      	1.5059971      	1.8235487      	-0.5947642     	2.5216634      	-1.4518573     	1.3711296      	-0.7433785     	0.6402934      	-1.5319638     	2.9024355      	-2.9168973     	-0.93363756    	2.9930863      	2.6538374      	2.44764        	3.1195207      	3.1164894      	-0.08956748    	0.18996544     	-2.2012417     	-1.2904475     	-0.15940152    	0.7541754      	-1.5847728     	-1.8576231     	0.73786765     	
1.6817808      	1.4775574      	-2.9738739     	-3.1276646     	-0.15620816    	0.47517145     	0.9684906      	2.265891       	0.71037996     	-0.49028754    	-1.7585708     	2.308578       	-0.54809856    	-1.4763651     	1.4408126      	1.0010992      	-0.05659211    	-0.97142076    	-0.12308188    	2.4311996      	-2.2099924     	-1.497978      	1.1699108      	-2.753314      	2.75803        	-2.7865765     	3.00417        	0.29744026     	-0.03395443    	2.6867962      	0.088742115    	-3.0566256     	1.5199575      	-0.28531003    	-0.23222975    	2.891526       	0.3536293      	0.12684721     	-0.74851286    	-0.9336869     	-0.8647493     	1.0168623      	1.7077546      	-1.7896967     	1.3964849      	-2.810331      	-1.8136609     	-2.3798504     	0.75583786     	-1.0777694     	1.313374       	-2.138487      	-2.840955      	2.5970902      	-1.8197058     	1.7401885      	-2.479422      	1.6218841      	-2.4601054     	0.95714235     	0.24256289     	1.0852392      	0.34463584     	3.0240514      	-2.3297985     	-3.0827632     	-2.918988      	-2.9324224     	0.2958054      	-2.8576503     	2.6617646      	-0.37693733    	1.514817       	2.8148704      	-2.9692578     	2.2481854      	1.4792217      	-2.6661453     	-2.9320564     	0.8268539      	-1.0047343     	-2.6924396     	-0.44835478    	-0.90487045    	-0.23170413    	0.94855374     	-1.9158479     	2.1238708      	2.2925937      	2.233214       	3.1123385      	1.0523338      	2.9501343      	0.6573744      	-0.074088395   	-2.8590655     	-1.0515813     	0.49399287     	-1.0044795     	-0.71111333    	
1.702648       	-2.312295      	2.6701806      	2.8558674      	0.20915487     	-0.755924      	-0.9269475     	1.1118038      	-0.12898257    	2.9212396      	-2.1914883     	2.7618346      	0.6009172      	1.0962831      	1.5932584      	1.5170515      	-1.1685916     	-0.25946692    	2.3199215      	-1.8815793     	-2.0841231     	-2.616905      	-2.5531936     	-0.73900163    	2.914005       	-2.1719973     	3.072428       	3.0062785      	0.109463274    	0.06729309     	2.4282033      	-3.048663      	-1.1467574     	1.7825512      	1.9516724      	0.5616723      	-1.4637653     	1.0176703      	1.6105037      	0.4542952      	0.88891244     	1.322203       	-0.1538363     	-0.14252646    	-2.9120703     	0.9817772      	-1.5459073     	-0.52650744    	-1.6636817     	-0.2327479     	-0.15341377    	0.084610775    	-1.023118      	0.8627348      	2.7374868      	2.1125698      	-2.5472414     	1.0258043      	-0.71962386    	2.236402       	-1.9443182     	2.7970228      	-0.5081668     	0.15928409     	1.379905       	-2.2414622     	-2.945815      	-0.8023245     	3.1313214      	-0.22606237    	0.100601844    	0.124289505    	-0.5002952     	-2.6237133     	1.8185476      	1.3901883      	-1.1755285     	1.5702887      	0.4759301      	2.387319       	0.41835678     	1.9178972      	-1.6539645     	1.1672288      	-1.2997239     	-0.39632455    	1.0881039      	2.455036       	-0.5895386     	1.0260074      	-2.1482334     	1.0947572      	2.9254367      	2.574836       	0.5074674      	-1.702432      	-0.8467234     	-3.1325438     	-2.9886012     	2.4195247      	
-2.8108153     	-1.849398      	2.863219       	2.7156258      	3.1057854      	0.08200363     	2.9158936      	3.0485487      	1.4554658      	2.0836377      	-2.712126      	0.884212       	1.342623       	2.8155591      	-1.0346056     	-1.1658554     	1.9446414      	3.1083202      	2.5560405      	1.3091725      	-2.6223748     	1.4995081      	-1.639881      	-1.7290317     	-2.7383454     	1.5392325      	-2.413854      	2.995267       	0.13941535     	0.0061946753   	2.806322       	2.317335       	-1.7810727     	1.9112647      	-1.9788672     	-2.1315448     	1.6208521      	2.2405016      	2.6668189      	-1.6880398     	-1.1963896     	-3.132879      	0.35224885     	2.3548965      	-2.6981032     	2.5620549      	0.4818833      	0.8942922      	-3.0339088     	-1.9851781     	-0.3079437     	-3.0129426     	1.3584061      	2.3590717      	1.4311087      	0.10989821     	1.537163       	0.47534484     	-0.8546865     	-0.19816473    	-3.013033      	-0.74527824    	-2.9838016     	0.16903535     	2.75703        	1.4521884      	-0.44407406    	2.5220869      	2.9208026      	-0.14451316    	2.795741       	-0.76855314    	-2.315653      	-0.7120173     	-0.52613443    	-2.3616557     	-3.098347      	-0.33202764    	-2.3405874     	2.588299       	1.7636131      	1.8104486      	-1.1008263     	-2.4051275     	-0.676213      	1.1255089      	-3.0691204     	-2.5167341     	2.0413506      	-1.6316627     	-2.0320435     	-3.103098      	1.8477386      	-0.45170686    	1.3260871      	2.203692       	0.41589344     	-2.3796797     	-1.5066499     	1.8900466      	
2.4110954      	-0.7168512     	1.374625       	1.7568635      	3.0925636      	0.5774713      	0.0691625      	-2.0665278     	-0.30669317    	1.4909983      	2.1229076      	-0.3038266     	0.40583557     	-1.6892844     	-2.720707      	-0.20902067    	-1.306586      	2.366161       	0.54559696     	-2.4586732     	0.23164332     	2.41685        	-0.6879001     	-2.3856351     	1.2165846      	-1.7616177     	-2.6145585     	0.81817704     	3.028144       	-0.10070468    	-0.3276202     	3.119717       	0.9085989      	-0.80253285    	-0.2256525     	2.7003376      	1.8623567      	2.3060465      	-1.3232561     	-1.0833632     	2.1919823      	0.9750085      	1.4812982      	-1.8120221     	0.3550073      	-3.1131456     	0.26965317     	-1.6518806     	1.0311253      	-0.7529247     	0.3597495      	1.1733335      	1.7530961      	-0.97781223    	1.2318864      	1.3214318      	2.501761       	-0.61393464    	-1.8789734     	-1.359149      	-1.6730031     	2.1926377      	-0.8864072     	1.4741422      	2.8808954      	-1.2340915     	-1.3939838     	-2.368338      	0.75049764     	-2.0943637     	-0.073811315   	-2.044281      	1.4249281      	2.3523064      	-2.0902395     	0.83286446     	-0.9441655     	0.5039785      	2.945613       	2.5612428      	0.66821146     	2.1146052      	2.0172215      	3.052439       	-2.583511      	0.29985538     	1.0875086      	-0.8889029     	-2.537272      	-0.30204442    	2.2599342      	-2.722954      	1.0858262      	2.4183347      	-0.9844407     	1.3060567      	1.3758472      	0.19844452     	3.1240795      	-3.109364      	
-1.8611314     	-1.2488196     	0.28137165     	-2.819069      	-0.7280596     	2.6858103      	0.06261311     	2.6196322      	-0.7995142     	0.471255       	0.46585098     	1.5050408      	2.0567803      	-2.5463479     	-0.41184667    	2.576484       	-1.0063105     	0.44986895     	3.1397724      	3.0912075      	-1.4770765     	2.4787016      	-2.3209524     	1.190407       	0.776479       	-2.4518368     	1.880981       	1.1652932      	3.1368408      	-1.9289376     	-0.031106472   	-2.0554042     	-0.4113731     	-2.2567804     	0.71136034     	3.0901167      	1.4933085      	-1.1999719     	-2.70252       	-2.7923913     	-2.7954006     	-1.9195069     	-0.4680782     	0.06873507     	-1.5616151     	2.3920417      	1.4963663      	-2.1552954     	1.6886628      	-0.15284905    	2.75147        	1.2624707      	-3.0259        	-2.1218145     	2.774566       	-2.9436784     	-1.4476267     	2.3430665      	3.071319       	-2.3078318     	-2.1604705     	-0.26887268    	-2.9187374     	1.2410723      	-0.49757832    	2.6658788      	1.503888       	-2.7958665     	-0.5509035     	3.0389965      	-0.015806366   	2.017222       	-1.3247507     	0.24634834     	1.3882189      	-0.2811729     	-3.0151315     	-1.6798682     	2.4107332      	-2.3662498     	1.9291787      	-3.0912983     	1.6116637      	1.108786       	2.1014938      	0.09568652     	-1.0446455     	-1.275919      	-0.04525557    	-1.0314196     	-0.017108044   	2.3900616      	-0.4053846     	-1.5441223     	-0.7252016     	-2.2369869     	-0.3148086     	-0.9976221     	-1.7866143     	-0.26484695    	
-3.0241492     	2.4929028      	1.9896654      	-0.23672388    	-0.8666362     	-3.0316265     	0.056226138    	-3.0520864     	-2.9809113     	3.1156552      	-2.865488      	1.9233866      	0.55373496     	-1.6726505     	-2.3711777     	2.8860605      	-1.185373      	1.564078       	2.8566804      	-0.91889036    	0.60715437     	-3.102899      	1.1709498      	-0.33798972    	2.3824313      	1.5004569      	-0.8520617     	-2.0980453     	0.7252366      	-3.1277757     	0.1717528      	0.025587797    	1.9143137      	0.0772864      	2.8359745      	-0.30321243    	0.36568338     	-0.3164456     	2.4024124      	-0.062269133   	-1.5952345     	3.1087325      	2.6535976      	-2.510252      	2.9633138      	0.63574266     	-2.9384131     	-0.15255563    	1.5025593      	-1.1536622     	-0.050746486   	-2.454605      	0.18724236     	0.70652354     	-1.3193145     	-2.9139724     	-0.61449337    	-0.26480806    	-0.8575112     	-1.8192765     	-0.12932463    	0.21599503     	-2.757599      	-3.0198517     	-0.7919578     	-0.54704946    	2.7709424      	1.3929561      	2.9331303      	-0.10831341    	0.15659624     	-2.7843704     	-0.3638536     	-1.4669032     	0.76136947     	-2.8383248     	1.0203129      	0.76749957     	-1.9616395     	0.42722514     	2.34373        	2.9375157      	-0.2009585     	-2.9270015     	1.1521443      	-2.0468369     	-2.090839      	1.390282       	2.5864363      	-1.9980092     	1.8380812      	-0.7074429     	-1.2780493     	-2.1464407     	-2.4374163     	-0.84592557    	-2.8671765     	-1.9815521     	-2.1738682     	-3.0574768     	
0.056858405    	-1.5374005     	-0.42408395    	-0.84975314    	-2.1133747     	-2.9479914     	-3.1285245     	0.016677164    	-0.75190634    	-2.193009      	1.7221992      	1.6567839      	1.9234545      	1.5415426      	-2.9777558     	-2.1437986     	1.2273612      	1.5842651      	1.9074126      	-2.9481072     	-1.0358713     	1.8223991      	0.15495671     	-2.3184        	1.9990921      	0.28502974     	-0.9311205     	-0.7183907     	0.9751502      	2.8252883      	-2.9847388     	0.057128023    	0.50679183     	-2.4725895     	-0.5116434     	-3.0391378     	2.697628       	2.7404258      	-0.7569338     	0.8508516      	3.1043954      	-1.5238756     	-2.4010012     	1.4658209      	-1.9067191     	-0.42818856    	0.38918987     	-2.9777763     	-2.5957205     	-2.7008796     	-2.5355024     	0.50076246     	0.4829174      	-2.7343984     	1.1302469      	2.7281003      	-0.82848704    	3.046942       	0.21165127     	-0.8425484     	2.820194       	-3.1123576     	-3.1410925     	0.054656357    	0.9891799      	0.49770024     	3.0173836      	2.604757       	0.96367645     	2.7680757      	0.84488976     	0.72868985     	1.6193436      	0.7792117      	0.98683375     	-3.1240509     	1.9333304      	1.3687915      	-1.5302975     	-0.9105222     	-1.8480315     	-2.1161633     	-2.7228003     	-1.9405166     	-2.357969      	-2.5425115     	-0.96038634    	-0.99545175    	2.6170738      	2.2975717      	1.1081936      	0.68197864     	-1.6796311     	-0.34325013    	-0.24712849    	1.3025402      	-1.136015      	1.5231471      	-1.7721411     	1.6709374      	
2.234289       	-0.6107011     	-0.24322161    	0.8621561      	-0.03012779    	-2.477942      	3.0228932      	3.113175       	0.03299362     	-1.5782865     	2.9822364      	-1.0854284     	-0.42979053    	-2.924545      	-2.4356527     	0.4358691      	-2.8977861     	2.7114782      	0.9202814      	-1.7017168     	0.17150949     	-2.823853      	2.933762       	-1.2464983     	0.8263214      	-2.678723      	-1.7751759     	2.925169       	-3.102584      	2.0902832      	3.0503654      	-2.7022781     	-0.09264316    	2.5102131      	-0.8259573     	-1.907145      	1.6244509      	-0.47577915    	2.398375       	0.7062075      	0.15170266     	2.405406       	-0.68431026    	-1.7923309     	0.22663468     	2.8222954      	2.6225014      	2.4093134      	-1.0785706     	1.7267706      	2.5809398      	0.1329637      	2.633599       	2.7754955      	2.9309647      	-2.4524586     	-0.09095935    	-1.4736207     	1.1947838      	0.6823829      	2.173695       	2.3063684      	1.5417213      	0.9095908      	-0.6637337     	0.5711339      	0.4733937      	2.906528       	2.685539       	-2.2390337     	-2.998625      	1.4107094      	-2.5423238     	-1.5881867     	1.3186731      	-2.1712744     	1.0580494      	2.5690875      	3.0882852      	0.98848706     	-2.6521714     	1.8499266      	1.305751       	1.2064481      	3.0073183      	-2.8767061     	-1.9061205     	3.060161       	2.4295654      	3.0104702      	2.2947624      	3.1263528      	2.9658606      	-2.1630778     	-1.0050111     	-2.593624      	-2.9617689     	-2.4402018     	0.5519488      	-2.3857844     	
-0.316257      	1.7655858      	1.6293958      	2.7058609      	-2.9397244     	-1.924512      	1.5954303      	2.9613583      	-0.004909509   	2.9792223      	0.25595766     	-0.5812549     	-2.1805747     	-1.437317      	-2.4010777     	2.454149       	2.7383623      	0.92002726     	-2.1805172     	-0.9880294     	0.014806207    	0.570618       	0.47413817     	0.6999975      	1.0858601      	0.21138696     	-2.1397657     	0.84860134     	-0.6961158     	0.13953026     	3.052232       	2.020073       	-1.4623713     	3.0523622      	-0.15501145    	0.3282286      	-0.8736159     	-0.7734145     	2.822703       	2.6416707      	1.0982795      	2.0220838      	-2.9909956     	0.5466916      	1.7136798      	1.8578761      	-2.2888954     	3.0820568      	-0.060840596   	-1.2516061     	2.1091223      	0.662169       	3.0285234      	-0.03172603    	2.82595        	1.3965459      	1.8260785      	-2.3561082     	2.692304       	-2.0092044     	-2.2306712     	0.9602197      	-2.9380033     	-1.3527052     	1.5672427      	0.23477095     	-0.873468      	-1.3992088     	0.6229795      	-0.94135004    	-2.9926047     	-0.87293804    	-0.6666379     	1.020279       	1.787999       	0.031958796    	-1.6647836     	1.6719531      	3.0188599      	2.2641847      	0.41505578     	-2.5599182     	0.33497894     	1.159009       	-2.8968263     	2.0873208      	3.0488994      	-0.72879285    	0.28157008     	-0.39028934    	-1.2944145     	2.154493       	0.4655191      	1.0153205      	-2.3801155     	1.3649238      	-2.0260155     	1.7925626      	-0.9818533     	-0.926605      	
1.2266963      	2.161232       	-1.8327909     	1.7832359      	1.4555869      	1.9291438      	-2.4304004     	-0.71545756    	3.077067       	-0.24148704    	2.8985364      	1.4592282      	0.64595175     	1.6015795      	-1.2316707     	-2.6778624     	-2.963586      	2.0239875      	2.5556874      	-0.013460358   	-2.8592052     	0.5408899      	2.611555       	-3.08185       	-0.018586854   	-0.86228794    	0.02612938     	1.3399743      	-2.5602136     	2.6511712      	1.9532758      	1.9341134      	2.5919788      	3.024212       	-0.12862022    	-0.23267205    	0.7204841      	-2.850808      	2.8655255      	-2.863336      	-0.0641536     	-0.38334313    	2.6017792      	2.1869538      	1.5224249      	-0.21257435    	-2.5523324     	-0.4123409     	-0.21778068    	-2.3535779     	0.49414468     	-1.425173      	1.943181       	0.073647       	1.9705331      	-0.18401593    	0.9693553      	2.8899076      	1.8359734      	0.32781813     	0.93700695     	-1.5368963     	0.7106239      	2.5084748      	-0.3928475     	-2.120247      	-2.639703      	-1.3576944     	-3.0640042     	-1.8913696     	1.2122144      	2.7388005      	-1.1993285     	-0.7946753     	2.1103024      	3.0771534      	-0.61593413    	-2.5638192     	-2.966941      	0.64173466     	2.8394516      	-3.0925379     	-2.5864658     	2.7643356      	1.9649754      	1.2099235      	2.5666413      	1.0507123      	0.6279477      	0.6100344      	3.0634494      	2.804501       	2.4778767      	0.38881254     	-0.55617464    	-1.2474127     	2.7473938      	0.47479072     	0.8472122      	-3.0830734     	
-0.60018307    	-0.91591895    	-1.2857549     	-2.54849       	-2.1263156     	0.16113818     	-2.0114198     	-2.6995852     	-3.016333      	-0.31989115    	-0.19949089    	-1.9938564     	2.1033897      	2.8754292      	-2.49609       	3.0195708      	1.8455616      	2.670958       	2.040142       	0.11808512     	2.393149       	-2.1527414     	2.866516       	-0.377757      	2.324859       	-1.8246788     	2.6589332      	-2.4212317     	-0.30807376    	-0.6784827     	-1.3870442     	-2.7488291     	-1.073501      	-1.0815345     	1.5287694      	-3.1294434     	-0.9684868     	2.4793997      	2.5809019      	0.32226548     	-2.1553764     	1.0860983      	-0.30684       	0.899173       	1.6124481      	-0.669117      	0.8871775      	-1.5047953     	-1.4462078     	-0.9684675     	0.6533903      	2.0883696      	1.6193904      	0.8360684      	-0.042218637   	-1.2141252     	2.7617307      	-1.1553775     	-0.24170254    	2.5400782      	2.5504413      	3.0716267      	-0.16801484    	-0.059827525   	0.6987651      	2.7642927      	-2.1900213     	-2.600705      	2.6126637      	-3.1021807     	-0.12785807    	-0.86711323    	1.0900987      	-0.66507137    	0.6496123      	2.7167957      	1.4112726      	-0.6428404     	-0.1565623     	0.52732646     	0.847396       	-2.0367422     	2.520133       	2.1021624      	2.9483347      	-3.0519834     	-0.85274696    	-1.3703415     	1.492051       	0.50312144     	2.2597384      	-1.9060804     	-0.8603115     	-1.0627539     	-0.4926018     	0.21512973     	2.6184926      	1.0166537      	-0.15843518    	0.7991302      	
0.19627823     	-2.1318817     	-1.2122097     	-2.246014      	-3.0113637     	2.649714       	1.2590996      	0.7655637      	2.758762       	2.387179       	-0.44089374    	2.6880586      	-2.7259114     	1.4730507      	1.9224676      	1.7805244      	0.24215579     	2.5198412      	-3.0129        	2.129799       	0.3464282      	0.90562767     	0.22836827     	1.6875105      	2.0740485      	2.6418345      	-0.113139644   	0.5209394      	-1.3591102     	1.5665952      	0.86657923     	1.562078       	-1.9266704     	0.36948982     	-1.6599637     	-2.9693809     	1.6703722      	2.056448       	1.2557445      	0.5414789      	1.2234349      	-0.9292809     	-1.8356161     	0.18305469     	-0.16585237    	-0.9540667     	0.79304063     	-0.5371906     	-2.1458268     	2.3106782      	-1.0874836     	2.164974       	-3.0139496     	-1.7702272     	2.3269482      	1.801272       	-1.4202073     	-2.9469073     	2.8524158      	-0.9486807     	-1.0857562     	-0.044399034   	2.1027515      	2.9482095      	2.267321       	-2.0311608     	-2.348482      	0.4682036      	-1.463517      	-0.2477395     	0.4130458      	2.4485974      	-1.7538399     	-2.043808      	-2.396663      	-1.0652001     	3.1356242      	2.285693       	1.4736122      	1.1790652      	-1.6243784     	1.1968639      	0.4674512      	0.13258246     	0.4987271      	1.6078172      	0.9731374      	-1.0011998     	2.1016514      	-1.167472      	-1.050215      	-1.1855006     	2.243292       	-1.6850812     	-0.96732503    	0.8823456      	2.1942723      	-0.49830264    	2.8191392      	-1.801482      	
-2.349028      	2.0420141      	-0.9138383     	-0.4957552     	1.3770463      	-2.3993409     	0.087588705    	-3.0842621     	-0.13070694    	-3.0162258     	-0.25668198    	2.9625628      	1.1700113      	-0.47079974    	-0.43392557    	-2.5568414     	1.6848546      	-0.6133901     	-1.225416      	-0.74582833    	3.0270915      	1.7355322      	2.7935574      	-1.7739997     	2.0625129      	0.7408955      	0.57302374     	1.939424       	1.2824408      	-1.0285661     	-2.9060981     	2.0385027      	2.4781485      	0.83895415     	1.9125443      	-0.86434704    	-1.9922607     	-1.8768286     	-1.1631793     	-0.5561938     	-1.3729962     	0.51474756     	2.9071665      	-0.40202463    	2.7969313      	-0.50097954    	2.703756       	0.94822186     	1.8155856      	-2.617354      	-2.9262066     	-0.37750176    	2.3319416      	1.465066       	0.18494114     	-0.11456624    	0.43083715     	2.763874       	-0.6345583     	0.3164132      	-3.1264694     	-0.99926364    	2.5460608      	-1.783473      	-3.054146      	-2.9660523     	1.4784014      	2.5710905      	2.8021526      	-2.5302327     	-0.47196198    	-2.6480772     	-1.533198      	-2.6310039     	-1.1176288     	-2.2742996     	2.0470119      	-1.0623728     	-1.0421244     	2.5087132      	-2.377044      	-2.1122332     	1.1116109      	-0.8115544     	2.81464        	2.7277308      	-0.08114902    	-2.6607966     	0.15961789     	1.4113985      	0.46067408     	3.1079426      	1.4989003      	-0.49141362    	2.3233926      	-2.9745727     	-1.4945296     	0.79279137     	2.459527       	-2.6144686     	
-1.4317594     	-2.0773225     	-1.5225525     	1.4446834      	-1.1450813     	-3.0584989     	1.275464       	-0.7185801     	0.2004993      	0.9070261      	-3.1192899     	2.9527602      	3.0368967      	0.06988566     	-1.9997239     	2.0717392      	-0.12124269    	-2.2255795     	2.4220672      	-0.5234302     	2.9462209      	-2.3227386     	-0.8717756     	-0.0068306956  	1.1047595      	0.97771174     	-0.23472665    	-1.9690577     	-2.624399      	2.0260887      	-2.7807703     	-0.42892563    	-2.0576806     	-0.2566029     	-2.5970979     	1.838608       	-0.92255664    	0.12810104     	0.4864212      	0.7754948      	-1.5844414     	-0.24481846    	-2.5740726     	-2.6271794     	2.4148097      	2.2998827      	0.54925954     	0.68596023     	-2.211792      	3.0169406      	1.6212163      	-2.3143854     	1.9495417      	2.49093        	0.9586097      	0.55070466     	-0.07240864    	-1.6586177     	-1.8830978     	1.9810882      	0.3650142      	2.520587       	-2.726723      	-1.2182908     	-0.31655216    	-3.045426      	2.7265937      	0.42671114     	-0.83275014    	-0.59483445    	2.0510616      	0.087573364    	3.1135726      	1.6692824      	-1.892043      	-0.6820965     	2.8647175      	-3.0394502     	0.6040931      	-2.6659513     	-1.1364032     	2.8194084      	1.3636417      	-2.210807      	0.43463895     	-1.4695842     	0.05309979     	1.7396204      	1.9805824      	2.9335158      	2.327132       	-2.4022222     	-2.7315624     	-2.886699      	0.6060188      	-1.2149132     	3.0259376      	2.7783587      	-0.6969531     	3.1271765      	
-3.1414757     	2.9708667      	-0.079900034   	-0.17396075    	-3.0384617     	-1.9035376     	-1.8100046     	-2.8773034     	0.10074087     	1.3554289      	-1.8058517     	-0.95555055    	0.3110072      	-0.55127174    	-1.6974277     	-0.24471875    	-0.2402161     	1.5367216      	0.28355044     	-1.3808274     	-0.96258545    	2.5864701      	0.77928036     	1.291323       	-1.068617      	-1.5317297     	-0.7587641     	3.079921       	1.1478877      	1.8634323      	-2.0416448     	0.013129474    	0.29213923     	1.1224284      	0.8452456      	-0.86348546    	-1.5482776     	-1.5410858     	-1.4435192     	0.71070206     	-3.0089746     	-2.1948743     	2.185876       	0.48042536     	0.59747565     	1.2313452      	2.2552066      	-0.993955      	0.050364517    	0.69429487     	-0.16812792    	2.4336371      	-1.5612884     	-1.0214632     	1.7143509      	-0.38224566    	2.4639983      	-1.537773      	1.5913469      	1.7463794      	-1.5279899     	-0.08967584    	2.0561543      	-1.5497508     	0.591534       	0.8058931      	0.60872847     	2.9344347      	2.429487       	0.26730794     	3.0245128      	1.0078181      	2.7122865      	-2.2127252     	-1.4661107     	-0.8684065     	-2.501474      	-2.2393517     	-0.73691976    	2.6004128      	1.0627911      	-1.1737106     	1.4036226      	1.9410471      	-1.0699689     	-2.7234585     	2.4933858      	2.8733435      	2.9240828      	1.5723221      	1.4634706      	0.72213376     	-2.4525256     	-0.94588906    	0.6014457      	-1.0043863     	-0.9042932     	-0.5832747     	0.06561335     	3.0287595      	
-2.585571      	1.9437374      	1.5552663      	-0.13704367    	-2.216959      	2.9483922      	-1.1028906     	2.357324       	-2.2541697     	-0.4299737     	-2.42997       	2.988239       	0.16734613     	-1.5836475     	0.25618654     	-0.88788617    	-1.7747186     	-3.031324      	-0.04871823    	-0.22298765    	0.55276287     	-0.8954509     	0.06614849     	0.11192955     	2.7333055      	0.7211943      	2.2186894      	-0.5536512     	3.023321       	-1.4104362     	1.4565734      	2.4389567      	-0.29608843    	3.1208956      	-1.7037026     	2.2762244      	1.9018799      	1.0527363      	2.6768131      	0.83312345     	-2.2619328     	-0.42861977    	-1.6506089     	2.593505       	0.5333436      	-0.07112559    	0.792582       	2.7422783      	-1.5547312     	0.8208923      	2.458635       	-2.8528657     	-1.6899898     	2.7524774      	0.41049373     	0.7953223      	-1.6677816     	2.9568765      	-2.109103      	2.933909       	-0.048271947   	-2.8813384     	0.46645638     	-1.4742227     	-0.30374002    	1.6420594      	-1.9466329     	2.9012125      	-0.3813985     	-2.9715068     	3.0601702      	-2.74181       	-2.9638171     	-0.05588198    	2.4482002      	-1.5785453     	1.1267072      	3.0052564      	-3.0048351     	0.17840683     	-2.9676237     	1.1603028      	-0.46252862    	1.2303386      	-0.38456148    	-0.09141208    	0.26128998     	-1.939958      	3.1042953      	1.0303775      	-1.0448965     	1.857963       	-1.3825741     	2.4339113      	-2.258506      	2.5367627      	-1.0684751     	1.3949434      	-3.0974977     	0.23228097     	
-2.6330051     	1.4226542      	1.0815684      	1.1418135      	2.1441894      	-1.4273293     	-2.3260832     	0.7341731      	0.41141355     	-2.9846308     	2.8652406      	-2.7532039     	-0.47320747    	1.9641589      	-0.93099636    	0.010676366    	-2.5649402     	-0.0915915     	-0.37706733    	0.74168736     	2.464177       	-0.99001294    	-2.3194032     	2.1279058      	1.4423001      	2.2763548      	2.3945944      	-0.0072844564  	-0.1602397     	0.85712105     	-1.5347567     	-2.698583      	0.7733623      	1.8924445      	-2.7307932     	-0.6342834     	-0.22388244    	2.9332013      	-0.274222      	-2.9216783     	1.1877263      	1.8435606      	-3.128852      	-2.872948      	1.0286252      	0.34149417     	1.3919319      	-3.0024278     	2.5374014      	-3.11905       	-1.0131416     	1.1207957      	-2.52898       	1.7596532      	1.3876681      	1.5690668      	0.49175766     	3.007968       	-0.0094574075  	2.6603243      	0.46641943     	2.7547278      	-0.2587548     	3.0363834      	-2.931104      	2.1062913      	3.0655375      	1.0500282      	1.9983991      	0.13291703     	-0.6074609     	-3.1276248     	-0.2577995     	0.5116955      	-0.33237594    	2.8053217      	0.04493981     	-0.17929412    	-1.1788347     	-1.7816815     	-1.5540198     	-1.941046      	-2.3353255     	-1.5817808     	-1.0083296     	1.242519       	-1.0781596     	0.2331615      	-1.0683047     	1.5486923      	1.0370377      	2.199977       	0.27032033     	-1.9461663     	-0.30137345    	2.8781137      	-0.9625725     	-0.32397017    	-0.53655565    	-3.1246758     	
-0.58239806    	2.0406723      	-3.072044      	-0.23543584    	3.0861452      	0.80656147     	2.2343798      	-1.5818859     	1.6811538      	0.040159088    	-2.5358982     	1.7196897      	1.0095968      	-2.491213      	0.6900229      	2.6011329      	-1.8375825     	-0.25087675    	-0.8667473     	0.06810239     	-0.025816763   	1.1984004      	1.7526156      	-2.9350317     	-1.4519013     	-1.2815616     	-1.4197016     	-0.30739045    	-0.24369344    	1.3851552      	1.9735683      	-1.4830872     	1.3353984      	-2.1060877     	2.5790257      	0.61970764     	0.3813166      	-2.202342      	-1.6280568     	0.21161573     	-0.022658955   	-2.6468852     	1.8888606      	-0.75255203    	0.354795       	0.6616357      	-1.5310477     	-2.911236      	0.2558477      	-2.0098553     	-0.4352534     	2.341701       	0.99063325     	0.866357       	3.0436509      	-1.754138      	-2.8107638     	-1.3165841     	2.9461567      	-0.0338925     	0.4006648      	2.9223018      	-0.4175082     	2.7361236      	2.9566226      	-0.111252904   	2.2615497      	0.3260965      	-1.0937277     	-3.0129747     	-3.132327      	1.4134271      	-0.06880055    	-2.6008778     	-2.489322      	1.7563337      	-3.1077492     	-0.13237962    	1.0093316      	2.5621502      	-2.8717241     	1.8314936      	1.8752813      	-0.60499513    	2.335042       	0.3390507      	-1.8544067     	0.7138199      	-2.9558864     	-0.9498184     	2.2209363      	-0.21104273    	-0.26261297    	2.3178668      	-2.3432605     	-3.0931969     	-1.429971      	2.1034193      	2.0627704      	0.031346966    	
-0.54116917    	-1.1107044     	-1.8708727     	-2.4685202     	1.1391752      	-3.1106815     	-0.43631312    	-0.68492275    	-2.8861778     	1.5955316      	0.47454324     	2.749083       	-1.6736127     	-0.9006114     	-2.153615      	-2.2576108     	2.1067195      	1.6160083      	-1.8777584     	2.2524247      	-0.47302485    	0.17861377     	1.7934536      	-1.3249252     	-2.0819073     	-1.6406667     	0.29268682     	2.0548425      	-2.6320112     	2.7164552      	-2.93147       	-1.3916146     	1.5669583      	0.47230077     	3.12907        	-2.6799643     	-0.78421235    	-0.95516694    	-1.5397027     	-2.8920803     	-0.72732973    	-1.0143278     	-0.9361765     	1.9800273      	-2.9297998     	1.4449096      	2.2498329      	2.9752572      	-2.1341128     	2.992301       	-0.8758164     	-0.61930305    	2.9569402      	-0.750765      	-2.830274      	-0.4972738     	3.055116       	0.11161381     	-0.10148904    	-2.2907228     	-1.3175278     	-0.24640894    	-0.8129455     	0.83828247     	2.6032617      	2.488264       	0.76466465     	0.3499588      	-0.11343974    	1.2921069      	0.46991834     	2.652117       	2.4092135      	2.94457        	-2.5369575     	3.1292894      	-2.8210921     	2.9955766      	0.22402097     	-2.8081312     	2.0127373      	-1.9284301     	1.5285217      	-1.7976954     	-2.7033162     	-2.4761963     	-2.0416012     	2.4203353      	2.8574557      	-1.565132      	-1.2510753     	1.903172       	2.3188324      	1.1643776      	-2.5343704     	-1.4041578     	0.18258081     	2.2280796      	-3.0686731     	-1.6544117     	
-0.8290782     	-0.7046254     	-3.0498626     	-1.6608866     	-2.8495996     	-2.455673      	-1.3641112     	-2.4765732     	-2.5773964     	1.787408       	-2.47571       	-1.6439252     	2.138163       	-1.0632315     	-1.963201      	-0.62352705    	1.9604486      	1.5744259      	0.60819364     	1.5609024      	-2.0973716     	3.020719       	-1.3363777     	2.7265441      	-1.2580662     	-2.1531773     	-1.1534388     	1.421549       	0.5588213      	2.1590495      	-0.39803857    	-2.8222528     	-0.72738165    	0.19239026     	0.26035354     	2.7584944      	-0.7645163     	-1.3882887     	-2.7198246     	-1.9114529     	0.052048936    	-0.42979032    	-3.136614      	0.22007738     	-2.3070304     	2.8178153      	-1.1205611     	-1.2177256     	1.3466396      	-3.100825      	-0.07798398    	0.37320024     	-0.29652968    	1.5526282      	0.8826851      	0.8703983      	-2.25304       	-0.2675109     	0.30822498     	-0.8145906     	-0.9073938     	-0.18972465    	-2.6307006     	2.047216       	1.2109461      	1.1063027      	-1.241145      	1.9021825      	2.0890155      	-1.1796159     	-0.8811247     	-2.2396724     	0.08918388     	2.4777436      	-3.0212474     	0.012434123    	1.8512338      	2.9897692      	3.0843456      	0.0721515      	-1.0562631     	2.9445086      	2.7378006      	2.03194        	-0.47972676    	-1.8048472     	-2.5300834     	-1.4012501     	-0.2505453     	1.4733973      	-2.8389893     	-0.5221853     	0.30588394     	-1.2947127     	-2.1467943     	1.355052       	0.788383       	-0.8574052     	-1.7826782     	-0.13346633    	
-2.2716982     	0.012242515    	-2.211434      	-1.5500698     	0.7275149      	0.97135824     	-0.23923132    	-0.7435024     	0.16050068     	-1.3327498     	0.10057948     	0.51690114     	0.072712086    	-0.43010175    	1.4984807      	1.956          	-0.25556436    	-0.80538064    	-0.07472406    	-2.7161243     	-0.96987003    	-2.7933276     	2.6705754      	-0.07494339    	-0.87241906    	0.17111632     	-2.5737867     	2.417427       	0.34777513     	0.39998662     	-0.5965285     	2.0892146      	0.7674265      	1.2942737      	0.8726396      	-2.4468472     	-0.41400078    	0.104609       	-1.6615041     	-1.1999319     	-3.02483       	3.0731204      	-0.34266064    	0.07892255     	0.102698825    	-2.6020172     	-0.03651144    	0.8942837      	-0.36419466    	2.6889706      	1.2682376      	-2.304626      	0.08227016     	2.8477957      	0.8063868      	0.5032936      	-2.591763      	-2.362459      	0.775212       	1.7131025      	-0.296679      	0.67516935     	-1.1808206     	1.4885222      	-0.9643425     	-2.9451175     	1.0894663      	2.2879605      	2.869547       	2.515266       	2.0127769      	1.9323274      	-1.8002472     	2.5385141      	-1.4488846     	1.0118761      	1.4476941      	2.9518578      	2.986568       	-0.27129093    	-0.78828216    	0.25111145     	-1.9563612     	0.3255805      	-1.0859516     	-1.5279385     	2.7976418      	-1.6324377     	1.6658013      	-3.1409466     	-2.6596975     	-2.6038742     	0.7160392      	-1.2766501     	2.529251       	-2.8506112     	0.009276676    	-0.80934525    	2.946369       	-2.0803423     	
2.0067034      	-2.8732624     	1.1401311      	1.0617635      	1.740174       	1.3550932      	1.8959392      	-2.5705185     	1.5598855      	-3.0990553     	1.0021381      	-3.009475      	-2.562969      	-2.5762198     	-2.9036164     	-0.8176367     	-1.1859293     	-0.48288226    	1.8962456      	-2.4662204     	0.5975023      	2.1838324      	-3.0140393     	-2.7825034     	-1.3010626     	0.11435092     	-3.0411506     	1.5769132      	-2.627077      	-0.92913276    	-2.5056999     	0.6280036      	-2.2411587     	-1.0321869     	2.009325       	2.5397537      	2.6109562      	2.4442954      	2.683404       	3.0896564      	0.0047066356   	-3.1077905     	-0.344271      	-0.8646926     	-0.20137863    	1.4090041      	-1.1512843     	2.4434543      	-0.7016493     	0.71791154     	2.8353083      	-2.4677877     	-1.7131528     	2.0981498      	-1.3123974     	-2.6667063     	-3.1389248     	-0.72258866    	-2.6555996     	-1.1412116     	-2.6203158     	2.092627       	-1.3957572     	0.7632289      	-3.094776      	-0.4123137     	2.9563456      	2.765732       	1.939605       	-2.1271842     	1.5148044      	2.9643345      	3.069579       	0.2441577      	-1.7983288     	-0.8858774     	-0.6435594     	2.8648038      	2.710026       	-3.118969      	-0.08299814    	-1.1805599     	-0.9270833     	1.2639592      	-0.63123846    	-2.4115613     	0.581178       	-0.078213714   	-1.9378515     	1.830327       	0.4277313      	-0.89403176    	-1.2848489     	1.189249       	0.17877513     	2.254627       	0.8054215      	-0.41206434    	2.8104024      	-1.5323662     	
2.275414       	1.7024462      	0.87891024     	0.3109992      	2.2341375      	-1.8015944     	-0.56328005    	2.3743472      	2.2343848      	0.9081094      	0.45786643     	-0.30168247    	-2.618263      	-0.6423987     	0.53576744     	0.8697172      	2.0449567      	-0.2448834     	-1.2047528     	1.2489634      	-1.8477582     	2.9891367      	2.8276572      	-2.4549272     	-2.3060303     	1.7085588      	-1.2141325     	1.2196398      	1.6304377      	1.6839151      	-2.6969407     	-2.060992      	-0.05630252    	-0.3434921     	2.42319        	-0.7714158     	1.2858982      	-3.129652      	3.1146615      	0.25257692     	-0.057932284   	-0.12307023    	2.9681277      	2.7905421      	0.004879422    	0.0683712      	-1.8178387     	0.7277782      	0.061420314    	-0.6106992     	-0.5766849     	0.27069137     	1.9521834      	1.986948       	0.5216856      	-0.37809724    	-2.2353992     	2.1916995      	-2.016145      	-3.124114      	-1.5969764     	2.289083       	-2.854825      	0.85640645     	-0.30530667    	-0.6736863     	0.8443551      	2.3873549      	-2.323894      	-3.1168883     	-3.0903888     	-2.6128438     	0.13156533     	2.791715       	0.13942784     	-2.905191      	1.5490758      	-1.2593102     	2.946058       	2.4040258      	-3.064666      	0.078292854    	-1.8234899     	-2.3535802     	0.66305196     	-2.2556603     	2.645451       	2.869829       	0.22040217     	-0.7837897     	2.2307847      	-1.3343462     	0.8682413      	-2.9033628     	0.07355219     	1.1185685      	1.2935953      	0.14920664     	1.9062299      	0.33680496     	
-0.8449012     	-0.66717565    	-0.08589627    	-0.21116088    	1.8910997      	-1.561859      	3.1080012      	-2.3114524     	3.064345       	3.1359468      	-1.0905898     	-0.5198486     	2.8026671      	-0.36504874    	-0.16527733    	0.47958106     	0.60474247     	-0.6785982     	-1.9582468     	-2.7838128     	2.098085       	1.1891968      	-0.28975615    	1.7044255      	-1.4055492     	0.7610553      	1.2196765      	-1.5990512     	0.39103392     	-0.7003757     	-3.0347898     	2.8988392      	-2.9176366     	0.43113005     	0.6547678      	-1.0843136     	3.005004       	-0.27271637    	-1.2043619     	-0.12238256    	2.800968       	-1.3263395     	-0.92982966    	-1.632323      	-2.9766839     	-1.2333492     	-2.5497906     	3.116511       	2.1118097      	-0.27455837    	-0.13948318    	-0.4774844     	-1.2000014     	1.5139391      	-1.9367588     	-2.8840992     	2.611161       	2.6975253      	-0.19063385    	-0.3962214     	3.0881767      	-0.45708472    	-2.8028758     	-3.056566      	-1.4298086     	1.639632       	-2.3667498     	2.0835018      	-1.8334098     	-1.2124915     	0.032974415    	-2.872733      	-1.0352527     	1.1949077      	2.7760115      	1.3949308      	1.6424079      	2.1588457      	-2.1744952     	2.9784923      	3.1362631      	-0.07488094    	1.7284247      	0.8358799      	0.6078295      	3.1399713      	-2.048922      	-2.0464067     	-2.1606662     	-1.2902327     	1.3439237      	-1.1853782     	-0.3087587     	-0.83924437    	-2.0292096     	2.2550745      	3.0887632      	-2.7968416     	-1.4466023     	-2.3544853     	
2.6381693      	1.1139385      	0.89442927     	0.48850343     	-2.0546045     	-2.0789652     	-2.6030893     	-0.7826565     	0.23532973     	3.0925517      	-0.082870245   	2.526888       	-0.5199468     	0.724098       	0.073266596    	-3.058323      	2.7815063      	-0.10122891    	1.2295656      	-0.5961416     	-1.0375003     	0.04181515     	1.9118714      	0.3816512      	1.6884999      	-0.052632164   	-0.39426458    	-3.0050747     	-0.9859775     	-0.9238706     	0.3671506      	-1.9313824     	2.2199202      	-0.2620746     	1.7217239      	-2.1569972     	2.8901463      	3.1216063      	0.05501223     	-1.287822      	1.5618156      	1.9412614      	1.2703158      	-2.7228622     	-1.7277018     	-2.8803823     	-0.54567134    	2.3748877      	-0.9041841     	3.1127374      	-0.3372186     	-2.3570194     	1.5399737      	2.4525774      	0.8386075      	-0.21022455    	-1.0035677     	-2.8563416     	-1.6351705     	-1.2854092     	-0.5465664     	-2.8199728     	-2.2522063     	1.8206302      	0.83763146     	-0.9801098     	0.14237976     	-0.5076484     	2.7303689      	1.441128       	-2.460287      	2.702136       	-2.1804464     	0.8629249      	3.0318918      	-2.3549018     	-0.11747324    	1.1595478      	-3.0042443     	2.5681515      	-0.5549102     	-3.009715      	-0.21653686    	-2.192517      	-0.6143242     	-3.0873518     	-0.92580354    	-1.6178212     	2.037537       	-2.7638166     	2.9950721      	1.2687695      	0.94685006     	1.6709467      	0.38309577     	2.982089       	0.068883546    	2.1453738      	1.6709157      	0.31371978     	
2.0790415      	-0.9904805     	2.989879       	2.6750982      	-0.17863053    	-0.093241826   	-1.3800815     	0.37383416     	1.147359       	-1.1383724     	-0.44200698    	-0.12588944    	2.2585316      	-1.3665133     	0.30755192     	-2.7118907     	-2.54612       	2.9955473      	-0.11627849    	-2.4283204     	0.74218935     	0.17368752     	-1.3129315     	1.0302304      	2.1030078      	1.3464401      	1.4185548      	2.0480332      	-1.7149994     	1.6184603      	-2.344088      	0.3858517      	-1.0686196     	1.9291565      	2.8322625      	3.0408173      	-0.16688943    	3.075619       	-0.07415198    	3.109115       	-0.06191075    	-1.8233422     	2.9534652      	1.4142526      	-2.3607273     	-0.99233675    	0.855246       	0.41447645     	0.5972525      	2.917207       	-0.37173766    	-0.88495785    	1.9275142      	0.4754941      	-0.7741388     	-0.8461177     	2.3103943      	-2.908274      	0.15125221     	1.1955116      	-1.2265041     	-0.87337744    	0.28037047     	2.3039193      	0.9564085      	1.3250312      	1.8756747      	0.30743423     	-1.9199014     	0.95268434     	-0.6173142     	-0.39780384    	-1.2500454     	-2.3411453     	-0.24475726    	-2.6009836     	-0.2433569     	-0.25239614    	1.8140643      	2.5976467      	3.110327       	-2.6949363     	1.5421745      	-0.13538171    	0.88523513     	-2.3032508     	-1.0840219     	0.8680642      	0.34959683     	0.25383598     	-0.7086329     	1.406594       	3.1102397      	-0.7773717     	0.44613314     	-2.0661383     	-1.0012841     	2.4770057      	-0.6789483     	0.43603382     	
-0.13015549    	0.43558046     	-0.5447419     	-1.846019      	1.7313361      	-0.14928503    	1.1470653      	1.4949619      	2.932831       	-1.2831002     	0.95450526     	2.77164        	-0.01493337    	1.1365016      	-2.8473208     	2.4618657      	-1.1541779     	-0.8978234     	3.0819135      	0.0017464623   	-2.925479      	-1.8127638     	-1.9546936     	-2.3742452     	3.002921       	1.9466074      	2.7094092      	3.084441       	-0.8264626     	0.7132621      	-0.48950192    	-0.2682944     	2.004281       	-1.0453882     	-0.5989567     	-3.1016371     	-0.052009173   	-0.23100911    	2.0954309      	-1.1179404     	0.058462493    	-0.020252403   	2.8638504      	1.6388854      	-3.0781546     	-0.024989182   	-3.0630832     	0.030973611    	-1.9065421     	1.9116675      	-0.72978467    	0.090213895    	-2.899911      	2.1837282      	1.7043582      	2.1869547      	2.5977428      	-2.7252476     	-1.6143965     	2.0960655      	0.5934739      	-1.399872      	-2.683087      	0.104639135    	1.9211217      	3.0550115      	-2.8119166     	-1.6012355     	1.7745184      	-1.626332      	-0.7139067     	2.8875754      	1.7264291      	-0.49935403    	-0.083355226   	2.7554412      	2.0010805      	0.5425206      	1.464007       	2.6484823      	-2.2301378     	2.895773       	2.9883637      	0.046841316    	-0.055508234   	1.8280021      	-3.0930233     	-1.0277445     	-1.3096794     	2.541547       	0.792201       	-1.3754928     	1.5412201      	1.600565       	1.146499       	-0.3832314     	1.5618159      	2.30632        	2.0548034      	1.3550282      	
-1.9880077     	-3.1202478     	1.8177006      	-0.667976      	-0.76814795    	3.1227286      	-3.0480568     	-2.1003509     	-2.5897481     	-2.5940857     	-0.08333123    	0.86338085     	-0.33497605    	-0.415936      	1.7488103      	-2.3081367     	-1.9348133     	3.1161351      	3.0454571      	-0.24490662    	2.4367251      	-0.3615868     	-0.4897411     	0.14564706     	1.299991       	2.0120153      	2.2491877      	-2.1008124     	-0.13013314    	1.1378126      	-1.8767956     	-2.6171136     	-1.484459      	-1.7523768     	-1.4006785     	-1.8112539     	-2.1539717     	3.0374904      	-0.0701028     	1.8592714      	2.9970284      	-0.06426606    	-0.051070586   	0.13675845     	3.0746536      	-0.030605279   	2.8461022      	-0.04998882    	-0.27423975    	3.0058017      	-1.0230232     	2.8314795      	1.7476317      	-3.0151255     	0.6852468      	2.265423       	2.7712736      	-2.311267      	1.5669328      	1.2098316      	0.70384896     	-1.0316776     	-0.9726925     	-1.7044972     	1.0391965      	-1.7102704     	1.4097581      	1.2194422      	-0.3278403     	-0.16429335    	1.692744       	-2.4776206     	1.7345477      	2.0275083      	-2.8809583     	-0.7844797     	-1.6335461     	0.57445925     	1.7388194      	-0.10394145    	2.4598014      	2.3480182      	-0.81764716    	0.12578508     	-3.0533442     	0.4392642      	0.5134286      	-2.0683258     	0.7938934      	2.6760867      	0.5109733      	2.3066254      	0.44244042     	1.8943005      	-1.6004193     	-0.27831554    	1.3859336      	0.027042685    	3.001561       	0.044939894    	
-2.4659972     	-0.8207339     	-0.8093105     	-0.7122766     	1.0280564      	-1.6863999     	1.407815       	2.657085       	-1.9588778     	2.7884128      	2.5716286      	0.91234213     	3.0534697      	-0.86460173    	-2.0794554     	-1.7573763     	-3.0405908     	0.7163433      	0.17125039     	3.0704195      	-0.06732906    	-0.1540861     	-2.6834185     	-0.45659912    	-2.1496696     	1.9310328      	-0.5235761     	-2.22291       	-1.2969303     	2.5920258      	-2.1190658     	2.7171865      	0.759469       	-2.838448      	1.1851437      	1.6215899      	-2.61214       	-2.5917082     	-0.7268136     	-2.1131358     	-1.5582987     	3.1068878      	0.81777644     	2.421402       	-0.17937475    	2.5698543      	-0.8715984     	1.0763272      	-0.6773321     	-2.1014714     	-2.893235      	-0.7930679     	1.8153487      	-0.850179      	1.7289277      	-2.6106243     	3.0849736      	-0.54206085    	2.7832546      	3.0114846      	1.1604606      	-0.6674836     	1.4429792      	-0.21589932    	0.4581543      	-0.04194731    	2.9527202      	1.9552987      	-0.9875709     	-1.582947      	-2.7928622     	1.9791738      	-0.7606618     	0.51628345     	1.1682756      	1.8282684      	-1.2507355     	-2.7895994     	-2.9725337     	0.8556362      	-1.5796901     	-2.6785743     	-3.1066236     	-3.0406175     	-0.045150623   	2.8602276      	1.230769       	2.7268987      	2.4254274      	-2.0515065     	-1.3513724     	1.9798958      	-1.0483669     	3.1183038      	-0.2548678     	1.1168427      	1.2442124      	-1.3580799     	-0.63953835    	-1.7745489     	
-1.8406236     	-1.7198814     	-2.3156886     	3.0998807      	2.3936982      	2.6491015      	2.704506       	-0.13266397    	1.0218782      	2.9798155      	-1.8693665     	-2.8251028     	3.0448785      	-0.43257686    	-2.360175      	1.6785442      	2.0553327      	1.6423945      	2.9169612      	-3.1307232     	-0.0005184421  	-1.5011744     	-2.9864216     	-2.1973176     	0.9254617      	-0.0940288     	2.43363        	2.276973       	1.6738979      	2.4037306      	-1.6428632     	0.34311184     	-2.577321      	1.9096421      	-2.3523042     	1.3739457      	-2.625548      	-0.6721996     	1.2285271      	2.3807762      	2.1395774      	1.5837138      	3.0963862      	0.28398466     	0.0005438306   	0.077643655    	1.4615644      	-2.8929353     	-1.5383605     	-2.852251      	-2.8527136     	-2.7898996     	-0.4623257     	0.3565242      	1.3725373      	0.20213369     	-2.9755116     	0.03068466     	-1.7889189     	0.35021925     	0.72902316     	-1.8376688     	2.1522918      	-2.9775746     	2.2124088      	2.3564281      	-0.100642055   	0.24890776     	-0.7662711     	0.9951661      	1.1228888      	-0.042074464   	-1.0346519     	1.5871329      	-2.7709007     	-0.52327967    	2.3225465      	-2.165915      	2.9033723      	-2.9266381     	0.17542109     	1.2058873      	3.115242       	3.1122358      	-2.624866      	-0.13880728    	1.3607395      	-0.2513214     	-1.0324976     	-0.49041465    	-1.9032358     	-1.0618913     	-2.7712839     	-2.2211747     	-0.9179382     	-2.0443094     	0.06711353     	-2.6203952     	-1.9216443     	-2.7190928     	
-1.8640391     	-1.8017552     	3.0569882      	2.2525363      	0.12646466     	-2.309792      	0.36300766     	-0.39028683    	1.2545645      	0.58692306     	1.9178474      	-0.041160338   	2.552955       	-0.6785797     	-3.0953224     	0.081152946    	-1.7491546     	-0.13737722    	-1.6288193     	-2.5360582     	3.05254        	-0.07893339    	-1.487654      	-2.119165      	2.6846833      	2.31129        	-3.114035      	1.0904472      	-1.9337713     	-1.178784      	2.2063148      	1.7469798      	-2.4327168     	0.8940444      	-0.8444006     	-1.271891      	-1.6515702     	2.1678615      	1.1041284      	1.9529626      	1.5294539      	-1.7630548     	1.462432       	3.0398636      	0.07941451     	-0.033511236   	2.3975065      	0.36965415     	2.1843376      	1.9566213      	-1.0600893     	2.1171274      	-1.0181426     	-0.60932225    	1.7180773      	2.0082324      	-1.2374187     	-0.8952049     	2.3636687      	-0.6769679     	2.8055954      	-0.20853081    	-1.872665      	1.6913929      	0.35369483     	0.7369186      	2.2914138      	-2.5371315     	-1.6197912     	-2.3050282     	-2.9420474     	0.9671025      	-2.1313589     	2.6071186      	3.0513198      	-0.89326304    	1.3654838      	-2.009639      	2.7099864      	0.63286495     	-1.1039373     	0.7395461      	0.67582655     	-2.6089594     	3.0647204      	-0.035524774   	-2.826287      	-2.6633544     	2.9476125      	-0.65178704    	-1.7233639     	1.7961646      	-1.4160131     	2.901844       	-0.662229      	-1.9364569     	1.7115222      	0.8608543      	-0.07941636    	0.6219779      	
3.0272653      	-3.1103244     	-2.7083147     	-1.1133304     	1.4316981      	1.096354       	-2.8692043     	-2.0489168     	-1.0282902     	1.7075167      	-0.2585494     	1.9694204      	1.0717651      	-0.1951346     	2.4378924      	0.029790273    	-1.9540092     	2.831373       	-3.0970001     	-2.9626708     	0.6788576      	-0.16265446    	0.33639884     	-2.8880653     	-1.7499132     	1.9401883      	-1.7449926     	2.3939795      	-0.2705639     	1.5240093      	1.1466918      	1.4764245      	1.1115292      	-3.0032663     	-2.484805      	-2.3330793     	-1.7579353     	-0.9057494     	0.8411505      	-1.9498142     	-2.9306211     	-2.7143204     	-1.3690059     	-0.7044184     	-3.1014295     	-0.21919757    	-0.017860577   	-2.7248223     	-0.42141554    	-0.81988573    	1.4050206      	-0.29640064    	1.6283203      	1.263034       	-2.0485451     	-0.9896045     	-2.1013014     	2.443533       	-1.7854967     	-0.59800225    	-1.6693739     	-0.727026      	-3.1027055     	-0.11360007    	2.8191245      	-0.33538863    	1.2598999      	2.917307       	-1.4677184     	-2.58083       	-0.11678952    	-3.121552      	0.71308655     	-2.9265676     	-3.0461695     	-0.5208361     	-2.166535      	-1.1170723     	0.03773332     	-2.1779613     	0.05326042     	-0.29377997    	0.7982811      	-2.4793777     	-0.9692824     	-3.088492      	-0.12714739    	2.618778       	1.4457356      	-1.289391      	1.0798353      	2.6149802      	1.9177405      	-2.3730876     	0.19879694     	0.0016672448   	-0.91004896    	-0.75112766    	-1.4325125     	-1.6123408     	
